date,county,fips,population,confirmed_cases,reported_cases,probable_cases,reported_and_probable_cases,reported_deaths
2022-08-15,Alameda,001,1643700,336194,336198,19373,355571,1948
2022-08-15,Alpine,003,1148,131,131,1,132,0
2022-08-15,Amador,005,37829,9727,9728,857,10585,89
2022-08-15,Butte,007,227075,38203,38203,8252,46455,447
2022-08-15,Calaveras,009,45235,8295,8295,483,8778,131
2022-08-15,Colusa,011,21464,3714,3716,1208,4924,22
2022-08-15,Contra Costa,013,1133247,240891,240894,18975,259869,1394
2022-08-15,Del Norte,015,27424,7273,7274,376,7650,55
2022-08-15,El Dorado,017,186661,31523,31523,4037,35560,225
2022-08-15,Fresno,019,978130,267365,267367,28313,295680,2818
2022-08-15,Glenn,021,27897,5403,5403,1798,7201,48
2022-08-15,Humboldt,023,135768,21026,21029,4465,25494,153
2022-08-15,Imperial,025,180216,63970,63972,14488,78460,950
2022-08-15,Inyo,027,18085,4421,4421,835,5256,58
2022-08-15,Kern,029,883053,214028,214040,54423,268463,2389
2022-08-15,Kings,031,150075,57946,57948,3903,61851,454
2022-08-15,Lake,033,64148,12383,12383,1086,13469,142
2022-08-15,Lassen,035,31185,9813,9813,966,10779,64
2022-08-15,Los Angeles,037,10098052,3190552,3190808,168390,3359198,32701
2022-08-15,Madera,039,155013,42675,42677,7474,50151,372
2022-08-15,Marin,041,260295,43848,43852,5051,48903,305
2022-08-15,Mariposa,043,17540,2998,2998,308,3306,31
2022-08-15,Mendocino,045,87422,15504,15504,4115,19619,132
2022-08-15,Merced,047,269075,70229,70232,10622,80854,843
2022-08-15,Modoc,049,8938,857,857,313,1170,11
2022-08-15,Mono,051,14174,3175,3175,233,3408,7
2022-08-15,Monterey,053,433212,91983,91984,19511,111495,759
2022-08-15,Napa,055,140530,31453,31454,1357,32811,155
2022-08-15,Nevada,057,99092,18438,18443,1657,20100,132
2022-08-15,Orange,059,3164182,650826,650827,57321,708148,7266
2022-08-15,Placer,061,380077,73852,73852,8994,82846,655
2022-08-15,Plumas,063,18699,3544,3544,426,3970,13
2022-08-15,Riverside,065,2383286,677380,677437,33326,710763,6562
2022-08-15,Sacramento,067,1510023,336663,336667,32180,368847,3194
2022-08-15,San Benito,069,59416,15653,15655,846,16501,103
2022-08-15,San Bernardino,071,2135413,646528,646584,28649,675233,7999
2022-08-15,San Diego,073,3302833,901794,901794,68074,969868,5442
2022-08-15,San Francisco,075,870044,173582,173590,11563,185153,971
2022-08-15,San Joaquin,077,732212,192070,192078,13204,205282,2283
2022-08-15,San Luis Obispo,079,281455,61593,61604,6615,68219,514
2022-08-15,San Mateo,081,765935,163216,163218,10110,173328,738
2022-08-15,Santa Barbara,083,443738,102430,102430,6279,108709,712
2022-08-15,Santa Clara,085,1922200,418214,418231,17994,436225,2424
2022-08-15,Santa Cruz,087,273765,60880,60880,3186,64066,269
2022-08-15,Shasta,089,179085,33984,33984,7034,41018,587
2022-08-15,Sierra,091,2930,297,297,59,356,4
2022-08-15,Siskiyou,093,43540,5102,5102,3210,8312,88
2022-08-15,Solano,095,438530,102103,102115,7290,109405,459
2022-08-15,Sonoma,097,501317,103837,103844,4868,108712,504
2022-08-15,Stanislaus,099,539301,133969,133989,20026,154015,1715
2022-08-15,Sutter,101,95872,23484,23489,2391,25880,228
2022-08-15,Tehama,103,63373,13259,13259,2947,16206,209
2022-08-15,Trinity,105,12862,1362,1362,351,1713,20
2022-08-15,Tulare,107,460477,118995,118997,33516,152513,1521
2022-08-15,Tuolumne,109,53932,15044,15044,865,15909,196
2022-08-15,Ventura,111,848112,202607,202609,14022,216631,1546
2022-08-15,Yolo,113,214977,46414,46414,4102,50516,331
2022-08-15,Yuba,115,75493,18302,18305,1602,19907,129
2022-08-14,Alameda,001,1643700,336194,334944,19373,354317,1948
2022-08-14,Alpine,003,1148,131,131,1,132,0
2022-08-14,Amador,005,37829,9727,9705,857,10562,89
2022-08-14,Butte,007,227075,38203,38062,8252,46314,447
2022-08-14,Calaveras,009,45235,8295,8271,483,8754,131
2022-08-14,Colusa,011,21464,3714,3704,1208,4912,22
2022-08-14,Contra Costa,013,1133247,240891,239735,18975,258710,1393
2022-08-14,Del Norte,015,27424,7273,7245,376,7621,54
2022-08-14,El Dorado,017,186661,31523,31430,4037,35467,225
2022-08-14,Fresno,019,978130,267365,266211,28313,294524,2816
2022-08-14,Glenn,021,27897,5403,5393,1798,7191,48
2022-08-14,Humboldt,023,135768,21026,20954,4465,25419,153
2022-08-14,Imperial,025,180216,63970,63766,14488,78254,950
2022-08-14,Inyo,027,18085,4421,4418,835,5253,58
2022-08-14,Kern,029,883053,214028,213071,54423,267494,2380
2022-08-14,Kings,031,150075,57946,57748,3903,61651,454
2022-08-14,Lake,033,64148,12383,12324,1086,13410,142
2022-08-14,Lassen,035,31185,9813,9795,966,10761,64
2022-08-14,Los Angeles,037,10098052,3190552,3177769,168390,3346159,32657
2022-08-14,Madera,039,155013,42675,42517,7474,49991,372
2022-08-14,Marin,041,260295,43848,43662,5051,48713,305
2022-08-14,Mariposa,043,17540,2998,2986,308,3294,31
2022-08-14,Mendocino,045,87422,15504,15456,4115,19571,132
2022-08-14,Merced,047,269075,70229,69974,10622,80596,842
2022-08-14,Modoc,049,8938,857,856,313,1169,11
2022-08-14,Mono,051,14174,3175,3170,233,3403,7
2022-08-14,Monterey,053,433212,91983,91612,19511,111123,759
2022-08-14,Napa,055,140530,31453,31312,1357,32669,156
2022-08-14,Nevada,057,99092,18438,18398,1657,20055,132
2022-08-14,Orange,059,3164182,650826,648171,57321,705492,7248
2022-08-14,Placer,061,380077,73852,73588,8994,82582,656
2022-08-14,Plumas,063,18699,3544,3539,426,3965,13
2022-08-14,Riverside,065,2383286,677380,674362,33326,707688,6561
2022-08-14,Sacramento,067,1510023,336663,335292,32180,367472,3190
2022-08-14,San Benito,069,59416,15653,15578,846,16424,103
2022-08-14,San Bernardino,071,2135413,646528,643895,28649,672544,7983
2022-08-14,San Diego,073,3302833,901794,898646,68074,966720,5437
2022-08-14,San Francisco,075,870044,173582,172876,11563,184439,955
2022-08-14,San Joaquin,077,732212,192070,191272,13204,204476,2283
2022-08-14,San Luis Obispo,079,281455,61593,61403,6615,68018,512
2022-08-14,San Mateo,081,765935,163216,162531,10110,172641,738
2022-08-14,Santa Barbara,083,443738,102430,101942,6279,108221,712
2022-08-14,Santa Clara,085,1922200,418214,416369,17994,434363,2422
2022-08-14,Santa Cruz,087,273765,60880,60594,3186,63780,273
2022-08-14,Shasta,089,179085,33984,33895,7034,40929,584
2022-08-14,Sierra,091,2930,297,296,59,355,4
2022-08-14,Siskiyou,093,43540,5102,5086,3210,8296,88
2022-08-14,Solano,095,438530,102103,101761,7290,109051,458
2022-08-14,Sonoma,097,501317,103837,103496,4868,108364,504
2022-08-14,Stanislaus,099,539301,133969,133490,20026,153516,1702
2022-08-14,Sutter,101,95872,23484,23386,2391,25777,228
2022-08-14,Tehama,103,63373,13259,13213,2947,16160,209
2022-08-14,Trinity,105,12862,1362,1356,351,1707,20
2022-08-14,Tulare,107,460477,118995,118563,33516,152079,1520
2022-08-14,Tuolumne,109,53932,15044,14964,865,15829,196
2022-08-14,Ventura,111,848112,202607,201765,14022,215787,1541
2022-08-14,Yolo,113,214977,46414,46225,4102,50327,331
2022-08-14,Yuba,115,75493,18302,18232,1602,19834,129
2022-08-13,Alameda,001,1643700,336155,334944,19373,354317,1948
2022-08-13,Alpine,003,1148,131,131,1,132,0
2022-08-13,Amador,005,37829,9724,9705,857,10562,89
2022-08-13,Butte,007,227075,38199,38062,8252,46314,447
2022-08-13,Calaveras,009,45235,8293,8271,483,8754,131
2022-08-13,Colusa,011,21464,3713,3704,1208,4912,22
2022-08-13,Contra Costa,013,1133247,240859,239735,18975,258710,1393
2022-08-13,Del Norte,015,27424,7271,7245,376,7621,54
2022-08-13,El Dorado,017,186661,31523,31430,4037,35467,225
2022-08-13,Fresno,019,978130,267339,266211,28313,294524,2816
2022-08-13,Glenn,021,27897,5403,5393,1798,7191,48
2022-08-13,Humboldt,023,135768,21022,20954,4465,25419,153
2022-08-13,Imperial,025,180216,63961,63766,14488,78254,950
2022-08-13,Inyo,027,18085,4420,4418,835,5253,58
2022-08-13,Kern,029,883053,214015,213071,54423,267494,2380
2022-08-13,Kings,031,150075,57933,57748,3903,61651,454
2022-08-13,Lake,033,64148,12378,12324,1086,13410,142
2022-08-13,Lassen,035,31185,9813,9795,966,10761,64
2022-08-13,Los Angeles,037,10098052,3190501,3177769,168390,3346159,32657
2022-08-13,Madera,039,155013,42671,42517,7474,49991,372
2022-08-13,Marin,041,260295,43835,43662,5051,48713,305
2022-08-13,Mariposa,043,17540,2998,2986,308,3294,31
2022-08-13,Mendocino,045,87422,15501,15456,4115,19571,132
2022-08-13,Merced,047,269075,70221,69974,10622,80596,842
2022-08-13,Modoc,049,8938,857,856,313,1169,11
2022-08-13,Mono,051,14174,3175,3170,233,3403,7
2022-08-13,Monterey,053,433212,91970,91612,19511,111123,759
2022-08-13,Napa,055,140530,31447,31312,1357,32669,156
2022-08-13,Nevada,057,99092,18438,18398,1657,20055,132
2022-08-13,Orange,059,3164182,650743,648171,57321,705492,7248
2022-08-13,Placer,061,380077,73842,73588,8994,82582,656
2022-08-13,Plumas,063,18699,3544,3539,426,3965,13
2022-08-13,Riverside,065,2383286,677345,674362,33326,707688,6561
2022-08-13,Sacramento,067,1510023,336625,335292,32180,367472,3190
2022-08-13,San Benito,069,59416,15652,15578,846,16424,103
2022-08-13,San Bernardino,071,2135413,646494,643895,28649,672544,7983
2022-08-13,San Diego,073,3302833,901720,898646,68074,966720,5437
2022-08-13,San Francisco,075,870044,173554,172876,11563,184439,955
2022-08-13,San Joaquin,077,732212,192035,191272,13204,204476,2283
2022-08-13,San Luis Obispo,079,281455,61588,61403,6615,68018,512
2022-08-13,San Mateo,081,765935,163192,162531,10110,172641,738
2022-08-13,Santa Barbara,083,443738,102395,101942,6279,108221,712
2022-08-13,Santa Clara,085,1922200,418174,416369,17994,434363,2422
2022-08-13,Santa Cruz,087,273765,60879,60594,3186,63780,273
2022-08-13,Shasta,089,179085,33983,33895,7034,40929,584
2022-08-13,Sierra,091,2930,297,296,59,355,4
2022-08-13,Siskiyou,093,43540,5101,5086,3210,8296,88
2022-08-13,Solano,095,438530,102091,101761,7290,109051,458
2022-08-13,Sonoma,097,501317,103827,103496,4868,108364,504
2022-08-13,Stanislaus,099,539301,133943,133490,20026,153516,1702
2022-08-13,Sutter,101,95872,23472,23386,2391,25777,228
2022-08-13,Tehama,103,63373,13259,13213,2947,16160,209
2022-08-13,Trinity,105,12862,1362,1356,351,1707,20
2022-08-13,Tulare,107,460477,118973,118563,33516,152079,1520
2022-08-13,Tuolumne,109,53932,15041,14964,865,15829,196
2022-08-13,Ventura,111,848112,202582,201765,14022,215787,1541
2022-08-13,Yolo,113,214977,46411,46225,4102,50327,331
2022-08-13,Yuba,115,75493,18298,18232,1602,19834,129
2022-08-12,Alameda,001,1643700,336001,334944,19373,354317,1948
2022-08-12,Alpine,003,1148,131,131,1,132,0
2022-08-12,Amador,005,37829,9721,9705,857,10562,89
2022-08-12,Butte,007,227075,38181,38062,8252,46314,447
2022-08-12,Calaveras,009,45235,8288,8271,483,8754,131
2022-08-12,Colusa,011,21464,3712,3704,1208,4912,22
2022-08-12,Contra Costa,013,1133247,240741,239735,18975,258710,1393
2022-08-12,Del Norte,015,27424,7269,7245,376,7621,54
2022-08-12,El Dorado,017,186661,31516,31430,4037,35467,225
2022-08-12,Fresno,019,978130,267205,266211,28313,294524,2816
2022-08-12,Glenn,021,27897,5402,5393,1798,7191,48
2022-08-12,Humboldt,023,135768,21012,20954,4465,25419,153
2022-08-12,Imperial,025,180216,63943,63766,14488,78254,950
2022-08-12,Inyo,027,18085,4419,4418,835,5253,58
2022-08-12,Kern,029,883053,213987,213071,54423,267494,2380
2022-08-12,Kings,031,150075,57914,57748,3903,61651,454
2022-08-12,Lake,033,64148,12373,12324,1086,13410,142
2022-08-12,Lassen,035,31185,9811,9795,966,10761,64
2022-08-12,Los Angeles,037,10098052,3189779,3177769,168390,3346159,32657
2022-08-12,Madera,039,155013,42652,42517,7474,49991,372
2022-08-12,Marin,041,260295,43805,43662,5051,48713,305
2022-08-12,Mariposa,043,17540,2997,2986,308,3294,31
2022-08-12,Mendocino,045,87422,15494,15456,4115,19571,132
2022-08-12,Merced,047,269075,70209,69974,10622,80596,842
2022-08-12,Modoc,049,8938,857,856,313,1169,11
2022-08-12,Mono,051,14174,3173,3170,233,3403,7
2022-08-12,Monterey,053,433212,91935,91612,19511,111123,759
2022-08-12,Napa,055,140530,31428,31312,1357,32669,156
2022-08-12,Nevada,057,99092,18436,18398,1657,20055,132
2022-08-12,Orange,059,3164182,650537,648171,57321,705492,7248
2022-08-12,Placer,061,380077,73809,73588,8994,82582,656
2022-08-12,Plumas,063,18699,3540,3539,426,3965,13
2022-08-12,Riverside,065,2383286,677069,674362,33326,707688,6561
2022-08-12,Sacramento,067,1510023,336465,335292,32180,367472,3190
2022-08-12,San Benito,069,59416,15636,15578,846,16424,103
2022-08-12,San Bernardino,071,2135413,646301,643895,28649,672544,7983
2022-08-12,San Diego,073,3302833,901360,898646,68074,966720,5437
2022-08-12,San Francisco,075,870044,173463,172876,11563,184439,955
2022-08-12,San Joaquin,077,732212,191964,191272,13204,204476,2283
2022-08-12,San Luis Obispo,079,281455,61579,61403,6615,68018,512
2022-08-12,San Mateo,081,765935,163095,162531,10110,172641,738
2022-08-12,Santa Barbara,083,443738,102351,101942,6279,108221,712
2022-08-12,Santa Clara,085,1922200,417875,416369,17994,434363,2422
2022-08-12,Santa Cruz,087,273765,60867,60594,3186,63780,273
2022-08-12,Shasta,089,179085,33980,33895,7034,40929,584
2022-08-12,Sierra,091,2930,297,296,59,355,4
2022-08-12,Siskiyou,093,43540,5098,5086,3210,8296,88
2022-08-12,Solano,095,438530,102027,101761,7290,109051,458
2022-08-12,Sonoma,097,501317,103781,103496,4868,108364,504
2022-08-12,Stanislaus,099,539301,133882,133490,20026,153516,1702
2022-08-12,Sutter,101,95872,23456,23386,2391,25777,228
2022-08-12,Tehama,103,63373,13258,13213,2947,16160,209
2022-08-12,Trinity,105,12862,1359,1356,351,1707,20
2022-08-12,Tulare,107,460477,118931,118563,33516,152079,1520
2022-08-12,Tuolumne,109,53932,15035,14964,865,15829,196
2022-08-12,Ventura,111,848112,202494,201765,14022,215787,1541
2022-08-12,Yolo,113,214977,46399,46225,4102,50327,331
2022-08-12,Yuba,115,75493,18290,18232,1602,19834,129
2022-08-11,Alameda,001,1643700,335741,334944,19373,354317,1948
2022-08-11,Alpine,003,1148,131,131,1,132,0
2022-08-11,Amador,005,37829,9720,9705,857,10562,89
2022-08-11,Butte,007,227075,38153,38062,8252,46314,447
2022-08-11,Calaveras,009,45235,8285,8271,483,8754,131
2022-08-11,Colusa,011,21464,3711,3704,1208,4912,22
2022-08-11,Contra Costa,013,1133247,240540,239735,18975,258710,1393
2022-08-11,Del Norte,015,27424,7262,7245,376,7621,54
2022-08-11,El Dorado,017,186661,31492,31430,4037,35467,225
2022-08-11,Fresno,019,978130,267000,266211,28313,294524,2816
2022-08-11,Glenn,021,27897,5401,5393,1798,7191,48
2022-08-11,Humboldt,023,135768,20994,20954,4465,25419,153
2022-08-11,Imperial,025,180216,63903,63766,14488,78254,950
2022-08-11,Inyo,027,18085,4419,4418,835,5253,58
2022-08-11,Kern,029,883053,213853,213071,54423,267494,2380
2022-08-11,Kings,031,150075,57873,57748,3903,61651,454
2022-08-11,Lake,033,64148,12361,12324,1086,13410,142
2022-08-11,Lassen,035,31185,9808,9795,966,10761,64
2022-08-11,Los Angeles,037,10098052,3187824,3177769,168390,3346159,32657
2022-08-11,Madera,039,155013,42612,42517,7474,49991,372
2022-08-11,Marin,041,260295,43766,43662,5051,48713,305
2022-08-11,Mariposa,043,17540,2997,2986,308,3294,31
2022-08-11,Mendocino,045,87422,15486,15456,4115,19571,132
2022-08-11,Merced,047,269075,70173,69974,10622,80596,842
2022-08-11,Modoc,049,8938,856,856,313,1169,11
2022-08-11,Mono,051,14174,3173,3170,233,3403,7
2022-08-11,Monterey,053,433212,91869,91612,19511,111123,759
2022-08-11,Napa,055,140530,31402,31312,1357,32669,156
2022-08-11,Nevada,057,99092,18426,18398,1657,20055,132
2022-08-11,Orange,059,3164182,649974,648171,57321,705492,7248
2022-08-11,Placer,061,380077,73752,73588,8994,82582,656
2022-08-11,Plumas,063,18699,3540,3539,426,3965,13
2022-08-11,Riverside,065,2383286,676590,674362,33326,707688,6561
2022-08-11,Sacramento,067,1510023,336214,335292,32180,367472,3190
2022-08-11,San Benito,069,59416,15624,15578,846,16424,103
2022-08-11,San Bernardino,071,2135413,645705,643895,28649,672544,7983
2022-08-11,San Diego,073,3302833,900730,898646,68074,966720,5437
2022-08-11,San Francisco,075,870044,173347,172876,11563,184439,955
2022-08-11,San Joaquin,077,732212,191807,191272,13204,204476,2283
2022-08-11,San Luis Obispo,079,281455,61554,61403,6615,68018,512
2022-08-11,San Mateo,081,765935,162966,162531,10110,172641,738
2022-08-11,Santa Barbara,083,443738,102279,101942,6279,108221,712
2022-08-11,Santa Clara,085,1922200,417556,416369,17994,434363,2422
2022-08-11,Santa Cruz,087,273765,60804,60594,3186,63780,273
2022-08-11,Shasta,089,179085,33979,33895,7034,40929,584
2022-08-11,Sierra,091,2930,296,296,59,355,4
2022-08-11,Siskiyou,093,43540,5097,5086,3210,8296,88
2022-08-11,Solano,095,438530,101965,101761,7290,109051,458
2022-08-11,Sonoma,097,501317,103710,103496,4868,108364,504
2022-08-11,Stanislaus,099,539301,133761,133490,20026,153516,1702
2022-08-11,Sutter,101,95872,23427,23386,2391,25777,228
2022-08-11,Tehama,103,63373,13256,13213,2947,16160,209
2022-08-11,Trinity,105,12862,1359,1356,351,1707,20
2022-08-11,Tulare,107,460477,118841,118563,33516,152079,1520
2022-08-11,Tuolumne,109,53932,15029,14964,865,15829,196
2022-08-11,Ventura,111,848112,202333,201765,14022,215787,1541
2022-08-11,Yolo,113,214977,46370,46225,4102,50327,331
2022-08-11,Yuba,115,75493,18273,18232,1602,19834,129
2022-08-10,Alameda,001,1643700,335438,333587,19373,352960,1944
2022-08-10,Alpine,003,1148,131,131,1,132,0
2022-08-10,Amador,005,37829,9717,9677,857,10534,88
2022-08-10,Butte,007,227075,38130,37892,8252,46144,446
2022-08-10,Calaveras,009,45235,8279,8251,483,8734,130
2022-08-10,Colusa,011,21464,3706,3700,1208,4908,22
2022-08-10,Contra Costa,013,1133247,240338,238658,18975,257633,1382
2022-08-10,Del Norte,015,27424,7257,7220,376,7596,54
2022-08-10,El Dorado,017,186661,31471,31354,4037,35391,225
2022-08-10,Fresno,019,978130,266739,265300,28313,293613,2815
2022-08-10,Glenn,021,27897,5400,5387,1798,7185,48
2022-08-10,Humboldt,023,135768,20986,20843,4465,25308,153
2022-08-10,Imperial,025,180216,63847,63532,14488,78020,949
2022-08-10,Inyo,027,18085,4419,4416,835,5251,57
2022-08-10,Kern,029,883053,213710,212602,54423,267025,2380
2022-08-10,Kings,031,150075,57835,57569,3903,61472,453
2022-08-10,Lake,033,64148,12345,12281,1086,13367,142
2022-08-10,Lassen,035,31185,9802,9682,966,10648,64
2022-08-10,Los Angeles,037,10098052,3185502,3168105,168390,3336495,32609
2022-08-10,Madera,039,155013,42580,42350,7474,49824,372
2022-08-10,Marin,041,260295,43725,43532,5051,48583,302
2022-08-10,Mariposa,043,17540,2996,2980,308,3288,31
2022-08-10,Mendocino,045,87422,15474,15394,4115,19509,132
2022-08-10,Merced,047,269075,70115,69740,10622,80362,839
2022-08-10,Modoc,049,8938,856,855,313,1168,11
2022-08-10,Mono,051,14174,3172,3165,233,3398,7
2022-08-10,Monterey,053,433212,91796,91307,19511,110818,758
2022-08-10,Napa,055,140530,31368,31223,1357,32580,153
2022-08-10,Nevada,057,99092,18421,18354,1657,20011,132
2022-08-10,Orange,059,3164182,649300,646005,57321,703326,7235
2022-08-10,Placer,061,380077,73707,73348,8994,82342,650
2022-08-10,Plumas,063,18699,3538,3525,426,3951,13
2022-08-10,Riverside,065,2383286,675970,672334,33326,705660,6555
2022-08-10,Sacramento,067,1510023,335927,334382,32180,366562,3177
2022-08-10,San Benito,069,59416,15597,15507,846,16353,101
2022-08-10,San Bernardino,071,2135413,645191,641936,28649,670585,7977
2022-08-10,San Diego,073,3302833,899924,895482,68074,963556,5429
2022-08-10,San Francisco,075,870044,173207,172265,11563,183828,945
2022-08-10,San Joaquin,077,732212,191608,190596,13204,203800,2281
2022-08-10,San Luis Obispo,079,281455,61520,61207,6615,67822,510
2022-08-10,San Mateo,081,765935,162809,161882,10110,171992,738
2022-08-10,Santa Barbara,083,443738,102190,101558,6279,107837,711
2022-08-10,Santa Clara,085,1922200,417131,414659,17994,432653,2398
2022-08-10,Santa Cruz,087,273765,60740,60360,3186,63546,269
2022-08-10,Shasta,089,179085,33969,33816,7034,40850,584
2022-08-10,Sierra,091,2930,296,295,59,354,4
2022-08-10,Siskiyou,093,43540,5095,5074,3210,8284,87
2022-08-10,Solano,095,438530,101881,101393,7290,108683,457
2022-08-10,Sonoma,097,501317,103629,103168,4868,108036,501
2022-08-10,Stanislaus,099,539301,133657,133071,20026,153097,1702
2022-08-10,Sutter,101,95872,23399,23279,2391,25670,228
2022-08-10,Tehama,103,63373,13253,13187,2947,16134,209
2022-08-10,Trinity,105,12862,1358,1350,351,1701,20
2022-08-10,Tulare,107,460477,118770,118239,33516,151755,1520
2022-08-10,Tuolumne,109,53932,14995,14922,865,15787,196
2022-08-10,Ventura,111,848112,202159,201179,14022,215201,1539
2022-08-10,Yolo,113,214977,46352,46069,4102,50171,330
2022-08-10,Yuba,115,75493,18254,18179,1602,19781,129
2022-08-09,Alameda,001,1643700,335091,333587,19373,352960,1944
2022-08-09,Alpine,003,1148,131,131,1,132,0
2022-08-09,Amador,005,37829,9709,9677,857,10534,88
2022-08-09,Butte,007,227075,38094,37892,8251,46143,446
2022-08-09,Calaveras,009,45235,8275,8251,483,8734,130
2022-08-09,Colusa,011,21464,3704,3700,1208,4908,22
2022-08-09,Contra Costa,013,1133247,240091,238658,18975,257633,1382
2022-08-09,Del Norte,015,27424,7240,7220,376,7596,54
2022-08-09,El Dorado,017,186661,31447,31354,4036,35390,225
2022-08-09,Fresno,019,978130,266453,265300,28313,293613,2815
2022-08-09,Glenn,021,27897,5397,5387,1798,7185,48
2022-08-09,Humboldt,023,135768,20967,20843,4465,25308,153
2022-08-09,Imperial,025,180216,63793,63532,14488,78020,949
2022-08-09,Inyo,027,18085,4419,4416,835,5251,57
2022-08-09,Kern,029,883053,213531,212602,54422,267024,2380
2022-08-09,Kings,031,150075,57773,57569,3903,61472,453
2022-08-09,Lake,033,64148,12325,12281,1086,13367,142
2022-08-09,Lassen,035,31185,9796,9682,966,10648,64
2022-08-09,Los Angeles,037,10098052,3182487,3168105,168380,3336485,32609
2022-08-09,Madera,039,155013,42533,42350,7474,49824,372
2022-08-09,Marin,041,260295,43673,43532,5046,48578,302
2022-08-09,Mariposa,043,17540,2992,2980,308,3288,31
2022-08-09,Mendocino,045,87422,15460,15394,4115,19509,132
2022-08-09,Merced,047,269075,70055,69740,10621,80361,839
2022-08-09,Modoc,049,8938,856,855,313,1168,11
2022-08-09,Mono,051,14174,3171,3165,233,3398,7
2022-08-09,Monterey,053,433212,91700,91307,19511,110818,758
2022-08-09,Napa,055,140530,31345,31223,1355,32578,153
2022-08-09,Nevada,057,99092,18409,18354,1656,20010,132
2022-08-09,Orange,059,3164182,648491,646005,57321,703326,7235
2022-08-09,Placer,061,380077,73649,73348,8994,82342,650
2022-08-09,Plumas,063,18699,3534,3525,426,3951,13
2022-08-09,Riverside,065,2383286,675302,672334,33325,705659,6555
2022-08-09,Sacramento,067,1510023,335538,334382,32179,366561,3177
2022-08-09,San Benito,069,59416,15580,15507,846,16353,101
2022-08-09,San Bernardino,071,2135413,644623,641936,28649,670585,7977
2022-08-09,San Diego,073,3302833,899065,895482,67975,963457,5429
2022-08-09,San Francisco,075,870044,172981,172265,11563,183828,945
2022-08-09,San Joaquin,077,732212,191417,190596,13203,203799,2281
2022-08-09,San Luis Obispo,079,281455,61479,61207,6614,67821,510
2022-08-09,San Mateo,081,765935,162631,161882,10110,171992,738
2022-08-09,Santa Barbara,083,443738,102058,101558,6279,107837,711
2022-08-09,Santa Clara,085,1922200,416670,414659,17993,432652,2398
2022-08-09,Santa Cruz,087,273765,60678,60360,3186,63546,269
2022-08-09,Shasta,089,179085,33949,33816,7034,40850,584
2022-08-09,Sierra,091,2930,296,295,59,354,4
2022-08-09,Siskiyou,093,43540,5090,5074,3210,8284,87
2022-08-09,Solano,095,438530,101775,101393,7290,108683,457
2022-08-09,Sonoma,097,501317,103535,103168,4868,108036,501
2022-08-09,Stanislaus,099,539301,133526,133071,20020,153091,1702
2022-08-09,Sutter,101,95872,23375,23279,2391,25670,228
2022-08-09,Tehama,103,63373,13241,13187,2947,16134,209
2022-08-09,Trinity,105,12862,1356,1350,351,1701,20
2022-08-09,Tulare,107,460477,118668,118239,33513,151752,1520
2022-08-09,Tuolumne,109,53932,14983,14922,865,15787,196
2022-08-09,Ventura,111,848112,201949,201179,14020,215199,1539
2022-08-09,Yolo,113,214977,46310,46069,4102,50171,330
2022-08-09,Yuba,115,75493,18236,18179,1591,19770,129
2022-08-08,Alameda,001,1643700,334664,333587,19373,352960,1944
2022-08-08,Alpine,003,1148,131,131,1,132,0
2022-08-08,Amador,005,37829,9705,9677,857,10534,88
2022-08-08,Butte,007,227075,38040,37892,8248,46140,446
2022-08-08,Calaveras,009,45235,8271,8251,483,8734,130
2022-08-08,Colusa,011,21464,3704,3700,1208,4908,22
2022-08-08,Contra Costa,013,1133247,239745,238658,18975,257633,1382
2022-08-08,Del Norte,015,27424,7233,7220,376,7596,54
2022-08-08,El Dorado,017,186661,31423,31354,4035,35389,225
2022-08-08,Fresno,019,978130,266111,265300,28313,293613,2815
2022-08-08,Glenn,021,27897,5392,5387,1798,7185,48
2022-08-08,Humboldt,023,135768,20931,20843,4464,25307,153
2022-08-08,Imperial,025,180216,63740,63532,14487,78019,949
2022-08-08,Inyo,027,18085,4418,4416,835,5251,57
2022-08-08,Kern,029,883053,213319,212602,54420,267022,2380
2022-08-08,Kings,031,150075,57712,57569,3900,61469,453
2022-08-08,Lake,033,64148,12308,12281,1086,13367,142
2022-08-08,Lassen,035,31185,9783,9682,966,10648,64
2022-08-08,Los Angeles,037,10098052,3179037,3168105,168206,3336311,32609
2022-08-08,Madera,039,155013,42479,42350,7474,49824,372
2022-08-08,Marin,041,260295,43633,43532,5038,48570,302
2022-08-08,Mariposa,043,17540,2990,2980,308,3288,31
2022-08-08,Mendocino,045,87422,15450,15394,4115,19509,132
2022-08-08,Merced,047,269075,69987,69740,10618,80358,839
2022-08-08,Modoc,049,8938,855,855,313,1168,11
2022-08-08,Mono,051,14174,3171,3165,233,3398,7
2022-08-08,Monterey,053,433212,91607,91307,19505,110812,758
2022-08-08,Napa,055,140530,31311,31223,1355,32578,153
2022-08-08,Nevada,057,99092,18398,18354,1654,20008,132
2022-08-08,Orange,059,3164182,647691,646005,57321,703326,7235
2022-08-08,Placer,061,380077,73595,73348,8994,82342,650
2022-08-08,Plumas,063,18699,3532,3525,426,3951,13
2022-08-08,Riverside,065,2383286,674566,672334,33324,705658,6555
2022-08-08,Sacramento,067,1510023,335146,334382,32178,366560,3177
2022-08-08,San Benito,069,59416,15552,15507,846,16353,101
2022-08-08,San Bernardino,071,2135413,643859,641936,28649,670585,7977
2022-08-08,San Diego,073,3302833,898014,895482,67870,963352,5429
2022-08-08,San Francisco,075,870044,172763,172265,11563,183828,945
2022-08-08,San Joaquin,077,732212,191166,190596,13199,203795,2281
2022-08-08,San Luis Obispo,079,281455,61418,61207,6614,67821,510
2022-08-08,San Mateo,081,765935,162437,161882,10110,171992,738
2022-08-08,Santa Barbara,083,443738,101933,101558,6279,107837,711
2022-08-08,Santa Clara,085,1922200,416118,414659,17993,432652,2398
2022-08-08,Santa Cruz,087,273765,60607,60360,3186,63546,269
2022-08-08,Shasta,089,179085,33926,33816,7034,40850,584
2022-08-08,Sierra,091,2930,296,295,59,354,4
2022-08-08,Siskiyou,093,43540,5088,5074,3210,8284,87
2022-08-08,Solano,095,438530,101631,101393,7290,108683,457
2022-08-08,Sonoma,097,501317,103431,103168,4868,108036,501
2022-08-08,Stanislaus,099,539301,133406,133071,20003,153074,1702
2022-08-08,Sutter,101,95872,23338,23279,2391,25670,228
2022-08-08,Tehama,103,63373,13231,13187,2947,16134,209
2022-08-08,Trinity,105,12862,1356,1350,351,1701,20
2022-08-08,Tulare,107,460477,118532,118239,33497,151736,1520
2022-08-08,Tuolumne,109,53932,14976,14922,865,15787,196
2022-08-08,Ventura,111,848112,201725,201179,14019,215198,1539
2022-08-08,Yolo,113,214977,46262,46069,4102,50171,330
2022-08-08,Yuba,115,75493,18212,18179,1589,19768,129
2022-08-07,Alameda,001,1643700,334149,331755,19373,351128,1945
2022-08-07,Alpine,003,1148,131,130,1,131,0
2022-08-07,Amador,005,37829,9698,9655,857,10512,88
2022-08-07,Butte,007,227075,37976,37717,8248,45965,446
2022-08-07,Calaveras,009,45235,8260,8219,483,8702,129
2022-08-07,Colusa,011,21464,3699,3696,1207,4903,22
2022-08-07,Contra Costa,013,1133247,239381,237436,18975,256411,1383
2022-08-07,Del Norte,015,27424,7221,7191,376,7567,54
2022-08-07,El Dorado,017,186661,31389,31240,4035,35275,225
2022-08-07,Fresno,019,978130,265726,263912,28313,292225,2815
2022-08-07,Glenn,021,27897,5390,5379,1794,7173,48
2022-08-07,Humboldt,023,135768,20897,20746,4458,25204,153
2022-08-07,Imperial,025,180216,63656,63198,14481,77679,949
2022-08-07,Inyo,027,18085,4418,4408,835,5243,57
2022-08-07,Kern,029,883053,213114,211798,54409,266207,2375
2022-08-07,Kings,031,150075,57615,57294,3900,61194,453
2022-08-07,Lake,033,64148,12296,12220,1086,13306,142
2022-08-07,Lassen,035,31185,9727,9654,966,10620,64
2022-08-07,Los Angeles,037,10098052,3174964,3153757,167911,3321668,32563
2022-08-07,Madera,039,155013,42422,42139,7474,49613,372
2022-08-07,Marin,041,260295,43580,43295,5030,48325,302
2022-08-07,Mariposa,043,17540,2988,2965,308,3273,31
2022-08-07,Mendocino,045,87422,15432,15335,4115,19450,132
2022-08-07,Merced,047,269075,69870,69498,10615,80113,838
2022-08-07,Modoc,049,8938,854,853,313,1166,11
2022-08-07,Mono,051,14174,3169,3161,233,3394,7
2022-08-07,Monterey,053,433212,91480,90884,19490,110374,757
2022-08-07,Napa,055,140530,31271,31052,1353,32405,151
2022-08-07,Nevada,057,99092,18377,18309,1652,19961,132
2022-08-07,Orange,059,3164182,646807,643029,57320,700349,7213
2022-08-07,Placer,061,380077,73517,73064,8988,82052,648
2022-08-07,Plumas,063,18699,3531,3516,426,3942,13
2022-08-07,Riverside,065,2383286,673682,669230,33322,702552,6555
2022-08-07,Sacramento,067,1510023,334663,332928,32178,365106,3175
2022-08-07,San Benito,069,59416,15526,15403,846,16249,101
2022-08-07,San Bernardino,071,2135413,643020,639120,28639,667759,7956
2022-08-07,San Diego,073,3302833,896767,891504,67761,959265,5424
2022-08-07,San Francisco,075,870044,172498,171486,11563,183049,946
2022-08-07,San Joaquin,077,732212,190880,189696,13196,202892,2276
2022-08-07,San Luis Obispo,079,281455,61320,60903,6613,67516,510
2022-08-07,San Mateo,081,765935,162202,161011,10110,171121,734
2022-08-07,Santa Barbara,083,443738,101748,100995,6279,107274,711
2022-08-07,Santa Clara,085,1922200,415455,412411,17993,430404,2386
2022-08-07,Santa Cruz,087,273765,60488,59982,3186,63168,269
2022-08-07,Shasta,089,179085,33881,33727,7034,40761,583
2022-08-07,Sierra,091,2930,295,295,59,354,4
2022-08-07,Siskiyou,093,43540,5080,5045,3209,8254,87
2022-08-07,Solano,095,438530,101473,100081,7290,107371,457
2022-08-07,Sonoma,097,501317,103321,102682,4868,107550,502
2022-08-07,Stanislaus,099,539301,133220,132406,19992,152398,1701
2022-08-07,Sutter,101,95872,23301,23178,2391,25569,228
2022-08-07,Tehama,103,63373,13222,13155,2946,16101,209
2022-08-07,Trinity,105,12862,1354,1347,351,1698,20
2022-08-07,Tulare,107,460477,118396,117668,33476,151144,1516
2022-08-07,Tuolumne,109,53932,14961,14844,865,15709,196
2022-08-07,Ventura,111,848112,201485,200270,14019,214289,1537
2022-08-07,Yolo,113,214977,46215,45902,4102,50004,331
2022-08-07,Yuba,115,75493,18193,18099,1586,19685,124
2022-08-06,Alameda,001,1643700,333923,331755,19368,351123,1945
2022-08-06,Alpine,003,1148,131,130,1,131,0
2022-08-06,Amador,005,37829,9691,9655,857,10512,88
2022-08-06,Butte,007,227075,37939,37717,8242,45959,446
2022-08-06,Calaveras,009,45235,8252,8219,482,8701,129
2022-08-06,Colusa,011,21464,3697,3696,1205,4901,22
2022-08-06,Contra Costa,013,1133247,239151,237436,18963,256399,1383
2022-08-06,Del Norte,015,27424,7215,7191,376,7567,54
2022-08-06,El Dorado,017,186661,31379,31240,4032,35272,225
2022-08-06,Fresno,019,978130,265560,263912,28313,292225,2815
2022-08-06,Glenn,021,27897,5390,5379,1794,7173,48
2022-08-06,Humboldt,023,135768,20877,20746,4453,25199,153
2022-08-06,Imperial,025,180216,63616,63198,14480,77678,949
2022-08-06,Inyo,027,18085,4418,4408,834,5242,57
2022-08-06,Kern,029,883053,213057,211798,54388,266186,2375
2022-08-06,Kings,031,150075,57576,57294,3900,61194,453
2022-08-06,Lake,033,64148,12291,12220,1086,13306,142
2022-08-06,Lassen,035,31185,9693,9654,966,10620,64
2022-08-06,Los Angeles,037,10098052,3173152,3153757,167677,3321434,32563
2022-08-06,Madera,039,155013,42381,42139,7473,49612,372
2022-08-06,Marin,041,260295,43553,43295,5026,48321,302
2022-08-06,Mariposa,043,17540,2987,2965,308,3273,31
2022-08-06,Mendocino,045,87422,15423,15335,4114,19449,132
2022-08-06,Merced,047,269075,69846,69498,10613,80111,838
2022-08-06,Modoc,049,8938,854,853,313,1166,11
2022-08-06,Mono,051,14174,3168,3161,233,3394,7
2022-08-06,Monterey,053,433212,91431,90884,19462,110346,757
2022-08-06,Napa,055,140530,31253,31052,1352,32404,151
2022-08-06,Nevada,057,99092,18373,18309,1652,19961,132
2022-08-06,Orange,059,3164182,646368,643029,57261,700290,7213
2022-08-06,Placer,061,380077,73466,73064,8986,82050,648
2022-08-06,Plumas,063,18699,3529,3516,426,3942,13
2022-08-06,Riverside,065,2383286,673193,669230,33300,702530,6555
2022-08-06,Sacramento,067,1510023,334499,332928,32175,365103,3175
2022-08-06,San Benito,069,59416,15509,15403,844,16247,101
2022-08-06,San Bernardino,071,2135413,642612,639120,28629,667749,7956
2022-08-06,San Diego,073,3302833,896226,891504,67725,959229,5424
2022-08-06,San Francisco,075,870044,172353,171486,11559,183045,946
2022-08-06,San Joaquin,077,732212,190753,189696,13191,202887,2276
2022-08-06,San Luis Obispo,079,281455,61292,60903,6609,67512,510
2022-08-06,San Mateo,081,765935,162075,161011,10107,171118,734
2022-08-06,Santa Barbara,083,443738,101682,100995,6270,107265,711
2022-08-06,Santa Clara,085,1922200,415016,412411,17988,430399,2386
2022-08-06,Santa Cruz,087,273765,60436,59982,3183,63165,269
2022-08-06,Shasta,089,179085,33859,33727,7031,40758,583
2022-08-06,Sierra,091,2930,295,295,59,354,4
2022-08-06,Siskiyou,093,43540,5074,5045,3209,8254,87
2022-08-06,Solano,095,438530,101426,100081,7288,107369,457
2022-08-06,Sonoma,097,501317,103261,102682,4863,107545,502
2022-08-06,Stanislaus,099,539301,133120,132406,19987,152393,1701
2022-08-06,Sutter,101,95872,23278,23178,2391,25569,228
2022-08-06,Tehama,103,63373,13220,13155,2945,16100,209
2022-08-06,Trinity,105,12862,1354,1347,351,1698,20
2022-08-06,Tulare,107,460477,118320,117668,33460,151128,1516
2022-08-06,Tuolumne,109,53932,14954,14844,865,15709,196
2022-08-06,Ventura,111,848112,201386,200270,14013,214283,1537
2022-08-06,Yolo,113,214977,46187,45902,4100,50002,331
2022-08-06,Yuba,115,75493,18179,18099,1585,19684,124
2022-08-05,Alameda,001,1643700,333621,331755,19352,351107,1945
2022-08-05,Alpine,003,1148,131,130,1,131,0
2022-08-05,Amador,005,37829,9689,9655,857,10512,88
2022-08-05,Butte,007,227075,37902,37717,8233,45950,446
2022-08-05,Calaveras,009,45235,8248,8219,482,8701,129
2022-08-05,Colusa,011,21464,3697,3696,1205,4901,22
2022-08-05,Contra Costa,013,1133247,238961,237436,18941,256377,1383
2022-08-05,Del Norte,015,27424,7211,7191,375,7566,54
2022-08-05,El Dorado,017,186661,31373,31240,4031,35271,225
2022-08-05,Fresno,019,978130,265383,263912,28305,292217,2815
2022-08-05,Glenn,021,27897,5389,5379,1793,7172,48
2022-08-05,Humboldt,023,135768,20862,20746,4446,25192,153
2022-08-05,Imperial,025,180216,63546,63198,14460,77658,949
2022-08-05,Inyo,027,18085,4418,4408,834,5242,57
2022-08-05,Kern,029,883053,212996,211798,54376,266174,2375
2022-08-05,Kings,031,150075,57551,57294,3898,61192,453
2022-08-05,Lake,033,64148,12281,12220,1086,13306,142
2022-08-05,Lassen,035,31185,9681,9654,965,10619,64
2022-08-05,Los Angeles,037,10098052,3170927,3153757,167439,3321196,32563
2022-08-05,Madera,039,155013,42341,42139,7467,49606,372
2022-08-05,Marin,041,260295,43512,43295,5019,48314,302
2022-08-05,Mariposa,043,17540,2983,2965,306,3271,31
2022-08-05,Mendocino,045,87422,15411,15335,4111,19446,132
2022-08-05,Merced,047,269075,69800,69498,10611,80109,838
2022-08-05,Modoc,049,8938,854,853,313,1166,11
2022-08-05,Mono,051,14174,3167,3161,232,3393,7
2022-08-05,Monterey,053,433212,91367,90884,19433,110317,757
2022-08-05,Napa,055,140530,31225,31052,1352,32404,151
2022-08-05,Nevada,057,99092,18366,18309,1652,19961,132
2022-08-05,Orange,059,3164182,645868,643029,57164,700193,7213
2022-08-05,Placer,061,380077,73423,73064,8984,82048,648
2022-08-05,Plumas,063,18699,3527,3516,426,3942,13
2022-08-05,Riverside,065,2383286,672650,669230,33260,702490,6555
2022-08-05,Sacramento,067,1510023,334279,332928,32165,365093,3175
2022-08-05,San Benito,069,59416,15490,15403,842,16245,101
2022-08-05,San Bernardino,071,2135413,642180,639120,28618,667738,7956
2022-08-05,San Diego,073,3302833,895565,891504,67646,959150,5424
2022-08-05,San Francisco,075,870044,172216,171486,11540,183026,946
2022-08-05,San Joaquin,077,732212,190628,189696,13176,202872,2276
2022-08-05,San Luis Obispo,079,281455,61257,60903,6603,67506,510
2022-08-05,San Mateo,081,765935,161904,161011,10098,171109,734
2022-08-05,Santa Barbara,083,443738,101583,100995,6265,107260,711
2022-08-05,Santa Clara,085,1922200,414529,412411,17966,430377,2386
2022-08-05,Santa Cruz,087,273765,60370,59982,3180,63162,269
2022-08-05,Shasta,089,179085,33850,33727,7030,40757,583
2022-08-05,Sierra,091,2930,295,295,59,354,4
2022-08-05,Siskiyou,093,43540,5071,5045,3209,8254,87
2022-08-05,Solano,095,438530,101349,100081,7279,107360,457
2022-08-05,Sonoma,097,501317,103198,102682,4861,107543,502
2022-08-05,Stanislaus,099,539301,133015,132406,19980,152386,1701
2022-08-05,Sutter,101,95872,23257,23178,2389,25567,228
2022-08-05,Tehama,103,63373,13216,13155,2944,16099,209
2022-08-05,Trinity,105,12862,1353,1347,351,1698,20
2022-08-05,Tulare,107,460477,118238,117668,33429,151097,1516
2022-08-05,Tuolumne,109,53932,14941,14844,863,15707,196
2022-08-05,Ventura,111,848112,201242,200270,13995,214265,1537
2022-08-05,Yolo,113,214977,46171,45902,4098,50000,331
2022-08-05,Yuba,115,75493,18171,18099,1584,19683,124
2022-08-04,Alameda,001,1643700,333174,331755,19287,351042,1945
2022-08-04,Alpine,003,1148,130,130,1,131,0
2022-08-04,Amador,005,37829,9678,9655,853,10508,88
2022-08-04,Butte,007,227075,37859,37717,8220,45937,446
2022-08-04,Calaveras,009,45235,8241,8219,481,8700,129
2022-08-04,Colusa,011,21464,3697,3696,1205,4901,22
2022-08-04,Contra Costa,013,1133247,238687,237436,18905,256341,1383
2022-08-04,Del Norte,015,27424,7203,7191,374,7565,54
2022-08-04,El Dorado,017,186661,31344,31240,4027,35267,225
2022-08-04,Fresno,019,978130,265062,263912,28273,292185,2815
2022-08-04,Glenn,021,27897,5385,5379,1792,7171,48
2022-08-04,Humboldt,023,135768,20842,20746,4434,25180,153
2022-08-04,Imperial,025,180216,63478,63198,14416,77614,949
2022-08-04,Inyo,027,18085,4417,4408,833,5241,57
2022-08-04,Kern,029,883053,212837,211798,54348,266146,2375
2022-08-04,Kings,031,150075,57484,57294,3888,61182,453
2022-08-04,Lake,033,64148,12268,12220,1085,13305,142
2022-08-04,Lassen,035,31185,9675,9654,962,10616,64
2022-08-04,Los Angeles,037,10098052,3167485,3153757,167128,3320885,32563
2022-08-04,Madera,039,155013,42298,42139,7435,49574,372
2022-08-04,Marin,041,260295,43460,43295,4996,48291,302
2022-08-04,Mariposa,043,17540,2978,2965,304,3269,31
2022-08-04,Mendocino,045,87422,15403,15335,4109,19444,132
2022-08-04,Merced,047,269075,69741,69498,10573,80071,838
2022-08-04,Modoc,049,8938,854,853,313,1166,11
2022-08-04,Mono,051,14174,3166,3161,232,3393,7
2022-08-04,Monterey,053,433212,91261,90884,19392,110276,757
2022-08-04,Napa,055,140530,31188,31052,1352,32404,151
2022-08-04,Nevada,057,99092,18357,18309,1649,19958,132
2022-08-04,Orange,059,3164182,645107,643029,57039,700068,7213
2022-08-04,Placer,061,380077,73360,73064,8972,82036,648
2022-08-04,Plumas,063,18699,3522,3516,426,3942,13
2022-08-04,Riverside,065,2383286,671970,669230,33220,702450,6555
2022-08-04,Sacramento,067,1510023,333886,332928,32145,365073,3175
2022-08-04,San Benito,069,59416,15462,15403,834,16237,101
2022-08-04,San Bernardino,071,2135413,641523,639120,28574,667694,7956
2022-08-04,San Diego,073,3302833,894584,891504,67547,959051,5424
2022-08-04,San Francisco,075,870044,172010,171486,11516,183002,946
2022-08-04,San Joaquin,077,732212,190423,189696,13157,202853,2276
2022-08-04,San Luis Obispo,079,281455,61195,60903,6578,67481,510
2022-08-04,San Mateo,081,765935,161685,161011,10089,171100,734
2022-08-04,Santa Barbara,083,443738,101454,100995,6250,107245,711
2022-08-04,Santa Clara,085,1922200,413961,412411,17939,430350,2386
2022-08-04,Santa Cruz,087,273765,60284,59982,3180,63162,269
2022-08-04,Shasta,089,179085,33832,33727,7018,40745,583
2022-08-04,Sierra,091,2930,295,295,59,354,4
2022-08-04,Siskiyou,093,43540,5067,5045,3204,8249,87
2022-08-04,Solano,095,438530,101237,100081,7269,107350,457
2022-08-04,Sonoma,097,501317,103093,102682,4850,107532,502
2022-08-04,Stanislaus,099,539301,132865,132406,19959,152365,1701
2022-08-04,Sutter,101,95872,23230,23178,2388,25566,228
2022-08-04,Tehama,103,63373,13211,13155,2939,16094,209
2022-08-04,Trinity,105,12862,1352,1347,350,1697,20
2022-08-04,Tulare,107,460477,118120,117668,33384,151052,1516
2022-08-04,Tuolumne,109,53932,14918,14844,863,15707,196
2022-08-04,Ventura,111,848112,201020,200270,13969,214239,1537
2022-08-04,Yolo,113,214977,46140,45902,4092,49994,331
2022-08-04,Yuba,115,75493,18152,18099,1583,19682,124
2022-08-03,Alameda,001,1643700,332677,330158,19241,349399,1941
2022-08-03,Alpine,003,1148,130,130,1,131,0
2022-08-03,Amador,005,37829,9672,9627,851,10478,88
2022-08-03,Butte,007,227075,37814,37567,8212,45779,444
2022-08-03,Calaveras,009,45235,8235,8194,480,8674,128
2022-08-03,Colusa,011,21464,3697,3676,1205,4881,22
2022-08-03,Contra Costa,013,1133247,238376,236190,18868,255058,1381
2022-08-03,Del Norte,015,27424,7199,7156,373,7529,54
2022-08-03,El Dorado,017,186661,31311,31165,4018,35183,222
2022-08-03,Fresno,019,978130,264681,262758,28244,291002,2806
2022-08-03,Glenn,021,27897,5383,5363,1789,7152,48
2022-08-03,Humboldt,023,135768,20810,20640,4418,25058,153
2022-08-03,Imperial,025,180216,63403,62884,14365,77249,949
2022-08-03,Inyo,027,18085,4417,4398,827,5225,57
2022-08-03,Kern,029,883053,212688,211047,54307,265354,2375
2022-08-03,Kings,031,150075,57420,57065,3886,60951,453
2022-08-03,Lake,033,64148,12252,12172,1082,13254,142
2022-08-03,Lassen,035,31185,9672,9563,962,10525,64
2022-08-03,Los Angeles,037,10098052,3163925,3140955,166791,3307746,32500
2022-08-03,Madera,039,155013,42252,41918,7413,49331,372
2022-08-03,Marin,041,260295,43402,43127,4983,48110,300
2022-08-03,Mariposa,043,17540,2974,2950,304,3254,30
2022-08-03,Mendocino,045,87422,15386,15260,4101,19361,132
2022-08-03,Merced,047,269075,69683,69198,10546,79744,838
2022-08-03,Modoc,049,8938,854,842,313,1155,11
2022-08-03,Mono,051,14174,3166,3157,230,3387,7
2022-08-03,Monterey,053,433212,91158,90456,19334,109790,754
2022-08-03,Napa,055,140530,31151,30935,1349,32284,151
2022-08-03,Nevada,057,99092,18349,18253,1647,19900,132
2022-08-03,Orange,059,3164182,644297,640110,56883,696993,7202
2022-08-03,Placer,061,380077,73281,72834,8960,81794,646
2022-08-03,Plumas,063,18699,3519,3496,426,3922,13
2022-08-03,Riverside,065,2383286,671133,666773,33162,699935,6547
2022-08-03,Sacramento,067,1510023,333485,331584,32112,363696,3162
2022-08-03,San Benito,069,59416,15435,15338,827,16165,100
2022-08-03,San Bernardino,071,2135413,640820,636510,28524,665034,7951
2022-08-03,San Diego,073,3302833,893383,887729,67421,955150,5417
2022-08-03,San Francisco,075,870044,171808,170637,11495,182132,939
2022-08-03,San Joaquin,077,732212,190180,188962,13132,202094,2276
2022-08-03,San Luis Obispo,079,281455,61112,60648,6564,67212,504
2022-08-03,San Mateo,081,765935,161492,160258,10076,170334,725
2022-08-03,Santa Barbara,083,443738,101333,100558,6231,106789,710
2022-08-03,Santa Clara,085,1922200,413501,410394,17908,428302,2383
2022-08-03,Santa Cruz,087,273765,60197,59661,3178,62839,269
2022-08-03,Shasta,089,179085,33807,33630,7013,40643,582
2022-08-03,Sierra,091,2930,295,295,59,354,4
2022-08-03,Siskiyou,093,43540,5064,5021,3202,8223,86
2022-08-03,Solano,095,438530,101118,99608,7260,106868,459
2022-08-03,Sonoma,097,501317,102976,102306,4843,107149,500
2022-08-03,Stanislaus,099,539301,132722,131869,19933,151802,1701
2022-08-03,Sutter,101,95872,23202,23056,2386,25442,228
2022-08-03,Tehama,103,63373,13202,13135,2936,16071,209
2022-08-03,Trinity,105,12862,1352,1342,349,1691,20
2022-08-03,Tulare,107,460477,117983,117288,33321,150609,1516
2022-08-03,Tuolumne,109,53932,14900,14778,863,15641,196
2022-08-03,Ventura,111,848112,200792,199530,13936,213466,1536
2022-08-03,Yolo,113,214977,46098,45757,4073,49830,330
2022-08-03,Yuba,115,75493,18124,18036,1582,19618,124
2022-08-02,Alameda,001,1643700,332155,330158,19197,349355,1941
2022-08-02,Alpine,003,1148,130,130,1,131,0
2022-08-02,Amador,005,37829,9663,9627,844,10471,88
2022-08-02,Butte,007,227075,37773,37567,8202,45769,444
2022-08-02,Calaveras,009,45235,8221,8194,478,8672,128
2022-08-02,Colusa,011,21464,3694,3676,1205,4881,22
2022-08-02,Contra Costa,013,1133247,238035,236190,18810,255000,1381
2022-08-02,Del Norte,015,27424,7189,7156,373,7529,54
2022-08-02,El Dorado,017,186661,31287,31165,4013,35178,222
2022-08-02,Fresno,019,978130,264267,262758,28184,290942,2806
2022-08-02,Glenn,021,27897,5379,5363,1787,7150,48
2022-08-02,Humboldt,023,135768,20773,20640,4399,25039,153
2022-08-02,Imperial,025,180216,63322,62884,14318,77202,949
2022-08-02,Inyo,027,18085,4414,4398,817,5215,57
2022-08-02,Kern,029,883053,212479,211047,54266,265313,2375
2022-08-02,Kings,031,150075,57339,57065,3882,60947,453
2022-08-02,Lake,033,64148,12242,12172,1080,13252,142
2022-08-02,Lassen,035,31185,9669,9563,961,10524,64
2022-08-02,Los Angeles,037,10098052,3159751,3140955,166363,3307318,32500
2022-08-02,Madera,039,155013,42182,41918,7392,49310,372
2022-08-02,Marin,041,260295,43345,43127,4974,48101,300
2022-08-02,Mariposa,043,17540,2969,2950,304,3254,30
2022-08-02,Mendocino,045,87422,15355,15260,4090,19350,132
2022-08-02,Merced,047,269075,69610,69198,10510,79708,838
2022-08-02,Modoc,049,8938,854,842,313,1155,11
2022-08-02,Mono,051,14174,3165,3157,226,3383,7
2022-08-02,Monterey,053,433212,91040,90456,19269,109725,754
2022-08-02,Napa,055,140530,31113,30935,1348,32283,151
2022-08-02,Nevada,057,99092,18335,18253,1646,19899,132
2022-08-02,Orange,059,3164182,643420,640110,56722,696832,7202
2022-08-02,Placer,061,380077,73202,72834,8952,81786,646
2022-08-02,Plumas,063,18699,3514,3496,426,3922,13
2022-08-02,Riverside,065,2383286,670220,666773,33118,699891,6547
2022-08-02,Sacramento,067,1510023,333094,331584,32068,363652,3162
2022-08-02,San Benito,069,59416,15401,15338,824,16162,100
2022-08-02,San Bernardino,071,2135413,640009,636510,28469,664979,7951
2022-08-02,San Diego,073,3302833,892230,887729,67293,955022,5417
2022-08-02,San Francisco,075,870044,171571,170637,11481,182118,939
2022-08-02,San Joaquin,077,732212,189949,188962,13110,202072,2276
2022-08-02,San Luis Obispo,079,281455,61025,60648,6537,67185,504
2022-08-02,San Mateo,081,765935,161248,160258,10071,170329,725
2022-08-02,Santa Barbara,083,443738,101171,100558,6207,106765,710
2022-08-02,Santa Clara,085,1922200,412881,410394,17874,428268,2383
2022-08-02,Santa Cruz,087,273765,60108,59661,3170,62831,269
2022-08-02,Shasta,089,179085,33789,33630,7000,40630,582
2022-08-02,Sierra,091,2930,295,295,59,354,4
2022-08-02,Siskiyou,093,43540,5051,5021,3200,8221,86
2022-08-02,Solano,095,438530,100936,99608,7239,106847,459
2022-08-02,Sonoma,097,501317,102808,102306,4828,107134,500
2022-08-02,Stanislaus,099,539301,132565,131869,19895,151764,1701
2022-08-02,Sutter,101,95872,23168,23056,2384,25440,228
2022-08-02,Tehama,103,63373,13195,13135,2933,16068,209
2022-08-02,Trinity,105,12862,1352,1342,347,1689,20
2022-08-02,Tulare,107,460477,117841,117288,33243,150531,1516
2022-08-02,Tuolumne,109,53932,14882,14778,862,15640,196
2022-08-02,Ventura,111,848112,200543,199530,13892,213422,1536
2022-08-02,Yolo,113,214977,46054,45757,4069,49826,330
2022-08-02,Yuba,115,75493,18103,18036,1579,19615,124
2022-08-01,Alameda,001,1643700,331509,330158,19154,349312,1941
2022-08-01,Alpine,003,1148,130,130,1,131,0
2022-08-01,Amador,005,37829,9657,9627,842,10469,88
2022-08-01,Butte,007,227075,37717,37567,8184,45751,444
2022-08-01,Calaveras,009,45235,8218,8194,477,8671,128
2022-08-01,Colusa,011,21464,3690,3676,1197,4873,22
2022-08-01,Contra Costa,013,1133247,237652,236190,18757,254947,1381
2022-08-01,Del Norte,015,27424,7183,7156,372,7528,54
2022-08-01,El Dorado,017,186661,31259,31165,4007,35172,222
2022-08-01,Fresno,019,978130,263818,262758,28116,290874,2806
2022-08-01,Glenn,021,27897,5370,5363,1786,7149,48
2022-08-01,Humboldt,023,135768,20742,20640,4381,25021,153
2022-08-01,Imperial,025,180216,63206,62884,14255,77139,949
2022-08-01,Inyo,027,18085,4411,4398,814,5212,57
2022-08-01,Kern,029,883053,212247,211047,54224,265271,2375
2022-08-01,Kings,031,150075,57247,57065,3873,60938,453
2022-08-01,Lake,033,64148,12212,12172,1079,13251,142
2022-08-01,Lassen,035,31185,9649,9563,961,10524,64
2022-08-01,Los Angeles,037,10098052,3155173,3140955,165948,3306903,32500
2022-08-01,Madera,039,155013,42101,41918,7363,49281,372
2022-08-01,Marin,041,260295,43288,43127,4947,48074,300
2022-08-01,Mariposa,043,17540,2965,2950,302,3252,30
2022-08-01,Mendocino,045,87422,15335,15260,4082,19342,132
2022-08-01,Merced,047,269075,69504,69198,10486,79684,838
2022-08-01,Modoc,049,8938,854,842,313,1155,11
2022-08-01,Mono,051,14174,3164,3157,224,3381,7
2022-08-01,Monterey,053,433212,90897,90456,19200,109656,754
2022-08-01,Napa,055,140530,31065,30935,1345,32280,151
2022-08-01,Nevada,057,99092,18323,18253,1641,19894,132
2022-08-01,Orange,059,3164182,642476,640110,56561,696671,7202
2022-08-01,Placer,061,380077,73139,72834,8941,81775,646
2022-08-01,Plumas,063,18699,3510,3496,426,3922,13
2022-08-01,Riverside,065,2383286,669219,666773,33072,699845,6547
2022-08-01,Sacramento,067,1510023,332661,331584,32028,363612,3162
2022-08-01,San Benito,069,59416,15382,15338,824,16162,100
2022-08-01,San Bernardino,071,2135413,639119,636510,28414,664924,7951
2022-08-01,San Diego,073,3302833,890825,887729,67127,954856,5417
2022-08-01,San Francisco,075,870044,171319,170637,11466,182103,939
2022-08-01,San Joaquin,077,732212,189683,188962,13081,202043,2276
2022-08-01,San Luis Obispo,079,281455,60930,60648,6517,67165,504
2022-08-01,San Mateo,081,765935,160955,160258,10059,170317,725
2022-08-01,Santa Barbara,083,443738,100999,100558,6182,106740,710
2022-08-01,Santa Clara,085,1922200,412112,410394,17851,428245,2383
2022-08-01,Santa Cruz,087,273765,60005,59661,3158,62819,269
2022-08-01,Shasta,089,179085,33763,33630,6988,40618,582
2022-08-01,Sierra,091,2930,295,295,59,354,4
2022-08-01,Siskiyou,093,43540,5043,5021,3193,8214,86
2022-08-01,Solano,095,438530,100749,99608,7223,106831,459
2022-08-01,Sonoma,097,501317,102645,102306,4819,107125,500
2022-08-01,Stanislaus,099,539301,132392,131869,19869,151738,1701
2022-08-01,Sutter,101,95872,23112,23056,2383,25439,228
2022-08-01,Tehama,103,63373,13180,13135,2927,16062,209
2022-08-01,Trinity,105,12862,1351,1342,346,1688,20
2022-08-01,Tulare,107,460477,117665,117288,33165,150453,1516
2022-08-01,Tuolumne,109,53932,14863,14778,862,15640,196
2022-08-01,Ventura,111,848112,200300,199530,13847,213377,1536
2022-08-01,Yolo,113,214977,46004,45757,4052,49809,330
2022-08-01,Yuba,115,75493,18080,18036,1575,19611,124
2022-07-31,Alameda,001,1643700,330793,327608,19108,346716,1941
2022-07-31,Alpine,003,1148,130,130,1,131,0
2022-07-31,Amador,005,37829,9644,9609,837,10446,88
2022-07-31,Butte,007,227075,37645,37349,8165,45514,444
2022-07-31,Calaveras,009,45235,8207,8145,473,8618,128
2022-07-31,Colusa,011,21464,3686,3664,1195,4859,22
2022-07-31,Contra Costa,013,1133247,237185,234635,18692,253327,1375
2022-07-31,Del Norte,015,27424,7171,7136,368,7504,54
2022-07-31,El Dorado,017,186661,31232,31007,4000,35007,222
2022-07-31,Fresno,019,978130,263266,260858,28045,288903,2805
2022-07-31,Glenn,021,27897,5367,5350,1784,7134,48
2022-07-31,Humboldt,023,135768,20704,20523,4348,24871,151
2022-07-31,Imperial,025,180216,63109,62471,14181,76652,949
2022-07-31,Inyo,027,18085,4406,4388,809,5197,57
2022-07-31,Kern,029,883053,211954,210190,54148,264338,2375
2022-07-31,Kings,031,150075,57120,56673,3864,60537,454
2022-07-31,Lake,033,64148,12196,12102,1077,13179,142
2022-07-31,Lassen,035,31185,9570,9548,961,10509,64
2022-07-31,Los Angeles,037,10098052,3150315,3122700,165388,3288088,32445
2022-07-31,Madera,039,155013,42012,41641,7327,48968,372
2022-07-31,Marin,041,260295,43217,42840,4933,47773,300
2022-07-31,Mariposa,043,17540,2959,2940,301,3241,30
2022-07-31,Mendocino,045,87422,15319,15172,4073,19245,132
2022-07-31,Merced,047,269075,69378,68853,10447,79300,838
2022-07-31,Modoc,049,8938,850,841,313,1154,11
2022-07-31,Mono,051,14174,3161,3155,223,3378,7
2022-07-31,Monterey,053,433212,90740,89974,19108,109082,754
2022-07-31,Napa,055,140530,30998,30777,1342,32119,150
2022-07-31,Nevada,057,99092,18286,18187,1638,19825,131
2022-07-31,Orange,059,3164182,641496,636403,56370,692773,7194
2022-07-31,Placer,061,380077,73039,72444,8926,81370,647
2022-07-31,Plumas,063,18699,3504,3490,425,3915,13
2022-07-31,Riverside,065,2383286,668181,662929,32988,695917,6543
2022-07-31,Sacramento,067,1510023,332065,329639,31974,361613,3156
2022-07-31,San Benito,069,59416,15355,15256,819,16075,100
2022-07-31,San Bernardino,071,2135413,638049,633131,28324,661455,7941
2022-07-31,San Diego,073,3302833,889270,881822,66978,948800,5409
2022-07-31,San Francisco,075,870044,170922,169564,11427,180991,937
2022-07-31,San Joaquin,077,732212,189329,187937,13013,200950,2276
2022-07-31,San Luis Obispo,079,281455,60789,60370,6480,66850,503
2022-07-31,San Mateo,081,765935,160715,159145,10031,169176,726
2022-07-31,Santa Barbara,083,443738,100772,99946,6135,106081,708
2022-07-31,Santa Clara,085,1922200,411350,407392,17816,425208,2381
2022-07-31,Santa Cruz,087,273765,59839,59227,3140,62367,269
2022-07-31,Shasta,089,179085,33714,33454,6965,40419,581
2022-07-31,Sierra,091,2930,295,293,59,352,4
2022-07-31,Siskiyou,093,43540,5032,4997,3190,8187,86
2022-07-31,Solano,095,438530,100554,99034,7211,106245,457
2022-07-31,Sonoma,097,501317,102493,101747,4793,106540,500
2022-07-31,Stanislaus,099,539301,132159,131081,19829,150910,1696
2022-07-31,Sutter,101,95872,23067,22931,2372,25303,228
2022-07-31,Tehama,103,63373,13172,13079,2918,15997,208
2022-07-31,Trinity,105,12862,1349,1340,345,1685,20
2022-07-31,Tulare,107,460477,117470,116640,33053,149693,1514
2022-07-31,Tuolumne,109,53932,14838,14701,859,15560,196
2022-07-31,Ventura,111,848112,199988,198498,13766,212264,1530
2022-07-31,Yolo,113,214977,45941,45511,4044,49555,327
2022-07-31,Yuba,115,75493,18048,17951,1566,19517,124
2022-07-30,Alameda,001,1643700,330458,327608,19088,346696,1941
2022-07-30,Alpine,003,1148,130,130,1,131,0
2022-07-30,Amador,005,37829,9642,9609,830,10439,88
2022-07-30,Butte,007,227075,37615,37349,8155,45504,444
2022-07-30,Calaveras,009,45235,8197,8145,472,8617,128
2022-07-30,Colusa,011,21464,3681,3664,1195,4859,22
2022-07-30,Contra Costa,013,1133247,236911,234635,18653,253288,1375
2022-07-30,Del Norte,015,27424,7166,7136,366,7502,54
2022-07-30,El Dorado,017,186661,31215,31007,3996,35003,222
2022-07-30,Fresno,019,978130,263067,260858,28013,288871,2805
2022-07-30,Glenn,021,27897,5362,5350,1783,7133,48
2022-07-30,Humboldt,023,135768,20684,20523,4337,24860,151
2022-07-30,Imperial,025,180216,63062,62471,14154,76625,949
2022-07-30,Inyo,027,18085,4405,4388,805,5193,57
2022-07-30,Kern,029,883053,211839,210190,54121,264311,2375
2022-07-30,Kings,031,150075,57087,56673,3864,60537,454
2022-07-30,Lake,033,64148,12186,12102,1076,13178,142
2022-07-30,Lassen,035,31185,9569,9548,959,10507,64
2022-07-30,Los Angeles,037,10098052,3148078,3122700,165035,3287735,32445
2022-07-30,Madera,039,155013,41978,41641,7322,48963,372
2022-07-30,Marin,041,260295,43185,42840,4931,47771,300
2022-07-30,Mariposa,043,17540,2957,2940,300,3240,30
2022-07-30,Mendocino,045,87422,15299,15172,4070,19242,132
2022-07-30,Merced,047,269075,69326,68853,10438,79291,838
2022-07-30,Modoc,049,8938,850,841,313,1154,11
2022-07-30,Mono,051,14174,3161,3155,222,3377,7
2022-07-30,Monterey,053,433212,90650,89974,19063,109037,754
2022-07-30,Napa,055,140530,30971,30777,1338,32115,150
2022-07-30,Nevada,057,99092,18277,18187,1634,19821,131
2022-07-30,Orange,059,3164182,640963,636403,56263,692666,7194
2022-07-30,Placer,061,380077,73001,72444,8914,81358,647
2022-07-30,Plumas,063,18699,3503,3490,425,3915,13
2022-07-30,Riverside,065,2383286,667657,662929,32961,695890,6543
2022-07-30,Sacramento,067,1510023,331825,329639,31968,361607,3156
2022-07-30,San Benito,069,59416,15343,15256,816,16072,100
2022-07-30,San Bernardino,071,2135413,637581,633131,28285,661416,7941
2022-07-30,San Diego,073,3302833,888641,881822,66929,948751,5409
2022-07-30,San Francisco,075,870044,170772,169564,11416,180980,937
2022-07-30,San Joaquin,077,732212,189203,187937,12996,200933,2276
2022-07-30,San Luis Obispo,079,281455,60757,60370,6466,66836,503
2022-07-30,San Mateo,081,765935,160534,159145,10014,169159,726
2022-07-30,Santa Barbara,083,443738,100684,99946,6114,106060,708
2022-07-30,Santa Clara,085,1922200,410863,407392,17799,425191,2381
2022-07-30,Santa Cruz,087,273765,59776,59227,3132,62359,269
2022-07-30,Shasta,089,179085,33694,33454,6964,40418,581
2022-07-30,Sierra,091,2930,295,293,59,352,4
2022-07-30,Siskiyou,093,43540,5029,4997,3188,8185,86
2022-07-30,Solano,095,438530,100496,99034,7199,106233,457
2022-07-30,Sonoma,097,501317,102407,101747,4785,106532,500
2022-07-30,Stanislaus,099,539301,132027,131081,19808,150889,1696
2022-07-30,Sutter,101,95872,23041,22931,2371,25302,228
2022-07-30,Tehama,103,63373,13166,13079,2915,15994,208
2022-07-30,Trinity,105,12862,1349,1340,345,1685,20
2022-07-30,Tulare,107,460477,117378,116640,32989,149629,1514
2022-07-30,Tuolumne,109,53932,14819,14701,859,15560,196
2022-07-30,Ventura,111,848112,199830,198498,13736,212234,1530
2022-07-30,Yolo,113,214977,45914,45511,4041,49552,327
2022-07-30,Yuba,115,75493,18035,17951,1566,19517,124
2022-07-29,Alameda,001,1643700,330092,327608,19065,346673,1941
2022-07-29,Alpine,003,1148,130,130,1,131,0
2022-07-29,Amador,005,37829,9641,9609,829,10438,88
2022-07-29,Butte,007,227075,37582,37349,8141,45490,444
2022-07-29,Calaveras,009,45235,8193,8145,472,8617,128
2022-07-29,Colusa,011,21464,3681,3664,1195,4859,22
2022-07-29,Contra Costa,013,1133247,236686,234635,18629,253264,1375
2022-07-29,Del Norte,015,27424,7161,7136,365,7501,54
2022-07-29,El Dorado,017,186661,31193,31007,3995,35002,222
2022-07-29,Fresno,019,978130,262832,260858,27968,288826,2805
2022-07-29,Glenn,021,27897,5360,5350,1781,7131,48
2022-07-29,Humboldt,023,135768,20658,20523,4330,24853,151
2022-07-29,Imperial,025,180216,63000,62471,14127,76598,949
2022-07-29,Inyo,027,18085,4404,4388,804,5192,57
2022-07-29,Kern,029,883053,211683,210190,54106,264296,2375
2022-07-29,Kings,031,150075,57050,56673,3863,60536,454
2022-07-29,Lake,033,64148,12171,12102,1073,13175,142
2022-07-29,Lassen,035,31185,9567,9548,959,10507,64
2022-07-29,Los Angeles,037,10098052,3145344,3122700,164734,3287434,32445
2022-07-29,Madera,039,155013,41933,41641,7310,48951,372
2022-07-29,Marin,041,260295,43138,42840,4923,47763,300
2022-07-29,Mariposa,043,17540,2956,2940,300,3240,30
2022-07-29,Mendocino,045,87422,15281,15172,4059,19231,132
2022-07-29,Merced,047,269075,69269,68853,10421,79274,838
2022-07-29,Modoc,049,8938,850,841,313,1154,11
2022-07-29,Mono,051,14174,3161,3155,221,3376,7
2022-07-29,Monterey,053,433212,90558,89974,19025,108999,754
2022-07-29,Napa,055,140530,30945,30777,1337,32114,150
2022-07-29,Nevada,057,99092,18267,18187,1632,19819,131
2022-07-29,Orange,059,3164182,640377,636403,56135,692538,7194
2022-07-29,Placer,061,380077,72931,72444,8900,81344,647
2022-07-29,Plumas,063,18699,3502,3490,425,3915,13
2022-07-29,Riverside,065,2383286,667108,662929,32915,695844,6543
2022-07-29,Sacramento,067,1510023,331511,329639,31948,361587,3156
2022-07-29,San Benito,069,59416,15328,15256,815,16071,100
2022-07-29,San Bernardino,071,2135413,637059,633131,28254,661385,7941
2022-07-29,San Diego,073,3302833,887778,881822,66822,948644,5409
2022-07-29,San Francisco,075,870044,170593,169564,11405,180969,937
2022-07-29,San Joaquin,077,732212,189092,187937,12982,200919,2276
2022-07-29,San Luis Obispo,079,281455,60719,60370,6454,66824,503
2022-07-29,San Mateo,081,765935,160358,159145,10003,169148,726
2022-07-29,Santa Barbara,083,443738,100565,99946,6105,106051,708
2022-07-29,Santa Clara,085,1922200,410386,407392,17781,425173,2381
2022-07-29,Santa Cruz,087,273765,59700,59227,3129,62356,269
2022-07-29,Shasta,089,179085,33667,33454,6956,40410,581
2022-07-29,Sierra,091,2930,295,293,58,351,4
2022-07-29,Siskiyou,093,43540,5024,4997,3187,8184,86
2022-07-29,Solano,095,438530,100365,99034,7189,106223,457
2022-07-29,Sonoma,097,501317,102313,101747,4773,106520,500
2022-07-29,Stanislaus,099,539301,131925,131081,19796,150877,1696
2022-07-29,Sutter,101,95872,23021,22931,2371,25302,228
2022-07-29,Tehama,103,63373,13159,13079,2913,15992,208
2022-07-29,Trinity,105,12862,1345,1340,344,1684,20
2022-07-29,Tulare,107,460477,117276,116640,32929,149569,1514
2022-07-29,Tuolumne,109,53932,14806,14701,858,15559,196
2022-07-29,Ventura,111,848112,199682,198498,13697,212195,1530
2022-07-29,Yolo,113,214977,45880,45511,4029,49540,327
2022-07-29,Yuba,115,75493,18014,17951,1564,19515,124
2022-07-28,Alameda,001,1643700,329622,327608,19013,346621,1941
2022-07-28,Alpine,003,1148,130,130,1,131,0
2022-07-28,Amador,005,37829,9634,9609,828,10437,88
2022-07-28,Butte,007,227075,37534,37349,8130,45479,444
2022-07-28,Calaveras,009,45235,8182,8145,471,8616,128
2022-07-28,Colusa,011,21464,3674,3664,1195,4859,22
2022-07-28,Contra Costa,013,1133247,236326,234635,18575,253210,1375
2022-07-28,Del Norte,015,27424,7155,7136,364,7500,54
2022-07-28,El Dorado,017,186661,31158,31007,3989,34996,222
2022-07-28,Fresno,019,978130,262404,260858,27897,288755,2805
2022-07-28,Glenn,021,27897,5358,5350,1777,7127,48
2022-07-28,Humboldt,023,135768,20622,20523,4319,24842,151
2022-07-28,Imperial,025,180216,62901,62471,14063,76534,949
2022-07-28,Inyo,027,18085,4400,4388,802,5190,57
2022-07-28,Kern,029,883053,211445,210190,54073,264263,2375
2022-07-28,Kings,031,150075,56949,56673,3860,60533,454
2022-07-28,Lake,033,64148,12154,12102,1072,13174,142
2022-07-28,Lassen,035,31185,9562,9548,959,10507,64
2022-07-28,Los Angeles,037,10098052,3141233,3122700,164241,3286941,32445
2022-07-28,Madera,039,155013,41871,41641,7298,48939,372
2022-07-28,Marin,041,260295,43089,42840,4918,47758,300
2022-07-28,Mariposa,043,17540,2953,2940,297,3237,30
2022-07-28,Mendocino,045,87422,15263,15172,4048,19220,132
2022-07-28,Merced,047,269075,69192,68853,10385,79238,838
2022-07-28,Modoc,049,8938,847,841,313,1154,11
2022-07-28,Mono,051,14174,3161,3155,220,3375,7
2022-07-28,Monterey,053,433212,90404,89974,18946,108920,754
2022-07-28,Napa,055,140530,30907,30777,1335,32112,150
2022-07-28,Nevada,057,99092,18254,18187,1625,19812,131
2022-07-28,Orange,059,3164182,639433,636403,55985,692388,7194
2022-07-28,Placer,061,380077,72842,72444,8879,81323,647
2022-07-28,Plumas,063,18699,3501,3490,425,3915,13
2022-07-28,Riverside,065,2383286,666313,662929,32861,695790,6543
2022-07-28,Sacramento,067,1510023,331090,329639,31914,361553,3156
2022-07-28,San Benito,069,59416,15300,15256,810,16066,100
2022-07-28,San Bernardino,071,2135413,636242,633131,28210,661341,7941
2022-07-28,San Diego,073,3302833,886424,881822,66689,948511,5409
2022-07-28,San Francisco,075,870044,170372,169564,11375,180939,937
2022-07-28,San Joaquin,077,732212,188831,187937,12945,200882,2276
2022-07-28,San Luis Obispo,079,281455,60644,60370,6431,66801,503
2022-07-28,San Mateo,081,765935,160107,159145,9987,169132,726
2022-07-28,Santa Barbara,083,443738,100446,99946,6074,106020,708
2022-07-28,Santa Clara,085,1922200,409744,407392,17753,425145,2381
2022-07-28,Santa Cruz,087,273765,59582,59227,3118,62345,269
2022-07-28,Shasta,089,179085,33640,33454,6941,40395,581
2022-07-28,Sierra,091,2930,295,293,58,351,4
2022-07-28,Siskiyou,093,43540,5020,4997,3180,8177,86
2022-07-28,Solano,095,438530,100212,99034,7178,106212,457
2022-07-28,Sonoma,097,501317,102188,101747,4747,106494,500
2022-07-28,Stanislaus,099,539301,131774,131081,19763,150844,1696
2022-07-28,Sutter,101,95872,22990,22931,2366,25297,228
2022-07-28,Tehama,103,63373,13141,13079,2904,15983,208
2022-07-28,Trinity,105,12862,1343,1340,343,1683,20
2022-07-28,Tulare,107,460477,117149,116640,32834,149474,1514
2022-07-28,Tuolumne,109,53932,14787,14701,856,15557,196
2022-07-28,Ventura,111,848112,199429,198498,13656,212154,1530
2022-07-28,Yolo,113,214977,45832,45511,4016,49527,327
2022-07-28,Yuba,115,75493,18000,17951,1555,19506,124
2022-07-27,Alameda,001,1643700,329102,325669,18970,344639,1938
2022-07-27,Alpine,003,1148,130,130,1,131,0
2022-07-27,Amador,005,37829,9625,9568,827,10395,87
2022-07-27,Butte,007,227075,37491,37146,8119,45265,441
2022-07-27,Calaveras,009,45235,8172,8105,470,8575,130
2022-07-27,Colusa,011,21464,3666,3649,1195,4844,22
2022-07-27,Contra Costa,013,1133247,235975,233236,18523,251759,1374
2022-07-27,Del Norte,015,27424,7151,7161,364,7525,54
2022-07-27,El Dorado,017,186661,31110,30891,3980,34871,222
2022-07-27,Fresno,019,978130,261986,259483,27826,287309,2801
2022-07-27,Glenn,021,27897,5354,5327,1777,7104,48
2022-07-27,Humboldt,023,135768,20583,20406,4306,24712,150
2022-07-27,Imperial,025,180216,62817,62014,14010,76024,948
2022-07-27,Inyo,027,18085,4396,4381,798,5179,57
2022-07-27,Kern,029,883053,211241,209400,54024,263424,2368
2022-07-27,Kings,031,150075,56874,56417,3852,60269,451
2022-07-27,Lake,033,64148,12137,12025,1070,13095,142
2022-07-27,Lassen,035,31185,9557,9509,958,10467,64
2022-07-27,Los Angeles,037,10098052,3136981,3107063,163797,3270860,32392
2022-07-27,Madera,039,155013,41783,41423,7285,48708,372
2022-07-27,Marin,041,260295,43017,42624,4909,47533,300
2022-07-27,Mariposa,043,17540,2948,2927,297,3224,30
2022-07-27,Mendocino,045,87422,15235,15066,4032,19098,131
2022-07-27,Merced,047,269075,69076,68455,10356,78811,838
2022-07-27,Modoc,049,8938,845,840,313,1153,10
2022-07-27,Mono,051,14174,3159,3148,217,3365,7
2022-07-27,Monterey,053,433212,90275,89520,18870,108390,752
2022-07-27,Napa,055,140530,30863,30647,1333,31980,150
2022-07-27,Nevada,057,99092,18236,18134,1624,19758,132
2022-07-27,Orange,059,3164182,638459,632871,55826,688697,7188
2022-07-27,Placer,061,380077,72759,72194,8857,81051,647
2022-07-27,Plumas,063,18699,3495,3472,425,3897,13
2022-07-27,Riverside,065,2383286,665453,659650,32783,692433,6528
2022-07-27,Sacramento,067,1510023,330631,328249,31859,360108,3146
2022-07-27,San Benito,069,59416,15280,15188,808,15996,100
2022-07-27,San Bernardino,071,2135413,635479,629895,28154,658049,7937
2022-07-27,San Diego,073,3302833,884982,876507,66550,943057,5386
2022-07-27,San Francisco,075,870044,170126,168570,11359,179929,931
2022-07-27,San Joaquin,077,732212,188547,187066,12908,199974,2267
2022-07-27,San Luis Obispo,079,281455,60572,60180,6397,66577,502
2022-07-27,San Mateo,081,765935,159866,158343,9977,168320,724
2022-07-27,Santa Barbara,083,443738,100311,99460,6035,105495,707
2022-07-27,Santa Clara,085,1922200,409054,404896,17733,422629,2380
2022-07-27,Santa Cruz,087,273765,59487,58873,3104,61977,269
2022-07-27,Shasta,089,179085,33608,33314,6931,40245,578
2022-07-27,Sierra,091,2930,294,293,58,351,4
2022-07-27,Siskiyou,093,43540,5007,4975,3176,8151,84
2022-07-27,Solano,095,438530,100048,98579,7167,105746,457
2022-07-27,Sonoma,097,501317,102049,101316,4735,106051,499
2022-07-27,Stanislaus,099,539301,131573,130451,19720,150171,1695
2022-07-27,Sutter,101,95872,22954,22811,2360,25171,228
2022-07-27,Tehama,103,63373,13128,13036,2898,15934,207
2022-07-27,Trinity,105,12862,1343,1337,342,1679,20
2022-07-27,Tulare,107,460477,116988,116167,32766,148933,1514
2022-07-27,Tuolumne,109,53932,14757,14594,853,15447,196
2022-07-27,Ventura,111,848112,199183,197572,13591,211163,1527
2022-07-27,Yolo,113,214977,45785,45359,3999,49358,326
2022-07-27,Yuba,115,75493,17976,17873,1547,19420,124
2022-07-26,Alameda,001,1643700,328470,325669,18920,344589,1938
2022-07-26,Alpine,003,1148,130,130,1,131,0
2022-07-26,Amador,005,37829,9616,9568,822,10390,87
2022-07-26,Butte,007,227075,37432,37146,8103,45249,441
2022-07-26,Calaveras,009,45235,8163,8105,468,8573,130
2022-07-26,Colusa,011,21464,3665,3649,1195,4844,22
2022-07-26,Contra Costa,013,1133247,235540,233236,18468,251704,1374
2022-07-26,Del Norte,015,27424,7139,7161,364,7525,54
2022-07-26,El Dorado,017,186661,31066,30891,3973,34864,222
2022-07-26,Fresno,019,978130,261446,259483,27744,287227,2801
2022-07-26,Glenn,021,27897,5352,5327,1773,7100,48
2022-07-26,Humboldt,023,135768,20551,20406,4291,24697,150
2022-07-26,Imperial,025,180216,62697,62014,13927,75941,948
2022-07-26,Inyo,027,18085,4393,4381,796,5177,57
2022-07-26,Kern,029,883053,210934,209400,53983,263383,2368
2022-07-26,Kings,031,150075,56758,56417,3850,60267,451
2022-07-26,Lake,033,64148,12107,12025,1069,13094,142
2022-07-26,Lassen,035,31185,9554,9509,956,10465,64
2022-07-26,Los Angeles,037,10098052,3132082,3107063,163236,3270299,32392
2022-07-26,Madera,039,155013,41718,41423,7261,48684,372
2022-07-26,Marin,041,260295,42951,42624,4897,47521,300
2022-07-26,Mariposa,043,17540,2946,2927,297,3224,30
2022-07-26,Mendocino,045,87422,15214,15066,4020,19086,131
2022-07-26,Merced,047,269075,68984,68455,10333,78788,838
2022-07-26,Modoc,049,8938,843,840,313,1153,10
2022-07-26,Mono,051,14174,3158,3148,217,3365,7
2022-07-26,Monterey,053,433212,90137,89520,18780,108300,752
2022-07-26,Napa,055,140530,30827,30647,1327,31974,150
2022-07-26,Nevada,057,99092,18212,18134,1621,19755,132
2022-07-26,Orange,059,3164182,637361,632871,55618,688489,7188
2022-07-26,Placer,061,380077,72641,72194,8838,81032,647
2022-07-26,Plumas,063,18699,3492,3472,424,3896,13
2022-07-26,Riverside,065,2383286,664437,659650,32706,692356,6528
2022-07-26,Sacramento,067,1510023,330101,328249,31794,360043,3146
2022-07-26,San Benito,069,59416,15250,15188,807,15995,100
2022-07-26,San Bernardino,071,2135413,634516,629895,28091,657986,7937
2022-07-26,San Diego,073,3302833,883290,876507,66376,942883,5386
2022-07-26,San Francisco,075,870044,169841,168570,11344,179914,931
2022-07-26,San Joaquin,077,732212,188248,187066,12867,199933,2267
2022-07-26,San Luis Obispo,079,281455,60499,60180,6369,66549,502
2022-07-26,San Mateo,081,765935,159583,158343,9966,168309,724
2022-07-26,Santa Barbara,083,443738,100145,99460,6011,105471,707
2022-07-26,Santa Clara,085,1922200,408204,404896,17697,422593,2380
2022-07-26,Santa Cruz,087,273765,59383,58873,3088,61961,269
2022-07-26,Shasta,089,179085,33578,33314,6916,40230,578
2022-07-26,Sierra,091,2930,293,293,58,351,4
2022-07-26,Siskiyou,093,43540,5002,4975,3168,8143,84
2022-07-26,Solano,095,438530,99858,98579,7149,105728,457
2022-07-26,Sonoma,097,501317,101905,101316,4707,106023,499
2022-07-26,Stanislaus,099,539301,131360,130451,19694,150145,1695
2022-07-26,Sutter,101,95872,22924,22811,2359,25170,228
2022-07-26,Tehama,103,63373,13110,13036,2893,15929,207
2022-07-26,Trinity,105,12862,1342,1337,340,1677,20
2022-07-26,Tulare,107,460477,116840,116167,32680,148847,1514
2022-07-26,Tuolumne,109,53932,14737,14594,851,15445,196
2022-07-26,Ventura,111,848112,198878,197572,13535,211107,1527
2022-07-26,Yolo,113,214977,45737,45359,3989,49348,326
2022-07-26,Yuba,115,75493,17958,17873,1546,19419,124
2022-07-25,Alameda,001,1643700,327739,325669,18846,344515,1938
2022-07-25,Alpine,003,1148,130,130,1,131,0
2022-07-25,Amador,005,37829,9603,9568,819,10387,87
2022-07-25,Butte,007,227075,37359,37146,8089,45235,441
2022-07-25,Calaveras,009,45235,8152,8105,467,8572,130
2022-07-25,Colusa,011,21464,3664,3649,1192,4841,22
2022-07-25,Contra Costa,013,1133247,235061,233236,18388,251624,1374
2022-07-25,Del Norte,015,27424,7132,7161,363,7524,54
2022-07-25,El Dorado,017,186661,31027,30891,3959,34850,222
2022-07-25,Fresno,019,978130,260868,259483,27660,287143,2801
2022-07-25,Glenn,021,27897,5344,5327,1770,7097,48
2022-07-25,Humboldt,023,135768,20517,20406,4270,24676,150
2022-07-25,Imperial,025,180216,62576,62014,13841,75855,948
2022-07-25,Inyo,027,18085,4390,4381,790,5171,57
2022-07-25,Kern,029,883053,210652,209400,53931,263331,2368
2022-07-25,Kings,031,150075,56623,56417,3838,60255,451
2022-07-25,Lake,033,64148,12086,12025,1068,13093,142
2022-07-25,Lassen,035,31185,9547,9509,955,10464,64
2022-07-25,Los Angeles,037,10098052,3126365,3107063,162735,3269798,32392
2022-07-25,Madera,039,155013,41631,41423,7237,48660,372
2022-07-25,Marin,041,260295,42878,42624,4890,47514,300
2022-07-25,Mariposa,043,17540,2943,2927,294,3221,30
2022-07-25,Mendocino,045,87422,15179,15066,4008,19074,131
2022-07-25,Merced,047,269075,68871,68455,10305,78760,838
2022-07-25,Modoc,049,8938,838,840,311,1151,10
2022-07-25,Mono,051,14174,3156,3148,217,3365,7
2022-07-25,Monterey,053,433212,89985,89520,18669,108189,752
2022-07-25,Napa,055,140530,30783,30647,1326,31973,150
2022-07-25,Nevada,057,99092,18200,18134,1613,19747,132
2022-07-25,Orange,059,3164182,636111,632871,55427,688298,7188
2022-07-25,Placer,061,380077,72559,72194,8832,81026,647
2022-07-25,Plumas,063,18699,3486,3472,423,3895,13
2022-07-25,Riverside,065,2383286,663348,659650,32627,692277,6528
2022-07-25,Sacramento,067,1510023,329572,328249,31724,359973,3146
2022-07-25,San Benito,069,59416,15218,15188,805,15993,100
2022-07-25,San Bernardino,071,2135413,633356,629895,28039,657934,7937
2022-07-25,San Diego,073,3302833,881504,876507,66189,942696,5386
2022-07-25,San Francisco,075,870044,169529,168570,11330,179900,931
2022-07-25,San Joaquin,077,732212,187963,187066,12799,199865,2267
2022-07-25,San Luis Obispo,079,281455,60396,60180,6336,66516,502
2022-07-25,San Mateo,081,765935,159218,158343,9943,168286,724
2022-07-25,Santa Barbara,083,443738,99952,99460,5986,105446,707
2022-07-25,Santa Clara,085,1922200,407308,404896,17618,422514,2380
2022-07-25,Santa Cruz,087,273765,59262,58873,3075,61948,269
2022-07-25,Shasta,089,179085,33527,33314,6908,40222,578
2022-07-25,Sierra,091,2930,293,293,58,351,4
2022-07-25,Siskiyou,093,43540,4996,4975,3159,8134,84
2022-07-25,Solano,095,438530,99609,98579,7134,105713,457
2022-07-25,Sonoma,097,501317,101745,101316,4696,106012,499
2022-07-25,Stanislaus,099,539301,131163,130451,19668,150119,1695
2022-07-25,Sutter,101,95872,22876,22811,2358,25169,228
2022-07-25,Tehama,103,63373,13093,13036,2885,15921,207
2022-07-25,Trinity,105,12862,1340,1337,340,1677,20
2022-07-25,Tulare,107,460477,116627,116167,32591,148758,1514
2022-07-25,Tuolumne,109,53932,14718,14594,851,15445,196
2022-07-25,Ventura,111,848112,198573,197572,13478,211050,1527
2022-07-25,Yolo,113,214977,45674,45359,3978,49337,326
2022-07-25,Yuba,115,75493,17920,17873,1545,19418,124
2022-07-24,Alameda,001,1643700,326939,323165,18801,341966,1933
2022-07-24,Alpine,003,1148,130,130,1,131,0
2022-07-24,Amador,005,37829,9581,9526,816,10342,87
2022-07-24,Butte,007,227075,37297,36994,8064,45058,440
2022-07-24,Calaveras,009,45235,8135,8064,465,8529,128
2022-07-24,Colusa,011,21464,3658,3639,1192,4831,22
2022-07-24,Contra Costa,013,1133247,234528,231714,18309,250023,1363
2022-07-24,Del Norte,015,27424,7114,7128,357,7485,54
2022-07-24,El Dorado,017,186661,30979,30722,3942,34664,222
2022-07-24,Fresno,019,978130,260220,257571,27573,285144,2792
2022-07-24,Glenn,021,27897,5338,5311,1768,7079,48
2022-07-24,Humboldt,023,135768,20484,20283,4253,24536,150
2022-07-24,Imperial,025,180216,62410,61671,13720,75391,948
2022-07-24,Inyo,027,18085,4386,4366,779,5145,57
2022-07-24,Kern,029,883053,210294,208535,53876,262411,2366
2022-07-24,Kings,031,150075,56498,56103,3824,59927,451
2022-07-24,Lake,033,64148,12060,11957,1065,13022,142
2022-07-24,Lassen,035,31185,9521,9504,952,10456,64
2022-07-24,Los Angeles,037,10098052,3120044,3085376,162081,3247457,32340
2022-07-24,Madera,039,155013,41534,41145,7206,48351,372
2022-07-24,Marin,041,260295,42810,42347,4878,47225,300
2022-07-24,Mariposa,043,17540,2940,2897,293,3190,30
2022-07-24,Mendocino,045,87422,15129,14988,3976,18964,131
2022-07-24,Merced,047,269075,68712,68127,10251,78378,837
2022-07-24,Modoc,049,8938,838,829,310,1139,10
2022-07-24,Mono,051,14174,3155,3141,217,3358,7
2022-07-24,Monterey,053,433212,89813,89067,18567,107634,747
2022-07-24,Napa,055,140530,30730,30495,1325,31820,148
2022-07-24,Nevada,057,99092,18181,18073,1604,19677,131
2022-07-24,Orange,059,3164182,634766,627948,55193,683141,7181
2022-07-24,Placer,061,380077,72436,71870,8819,80689,644
2022-07-24,Plumas,063,18699,3485,3464,423,3887,13
2022-07-24,Riverside,065,2383286,662054,655603,32513,688116,6527
2022-07-24,Sacramento,067,1510023,328891,326216,31653,357869,3136
2022-07-24,San Benito,069,59416,15197,15049,805,15854,100
2022-07-24,San Bernardino,071,2135413,632000,626059,27961,654020,7933
2022-07-24,San Diego,073,3302833,879427,870102,66000,936102,5380
2022-07-24,San Francisco,075,870044,169081,167260,11300,178560,931
2022-07-24,San Joaquin,077,732212,187599,186142,12731,198873,2267
2022-07-24,San Luis Obispo,079,281455,60258,59919,6302,66221,500
2022-07-24,San Mateo,081,765935,158884,157266,9919,167185,724
2022-07-24,Santa Barbara,083,443738,99727,98826,5944,104770,706
2022-07-24,Santa Clara,085,1922200,406354,401495,17578,419073,2381
2022-07-24,Santa Cruz,087,273765,59090,58386,3054,61440,268
2022-07-24,Shasta,089,179085,33465,33185,6892,40077,578
2022-07-24,Sierra,091,2930,293,293,58,351,4
2022-07-24,Siskiyou,093,43540,4992,4938,3143,8081,84
2022-07-24,Solano,095,438530,99395,98016,7121,105137,457
2022-07-24,Sonoma,097,501317,101542,100735,4675,105410,499
2022-07-24,Stanislaus,099,539301,130871,129813,19632,149445,1695
2022-07-24,Sutter,101,95872,22826,22687,2355,25042,228
2022-07-24,Tehama,103,63373,13082,12974,2875,15849,207
2022-07-24,Trinity,105,12862,1339,1330,338,1668,20
2022-07-24,Tulare,107,460477,116441,115548,32491,148039,1513
2022-07-24,Tuolumne,109,53932,14684,14514,850,15364,196
2022-07-24,Ventura,111,848112,198165,196127,13377,209504,1525
2022-07-24,Yolo,113,214977,45600,45141,3966,49107,327
2022-07-24,Yuba,115,75493,17892,17770,1543,19313,124
2022-07-23,Alameda,001,1643700,326526,323165,18778,341943,1933
2022-07-23,Alpine,003,1148,130,130,1,131,0
2022-07-23,Amador,005,37829,9571,9526,816,10342,87
2022-07-23,Butte,007,227075,37248,36994,8057,45051,440
2022-07-23,Calaveras,009,45235,8124,8064,465,8529,128
2022-07-23,Colusa,011,21464,3653,3639,1192,4831,22
2022-07-23,Contra Costa,013,1133247,234235,231714,18284,249998,1363
2022-07-23,Del Norte,015,27424,7111,7128,356,7484,54
2022-07-23,El Dorado,017,186661,30961,30722,3940,34662,222
2022-07-23,Fresno,019,978130,259997,257571,27540,285111,2792
2022-07-23,Glenn,021,27897,5336,5311,1766,7077,48
2022-07-23,Humboldt,023,135768,20457,20283,4240,24523,150
2022-07-23,Imperial,025,180216,62348,61671,13696,75367,948
2022-07-23,Inyo,027,18085,4384,4366,778,5144,57
2022-07-23,Kern,029,883053,210129,208535,53861,262396,2366
2022-07-23,Kings,031,150075,56456,56103,3821,59924,451
2022-07-23,Lake,033,64148,12049,11957,1064,13021,142
2022-07-23,Lassen,035,31185,9519,9504,952,10456,64
2022-07-23,Los Angeles,037,10098052,3117298,3085376,161685,3247061,32340
2022-07-23,Madera,039,155013,41475,41145,7201,48346,372
2022-07-23,Marin,041,260295,42735,42347,4868,47215,300
2022-07-23,Mariposa,043,17540,2937,2897,293,3190,30
2022-07-23,Mendocino,045,87422,15109,14988,3968,18956,131
2022-07-23,Merced,047,269075,68644,68127,10234,78361,837
2022-07-23,Modoc,049,8938,838,829,310,1139,10
2022-07-23,Mono,051,14174,3155,3141,217,3358,7
2022-07-23,Monterey,053,433212,89728,89067,18545,107612,747
2022-07-23,Napa,055,140530,30697,30495,1324,31819,148
2022-07-23,Nevada,057,99092,18169,18073,1602,19675,131
2022-07-23,Orange,059,3164182,634062,627948,55010,682958,7181
2022-07-23,Placer,061,380077,72363,71870,8808,80678,644
2022-07-23,Plumas,063,18699,3484,3464,423,3887,13
2022-07-23,Riverside,065,2383286,661347,655603,32472,688075,6527
2022-07-23,Sacramento,067,1510023,328619,326216,31638,357854,3136
2022-07-23,San Benito,069,59416,15187,15049,795,15844,100
2022-07-23,San Bernardino,071,2135413,631400,626059,27920,653979,7933
2022-07-23,San Diego,073,3302833,878610,870102,65946,936048,5380
2022-07-23,San Francisco,075,870044,168885,167260,11285,178545,931
2022-07-23,San Joaquin,077,732212,187445,186142,12710,198852,2267
2022-07-23,San Luis Obispo,079,281455,60229,59919,6290,66209,500
2022-07-23,San Mateo,081,765935,158705,157266,9905,167171,724
2022-07-23,Santa Barbara,083,443738,99627,98826,5913,104739,706
2022-07-23,Santa Clara,085,1922200,405743,401495,17557,419052,2381
2022-07-23,Santa Cruz,087,273765,59039,58386,3042,61428,268
2022-07-23,Shasta,089,179085,33426,33185,6885,40070,578
2022-07-23,Sierra,091,2930,293,293,58,351,4
2022-07-23,Siskiyou,093,43540,4988,4938,3141,8079,84
2022-07-23,Solano,095,438530,99331,98016,7115,105131,457
2022-07-23,Sonoma,097,501317,101454,100735,4665,105400,499
2022-07-23,Stanislaus,099,539301,130740,129813,19598,149411,1695
2022-07-23,Sutter,101,95872,22805,22687,2355,25042,228
2022-07-23,Tehama,103,63373,13068,12974,2872,15846,207
2022-07-23,Trinity,105,12862,1339,1330,337,1667,20
2022-07-23,Tulare,107,460477,116325,115548,32422,147970,1513
2022-07-23,Tuolumne,109,53932,14661,14514,850,15364,196
2022-07-23,Ventura,111,848112,197981,196127,13344,209471,1525
2022-07-23,Yolo,113,214977,45566,45141,3958,49099,327
2022-07-23,Yuba,115,75493,17878,17770,1539,19309,124
2022-07-22,Alameda,001,1643700,326114,323165,18731,341896,1933
2022-07-22,Alpine,003,1148,130,130,1,131,0
2022-07-22,Amador,005,37829,9565,9526,815,10341,87
2022-07-22,Butte,007,227075,37213,36994,8043,45037,440
2022-07-22,Calaveras,009,45235,8115,8064,465,8529,128
2022-07-22,Colusa,011,21464,3652,3639,1188,4827,22
2022-07-22,Contra Costa,013,1133247,233943,231714,18247,249961,1363
2022-07-22,Del Norte,015,27424,7104,7128,356,7484,54
2022-07-22,El Dorado,017,186661,30932,30722,3935,34657,222
2022-07-22,Fresno,019,978130,259721,257571,27500,285071,2792
2022-07-22,Glenn,021,27897,5331,5311,1765,7076,48
2022-07-22,Humboldt,023,135768,20435,20283,4230,24513,150
2022-07-22,Imperial,025,180216,62258,61671,13665,75336,948
2022-07-22,Inyo,027,18085,4384,4366,771,5137,57
2022-07-22,Kern,029,883053,209931,208535,53840,262375,2366
2022-07-22,Kings,031,150075,56420,56103,3820,59923,451
2022-07-22,Lake,033,64148,12035,11957,1062,13019,142
2022-07-22,Lassen,035,31185,9519,9504,952,10456,64
2022-07-22,Los Angeles,037,10098052,3113837,3085376,161256,3246632,32340
2022-07-22,Madera,039,155013,41432,41145,7189,48334,372
2022-07-22,Marin,041,260295,42682,42347,4860,47207,300
2022-07-22,Mariposa,043,17540,2935,2897,293,3190,30
2022-07-22,Mendocino,045,87422,15083,14988,3963,18951,131
2022-07-22,Merced,047,269075,68572,68127,10222,78349,837
2022-07-22,Modoc,049,8938,838,829,310,1139,10
2022-07-22,Mono,051,14174,3154,3141,216,3357,7
2022-07-22,Monterey,053,433212,89639,89067,18510,107577,747
2022-07-22,Napa,055,140530,30666,30495,1324,31819,148
2022-07-22,Nevada,057,99092,18158,18073,1595,19668,131
2022-07-22,Orange,059,3164182,633290,627948,54856,682804,7181
2022-07-22,Placer,061,380077,72319,71870,8800,80670,644
2022-07-22,Plumas,063,18699,3483,3464,423,3887,13
2022-07-22,Riverside,065,2383286,660605,655603,32406,688009,6527
2022-07-22,Sacramento,067,1510023,328265,326216,31610,357826,3136
2022-07-22,San Benito,069,59416,15178,15049,795,15844,100
2022-07-22,San Bernardino,071,2135413,630799,626059,27877,653936,7933
2022-07-22,San Diego,073,3302833,877531,870102,65821,935923,5380
2022-07-22,San Francisco,075,870044,168688,167260,11257,178517,931
2022-07-22,San Joaquin,077,732212,187291,186142,12681,198823,2267
2022-07-22,San Luis Obispo,079,281455,60173,59919,6280,66199,500
2022-07-22,San Mateo,081,765935,158474,157266,9892,167158,724
2022-07-22,Santa Barbara,083,443738,99526,98826,5907,104733,706
2022-07-22,Santa Clara,085,1922200,405089,401495,17532,419027,2381
2022-07-22,Santa Cruz,087,273765,58934,58386,3034,61420,268
2022-07-22,Shasta,089,179085,33395,33185,6880,40065,578
2022-07-22,Sierra,091,2930,293,293,58,351,4
2022-07-22,Siskiyou,093,43540,4981,4938,3138,8076,84
2022-07-22,Solano,095,438530,99193,98016,7104,105120,457
2022-07-22,Sonoma,097,501317,101358,100735,4655,105390,499
2022-07-22,Stanislaus,099,539301,130610,129813,19581,149394,1695
2022-07-22,Sutter,101,95872,22781,22687,2354,25041,228
2022-07-22,Tehama,103,63373,13059,12974,2870,15844,207
2022-07-22,Trinity,105,12862,1337,1330,336,1666,20
2022-07-22,Tulare,107,460477,116213,115548,32360,147908,1513
2022-07-22,Tuolumne,109,53932,14638,14514,846,15360,196
2022-07-22,Ventura,111,848112,197796,196127,13310,209437,1525
2022-07-22,Yolo,113,214977,45513,45141,3940,49081,327
2022-07-22,Yuba,115,75493,17864,17770,1537,19307,124
2022-07-21,Alameda,001,1643700,325440,323165,18654,341819,1933
2022-07-21,Alpine,003,1148,130,130,1,131,0
2022-07-21,Amador,005,37829,9558,9526,813,10339,87
2022-07-21,Butte,007,227075,37171,36994,8024,45018,440
2022-07-21,Calaveras,009,45235,8100,8064,463,8527,128
2022-07-21,Colusa,011,21464,3648,3639,1186,4825,22
2022-07-21,Contra Costa,013,1133247,233558,231714,18195,249909,1363
2022-07-21,Del Norte,015,27424,7094,7128,356,7484,54
2022-07-21,El Dorado,017,186661,30881,30722,3932,34654,222
2022-07-21,Fresno,019,978130,259246,257571,27427,284998,2792
2022-07-21,Glenn,021,27897,5325,5311,1765,7076,48
2022-07-21,Humboldt,023,135768,20403,20283,4207,24490,150
2022-07-21,Imperial,025,180216,62145,61671,13566,75237,948
2022-07-21,Inyo,027,18085,4380,4366,764,5130,57
2022-07-21,Kern,029,883053,209655,208535,53797,262332,2366
2022-07-21,Kings,031,150075,56347,56103,3807,59910,451
2022-07-21,Lake,033,64148,12022,11957,1059,13016,142
2022-07-21,Lassen,035,31185,9516,9504,952,10456,64
2022-07-21,Los Angeles,037,10098052,3108318,3085376,160664,3246040,32340
2022-07-21,Madera,039,155013,41357,41145,7169,48314,372
2022-07-21,Marin,041,260295,42618,42347,4857,47204,300
2022-07-21,Mariposa,043,17540,2931,2897,292,3189,30
2022-07-21,Mendocino,045,87422,15057,14988,3957,18945,131
2022-07-21,Merced,047,269075,68470,68127,10199,78326,837
2022-07-21,Modoc,049,8938,836,829,310,1139,10
2022-07-21,Mono,051,14174,3150,3141,215,3356,7
2022-07-21,Monterey,053,433212,89516,89067,18437,107504,747
2022-07-21,Napa,055,140530,30622,30495,1324,31819,148
2022-07-21,Nevada,057,99092,18139,18073,1590,19663,131
2022-07-21,Orange,059,3164182,632160,627948,54637,682585,7181
2022-07-21,Placer,061,380077,72212,71870,8780,80650,644
2022-07-21,Plumas,063,18699,3482,3464,423,3887,13
2022-07-21,Riverside,065,2383286,659543,655603,32333,687936,6527
2022-07-21,Sacramento,067,1510023,327751,326216,31570,357786,3136
2022-07-21,San Benito,069,59416,15135,15049,792,15841,100
2022-07-21,San Bernardino,071,2135413,629785,626059,27812,653871,7933
2022-07-21,San Diego,073,3302833,875846,870102,65628,935730,5380
2022-07-21,San Francisco,075,870044,168330,167260,11204,178464,931
2022-07-21,San Joaquin,077,732212,187039,186142,12653,198795,2267
2022-07-21,San Luis Obispo,079,281455,60121,59919,6251,66170,500
2022-07-21,San Mateo,081,765935,158179,157266,9877,167143,724
2022-07-21,Santa Barbara,083,443738,99365,98826,5887,104713,706
2022-07-21,Santa Clara,085,1922200,404292,401495,17495,418990,2381
2022-07-21,Santa Cruz,087,273765,58816,58386,3020,61406,268
2022-07-21,Shasta,089,179085,33345,33185,6866,40051,578
2022-07-21,Sierra,091,2930,293,293,58,351,4
2022-07-21,Siskiyou,093,43540,4970,4938,3132,8070,84
2022-07-21,Solano,095,438530,99049,98016,7095,105111,457
2022-07-21,Sonoma,097,501317,101214,100735,4643,105378,499
2022-07-21,Stanislaus,099,539301,130419,129813,19562,149375,1695
2022-07-21,Sutter,101,95872,22753,22687,2352,25039,228
2022-07-21,Tehama,103,63373,13042,12974,2859,15833,207
2022-07-21,Trinity,105,12862,1333,1330,336,1666,20
2022-07-21,Tulare,107,460477,116061,115548,32287,147835,1513
2022-07-21,Tuolumne,109,53932,14606,14514,843,15357,196
2022-07-21,Ventura,111,848112,197470,196127,13223,209350,1525
2022-07-21,Yolo,113,214977,45452,45141,3927,49068,327
2022-07-21,Yuba,115,75493,17835,17770,1534,19304,124
2022-07-20,Alameda,001,1643700,324762,321347,18583,339930,1915
2022-07-20,Alpine,003,1148,130,130,1,131,0
2022-07-20,Amador,005,37829,9540,9478,811,10289,87
2022-07-20,Butte,007,227075,37122,36820,8004,44824,440
2022-07-20,Calaveras,009,45235,8092,8035,462,8497,126
2022-07-20,Colusa,011,21464,3644,3627,1184,4811,22
2022-07-20,Contra Costa,013,1133247,233154,230356,18147,248503,1362
2022-07-20,Del Norte,015,27424,7085,7081,356,7437,54
2022-07-20,El Dorado,017,186661,30849,30628,3922,34550,221
2022-07-20,Fresno,019,978130,258735,256217,27364,283581,2790
2022-07-20,Glenn,021,27897,5321,5287,1762,7049,48
2022-07-20,Humboldt,023,135768,20364,20149,4187,24336,150
2022-07-20,Imperial,025,180216,62003,61170,13475,74645,944
2022-07-20,Inyo,027,18085,4378,4355,759,5114,56
2022-07-20,Kern,029,883053,209370,207603,53736,261339,2366
2022-07-20,Kings,031,150075,56261,55836,3796,59632,449
2022-07-20,Lake,033,64148,12001,11895,1056,12951,142
2022-07-20,Lassen,035,31185,9507,9455,952,10407,64
2022-07-20,Los Angeles,037,10098052,3102834,3068779,160076,3228855,32292
2022-07-20,Madera,039,155013,41284,40902,7149,48051,372
2022-07-20,Marin,041,260295,42536,42153,4850,47003,300
2022-07-20,Mariposa,043,17540,2916,2884,290,3174,30
2022-07-20,Mendocino,045,87422,15042,14890,3950,18840,131
2022-07-20,Merced,047,269075,68373,67775,10174,77949,833
2022-07-20,Modoc,049,8938,835,799,309,1108,9
2022-07-20,Mono,051,14174,3147,3138,212,3350,7
2022-07-20,Monterey,053,433212,89380,88606,18355,106961,747
2022-07-20,Napa,055,140530,30584,30353,1322,31675,145
2022-07-20,Nevada,057,99092,18113,18020,1586,19606,131
2022-07-20,Orange,059,3164182,630895,624998,54412,679410,7173
2022-07-20,Placer,061,380077,72130,71614,8762,80376,639
2022-07-20,Plumas,063,18699,3476,3433,422,3855,13
2022-07-20,Riverside,065,2383286,658452,652192,32237,684429,6510
2022-07-20,Sacramento,067,1510023,327198,324765,31523,356288,3123
2022-07-20,San Benito,069,59416,15103,14966,789,15755,100
2022-07-20,San Bernardino,071,2135413,628784,622760,27756,650516,7921
2022-07-20,San Diego,073,3302833,874022,864434,65450,929884,5375
2022-07-20,San Francisco,075,870044,167994,166241,11187,177428,929
2022-07-20,San Joaquin,077,732212,186752,185319,12618,197937,2262
2022-07-20,San Luis Obispo,079,281455,60058,59727,6222,65949,499
2022-07-20,San Mateo,081,765935,157896,156191,9853,166044,724
2022-07-20,Santa Barbara,083,443738,99205,98322,5859,104181,703
2022-07-20,Santa Clara,085,1922200,403488,398816,17458,416274,2374
2022-07-20,Santa Cruz,087,273765,58703,58004,3007,61011,267
2022-07-20,Shasta,089,179085,33303,33017,6861,39878,576
2022-07-20,Sierra,091,2930,293,292,58,350,4
2022-07-20,Siskiyou,093,43540,4955,4921,3125,8046,84
2022-07-20,Solano,095,438530,98886,97577,7074,104651,459
2022-07-20,Sonoma,097,501317,101027,100304,4634,104938,499
2022-07-20,Stanislaus,099,539301,130253,129200,19530,148730,1695
2022-07-20,Sutter,101,95872,22718,22592,2349,24941,228
2022-07-20,Tehama,103,63373,13026,12923,2855,15778,205
2022-07-20,Trinity,105,12862,1333,1319,335,1654,20
2022-07-20,Tulare,107,460477,115880,115073,32178,147251,1510
2022-07-20,Tuolumne,109,53932,14580,14389,842,15231,196
2022-07-20,Ventura,111,848112,197158,195189,13150,208339,1522
2022-07-20,Yolo,113,214977,45396,44950,3917,48867,325
2022-07-20,Yuba,115,75493,17811,17661,1533,19194,124
2022-07-19,Alameda,001,1643700,324086,321347,18528,339875,1915
2022-07-19,Alpine,003,1148,130,130,1,131,0
2022-07-19,Amador,005,37829,9528,9478,807,10285,87
2022-07-19,Butte,007,227075,37070,36820,7990,44810,440
2022-07-19,Calaveras,009,45235,8082,8035,462,8497,126
2022-07-19,Colusa,011,21464,3641,3627,1180,4807,22
2022-07-19,Contra Costa,013,1133247,232710,230356,18090,248446,1362
2022-07-19,Del Norte,015,27424,7077,7081,355,7436,54
2022-07-19,El Dorado,017,186661,30805,30628,3913,34541,221
2022-07-19,Fresno,019,978130,258133,256217,27287,283504,2790
2022-07-19,Glenn,021,27897,5314,5287,1761,7048,48
2022-07-19,Humboldt,023,135768,20329,20149,4175,24324,150
2022-07-19,Imperial,025,180216,61870,61170,13389,74559,944
2022-07-19,Inyo,027,18085,4376,4355,757,5112,56
2022-07-19,Kern,029,883053,209096,207603,53674,261277,2366
2022-07-19,Kings,031,150075,56157,55836,3778,59614,449
2022-07-19,Lake,033,64148,11980,11895,1049,12944,142
2022-07-19,Lassen,035,31185,9499,9455,952,10407,64
2022-07-19,Los Angeles,037,10098052,3096781,3068779,159418,3228197,32292
2022-07-19,Madera,039,155013,41204,40902,7128,48030,372
2022-07-19,Marin,041,260295,42473,42153,4837,46990,300
2022-07-19,Mariposa,043,17540,2911,2884,289,3173,30
2022-07-19,Mendocino,045,87422,15010,14890,3945,18835,131
2022-07-19,Merced,047,269075,68268,67775,10145,77920,833
2022-07-19,Modoc,049,8938,834,799,309,1108,9
2022-07-19,Mono,051,14174,3142,3138,211,3349,7
2022-07-19,Monterey,053,433212,89230,88606,18273,106879,747
2022-07-19,Napa,055,140530,30527,30353,1318,31671,145
2022-07-19,Nevada,057,99092,18099,18020,1579,19599,131
2022-07-19,Orange,059,3164182,629601,624998,54168,679166,7173
2022-07-19,Placer,061,380077,72044,71614,8747,80361,639
2022-07-19,Plumas,063,18699,3470,3433,420,3853,13
2022-07-19,Riverside,065,2383286,657146,652192,32145,684337,6510
2022-07-19,Sacramento,067,1510023,326568,324765,31483,356248,3123
2022-07-19,San Benito,069,59416,15059,14966,787,15753,100
2022-07-19,San Bernardino,071,2135413,627698,622760,27688,650448,7921
2022-07-19,San Diego,073,3302833,871921,864434,65223,929657,5375
2022-07-19,San Francisco,075,870044,167637,166241,11168,177409,929
2022-07-19,San Joaquin,077,732212,186475,185319,12564,197883,2262
2022-07-19,San Luis Obispo,079,281455,59982,59727,6187,65914,499
2022-07-19,San Mateo,081,765935,157597,156191,9829,166020,724
2022-07-19,Santa Barbara,083,443738,99023,98322,5837,104159,703
2022-07-19,Santa Clara,085,1922200,402553,398816,17412,416228,2374
2022-07-19,Santa Cruz,087,273765,58581,58004,2993,60997,267
2022-07-19,Shasta,089,179085,33270,33017,6847,39864,576
2022-07-19,Sierra,091,2930,293,292,58,350,4
2022-07-19,Siskiyou,093,43540,4948,4921,3118,8039,84
2022-07-19,Solano,095,438530,98662,97577,7050,104627,459
2022-07-19,Sonoma,097,501317,100871,100304,4613,104917,499
2022-07-19,Stanislaus,099,539301,130010,129200,19500,148700,1695
2022-07-19,Sutter,101,95872,22688,22592,2347,24939,228
2022-07-19,Tehama,103,63373,13012,12923,2848,15771,205
2022-07-19,Trinity,105,12862,1330,1319,334,1653,20
2022-07-19,Tulare,107,460477,115693,115073,32070,147143,1510
2022-07-19,Tuolumne,109,53932,14555,14389,833,15222,196
2022-07-19,Ventura,111,848112,196814,195189,13075,208264,1522
2022-07-19,Yolo,113,214977,45335,44950,3908,48858,325
2022-07-19,Yuba,115,75493,17778,17661,1532,19193,124
2022-07-18,Alameda,001,1643700,323349,321347,18494,339841,1915
2022-07-18,Alpine,003,1148,130,130,1,131,0
2022-07-18,Amador,005,37829,9513,9478,807,10285,87
2022-07-18,Butte,007,227075,37000,36820,7978,44798,440
2022-07-18,Calaveras,009,45235,8071,8035,459,8494,126
2022-07-18,Colusa,011,21464,3638,3627,1174,4801,22
2022-07-18,Contra Costa,013,1133247,232248,230356,18018,248374,1362
2022-07-18,Del Norte,015,27424,7066,7081,353,7434,54
2022-07-18,El Dorado,017,186661,30754,30628,3904,34532,221
2022-07-18,Fresno,019,978130,257544,256217,27214,283431,2790
2022-07-18,Glenn,021,27897,5312,5287,1761,7048,48
2022-07-18,Humboldt,023,135768,20288,20149,4155,24304,150
2022-07-18,Imperial,025,180216,61706,61170,13290,74460,944
2022-07-18,Inyo,027,18085,4372,4355,756,5111,56
2022-07-18,Kern,029,883053,208790,207603,53605,261208,2366
2022-07-18,Kings,031,150075,56050,55836,3770,59606,449
2022-07-18,Lake,033,64148,11958,11895,1043,12938,142
2022-07-18,Lassen,035,31185,9495,9455,951,10406,64
2022-07-18,Los Angeles,037,10098052,3090057,3068779,158786,3227565,32292
2022-07-18,Madera,039,155013,41096,40902,7101,48003,372
2022-07-18,Marin,041,260295,42395,42153,4826,46979,300
2022-07-18,Mariposa,043,17540,2903,2884,288,3172,30
2022-07-18,Mendocino,045,87422,14981,14890,3934,18824,131
2022-07-18,Merced,047,269075,68146,67775,10119,77894,833
2022-07-18,Modoc,049,8938,833,799,309,1108,9
2022-07-18,Mono,051,14174,3141,3138,210,3348,7
2022-07-18,Monterey,053,433212,89068,88606,18193,106799,747
2022-07-18,Napa,055,140530,30488,30353,1315,31668,145
2022-07-18,Nevada,057,99092,18085,18020,1568,19588,131
2022-07-18,Orange,059,3164182,628125,624998,53928,678926,7173
2022-07-18,Placer,061,380077,71958,71614,8731,80345,639
2022-07-18,Plumas,063,18699,3461,3433,419,3852,13
2022-07-18,Riverside,065,2383286,655868,652192,32031,684223,6510
2022-07-18,Sacramento,067,1510023,325946,324765,31420,356185,3123
2022-07-18,San Benito,069,59416,15020,14966,782,15748,100
2022-07-18,San Bernardino,071,2135413,626487,622760,27622,650382,7921
2022-07-18,San Diego,073,3302833,869614,864434,64952,929386,5375
2022-07-18,San Francisco,075,870044,167217,166241,11147,177388,929
2022-07-18,San Joaquin,077,732212,186144,185319,12522,197841,2262
2022-07-18,San Luis Obispo,079,281455,59889,59727,6161,65888,499
2022-07-18,San Mateo,081,765935,157226,156191,9810,166001,724
2022-07-18,Santa Barbara,083,443738,98845,98322,5815,104137,703
2022-07-18,Santa Clara,085,1922200,401575,398816,17365,416181,2374
2022-07-18,Santa Cruz,087,273765,58432,58004,2981,60985,267
2022-07-18,Shasta,089,179085,33228,33017,6831,39848,576
2022-07-18,Sierra,091,2930,293,292,58,350,4
2022-07-18,Siskiyou,093,43540,4944,4921,3111,8032,84
2022-07-18,Solano,095,438530,98428,97577,7035,104612,459
2022-07-18,Sonoma,097,501317,100696,100304,4595,104899,499
2022-07-18,Stanislaus,099,539301,129788,129200,19462,148662,1695
2022-07-18,Sutter,101,95872,22654,22592,2347,24939,228
2022-07-18,Tehama,103,63373,12992,12923,2848,15771,205
2022-07-18,Trinity,105,12862,1328,1319,333,1652,20
2022-07-18,Tulare,107,460477,115502,115073,31981,147054,1510
2022-07-18,Tuolumne,109,53932,14518,14389,831,15220,196
2022-07-18,Ventura,111,848112,196434,195189,13008,208197,1522
2022-07-18,Yolo,113,214977,45267,44950,3897,48847,325
2022-07-18,Yuba,115,75493,17743,17661,1523,19184,124
2022-07-17,Alameda,001,1643700,322434,318442,18394,336836,1911
2022-07-17,Alpine,003,1148,130,130,1,131,0
2022-07-17,Amador,005,37829,9504,9437,803,10240,87
2022-07-17,Butte,007,227075,36940,36644,7955,44599,440
2022-07-17,Calaveras,009,45235,8054,7994,449,8443,126
2022-07-17,Colusa,011,21464,3631,3617,1168,4785,22
2022-07-17,Contra Costa,013,1133247,231686,228634,17956,246590,1356
2022-07-17,Del Norte,015,27424,7039,6860,351,7211,54
2022-07-17,El Dorado,017,186661,30706,30461,3890,34351,219
2022-07-17,Fresno,019,978130,256848,254088,27130,281218,2790
2022-07-17,Glenn,021,27897,5306,5273,1759,7032,48
2022-07-17,Humboldt,023,135768,20232,20016,4138,24154,150
2022-07-17,Imperial,025,180216,61510,60550,13141,73691,944
2022-07-17,Inyo,027,18085,4361,4343,752,5095,56
2022-07-17,Kern,029,883053,208308,206466,53525,259991,2364
2022-07-17,Kings,031,150075,55913,55432,3748,59180,449
2022-07-17,Lake,033,64148,11925,11835,1039,12874,141
2022-07-17,Lassen,035,31185,9469,9425,947,10372,64
2022-07-17,Los Angeles,037,10098052,3082875,3042708,158029,3200737,32248
2022-07-17,Madera,039,155013,40984,40627,7060,47687,372
2022-07-17,Marin,041,260295,42298,41829,4819,46648,300
2022-07-17,Mariposa,043,17540,2896,2866,288,3154,30
2022-07-17,Mendocino,045,87422,14942,14799,3917,18716,131
2022-07-17,Merced,047,269075,68011,67416,10083,77499,833
2022-07-17,Modoc,049,8938,830,799,309,1108,9
2022-07-17,Mono,051,14174,3137,3131,208,3339,7
2022-07-17,Monterey,053,433212,88876,88118,18123,106241,747
2022-07-17,Napa,055,140530,30429,30176,1314,31490,145
2022-07-17,Nevada,057,99092,18059,17941,1560,19501,131
2022-07-17,Orange,059,3164182,626547,620414,53665,674079,7161
2022-07-17,Placer,061,380077,71869,71232,8712,79944,637
2022-07-17,Plumas,063,18699,3446,3406,419,3825,13
2022-07-17,Riverside,065,2383286,654408,647328,31917,679245,6508
2022-07-17,Sacramento,067,1510023,325282,322788,31361,354149,3119
2022-07-17,San Benito,069,59416,14994,14869,776,15645,100
2022-07-17,San Bernardino,071,2135413,625097,618482,27519,646001,7914
2022-07-17,San Diego,073,3302833,867230,857262,64755,922017,5370
2022-07-17,San Francisco,075,870044,166749,164853,11104,175957,928
2022-07-17,San Joaquin,077,732212,185779,184187,12462,196649,2262
2022-07-17,San Luis Obispo,079,281455,59781,59437,6123,65560,499
2022-07-17,San Mateo,081,765935,156861,154961,9787,164748,723
2022-07-17,Santa Barbara,083,443738,98580,97600,5788,103388,702
2022-07-17,Santa Clara,085,1922200,400517,395466,17314,412780,2371
2022-07-17,Santa Cruz,087,273765,58236,57531,2963,60494,267
2022-07-17,Shasta,089,179085,33177,32871,6805,39676,575
2022-07-17,Sierra,091,2930,293,291,58,349,4
2022-07-17,Siskiyou,093,43540,4934,4899,3097,7996,83
2022-07-17,Solano,095,438530,98230,96974,7012,103986,457
2022-07-17,Sonoma,097,501317,100502,99679,4579,104258,499
2022-07-17,Stanislaus,099,539301,129520,128436,19431,147867,1692
2022-07-17,Sutter,101,95872,22600,22452,2344,24796,228
2022-07-17,Tehama,103,63373,12969,12860,2841,15701,205
2022-07-17,Trinity,105,12862,1325,1304,331,1635,20
2022-07-17,Tulare,107,460477,115276,114399,31892,146291,1510
2022-07-17,Tuolumne,109,53932,14485,14280,823,15103,196
2022-07-17,Ventura,111,848112,195983,193965,12901,206866,1519
2022-07-17,Yolo,113,214977,45190,44703,3881,48584,324
2022-07-17,Yuba,115,75493,17703,17567,1513,19080,124
2022-07-16,Alameda,001,1643700,322011,318442,18373,336815,1911
2022-07-16,Alpine,003,1148,130,130,1,131,0
2022-07-16,Amador,005,37829,9496,9437,803,10240,87
2022-07-16,Butte,007,227075,36919,36644,7940,44584,440
2022-07-16,Calaveras,009,45235,8049,7994,443,8437,126
2022-07-16,Colusa,011,21464,3627,3617,1164,4781,22
2022-07-16,Contra Costa,013,1133247,231380,228634,17908,246542,1356
2022-07-16,Del Norte,015,27424,7028,6860,351,7211,54
2022-07-16,El Dorado,017,186661,30685,30461,3888,34349,219
2022-07-16,Fresno,019,978130,256559,254088,27095,281183,2790
2022-07-16,Glenn,021,27897,5301,5273,1756,7029,48
2022-07-16,Humboldt,023,135768,20201,20016,4127,24143,150
2022-07-16,Imperial,025,180216,61424,60550,13097,73647,944
2022-07-16,Inyo,027,18085,4360,4343,751,5094,56
2022-07-16,Kern,029,883053,208148,206466,53477,259943,2364
2022-07-16,Kings,031,150075,55872,55432,3744,59176,449
2022-07-16,Lake,033,64148,11909,11835,1039,12874,141
2022-07-16,Lassen,035,31185,9467,9425,946,10371,64
2022-07-16,Los Angeles,037,10098052,3079490,3042708,157567,3200275,32248
2022-07-16,Madera,039,155013,40942,40627,7046,47673,372
2022-07-16,Marin,041,260295,42261,41829,4812,46641,300
2022-07-16,Mariposa,043,17540,2894,2866,288,3154,30
2022-07-16,Mendocino,045,87422,14934,14799,3915,18714,131
2022-07-16,Merced,047,269075,67925,67416,10073,77489,833
2022-07-16,Modoc,049,8938,830,799,309,1108,9
2022-07-16,Mono,051,14174,3137,3131,207,3338,7
2022-07-16,Monterey,053,433212,88786,88118,18081,106199,747
2022-07-16,Napa,055,140530,30402,30176,1312,31488,145
2022-07-16,Nevada,057,99092,18045,17941,1553,19494,131
2022-07-16,Orange,059,3164182,625817,620414,53524,673938,7161
2022-07-16,Placer,061,380077,71784,71232,8696,79928,637
2022-07-16,Plumas,063,18699,3442,3406,418,3824,13
2022-07-16,Riverside,065,2383286,653622,647328,31865,679193,6508
2022-07-16,Sacramento,067,1510023,325010,322788,31347,354135,3119
2022-07-16,San Benito,069,59416,14977,14869,772,15641,100
2022-07-16,San Bernardino,071,2135413,624386,618482,27460,645942,7914
2022-07-16,San Diego,073,3302833,866329,857262,64684,921946,5370
2022-07-16,San Francisco,075,870044,166564,164853,11088,175941,928
2022-07-16,San Joaquin,077,732212,185622,184187,12441,196628,2262
2022-07-16,San Luis Obispo,079,281455,59753,59437,6103,65540,499
2022-07-16,San Mateo,081,765935,156621,154961,9776,164737,723
2022-07-16,Santa Barbara,083,443738,98464,97600,5768,103368,702
2022-07-16,Santa Clara,085,1922200,399852,395466,17289,412755,2371
2022-07-16,Santa Cruz,087,273765,58164,57531,2958,60489,267
2022-07-16,Shasta,089,179085,33157,32871,6801,39672,575
2022-07-16,Sierra,091,2930,293,291,58,349,4
2022-07-16,Siskiyou,093,43540,4932,4899,3092,7991,83
2022-07-16,Solano,095,438530,98159,96974,6997,103971,457
2022-07-16,Sonoma,097,501317,100414,99679,4568,104247,499
2022-07-16,Stanislaus,099,539301,129389,128436,19401,147837,1692
2022-07-16,Sutter,101,95872,22576,22452,2343,24795,228
2022-07-16,Tehama,103,63373,12960,12860,2836,15696,205
2022-07-16,Trinity,105,12862,1323,1304,331,1635,20
2022-07-16,Tulare,107,460477,115171,114399,31831,146230,1510
2022-07-16,Tuolumne,109,53932,14461,14280,823,15103,196
2022-07-16,Ventura,111,848112,195759,193965,12864,206829,1519
2022-07-16,Yolo,113,214977,45146,44703,3868,48571,324
2022-07-16,Yuba,115,75493,17679,17567,1513,19080,124
2022-07-15,Alameda,001,1643700,321528,318442,18313,336755,1911
2022-07-15,Alpine,003,1148,130,130,1,131,0
2022-07-15,Amador,005,37829,9493,9437,802,10239,87
2022-07-15,Butte,007,227075,36879,36644,7934,44578,440
2022-07-15,Calaveras,009,45235,8043,7994,439,8433,126
2022-07-15,Colusa,011,21464,3625,3617,1162,4779,22
2022-07-15,Contra Costa,013,1133247,231108,228634,17866,246500,1356
2022-07-15,Del Norte,015,27424,7017,6860,348,7208,54
2022-07-15,El Dorado,017,186661,30657,30461,3885,34346,219
2022-07-15,Fresno,019,978130,256173,254088,27046,281134,2790
2022-07-15,Glenn,021,27897,5298,5273,1753,7026,48
2022-07-15,Humboldt,023,135768,20177,20016,4115,24131,150
2022-07-15,Imperial,025,180216,61349,60550,13054,73604,944
2022-07-15,Inyo,027,18085,4356,4343,746,5089,56
2022-07-15,Kern,029,883053,207943,206466,53431,259897,2364
2022-07-15,Kings,031,150075,55809,55432,3737,59169,449
2022-07-15,Lake,033,64148,11897,11835,1036,12871,141
2022-07-15,Lassen,035,31185,9465,9425,944,10369,64
2022-07-15,Los Angeles,037,10098052,3075354,3042708,157069,3199777,32248
2022-07-15,Madera,039,155013,40879,40627,7033,47660,372
2022-07-15,Marin,041,260295,42201,41829,4800,46629,300
2022-07-15,Mariposa,043,17540,2891,2866,287,3153,30
2022-07-15,Mendocino,045,87422,14913,14799,3913,18712,131
2022-07-15,Merced,047,269075,67865,67416,10064,77480,833
2022-07-15,Modoc,049,8938,829,799,309,1108,9
2022-07-15,Mono,051,14174,3135,3131,206,3337,7
2022-07-15,Monterey,053,433212,88674,88118,18053,106171,747
2022-07-15,Napa,055,140530,30370,30176,1311,31487,145
2022-07-15,Nevada,057,99092,18033,17941,1551,19492,131
2022-07-15,Orange,059,3164182,624971,620414,53361,673775,7161
2022-07-15,Placer,061,380077,71711,71232,8669,79901,637
2022-07-15,Plumas,063,18699,3435,3406,416,3822,13
2022-07-15,Riverside,065,2383286,652799,647328,31802,679130,6508
2022-07-15,Sacramento,067,1510023,324640,322788,31322,354110,3119
2022-07-15,San Benito,069,59416,14963,14869,772,15641,100
2022-07-15,San Bernardino,071,2135413,623669,618482,27420,645902,7914
2022-07-15,San Diego,073,3302833,865056,857262,64523,921785,5370
2022-07-15,San Francisco,075,870044,166308,164853,11046,175899,928
2022-07-15,San Joaquin,077,732212,185446,184187,12412,196599,2262
2022-07-15,San Luis Obispo,079,281455,59722,59437,6090,65527,499
2022-07-15,San Mateo,081,765935,156385,154961,9759,164720,723
2022-07-15,Santa Barbara,083,443738,98335,97600,5761,103361,702
2022-07-15,Santa Clara,085,1922200,399167,395466,17265,412731,2371
2022-07-15,Santa Cruz,087,273765,58074,57531,2946,60477,267
2022-07-15,Shasta,089,179085,33134,32871,6794,39665,575
2022-07-15,Sierra,091,2930,293,291,58,349,4
2022-07-15,Siskiyou,093,43540,4929,4899,3090,7989,83
2022-07-15,Solano,095,438530,98006,96974,6986,103960,457
2022-07-15,Sonoma,097,501317,100302,99679,4555,104234,499
2022-07-15,Stanislaus,099,539301,129267,128436,19387,147823,1692
2022-07-15,Sutter,101,95872,22549,22452,2342,24794,228
2022-07-15,Tehama,103,63373,12953,12860,2828,15688,205
2022-07-15,Trinity,105,12862,1319,1304,331,1635,20
2022-07-15,Tulare,107,460477,115019,114399,31746,146145,1510
2022-07-15,Tuolumne,109,53932,14417,14280,820,15100,196
2022-07-15,Ventura,111,848112,195534,193965,12828,206793,1519
2022-07-15,Yolo,113,214977,45100,44703,3857,48560,324
2022-07-15,Yuba,115,75493,17653,17567,1513,19080,124
2022-07-14,Alameda,001,1643700,320753,318442,18226,336668,1911
2022-07-14,Alpine,003,1148,130,130,1,131,0
2022-07-14,Amador,005,37829,9480,9437,797,10234,87
2022-07-14,Butte,007,227075,36838,36644,7927,44571,440
2022-07-14,Calaveras,009,45235,8036,7994,435,8429,126
2022-07-14,Colusa,011,21464,3625,3617,1160,4777,22
2022-07-14,Contra Costa,013,1133247,230667,228634,17783,246417,1356
2022-07-14,Del Norte,015,27424,6996,6860,346,7206,54
2022-07-14,El Dorado,017,186661,30620,30461,3877,34338,219
2022-07-14,Fresno,019,978130,255642,254088,26958,281046,2790
2022-07-14,Glenn,021,27897,5289,5273,1750,7023,48
2022-07-14,Humboldt,023,135768,20136,20016,4101,24117,150
2022-07-14,Imperial,025,180216,61172,60550,12936,73486,944
2022-07-14,Inyo,027,18085,4354,4343,741,5084,56
2022-07-14,Kern,029,883053,207625,206466,53357,259823,2364
2022-07-14,Kings,031,150075,55714,55432,3726,59158,449
2022-07-14,Lake,033,64148,11881,11835,1034,12869,141
2022-07-14,Lassen,035,31185,9460,9425,943,10368,64
2022-07-14,Los Angeles,037,10098052,3069263,3042708,156368,3199076,32248
2022-07-14,Madera,039,155013,40806,40627,6982,47609,372
2022-07-14,Marin,041,260295,42109,41829,4794,46623,300
2022-07-14,Mariposa,043,17540,2885,2866,284,3150,30
2022-07-14,Mendocino,045,87422,14899,14799,3908,18707,131
2022-07-14,Merced,047,269075,67770,67416,10040,77456,833
2022-07-14,Modoc,049,8938,829,799,309,1108,9
2022-07-14,Mono,051,14174,3134,3131,206,3337,7
2022-07-14,Monterey,053,433212,88559,88118,17973,106091,747
2022-07-14,Napa,055,140530,30327,30176,1307,31483,145
2022-07-14,Nevada,057,99092,18009,17941,1542,19483,131
2022-07-14,Orange,059,3164182,623705,620414,53155,673569,7161
2022-07-14,Placer,061,380077,71601,71232,8649,79881,637
2022-07-14,Plumas,063,18699,3426,3406,415,3821,13
2022-07-14,Riverside,065,2383286,651573,647328,31729,679057,6508
2022-07-14,Sacramento,067,1510023,324088,322788,31278,354066,3119
2022-07-14,San Benito,069,59416,14934,14869,768,15637,100
2022-07-14,San Bernardino,071,2135413,622549,618482,27344,645826,7914
2022-07-14,San Diego,073,3302833,863173,857262,64301,921563,5370
2022-07-14,San Francisco,075,870044,165974,164853,10999,175852,928
2022-07-14,San Joaquin,077,732212,185141,184187,12378,196565,2262
2022-07-14,San Luis Obispo,079,281455,59636,59437,6046,65483,499
2022-07-14,San Mateo,081,765935,156097,154961,9737,164698,723
2022-07-14,Santa Barbara,083,443738,98156,97600,5751,103351,702
2022-07-14,Santa Clara,085,1922200,398318,395466,17224,412690,2371
2022-07-14,Santa Cruz,087,273765,57983,57531,2932,60463,267
2022-07-14,Shasta,089,179085,33085,32871,6782,39653,575
2022-07-14,Sierra,091,2930,293,291,58,349,4
2022-07-14,Siskiyou,093,43540,4921,4899,3082,7981,83
2022-07-14,Solano,095,438530,97829,96974,6974,103948,457
2022-07-14,Sonoma,097,501317,100169,99679,4532,104211,499
2022-07-14,Stanislaus,099,539301,129063,128436,19357,147793,1692
2022-07-14,Sutter,101,95872,22523,22452,2341,24793,228
2022-07-14,Tehama,103,63373,12930,12860,2823,15683,205
2022-07-14,Trinity,105,12862,1319,1304,327,1631,20
2022-07-14,Tulare,107,460477,114887,114399,31647,146046,1510
2022-07-14,Tuolumne,109,53932,14377,14280,816,15096,196
2022-07-14,Ventura,111,848112,195187,193965,12759,206724,1519
2022-07-14,Yolo,113,214977,45035,44703,3843,48546,324
2022-07-14,Yuba,115,75493,17621,17567,1504,19071,124
2022-07-13,Alameda,001,1643700,320025,316026,18142,334168,1911
2022-07-13,Alpine,003,1148,130,129,1,130,0
2022-07-13,Amador,005,37829,9469,9388,796,10184,87
2022-07-13,Butte,007,227075,36780,36405,7914,44319,439
2022-07-13,Calaveras,009,45235,8023,7945,434,8379,125
2022-07-13,Colusa,011,21464,3621,3606,1160,4766,22
2022-07-13,Contra Costa,013,1133247,230191,226833,17705,244538,1356
2022-07-13,Del Norte,015,27424,6977,6790,346,7136,54
2022-07-13,El Dorado,017,186661,30571,30273,3872,34145,218
2022-07-13,Fresno,019,978130,255101,252573,26871,279444,2786
2022-07-13,Glenn,021,27897,5284,5256,1749,7005,48
2022-07-13,Humboldt,023,135768,20104,19854,4085,23939,150
2022-07-13,Imperial,025,180216,61017,60011,12853,72864,944
2022-07-13,Inyo,027,18085,4353,4324,736,5060,56
2022-07-13,Kern,029,883053,207232,205428,53253,258681,2359
2022-07-13,Kings,031,150075,55604,55138,3717,58855,449
2022-07-13,Lake,033,64148,11863,11773,1033,12806,140
2022-07-13,Lassen,035,31185,9438,9381,942,10323,64
2022-07-13,Los Angeles,037,10098052,3062678,3024953,155672,3180625,32206
2022-07-13,Madera,039,155013,40740,40378,6957,47335,372
2022-07-13,Marin,041,260295,42041,41616,4786,46402,300
2022-07-13,Mariposa,043,17540,2880,2847,283,3130,30
2022-07-13,Mendocino,045,87422,14879,14713,3896,18609,128
2022-07-13,Merced,047,269075,67642,67028,10008,77036,832
2022-07-13,Modoc,049,8938,828,791,308,1099,9
2022-07-13,Mono,051,14174,3134,3131,202,3333,7
2022-07-13,Monterey,053,433212,88418,87575,17897,105472,745
2022-07-13,Napa,055,140530,30289,30032,1306,31338,145
2022-07-13,Nevada,057,99092,17991,17849,1535,19384,131
2022-07-13,Orange,059,3164182,622323,616278,52919,669197,7147
2022-07-13,Placer,061,380077,71496,70890,8636,79526,637
2022-07-13,Plumas,063,18699,3418,3354,414,3768,13
2022-07-13,Riverside,065,2383286,650365,643472,31632,675104,6504
2022-07-13,Sacramento,067,1510023,323566,321076,31235,352311,3114
2022-07-13,San Benito,069,59416,14907,14774,762,15536,100
2022-07-13,San Bernardino,071,2135413,621417,614957,27257,642214,7907
2022-07-13,San Diego,073,3302833,861266,851596,64088,915684,5363
2022-07-13,San Francisco,075,870044,165574,163635,10971,174606,919
2022-07-13,San Joaquin,077,732212,184814,183283,12345,195628,2260
2022-07-13,San Luis Obispo,079,281455,59530,59134,6000,65134,498
2022-07-13,San Mateo,081,765935,155757,153875,9720,163595,723
2022-07-13,Santa Barbara,083,443738,97976,97053,5739,102792,699
2022-07-13,Santa Clara,085,1922200,397438,392415,17188,409603,2365
2022-07-13,Santa Cruz,087,273765,57848,57124,2925,60049,267
2022-07-13,Shasta,089,179085,33028,32708,6767,39475,574
2022-07-13,Sierra,091,2930,293,289,58,347,4
2022-07-13,Siskiyou,093,43540,4914,4873,3080,7953,82
2022-07-13,Solano,095,438530,97622,96479,6951,103430,455
2022-07-13,Sonoma,097,501317,100014,99173,4515,103688,499
2022-07-13,Stanislaus,099,539301,128862,127845,19310,147155,1689
2022-07-13,Sutter,101,95872,22476,22331,2339,24670,228
2022-07-13,Tehama,103,63373,12917,12793,2820,15613,205
2022-07-13,Trinity,105,12862,1318,1293,325,1618,20
2022-07-13,Tulare,107,460477,114692,113830,31552,145382,1508
2022-07-13,Tuolumne,109,53932,14354,14159,810,14969,194
2022-07-13,Ventura,111,848112,194855,192923,12682,205605,1518
2022-07-13,Yolo,113,214977,44973,44447,3834,48281,326
2022-07-13,Yuba,115,75493,17594,17464,1496,18960,124
2022-07-12,Alameda,001,1643700,319223,316026,18078,334104,1911
2022-07-12,Alpine,003,1148,130,129,1,130,0
2022-07-12,Amador,005,37829,9436,9388,789,10177,87
2022-07-12,Butte,007,227075,36723,36405,7896,44301,439
2022-07-12,Calaveras,009,45235,8008,7945,432,8377,125
2022-07-12,Colusa,011,21464,3619,3606,1157,4763,22
2022-07-12,Contra Costa,013,1133247,229689,226833,17631,244464,1356
2022-07-12,Del Norte,015,27424,6930,6790,343,7133,54
2022-07-12,El Dorado,017,186661,30532,30273,3866,34139,218
2022-07-12,Fresno,019,978130,254567,252573,26797,279370,2786
2022-07-12,Glenn,021,27897,5281,5256,1746,7002,48
2022-07-12,Humboldt,023,135768,20052,19854,4069,23923,150
2022-07-12,Imperial,025,180216,60841,60011,12752,72763,944
2022-07-12,Inyo,027,18085,4345,4324,736,5060,56
2022-07-12,Kern,029,883053,206915,205428,53124,258552,2359
2022-07-12,Kings,031,150075,55493,55138,3707,58845,449
2022-07-12,Lake,033,64148,11851,11773,1028,12801,140
2022-07-12,Lassen,035,31185,9425,9381,936,10317,64
2022-07-12,Los Angeles,037,10098052,3055970,3024953,154987,3179940,32206
2022-07-12,Madera,039,155013,40655,40378,6942,47320,372
2022-07-12,Marin,041,260295,41968,41616,4776,46392,300
2022-07-12,Mariposa,043,17540,2869,2847,283,3130,30
2022-07-12,Mendocino,045,87422,14842,14713,3875,18588,128
2022-07-12,Merced,047,269075,67536,67028,9976,77004,832
2022-07-12,Modoc,049,8938,826,791,305,1096,9
2022-07-12,Mono,051,14174,3130,3131,202,3333,7
2022-07-12,Monterey,053,433212,88263,87575,17808,105383,745
2022-07-12,Napa,055,140530,30235,30032,1303,31335,145
2022-07-12,Nevada,057,99092,17970,17849,1530,19379,131
2022-07-12,Orange,059,3164182,620914,616278,52688,668966,7147
2022-07-12,Placer,061,380077,71386,70890,8621,79511,637
2022-07-12,Plumas,063,18699,3412,3354,413,3767,13
2022-07-12,Riverside,065,2383286,649085,643472,31539,675011,6504
2022-07-12,Sacramento,067,1510023,322979,321076,31196,352272,3114
2022-07-12,San Benito,069,59416,14862,14774,756,15530,100
2022-07-12,San Bernardino,071,2135413,620126,614957,27177,642134,7907
2022-07-12,San Diego,073,3302833,858915,851596,63861,915457,5363
2022-07-12,San Francisco,075,870044,165170,163635,10947,174582,919
2022-07-12,San Joaquin,077,732212,184503,183283,12309,195592,2260
2022-07-12,San Luis Obispo,079,281455,59455,59134,5972,65106,498
2022-07-12,San Mateo,081,765935,155366,153875,9701,163576,723
2022-07-12,Santa Barbara,083,443738,97762,97053,5721,102774,699
2022-07-12,Santa Clara,085,1922200,396495,392415,17145,409560,2365
2022-07-12,Santa Cruz,087,273765,57712,57124,2916,60040,267
2022-07-12,Shasta,089,179085,32965,32708,6748,39456,574
2022-07-12,Sierra,091,2930,292,289,58,347,4
2022-07-12,Siskiyou,093,43540,4905,4873,3078,7951,82
2022-07-12,Solano,095,438530,97408,96479,6928,103407,455
2022-07-12,Sonoma,097,501317,99854,99173,4487,103660,499
2022-07-12,Stanislaus,099,539301,128616,127845,19274,147119,1689
2022-07-12,Sutter,101,95872,22442,22331,2337,24668,228
2022-07-12,Tehama,103,63373,12897,12793,2814,15607,205
2022-07-12,Trinity,105,12862,1310,1293,325,1618,20
2022-07-12,Tulare,107,460477,114498,113830,31450,145280,1508
2022-07-12,Tuolumne,109,53932,14320,14159,808,14967,194
2022-07-12,Ventura,111,848112,194523,192923,12587,205510,1518
2022-07-12,Yolo,113,214977,44905,44447,3826,48273,326
2022-07-12,Yuba,115,75493,17566,17464,1483,18947,124
2022-07-11,Alameda,001,1643700,318309,316026,17992,334018,1911
2022-07-11,Alpine,003,1148,130,129,1,130,0
2022-07-11,Amador,005,37829,9428,9388,783,10171,87
2022-07-11,Butte,007,227075,36665,36405,7878,44283,439
2022-07-11,Calaveras,009,45235,7992,7945,430,8375,125
2022-07-11,Colusa,011,21464,3615,3606,1154,4760,22
2022-07-11,Contra Costa,013,1133247,229213,226833,17575,244408,1356
2022-07-11,Del Norte,015,27424,6899,6790,334,7124,54
2022-07-11,El Dorado,017,186661,30475,30273,3855,34128,218
2022-07-11,Fresno,019,978130,253900,252573,26718,279291,2786
2022-07-11,Glenn,021,27897,5278,5256,1744,7000,48
2022-07-11,Humboldt,023,135768,19993,19854,4051,23905,150
2022-07-11,Imperial,025,180216,60683,60011,12641,72652,944
2022-07-11,Inyo,027,18085,4342,4324,732,5056,56
2022-07-11,Kern,029,883053,206599,205428,53014,258442,2359
2022-07-11,Kings,031,150075,55345,55138,3697,58835,449
2022-07-11,Lake,033,64148,11825,11773,1027,12800,140
2022-07-11,Lassen,035,31185,9419,9381,936,10317,64
2022-07-11,Los Angeles,037,10098052,3048895,3024953,154211,3179164,32206
2022-07-11,Madera,039,155013,40568,40378,6899,47277,372
2022-07-11,Marin,041,260295,41880,41616,4767,46383,300
2022-07-11,Mariposa,043,17540,2861,2847,281,3128,30
2022-07-11,Mendocino,045,87422,14803,14713,3863,18576,128
2022-07-11,Merced,047,269075,67411,67028,9942,76970,832
2022-07-11,Modoc,049,8938,820,791,303,1094,9
2022-07-11,Mono,051,14174,3130,3131,200,3331,7
2022-07-11,Monterey,053,433212,88099,87575,17741,105316,745
2022-07-11,Napa,055,140530,30173,30032,1303,31335,145
2022-07-11,Nevada,057,99092,17952,17849,1528,19377,131
2022-07-11,Orange,059,3164182,619338,616278,52464,668742,7147
2022-07-11,Placer,061,380077,71279,70890,8606,79496,637
2022-07-11,Plumas,063,18699,3401,3354,411,3765,13
2022-07-11,Riverside,065,2383286,647654,643472,31453,674925,6504
2022-07-11,Sacramento,067,1510023,322452,321076,31151,352227,3114
2022-07-11,San Benito,069,59416,14826,14774,752,15526,100
2022-07-11,San Bernardino,071,2135413,618810,614957,27092,642049,7907
2022-07-11,San Diego,073,3302833,856543,851596,63629,915225,5363
2022-07-11,San Francisco,075,870044,164759,163635,10920,174555,919
2022-07-11,San Joaquin,077,732212,184136,183283,12272,195555,2260
2022-07-11,San Luis Obispo,079,281455,59347,59134,5940,65074,498
2022-07-11,San Mateo,081,765935,154969,153875,9666,163541,723
2022-07-11,Santa Barbara,083,443738,97554,97053,5708,102761,699
2022-07-11,Santa Clara,085,1922200,395439,392415,17090,409505,2365
2022-07-11,Santa Cruz,087,273765,57563,57124,2902,60026,267
2022-07-11,Shasta,089,179085,32910,32708,6717,39425,574
2022-07-11,Sierra,091,2930,292,289,58,347,4
2022-07-11,Siskiyou,093,43540,4898,4873,3071,7944,82
2022-07-11,Solano,095,438530,97201,96479,6913,103392,455
2022-07-11,Sonoma,097,501317,99665,99173,4468,103641,499
2022-07-11,Stanislaus,099,539301,128391,127845,19238,147083,1689
2022-07-11,Sutter,101,95872,22400,22331,2331,24662,228
2022-07-11,Tehama,103,63373,12884,12793,2807,15600,205
2022-07-11,Trinity,105,12862,1308,1293,324,1617,20
2022-07-11,Tulare,107,460477,114308,113830,31346,145176,1508
2022-07-11,Tuolumne,109,53932,14280,14159,806,14965,194
2022-07-11,Ventura,111,848112,194127,192923,12507,205430,1518
2022-07-11,Yolo,113,214977,44839,44447,3811,48258,326
2022-07-11,Yuba,115,75493,17530,17464,1479,18943,124
2022-07-10,Alameda,001,1643700,317319,312651,17911,330562,1912
2022-07-10,Alpine,003,1148,130,129,1,130,0
2022-07-10,Amador,005,37829,9418,9335,780,10115,87
2022-07-10,Butte,007,227075,36562,36165,7854,44019,438
2022-07-10,Calaveras,009,45235,7982,7895,429,8324,125
2022-07-10,Colusa,011,21464,3611,3586,1146,4732,22
2022-07-10,Contra Costa,013,1133247,228602,224718,17481,242199,1351
2022-07-10,Del Norte,015,27424,6859,6666,328,6994,54
2022-07-10,El Dorado,017,186661,30392,30070,3847,33917,218
2022-07-10,Fresno,019,978130,253230,250379,26624,277003,2786
2022-07-10,Glenn,021,27897,5273,5231,1740,6971,48
2022-07-10,Humboldt,023,135768,19933,19677,4037,23714,149
2022-07-10,Imperial,025,180216,60460,59558,12500,72058,944
2022-07-10,Inyo,027,18085,4337,4297,726,5023,56
2022-07-10,Kern,029,883053,206101,204128,52829,256957,2359
2022-07-10,Kings,031,150075,55167,54725,3691,58416,449
2022-07-10,Lake,033,64148,11800,11685,1024,12709,140
2022-07-10,Lassen,035,31185,9404,9362,934,10296,64
2022-07-10,Los Angeles,037,10098052,3041667,3002013,153420,3155433,32151
2022-07-10,Madera,039,155013,40460,40081,6865,46946,372
2022-07-10,Marin,041,260295,41783,41271,4758,46029,302
2022-07-10,Mariposa,043,17540,2854,2805,277,3082,30
2022-07-10,Mendocino,045,87422,14773,14610,3847,18457,128
2022-07-10,Merced,047,269075,67255,66616,9886,76502,832
2022-07-10,Modoc,049,8938,819,789,295,1084,9
2022-07-10,Mono,051,14174,3130,3119,198,3317,7
2022-07-10,Monterey,053,433212,87911,87002,17661,104663,745
2022-07-10,Napa,055,140530,30110,29807,1301,31108,145
2022-07-10,Nevada,057,99092,17890,17693,1519,19212,131
2022-07-10,Orange,059,3164182,617643,610975,52163,663138,7132
2022-07-10,Placer,061,380077,71163,70401,8587,78988,632
2022-07-10,Plumas,063,18699,3388,3339,407,3746,13
2022-07-10,Riverside,065,2383286,646063,638193,31325,669518,6506
2022-07-10,Sacramento,067,1510023,321749,318556,31077,349633,3108
2022-07-10,San Benito,069,59416,14790,14628,742,15370,100
2022-07-10,San Bernardino,071,2135413,617401,610086,27013,637099,7893
2022-07-10,San Diego,073,3302833,854055,844085,63374,907459,5357
2022-07-10,San Francisco,075,870044,164224,161931,10848,172779,914
2022-07-10,San Joaquin,077,732212,183763,181958,12213,194171,2257
2022-07-10,San Luis Obispo,079,281455,59234,58636,5901,64537,498
2022-07-10,San Mateo,081,765935,154507,152319,9640,161959,723
2022-07-10,Santa Barbara,083,443738,97322,96266,5682,101948,697
2022-07-10,Santa Clara,085,1922200,394314,388270,17028,405298,2360
2022-07-10,Santa Cruz,087,273765,57372,56455,2886,59341,266
2022-07-10,Shasta,089,179085,32850,32536,6694,39230,576
2022-07-10,Sierra,091,2930,290,291,58,349,4
2022-07-10,Siskiyou,093,43540,4893,4855,3058,7913,82
2022-07-10,Solano,095,438530,96957,95651,6884,102535,455
2022-07-10,Sonoma,097,501317,99466,98430,4438,102868,496
2022-07-10,Stanislaus,099,539301,128151,126897,19194,146091,1686
2022-07-10,Sutter,101,95872,22351,22165,2330,24495,228
2022-07-10,Tehama,103,63373,12859,12716,2794,15510,205
2022-07-10,Trinity,105,12862,1302,1272,322,1594,20
2022-07-10,Tulare,107,460477,114053,113002,31249,144251,1508
2022-07-10,Tuolumne,109,53932,14245,14019,798,14817,194
2022-07-10,Ventura,111,848112,193656,191462,12405,203867,1518
2022-07-10,Yolo,113,214977,44761,44152,3796,47948,323
2022-07-10,Yuba,115,75493,17491,17345,1477,18822,125
2022-07-09,Alameda,001,1643700,316835,312651,17889,330540,1912
2022-07-09,Alpine,003,1148,130,129,1,130,0
2022-07-09,Amador,005,37829,9410,9335,778,10113,87
2022-07-09,Butte,007,227075,36515,36165,7840,44005,438
2022-07-09,Calaveras,009,45235,7967,7895,428,8323,125
2022-07-09,Colusa,011,21464,3610,3586,1145,4731,22
2022-07-09,Contra Costa,013,1133247,228295,224718,17424,242142,1351
2022-07-09,Del Norte,015,27424,6850,6666,328,6994,54
2022-07-09,El Dorado,017,186661,30349,30070,3842,33912,218
2022-07-09,Fresno,019,978130,252972,250379,26591,276970,2786
2022-07-09,Glenn,021,27897,5266,5231,1740,6971,48
2022-07-09,Humboldt,023,135768,19915,19677,4028,23705,149
2022-07-09,Imperial,025,180216,60381,59558,12447,72005,944
2022-07-09,Inyo,027,18085,4331,4297,725,5022,56
2022-07-09,Kern,029,883053,205933,204128,52739,256867,2359
2022-07-09,Kings,031,150075,55128,54725,3689,58414,449
2022-07-09,Lake,033,64148,11792,11685,1023,12708,140
2022-07-09,Lassen,035,31185,9403,9362,934,10296,64
2022-07-09,Los Angeles,037,10098052,3038215,3002013,152941,3154954,32151
2022-07-09,Madera,039,155013,40420,40081,6857,46938,372
2022-07-09,Marin,041,260295,41727,41271,4747,46018,302
2022-07-09,Mariposa,043,17540,2849,2805,277,3082,30
2022-07-09,Mendocino,045,87422,14758,14610,3837,18447,128
2022-07-09,Merced,047,269075,67204,66616,9881,76497,832
2022-07-09,Modoc,049,8938,819,789,291,1080,9
2022-07-09,Mono,051,14174,3130,3119,198,3317,7
2022-07-09,Monterey,053,433212,87815,87002,17610,104612,745
2022-07-09,Napa,055,140530,30079,29807,1298,31105,145
2022-07-09,Nevada,057,99092,17879,17693,1515,19208,131
2022-07-09,Orange,059,3164182,616781,610975,51994,662969,7132
2022-07-09,Placer,061,380077,71074,70401,8579,78980,632
2022-07-09,Plumas,063,18699,3381,3339,405,3744,13
2022-07-09,Riverside,065,2383286,645168,638193,31272,669465,6506
2022-07-09,Sacramento,067,1510023,321447,318556,31059,349615,3108
2022-07-09,San Benito,069,59416,14770,14628,741,15369,100
2022-07-09,San Bernardino,071,2135413,616711,610086,26963,637049,7893
2022-07-09,San Diego,073,3302833,853158,844085,63301,907386,5357
2022-07-09,San Francisco,075,870044,163991,161931,10827,172758,914
2022-07-09,San Joaquin,077,732212,183596,181958,12188,194146,2257
2022-07-09,San Luis Obispo,079,281455,59179,58636,5884,64520,498
2022-07-09,San Mateo,081,765935,154266,152319,9624,161943,723
2022-07-09,Santa Barbara,083,443738,97189,96266,5672,101938,697
2022-07-09,Santa Clara,085,1922200,393579,388270,16999,405269,2360
2022-07-09,Santa Cruz,087,273765,57295,56455,2877,59332,266
2022-07-09,Shasta,089,179085,32828,32536,6684,39220,576
2022-07-09,Sierra,091,2930,290,291,58,349,4
2022-07-09,Siskiyou,093,43540,4889,4855,3056,7911,82
2022-07-09,Solano,095,438530,96871,95651,6874,102525,455
2022-07-09,Sonoma,097,501317,99378,98430,4432,102862,496
2022-07-09,Stanislaus,099,539301,127987,126897,19166,146063,1686
2022-07-09,Sutter,101,95872,22321,22165,2330,24495,228
2022-07-09,Tehama,103,63373,12842,12716,2786,15502,205
2022-07-09,Trinity,105,12862,1302,1272,321,1593,20
2022-07-09,Tulare,107,460477,113941,113002,31190,144192,1508
2022-07-09,Tuolumne,109,53932,14207,14019,796,14815,194
2022-07-09,Ventura,111,848112,193395,191462,12363,203825,1518
2022-07-09,Yolo,113,214977,44711,44152,3783,47935,323
2022-07-09,Yuba,115,75493,17469,17345,1476,18821,125
2022-07-08,Alameda,001,1643700,316321,312651,17845,330496,1912
2022-07-08,Alpine,003,1148,130,129,1,130,0
2022-07-08,Amador,005,37829,9400,9335,776,10111,87
2022-07-08,Butte,007,227075,36485,36165,7826,43991,438
2022-07-08,Calaveras,009,45235,7952,7895,428,8323,125
2022-07-08,Colusa,011,21464,3606,3586,1145,4731,22
2022-07-08,Contra Costa,013,1133247,227946,224718,17376,242094,1351
2022-07-08,Del Norte,015,27424,6839,6666,326,6992,54
2022-07-08,El Dorado,017,186661,30323,30070,3835,33905,218
2022-07-08,Fresno,019,978130,252604,250379,26541,276920,2786
2022-07-08,Glenn,021,27897,5261,5231,1737,6968,48
2022-07-08,Humboldt,023,135768,19902,19677,4017,23694,149
2022-07-08,Imperial,025,180216,60298,59558,12407,71965,944
2022-07-08,Inyo,027,18085,4330,4297,721,5018,56
2022-07-08,Kern,029,883053,205710,204128,52652,256780,2359
2022-07-08,Kings,031,150075,55087,54725,3688,58413,449
2022-07-08,Lake,033,64148,11775,11685,1020,12705,140
2022-07-08,Lassen,035,31185,9397,9362,933,10295,64
2022-07-08,Los Angeles,037,10098052,3034000,3002013,152377,3154390,32151
2022-07-08,Madera,039,155013,40367,40081,6844,46925,372
2022-07-08,Marin,041,260295,41640,41271,4731,46002,302
2022-07-08,Mariposa,043,17540,2846,2805,276,3081,30
2022-07-08,Mendocino,045,87422,14740,14610,3833,18443,128
2022-07-08,Merced,047,269075,67139,66616,9870,76486,832
2022-07-08,Modoc,049,8938,819,789,291,1080,9
2022-07-08,Mono,051,14174,3127,3119,197,3316,7
2022-07-08,Monterey,053,433212,87702,87002,17580,104582,745
2022-07-08,Napa,055,140530,30055,29807,1297,31104,145
2022-07-08,Nevada,057,99092,17871,17693,1513,19206,131
2022-07-08,Orange,059,3164182,615880,610975,51818,662793,7132
2022-07-08,Placer,061,380077,70999,70401,8567,78968,632
2022-07-08,Plumas,063,18699,3376,3339,405,3744,13
2022-07-08,Riverside,065,2383286,644258,638193,31215,669408,6506
2022-07-08,Sacramento,067,1510023,321013,318556,31041,349597,3108
2022-07-08,San Benito,069,59416,14752,14628,738,15366,100
2022-07-08,San Bernardino,071,2135413,615974,610086,26924,637010,7893
2022-07-08,San Diego,073,3302833,851914,844085,63144,907229,5357
2022-07-08,San Francisco,075,870044,163727,161931,10801,172732,914
2022-07-08,San Joaquin,077,732212,183424,181958,12176,194134,2257
2022-07-08,San Luis Obispo,079,281455,59143,58636,5869,64505,498
2022-07-08,San Mateo,081,765935,153975,152319,9610,161929,723
2022-07-08,Santa Barbara,083,443738,97062,96266,5668,101934,697
2022-07-08,Santa Clara,085,1922200,392809,388270,16978,405248,2360
2022-07-08,Santa Cruz,087,273765,57207,56455,2869,59324,266
2022-07-08,Shasta,089,179085,32798,32536,6676,39212,576
2022-07-08,Sierra,091,2930,290,291,58,349,4
2022-07-08,Siskiyou,093,43540,4884,4855,3053,7908,82
2022-07-08,Solano,095,438530,96753,95651,6863,102514,455
2022-07-08,Sonoma,097,501317,99231,98430,4415,102845,496
2022-07-08,Stanislaus,099,539301,127849,126897,19153,146050,1686
2022-07-08,Sutter,101,95872,22296,22165,2329,24494,228
2022-07-08,Tehama,103,63373,12830,12716,2784,15500,205
2022-07-08,Trinity,105,12862,1300,1272,320,1592,20
2022-07-08,Tulare,107,460477,113821,113002,31122,144124,1508
2022-07-08,Tuolumne,109,53932,14176,14019,790,14809,194
2022-07-08,Ventura,111,848112,193155,191462,12324,203786,1518
2022-07-08,Yolo,113,214977,44659,44152,3771,47923,323
2022-07-08,Yuba,115,75493,17453,17345,1475,18820,125
2022-07-07,Alameda,001,1643700,315521,312651,17799,330450,1912
2022-07-07,Alpine,003,1148,129,129,1,130,0
2022-07-07,Amador,005,37829,9384,9335,769,10104,87
2022-07-07,Butte,007,227075,36423,36165,7805,43970,438
2022-07-07,Calaveras,009,45235,7943,7895,423,8318,125
2022-07-07,Colusa,011,21464,3601,3586,1144,4730,22
2022-07-07,Contra Costa,013,1133247,227394,224718,17304,242022,1351
2022-07-07,Del Norte,015,27424,6813,6666,322,6988,54
2022-07-07,El Dorado,017,186661,30273,30070,3824,33894,218
2022-07-07,Fresno,019,978130,252059,250379,26439,276818,2786
2022-07-07,Glenn,021,27897,5255,5231,1735,6966,48
2022-07-07,Humboldt,023,135768,19856,19677,4001,23678,149
2022-07-07,Imperial,025,180216,60131,59558,12293,71851,944
2022-07-07,Inyo,027,18085,4327,4297,713,5010,56
2022-07-07,Kern,029,883053,205418,204128,52515,256643,2359
2022-07-07,Kings,031,150075,55010,54725,3684,58409,449
2022-07-07,Lake,033,64148,11754,11685,1020,12705,140
2022-07-07,Lassen,035,31185,9396,9362,933,10295,64
2022-07-07,Los Angeles,037,10098052,3027690,3002013,151703,3153716,32151
2022-07-07,Madera,039,155013,40290,40081,6828,46909,372
2022-07-07,Marin,041,260295,41560,41271,4720,45991,302
2022-07-07,Mariposa,043,17540,2839,2805,273,3078,30
2022-07-07,Mendocino,045,87422,14724,14610,3828,18438,128
2022-07-07,Merced,047,269075,67027,66616,9838,76454,832
2022-07-07,Modoc,049,8938,814,789,288,1077,9
2022-07-07,Mono,051,14174,3127,3119,195,3314,7
2022-07-07,Monterey,053,433212,87545,87002,17517,104519,745
2022-07-07,Napa,055,140530,29985,29807,1289,31096,145
2022-07-07,Nevada,057,99092,17841,17693,1508,19201,131
2022-07-07,Orange,059,3164182,614493,610975,51616,662591,7132
2022-07-07,Placer,061,380077,70889,70401,8542,78943,632
2022-07-07,Plumas,063,18699,3369,3339,404,3743,13
2022-07-07,Riverside,065,2383286,642943,638193,31152,669345,6506
2022-07-07,Sacramento,067,1510023,320389,318556,30994,349550,3108
2022-07-07,San Benito,069,59416,14722,14628,738,15366,100
2022-07-07,San Bernardino,071,2135413,614685,610086,26866,636952,7893
2022-07-07,San Diego,073,3302833,850008,844085,62925,907010,5357
2022-07-07,San Francisco,075,870044,163347,161931,10749,172680,914
2022-07-07,San Joaquin,077,732212,183092,181958,12153,194111,2257
2022-07-07,San Luis Obispo,079,281455,59072,58636,5837,64473,498
2022-07-07,San Mateo,081,765935,153638,152319,9601,161920,723
2022-07-07,Santa Barbara,083,443738,96868,96266,5653,101919,697
2022-07-07,Santa Clara,085,1922200,391828,388270,16931,405201,2360
2022-07-07,Santa Cruz,087,273765,57051,56455,2855,59310,266
2022-07-07,Shasta,089,179085,32763,32536,6659,39195,576
2022-07-07,Sierra,091,2930,289,291,57,348,4
2022-07-07,Siskiyou,093,43540,4877,4855,3047,7902,82
2022-07-07,Solano,095,438530,96480,95651,6852,102503,455
2022-07-07,Sonoma,097,501317,99098,98430,4396,102826,496
2022-07-07,Stanislaus,099,539301,127649,126897,19118,146015,1686
2022-07-07,Sutter,101,95872,22250,22165,2327,24492,228
2022-07-07,Tehama,103,63373,12813,12716,2775,15491,205
2022-07-07,Trinity,105,12862,1295,1272,319,1591,20
2022-07-07,Tulare,107,460477,113613,113002,31028,144030,1508
2022-07-07,Tuolumne,109,53932,14139,14019,784,14803,194
2022-07-07,Ventura,111,848112,192837,191462,12243,203705,1518
2022-07-07,Yolo,113,214977,44601,44152,3759,47911,323
2022-07-07,Yuba,115,75493,17419,17345,1473,18818,125
2022-07-06,Alameda,001,1643700,314678,310551,17723,328274,1899
2022-07-06,Alpine,003,1148,129,129,1,130,0
2022-07-06,Amador,005,37829,9365,9301,769,10070,87
2022-07-06,Butte,007,227075,36360,36053,7788,43841,436
2022-07-06,Calaveras,009,45235,7934,7873,421,8294,124
2022-07-06,Colusa,011,21464,3598,3579,1143,4722,22
2022-07-06,Contra Costa,013,1133247,226880,223500,17256,240756,1348
2022-07-06,Del Norte,015,27424,6783,6623,320,6943,54
2022-07-06,El Dorado,017,186661,30230,29953,3811,33764,218
2022-07-06,Fresno,019,978130,251504,249480,26369,275849,2786
2022-07-06,Glenn,021,27897,5250,5222,1735,6957,48
2022-07-06,Humboldt,023,135768,19809,19608,3990,23598,149
2022-07-06,Imperial,025,180216,59933,59184,12205,71389,944
2022-07-06,Inyo,027,18085,4321,4282,707,4989,56
2022-07-06,Kern,029,883053,205108,203587,52342,255929,2353
2022-07-06,Kings,031,150075,54894,54560,3679,58239,449
2022-07-06,Lake,033,64148,11735,11659,1020,12679,140
2022-07-06,Lassen,035,31185,9379,9350,933,10283,64
2022-07-06,Los Angeles,037,10098052,3021297,2991161,151000,3142161,32116
2022-07-06,Madera,039,155013,40221,39952,6805,46757,372
2022-07-06,Marin,041,260295,41492,41036,4711,45747,302
2022-07-06,Mariposa,043,17540,2830,2797,273,3070,30
2022-07-06,Mendocino,045,87422,14696,14540,3819,18359,127
2022-07-06,Merced,047,269075,66905,66420,9818,76238,832
2022-07-06,Modoc,049,8938,808,788,286,1074,8
2022-07-06,Mono,051,14174,3124,3109,195,3304,7
2022-07-06,Monterey,053,433212,87386,86639,17451,104090,744
2022-07-06,Napa,055,140530,29924,29690,1287,30977,144
2022-07-06,Nevada,057,99092,17812,17660,1503,19163,131
2022-07-06,Orange,059,3164182,612968,608084,51421,659505,7125
2022-07-06,Placer,061,380077,70775,70113,8521,78634,632
2022-07-06,Plumas,063,18699,3358,3316,403,3719,13
2022-07-06,Riverside,065,2383286,641589,636209,31081,667290,6505
2022-07-06,Sacramento,067,1510023,319708,317315,30950,348265,3104
2022-07-06,San Benito,069,59416,14680,14556,728,15284,100
2022-07-06,San Bernardino,071,2135413,613470,608119,26800,634919,7870
2022-07-06,San Diego,073,3302833,847883,839970,62680,902650,5349
2022-07-06,San Francisco,075,870044,162927,160612,10722,171334,910
2022-07-06,San Joaquin,077,732212,182779,181448,12125,193573,2256
2022-07-06,San Luis Obispo,079,281455,58967,58488,5797,64285,496
2022-07-06,San Mateo,081,765935,153243,151344,9569,160913,723
2022-07-06,Santa Barbara,083,443738,96678,95918,5633,101551,702
2022-07-06,Santa Clara,085,1922200,390736,385553,16865,402418,2358
2022-07-06,Santa Cruz,087,273765,56910,56307,2837,59144,267
2022-07-06,Shasta,089,179085,32710,32444,6636,39080,570
2022-07-06,Sierra,091,2930,289,290,57,347,4
2022-07-06,Siskiyou,093,43540,4870,4841,3041,7882,82
2022-07-06,Solano,095,438530,96228,95181,6830,102011,455
2022-07-06,Sonoma,097,501317,98921,98031,4378,102409,495
2022-07-06,Stanislaus,099,539301,127426,126492,19090,145582,1682
2022-07-06,Sutter,101,95872,22199,22089,2326,24415,228
2022-07-06,Tehama,103,63373,12802,12680,2769,15449,205
2022-07-06,Trinity,105,12862,1287,1263,315,1578,20
2022-07-06,Tulare,107,460477,113394,112684,30934,143618,1500
2022-07-06,Tuolumne,109,53932,14107,13960,771,14731,189
2022-07-06,Ventura,111,848112,192458,190794,12175,202969,1517
2022-07-06,Yolo,113,214977,44518,43171,3740,46911,324
2022-07-06,Yuba,115,75493,17381,17277,1467,18744,124
2022-07-05,Alameda,001,1643700,313689,310551,17646,328197,1899
2022-07-05,Alpine,003,1148,129,129,1,130,0
2022-07-05,Amador,005,37829,9350,9301,765,10066,87
2022-07-05,Butte,007,227075,36275,36053,7766,43819,436
2022-07-05,Calaveras,009,45235,7923,7873,420,8293,124
2022-07-05,Colusa,011,21464,3593,3579,1141,4720,22
2022-07-05,Contra Costa,013,1133247,226250,223500,17187,240687,1348
2022-07-05,Del Norte,015,27424,6757,6623,315,6938,54
2022-07-05,El Dorado,017,186661,30182,29953,3802,33755,218
2022-07-05,Fresno,019,978130,250901,249480,26287,275767,2786
2022-07-05,Glenn,021,27897,5241,5222,1734,6956,48
2022-07-05,Humboldt,023,135768,19767,19608,3980,23588,149
2022-07-05,Imperial,025,180216,59793,59184,12105,71289,944
2022-07-05,Inyo,027,18085,4307,4282,697,4979,56
2022-07-05,Kern,029,883053,204679,203587,52147,255734,2353
2022-07-05,Kings,031,150075,54766,54560,3666,58226,449
2022-07-05,Lake,033,64148,11712,11659,1017,12676,140
2022-07-05,Lassen,035,31185,9368,9350,933,10283,64
2022-07-05,Los Angeles,037,10098052,3014469,2991161,150241,3141402,32116
2022-07-05,Madera,039,155013,40136,39952,6784,46736,372
2022-07-05,Marin,041,260295,41391,41036,4701,45737,302
2022-07-05,Mariposa,043,17540,2820,2797,269,3066,30
2022-07-05,Mendocino,045,87422,14651,14540,3804,18344,127
2022-07-05,Merced,047,269075,66786,66420,9791,76211,832
2022-07-05,Modoc,049,8938,800,788,286,1074,8
2022-07-05,Mono,051,14174,3122,3109,192,3301,7
2022-07-05,Monterey,053,433212,87231,86639,17399,104038,744
2022-07-05,Napa,055,140530,29872,29690,1282,30972,144
2022-07-05,Nevada,057,99092,17773,17660,1493,19153,131
2022-07-05,Orange,059,3164182,611430,608084,51182,659266,7125
2022-07-05,Placer,061,380077,70670,70113,8500,78613,632
2022-07-05,Plumas,063,18699,3348,3316,402,3718,13
2022-07-05,Riverside,065,2383286,640125,636209,30997,667206,6505
2022-07-05,Sacramento,067,1510023,319059,317315,30881,348196,3104
2022-07-05,San Benito,069,59416,14646,14556,721,15277,100
2022-07-05,San Bernardino,071,2135413,612175,608119,26729,634848,7870
2022-07-05,San Diego,073,3302833,845526,839970,62445,902415,5349
2022-07-05,San Francisco,075,870044,162410,160612,10696,171308,910
2022-07-05,San Joaquin,077,732212,182420,181448,12055,193503,2256
2022-07-05,San Luis Obispo,079,281455,58815,58488,5754,64242,496
2022-07-05,San Mateo,081,765935,152765,151344,9546,160890,723
2022-07-05,Santa Barbara,083,443738,96455,95918,5604,101522,702
2022-07-05,Santa Clara,085,1922200,389574,385553,16812,402365,2358
2022-07-05,Santa Cruz,087,273765,56734,56307,2821,59128,267
2022-07-05,Shasta,089,179085,32667,32444,6612,39056,570
2022-07-05,Sierra,091,2930,289,290,57,347,4
2022-07-05,Siskiyou,093,43540,4863,4841,3029,7870,82
2022-07-05,Solano,095,438530,95946,95181,6807,101988,455
2022-07-05,Sonoma,097,501317,98686,98031,4360,102391,495
2022-07-05,Stanislaus,099,539301,127184,126492,19051,145543,1682
2022-07-05,Sutter,101,95872,22157,22089,2324,24413,228
2022-07-05,Tehama,103,63373,12777,12680,2765,15445,205
2022-07-05,Trinity,105,12862,1278,1263,313,1576,20
2022-07-05,Tulare,107,460477,113156,112684,30852,143536,1500
2022-07-05,Tuolumne,109,53932,14073,13960,764,14724,189
2022-07-05,Ventura,111,848112,192061,190794,12113,202907,1517
2022-07-05,Yolo,113,214977,44432,43171,3731,46902,324
2022-07-05,Yuba,115,75493,17352,17277,1466,18743,124
2022-07-04,Alameda,001,1643700,312542,310551,17547,328098,1899
2022-07-04,Alpine,003,1148,129,129,1,130,0
2022-07-04,Amador,005,37829,9337,9301,764,10065,87
2022-07-04,Butte,007,227075,36166,36053,7749,43802,436
2022-07-04,Calaveras,009,45235,7913,7873,420,8293,124
2022-07-04,Colusa,011,21464,3589,3579,1139,4718,22
2022-07-04,Contra Costa,013,1133247,225538,223500,17087,240587,1348
2022-07-04,Del Norte,015,27424,6724,6623,311,6934,54
2022-07-04,El Dorado,017,186661,30096,29953,3784,33737,218
2022-07-04,Fresno,019,978130,250257,249480,26163,275643,2786
2022-07-04,Glenn,021,27897,5233,5222,1728,6950,48
2022-07-04,Humboldt,023,135768,19696,19608,3966,23574,149
2022-07-04,Imperial,025,180216,59585,59184,11984,71168,944
2022-07-04,Inyo,027,18085,4304,4282,688,4970,56
2022-07-04,Kern,029,883053,204240,203587,51891,255478,2353
2022-07-04,Kings,031,150075,54616,54560,3662,58222,449
2022-07-04,Lake,033,64148,11699,11659,1015,12674,140
2022-07-04,Lassen,035,31185,9360,9350,932,10282,64
2022-07-04,Los Angeles,037,10098052,3006083,2991161,149343,3140504,32116
2022-07-04,Madera,039,155013,40042,39952,6758,46710,372
2022-07-04,Marin,041,260295,41272,41036,4691,45727,302
2022-07-04,Mariposa,043,17540,2810,2797,265,3062,30
2022-07-04,Mendocino,045,87422,14615,14540,3764,18304,127
2022-07-04,Merced,047,269075,66658,66420,9744,76164,832
2022-07-04,Modoc,049,8938,792,788,282,1070,8
2022-07-04,Mono,051,14174,3120,3109,189,3298,7
2022-07-04,Monterey,053,433212,87039,86639,17328,103967,744
2022-07-04,Napa,055,140530,29808,29690,1278,30968,144
2022-07-04,Nevada,057,99092,17730,17660,1485,19145,131
2022-07-04,Orange,059,3164182,609630,608084,50895,658979,7125
2022-07-04,Placer,061,380077,70492,70113,8470,78583,632
2022-07-04,Plumas,063,18699,3330,3316,401,3717,13
2022-07-04,Riverside,065,2383286,638490,636209,30903,667112,6505
2022-07-04,Sacramento,067,1510023,318286,317315,30787,348102,3104
2022-07-04,San Benito,069,59416,14590,14556,716,15272,100
2022-07-04,San Bernardino,071,2135413,610606,608119,26664,634783,7870
2022-07-04,San Diego,073,3302833,842892,839970,62137,902107,5349
2022-07-04,San Francisco,075,870044,161804,160612,10635,171247,910
2022-07-04,San Joaquin,077,732212,182023,181448,11992,193440,2256
2022-07-04,San Luis Obispo,079,281455,58630,58488,5680,64168,496
2022-07-04,San Mateo,081,765935,152257,151344,9507,160851,723
2022-07-04,Santa Barbara,083,443738,96233,95918,5582,101500,702
2022-07-04,Santa Clara,085,1922200,388083,385553,16760,402313,2358
2022-07-04,Santa Cruz,087,273765,56535,56307,2799,59106,267
2022-07-04,Shasta,089,179085,32590,32444,6583,39027,570
2022-07-04,Sierra,091,2930,289,290,57,347,4
2022-07-04,Siskiyou,093,43540,4856,4841,3021,7862,82
2022-07-04,Solano,095,438530,95617,95181,6773,101954,455
2022-07-04,Sonoma,097,501317,98394,98031,4334,102365,495
2022-07-04,Stanislaus,099,539301,126894,126492,19001,145493,1682
2022-07-04,Sutter,101,95872,22111,22089,2323,24412,228
2022-07-04,Tehama,103,63373,12751,12680,2751,15431,205
2022-07-04,Trinity,105,12862,1273,1263,311,1574,20
2022-07-04,Tulare,107,460477,112917,112684,30739,143423,1500
2022-07-04,Tuolumne,109,53932,14031,13960,760,14720,189
2022-07-04,Ventura,111,848112,191594,190794,12010,202804,1517
2022-07-04,Yolo,113,214977,44340,43171,3713,46884,324
2022-07-04,Yuba,115,75493,17313,17277,1466,18743,124
2022-07-03,Alameda,001,1643700,311992,307672,17516,325188,1898
2022-07-03,Alpine,003,1148,129,129,1,130,0
2022-07-03,Amador,005,37829,9329,9243,761,10004,87
2022-07-03,Butte,007,227075,36153,35846,7743,43589,436
2022-07-03,Calaveras,009,45235,7897,7836,420,8256,124
2022-07-03,Colusa,011,21464,3587,3566,1137,4703,22
2022-07-03,Contra Costa,013,1133247,225185,221545,17058,238603,1343
2022-07-03,Del Norte,015,27424,6715,6543,310,6853,53
2022-07-03,El Dorado,017,186661,30064,29764,3778,33542,217
2022-07-03,Fresno,019,978130,250014,247952,26128,274080,2783
2022-07-03,Glenn,021,27897,5232,5211,1725,6936,48
2022-07-03,Humboldt,023,135768,19673,19516,3957,23473,149
2022-07-03,Imperial,025,180216,59510,58768,11945,70713,944
2022-07-03,Inyo,027,18085,4300,4261,686,4947,56
2022-07-03,Kern,029,883053,204102,202502,51751,254253,2352
2022-07-03,Kings,031,150075,54591,54262,3660,57922,449
2022-07-03,Lake,033,64148,11688,11595,1015,12610,140
2022-07-03,Lassen,035,31185,9357,9336,931,10267,64
2022-07-03,Los Angeles,037,10098052,3003419,2969395,148994,3118389,32089
2022-07-03,Madera,039,155013,40015,39738,6753,46491,372
2022-07-03,Marin,041,260295,41202,40653,4682,45335,297
2022-07-03,Mariposa,043,17540,2806,2780,264,3044,30
2022-07-03,Mendocino,045,87422,14603,14464,3763,18227,127
2022-07-03,Merced,047,269075,66609,66093,9739,75832,832
2022-07-03,Modoc,049,8938,792,787,282,1069,8
2022-07-03,Mono,051,14174,3119,3099,189,3288,7
2022-07-03,Monterey,053,433212,86933,86212,17273,103485,744
2022-07-03,Napa,055,140530,29788,29486,1275,30761,145
2022-07-03,Nevada,057,99092,17711,17546,1478,19024,131
2022-07-03,Orange,059,3164182,609094,603511,50767,654278,7114
2022-07-03,Placer,061,380077,70405,69606,8456,78062,631
2022-07-03,Plumas,063,18699,3323,3294,401,3695,13
2022-07-03,Riverside,065,2383286,637919,632038,30860,662898,6502
2022-07-03,Sacramento,067,1510023,318014,315165,30767,345932,3100
2022-07-03,San Benito,069,59416,14583,14420,714,15134,100
2022-07-03,San Bernardino,071,2135413,610026,604093,26635,630728,7860
2022-07-03,San Diego,073,3302833,842166,834116,62079,896195,5341
2022-07-03,San Francisco,075,870044,161465,158871,10623,169494,910
2022-07-03,San Joaquin,077,732212,181853,180368,11955,192323,2256
2022-07-03,San Luis Obispo,079,281455,58561,58079,5670,63749,489
2022-07-03,San Mateo,081,765935,151955,149812,9490,159302,723
2022-07-03,Santa Barbara,083,443738,96125,95214,5570,100784,699
2022-07-03,Santa Clara,085,1922200,387358,381630,16730,398360,2355
2022-07-03,Santa Cruz,087,273765,56474,55757,2778,58535,267
2022-07-03,Shasta,089,179085,32555,32280,6573,38853,570
2022-07-03,Sierra,091,2930,288,283,57,340,4
2022-07-03,Siskiyou,093,43540,4852,4808,3019,7827,82
2022-07-03,Solano,095,438530,95541,94437,6768,101205,455
2022-07-03,Sonoma,097,501317,98289,97379,4330,101709,495
2022-07-03,Stanislaus,099,539301,126777,125788,18984,144772,1681
2022-07-03,Sutter,101,95872,22090,21935,2322,24257,228
2022-07-03,Tehama,103,63373,12733,12615,2749,15364,205
2022-07-03,Trinity,105,12862,1272,1256,308,1564,20
2022-07-03,Tulare,107,460477,112819,112118,30701,142819,1500
2022-07-03,Tuolumne,109,53932,14008,13886,757,14643,189
2022-07-03,Ventura,111,848112,191383,189493,11991,201484,1517
2022-07-03,Yolo,113,214977,44297,42760,3704,46464,324
2022-07-03,Yuba,115,75493,17299,17168,1465,18633,124
2022-07-02,Alameda,001,1643700,311615,307672,17491,325163,1898
2022-07-02,Alpine,003,1148,129,129,1,130,0
2022-07-02,Amador,005,37829,9313,9243,760,10003,87
2022-07-02,Butte,007,227075,36128,35846,7730,43576,436
2022-07-02,Calaveras,009,45235,7891,7836,420,8256,124
2022-07-02,Colusa,011,21464,3583,3566,1135,4701,22
2022-07-02,Contra Costa,013,1133247,224838,221545,17012,238557,1343
2022-07-02,Del Norte,015,27424,6705,6543,310,6853,53
2022-07-02,El Dorado,017,186661,30030,29764,3773,33537,217
2022-07-02,Fresno,019,978130,249799,247952,26096,274048,2783
2022-07-02,Glenn,021,27897,5227,5211,1724,6935,48
2022-07-02,Humboldt,023,135768,19647,19516,3953,23469,149
2022-07-02,Imperial,025,180216,59432,58768,11924,70692,944
2022-07-02,Inyo,027,18085,4296,4261,684,4945,56
2022-07-02,Kern,029,883053,203952,202502,51607,254109,2352
2022-07-02,Kings,031,150075,54546,54262,3660,57922,449
2022-07-02,Lake,033,64148,11679,11595,1013,12608,140
2022-07-02,Lassen,035,31185,9356,9336,930,10266,64
2022-07-02,Los Angeles,037,10098052,3000782,2969395,148580,3117975,32089
2022-07-02,Madera,039,155013,39985,39738,6749,46487,372
2022-07-02,Marin,041,260295,41140,40653,4666,45319,297
2022-07-02,Mariposa,043,17540,2803,2780,263,3043,30
2022-07-02,Mendocino,045,87422,14575,14464,3763,18227,127
2022-07-02,Merced,047,269075,66550,66093,9729,75822,832
2022-07-02,Modoc,049,8938,792,787,281,1068,8
2022-07-02,Mono,051,14174,3116,3099,189,3288,7
2022-07-02,Monterey,053,433212,86845,86212,17235,103447,744
2022-07-02,Napa,055,140530,29759,29486,1274,30760,145
2022-07-02,Nevada,057,99092,17696,17546,1472,19018,131
2022-07-02,Orange,059,3164182,608450,603511,50617,654128,7114
2022-07-02,Placer,061,380077,70312,69606,8442,78048,631
2022-07-02,Plumas,063,18699,3314,3294,401,3695,13
2022-07-02,Riverside,065,2383286,637329,632038,30814,662852,6502
2022-07-02,Sacramento,067,1510023,317681,315165,30745,345910,3100
2022-07-02,San Benito,069,59416,14563,14420,705,15125,100
2022-07-02,San Bernardino,071,2135413,609506,604093,26599,630692,7860
2022-07-02,San Diego,073,3302833,841357,834116,62026,896142,5341
2022-07-02,San Francisco,075,870044,161180,158871,10599,169470,910
2022-07-02,San Joaquin,077,732212,181722,180368,11931,192299,2256
2022-07-02,San Luis Obispo,079,281455,58513,58079,5657,63736,489
2022-07-02,San Mateo,081,765935,151700,149812,9470,159282,723
2022-07-02,Santa Barbara,083,443738,95998,95214,5559,100773,699
2022-07-02,Santa Clara,085,1922200,386621,381630,16700,398330,2355
2022-07-02,Santa Cruz,087,273765,56415,55757,2768,58525,267
2022-07-02,Shasta,089,179085,32526,32280,6562,38842,570
2022-07-02,Sierra,091,2930,288,283,57,340,4
2022-07-02,Siskiyou,093,43540,4845,4808,3018,7826,82
2022-07-02,Solano,095,438530,95471,94437,6753,101190,455
2022-07-02,Sonoma,097,501317,98185,97379,4322,101701,495
2022-07-02,Stanislaus,099,539301,126658,125788,18969,144757,1681
2022-07-02,Sutter,101,95872,22071,21935,2322,24257,228
2022-07-02,Tehama,103,63373,12710,12615,2748,15363,205
2022-07-02,Trinity,105,12862,1270,1256,307,1563,20
2022-07-02,Tulare,107,460477,112717,112118,30659,142777,1500
2022-07-02,Tuolumne,109,53932,13995,13886,748,14634,189
2022-07-02,Ventura,111,848112,191210,189493,11966,201459,1517
2022-07-02,Yolo,113,214977,44252,42760,3698,46458,324
2022-07-02,Yuba,115,75493,17287,17168,1465,18633,124
2022-07-01,Alameda,001,1643700,311138,307672,17463,325135,1898
2022-07-01,Alpine,003,1148,129,129,1,130,0
2022-07-01,Amador,005,37829,9308,9243,758,10001,87
2022-07-01,Butte,007,227075,36101,35846,7711,43557,436
2022-07-01,Calaveras,009,45235,7880,7836,420,8256,124
2022-07-01,Colusa,011,21464,3580,3566,1135,4701,22
2022-07-01,Contra Costa,013,1133247,224538,221545,16971,238516,1343
2022-07-01,Del Norte,015,27424,6685,6543,308,6851,53
2022-07-01,El Dorado,017,186661,30006,29764,3764,33528,217
2022-07-01,Fresno,019,978130,249518,247952,26048,274000,2783
2022-07-01,Glenn,021,27897,5227,5211,1724,6935,48
2022-07-01,Humboldt,023,135768,19625,19516,3944,23460,149
2022-07-01,Imperial,025,180216,59356,58768,11897,70665,944
2022-07-01,Inyo,027,18085,4289,4261,678,4939,56
2022-07-01,Kern,029,883053,203750,202502,51487,253989,2352
2022-07-01,Kings,031,150075,54513,54262,3656,57918,449
2022-07-01,Lake,033,64148,11668,11595,1012,12607,140
2022-07-01,Lassen,035,31185,9353,9336,930,10266,64
2022-07-01,Los Angeles,037,10098052,2997371,2969395,148074,3117469,32089
2022-07-01,Madera,039,155013,39942,39738,6736,46474,372
2022-07-01,Marin,041,260295,41068,40653,4653,45306,297
2022-07-01,Mariposa,043,17540,2801,2780,262,3042,30
2022-07-01,Mendocino,045,87422,14555,14464,3759,18223,127
2022-07-01,Merced,047,269075,66473,66093,9725,75818,832
2022-07-01,Modoc,049,8938,792,787,280,1067,8
2022-07-01,Mono,051,14174,3109,3099,189,3288,7
2022-07-01,Monterey,053,433212,86762,86212,17204,103416,744
2022-07-01,Napa,055,140530,29715,29486,1274,30760,145
2022-07-01,Nevada,057,99092,17676,17546,1467,19013,131
2022-07-01,Orange,059,3164182,607740,603511,50465,653976,7114
2022-07-01,Placer,061,380077,70245,69606,8430,78036,631
2022-07-01,Plumas,063,18699,3312,3294,401,3695,13
2022-07-01,Riverside,065,2383286,636617,632038,30761,662799,6502
2022-07-01,Sacramento,067,1510023,317299,315165,30727,345892,3100
2022-07-01,San Benito,069,59416,14545,14420,704,15124,100
2022-07-01,San Bernardino,071,2135413,608883,604093,26566,630659,7860
2022-07-01,San Diego,073,3302833,840325,834116,61890,896006,5341
2022-07-01,San Francisco,075,870044,160903,158871,10559,169430,910
2022-07-01,San Joaquin,077,732212,181581,180368,11901,192269,2256
2022-07-01,San Luis Obispo,079,281455,58486,58079,5648,63727,489
2022-07-01,San Mateo,081,765935,151424,149812,9450,159262,723
2022-07-01,Santa Barbara,083,443738,95882,95214,5550,100764,699
2022-07-01,Santa Clara,085,1922200,385923,381630,16666,398296,2355
2022-07-01,Santa Cruz,087,273765,56350,55757,2754,58511,267
2022-07-01,Shasta,089,179085,32507,32280,6552,38832,570
2022-07-01,Sierra,091,2930,288,283,57,340,4
2022-07-01,Siskiyou,093,43540,4841,4808,3016,7824,82
2022-07-01,Solano,095,438530,95300,94437,6739,101176,455
2022-07-01,Sonoma,097,501317,98071,97379,4300,101679,495
2022-07-01,Stanislaus,099,539301,126528,125788,18943,144731,1681
2022-07-01,Sutter,101,95872,22042,21935,2322,24257,228
2022-07-01,Tehama,103,63373,12701,12615,2746,15361,205
2022-07-01,Trinity,105,12862,1269,1256,307,1563,20
2022-07-01,Tulare,107,460477,112620,112118,30617,142735,1500
2022-07-01,Tuolumne,109,53932,13977,13886,741,14627,189
2022-07-01,Ventura,111,848112,190999,189493,11930,201423,1517
2022-07-01,Yolo,113,214977,44217,42760,3683,46443,324
2022-07-01,Yuba,115,75493,17266,17168,1465,18633,124
2022-06-30,Alameda,001,1643700,310310,307672,17385,325057,1898
2022-06-30,Alpine,003,1148,129,129,1,130,0
2022-06-30,Amador,005,37829,9298,9243,755,9998,87
2022-06-30,Butte,007,227075,36054,35846,7694,43540,436
2022-06-30,Calaveras,009,45235,7869,7836,419,8255,124
2022-06-30,Colusa,011,21464,3576,3566,1133,4699,22
2022-06-30,Contra Costa,013,1133247,223994,221545,16903,238448,1343
2022-06-30,Del Norte,015,27424,6668,6543,305,6848,53
2022-06-30,El Dorado,017,186661,29962,29764,3756,33520,217
2022-06-30,Fresno,019,978130,249124,247952,26005,273957,2783
2022-06-30,Glenn,021,27897,5224,5211,1724,6935,48
2022-06-30,Humboldt,023,135768,19588,19516,3938,23454,149
2022-06-30,Imperial,025,180216,59243,58768,11867,70635,944
2022-06-30,Inyo,027,18085,4283,4261,678,4939,56
2022-06-30,Kern,029,883053,203439,202502,51322,253824,2352
2022-06-30,Kings,031,150075,54438,54262,3653,57915,449
2022-06-30,Lake,033,64148,11649,11595,1009,12604,140
2022-06-30,Lassen,035,31185,9350,9336,929,10265,64
2022-06-30,Los Angeles,037,10098052,2992056,2969395,147491,3116886,32089
2022-06-30,Madera,039,155013,39877,39738,6713,46451,372
2022-06-30,Marin,041,260295,40984,40653,4646,45299,297
2022-06-30,Mariposa,043,17540,2795,2780,260,3040,30
2022-06-30,Mendocino,045,87422,14539,14464,3753,18217,127
2022-06-30,Merced,047,269075,66375,66093,9708,75801,832
2022-06-30,Modoc,049,8938,791,787,279,1066,8
2022-06-30,Mono,051,14174,3107,3099,188,3287,7
2022-06-30,Monterey,053,433212,86618,86212,17141,103353,744
2022-06-30,Napa,055,140530,29656,29486,1268,30754,145
2022-06-30,Nevada,057,99092,17648,17546,1460,19006,131
2022-06-30,Orange,059,3164182,606575,603511,50285,653796,7114
2022-06-30,Placer,061,380077,70097,69606,8413,78019,631
2022-06-30,Plumas,063,18699,3307,3294,400,3694,13
2022-06-30,Riverside,065,2383286,635518,632038,30691,662729,6502
2022-06-30,Sacramento,067,1510023,316718,315165,30684,345849,3100
2022-06-30,San Benito,069,59416,14508,14420,701,15121,100
2022-06-30,San Bernardino,071,2135413,607864,604093,26530,630623,7860
2022-06-30,San Diego,073,3302833,838799,834116,61701,895817,5341
2022-06-30,San Francisco,075,870044,160473,158871,10528,169399,910
2022-06-30,San Joaquin,077,732212,181302,180368,11872,192240,2256
2022-06-30,San Luis Obispo,079,281455,58388,58079,5621,63700,489
2022-06-30,San Mateo,081,765935,151021,149812,9416,159228,723
2022-06-30,Santa Barbara,083,443738,95685,95214,5539,100753,699
2022-06-30,Santa Clara,085,1922200,384834,381630,16627,398257,2355
2022-06-30,Santa Cruz,087,273765,56232,55757,2740,58497,267
2022-06-30,Shasta,089,179085,32468,32280,6533,38813,570
2022-06-30,Sierra,091,2930,288,283,57,340,4
2022-06-30,Siskiyou,093,43540,4833,4808,3009,7817,82
2022-06-30,Solano,095,438530,95098,94437,6709,101146,455
2022-06-30,Sonoma,097,501317,97917,97379,4279,101658,495
2022-06-30,Stanislaus,099,539301,126333,125788,18919,144707,1681
2022-06-30,Sutter,101,95872,22009,21935,2320,24255,228
2022-06-30,Tehama,103,63373,12681,12615,2743,15358,205
2022-06-30,Trinity,105,12862,1263,1256,305,1561,20
2022-06-30,Tulare,107,460477,112471,112118,30541,142659,1500
2022-06-30,Tuolumne,109,53932,13958,13886,735,14621,189
2022-06-30,Ventura,111,848112,190655,189493,11855,201348,1517
2022-06-30,Yolo,113,214977,44146,42760,3665,46425,324
2022-06-30,Yuba,115,75493,17238,17168,1459,18627,124
2022-06-29,Alameda,001,1643700,309513,305288,17344,322632,1895
2022-06-29,Alpine,003,1148,129,129,1,130,0
2022-06-29,Amador,005,37829,9291,9205,755,9960,87
2022-06-29,Butte,007,227075,36005,35651,7681,43332,434
2022-06-29,Calaveras,009,45235,7857,7798,416,8214,124
2022-06-29,Colusa,011,21464,3573,3548,1131,4679,22
2022-06-29,Contra Costa,013,1133247,223509,219921,16849,236770,1339
2022-06-29,Del Norte,015,27424,6642,6484,301,6785,53
2022-06-29,El Dorado,017,186661,29904,29549,3740,33289,216
2022-06-29,Fresno,019,978130,248735,246740,25948,272688,2777
2022-06-29,Glenn,021,27897,5223,5192,1722,6914,48
2022-06-29,Humboldt,023,135768,19562,19411,3928,23339,149
2022-06-29,Imperial,025,180216,59123,58498,11819,70317,944
2022-06-29,Inyo,027,18085,4279,4243,673,4916,56
2022-06-29,Kern,029,883053,203157,201537,51160,252697,2343
2022-06-29,Kings,031,150075,54348,54031,3651,57682,448
2022-06-29,Lake,033,64148,11621,11548,1005,12553,140
2022-06-29,Lassen,035,31185,9345,9310,929,10239,64
2022-06-29,Los Angeles,037,10098052,2986454,2955489,146903,3102392,32062
2022-06-29,Madera,039,155013,39826,39554,6704,46258,372
2022-06-29,Marin,041,260295,40880,40397,4640,45037,297
2022-06-29,Mariposa,043,17540,2793,2753,260,3013,30
2022-06-29,Mendocino,045,87422,14510,14383,3737,18120,127
2022-06-29,Merced,047,269075,66282,65733,9699,75432,830
2022-06-29,Modoc,049,8938,789,780,278,1058,8
2022-06-29,Mono,051,14174,3107,3081,186,3267,7
2022-06-29,Monterey,053,433212,86488,85711,17091,102802,743
2022-06-29,Napa,055,140530,29606,29285,1264,30549,144
2022-06-29,Nevada,057,99092,17614,17439,1456,18895,129
2022-06-29,Orange,059,3164182,605412,599951,50123,650074,7095
2022-06-29,Placer,061,380077,69962,69244,8404,77648,629
2022-06-29,Plumas,063,18699,3304,3267,398,3665,13
2022-06-29,Riverside,065,2383286,634463,629035,30624,659659,6493
2022-06-29,Sacramento,067,1510023,316125,313224,30635,343859,3082
2022-06-29,San Benito,069,59416,14472,14302,693,14995,100
2022-06-29,San Bernardino,071,2135413,606886,600960,26437,627397,7825
2022-06-29,San Diego,073,3302833,837077,828907,61476,890383,5336
2022-06-29,San Francisco,075,870044,159989,157419,10494,167913,902
2022-06-29,San Joaquin,077,732212,181007,179476,11837,191313,2252
2022-06-29,San Luis Obispo,079,281455,58257,57783,5583,63366,486
2022-06-29,San Mateo,081,765935,150644,148533,9395,157928,723
2022-06-29,Santa Barbara,083,443738,95534,94683,5528,100211,699
2022-06-29,Santa Clara,085,1922200,383841,378000,16569,394569,2348
2022-06-29,Santa Cruz,087,273765,56107,55432,2726,58158,266
2022-06-29,Shasta,089,179085,32421,32106,6517,38623,570
2022-06-29,Sierra,091,2930,286,283,57,340,4
2022-06-29,Siskiyou,093,43540,4825,4773,3008,7781,82
2022-06-29,Solano,095,438530,94865,92975,6694,99669,455
2022-06-29,Sonoma,097,501317,97739,96854,4267,101121,493
2022-06-29,Stanislaus,099,539301,126157,125189,18893,144082,1674
2022-06-29,Sutter,101,95872,21956,21836,2315,24151,227
2022-06-29,Tehama,103,63373,12662,12561,2742,15303,205
2022-06-29,Trinity,105,12862,1261,1245,304,1549,20
2022-06-29,Tulare,107,460477,112339,111707,30468,142175,1499
2022-06-29,Tuolumne,109,53932,13935,13779,718,14497,189
2022-06-29,Ventura,111,848112,190348,188519,11794,200313,1514
2022-06-29,Yolo,113,214977,44044,42410,3654,46064,323
2022-06-29,Yuba,115,75493,17209,17082,1457,18539,124
2022-06-28,Alameda,001,1643700,308674,305288,17309,322597,1895
2022-06-28,Alpine,003,1148,129,129,1,130,0
2022-06-28,Amador,005,37829,9286,9205,754,9959,87
2022-06-28,Butte,007,227075,35939,35651,7663,43314,434
2022-06-28,Calaveras,009,45235,7845,7798,416,8214,124
2022-06-28,Colusa,011,21464,3572,3548,1130,4678,22
2022-06-28,Contra Costa,013,1133247,222902,219921,16786,236707,1339
2022-06-28,Del Norte,015,27424,6605,6484,299,6783,53
2022-06-28,El Dorado,017,186661,29856,29549,3729,33278,216
2022-06-28,Fresno,019,978130,248305,246740,25894,272634,2777
2022-06-28,Glenn,021,27897,5215,5192,1717,6909,48
2022-06-28,Humboldt,023,135768,19542,19411,3921,23332,149
2022-06-28,Imperial,025,180216,59023,58498,11743,70241,944
2022-06-28,Inyo,027,18085,4273,4243,667,4910,56
2022-06-28,Kern,029,883053,202868,201537,50955,252492,2343
2022-06-28,Kings,031,150075,54266,54031,3646,57677,448
2022-06-28,Lake,033,64148,11610,11548,1003,12551,140
2022-06-28,Lassen,035,31185,9338,9310,929,10239,64
2022-06-28,Los Angeles,037,10098052,2980563,2955489,146305,3101794,32062
2022-06-28,Madera,039,155013,39767,39554,6687,46241,372
2022-06-28,Marin,041,260295,40772,40397,4633,45030,297
2022-06-28,Mariposa,043,17540,2785,2753,258,3011,30
2022-06-28,Mendocino,045,87422,14482,14383,3725,18108,127
2022-06-28,Merced,047,269075,66180,65733,9680,75413,830
2022-06-28,Modoc,049,8938,787,780,277,1057,8
2022-06-28,Mono,051,14174,3100,3081,184,3265,7
2022-06-28,Monterey,053,433212,86363,85711,17044,102755,743
2022-06-28,Napa,055,140530,29538,29285,1261,30546,144
2022-06-28,Nevada,057,99092,17584,17439,1452,18891,129
2022-06-28,Orange,059,3164182,604073,599951,49955,649906,7095
2022-06-28,Placer,061,380077,69799,69244,8395,77639,629
2022-06-28,Plumas,063,18699,3304,3267,397,3664,13
2022-06-28,Riverside,065,2383286,633268,629035,30578,659613,6493
2022-06-28,Sacramento,067,1510023,315450,313224,30580,343804,3082
2022-06-28,San Benito,069,59416,14432,14302,692,14994,100
2022-06-28,San Bernardino,071,2135413,605780,600960,26396,627356,7825
2022-06-28,San Diego,073,3302833,835215,828907,61253,890160,5336
2022-06-28,San Francisco,075,870044,159468,157419,10469,167888,902
2022-06-28,San Joaquin,077,732212,180699,179476,11802,191278,2252
2022-06-28,San Luis Obispo,079,281455,58142,57783,5546,63329,486
2022-06-28,San Mateo,081,765935,150198,148533,9370,157903,723
2022-06-28,Santa Barbara,083,443738,95364,94683,5511,100194,699
2022-06-28,Santa Clara,085,1922200,382729,378000,16513,394513,2348
2022-06-28,Santa Cruz,087,273765,55975,55432,2718,58150,266
2022-06-28,Shasta,089,179085,32374,32106,6504,38610,570
2022-06-28,Sierra,091,2930,286,283,57,340,4
2022-06-28,Siskiyou,093,43540,4818,4773,3002,7775,82
2022-06-28,Solano,095,438530,94595,92975,6679,99654,455
2022-06-28,Sonoma,097,501317,97535,96854,4252,101106,493
2022-06-28,Stanislaus,099,539301,125955,125189,18876,144065,1674
2022-06-28,Sutter,101,95872,21920,21836,2313,24149,227
2022-06-28,Tehama,103,63373,12642,12561,2738,15299,205
2022-06-28,Trinity,105,12862,1258,1245,302,1547,20
2022-06-28,Tulare,107,460477,112150,111707,30394,142101,1499
2022-06-28,Tuolumne,109,53932,13905,13779,711,14490,189
2022-06-28,Ventura,111,848112,190025,188519,11717,200236,1514
2022-06-28,Yolo,113,214977,43931,42410,3648,46058,323
2022-06-28,Yuba,115,75493,17174,17082,1453,18535,124
2022-06-27,Alameda,001,1643700,307741,305288,17255,322543,1895
2022-06-27,Alpine,003,1148,129,129,1,130,0
2022-06-27,Amador,005,37829,9271,9205,752,9957,87
2022-06-27,Butte,007,227075,35887,35651,7645,43296,434
2022-06-27,Calaveras,009,45235,7830,7798,416,8214,124
2022-06-27,Colusa,011,21464,3568,3548,1128,4676,22
2022-06-27,Contra Costa,013,1133247,222215,219921,16722,236643,1339
2022-06-27,Del Norte,015,27424,6585,6484,293,6777,53
2022-06-27,El Dorado,017,186661,29792,29549,3711,33260,216
2022-06-27,Fresno,019,978130,247840,246740,25829,272569,2777
2022-06-27,Glenn,021,27897,5209,5192,1710,6902,48
2022-06-27,Humboldt,023,135768,19505,19411,3909,23320,149
2022-06-27,Imperial,025,180216,58884,58498,11677,70175,944
2022-06-27,Inyo,027,18085,4263,4243,658,4901,56
2022-06-27,Kern,029,883053,202515,201537,50749,252286,2343
2022-06-27,Kings,031,150075,54179,54031,3643,57674,448
2022-06-27,Lake,033,64148,11591,11548,998,12546,140
2022-06-27,Lassen,035,31185,9329,9310,929,10239,64
2022-06-27,Los Angeles,037,10098052,2974385,2955489,145748,3101237,32062
2022-06-27,Madera,039,155013,39702,39554,6675,46229,372
2022-06-27,Marin,041,260295,40665,40397,4620,45017,297
2022-06-27,Mariposa,043,17540,2776,2753,256,3009,30
2022-06-27,Mendocino,045,87422,14452,14383,3719,18102,127
2022-06-27,Merced,047,269075,66070,65733,9644,75377,830
2022-06-27,Modoc,049,8938,782,780,276,1056,8
2022-06-27,Mono,051,14174,3099,3081,184,3265,7
2022-06-27,Monterey,053,433212,86213,85711,16983,102694,743
2022-06-27,Napa,055,140530,29468,29285,1258,30543,144
2022-06-27,Nevada,057,99092,17554,17439,1438,18877,129
2022-06-27,Orange,059,3164182,602718,599951,49742,649693,7095
2022-06-27,Placer,061,380077,69686,69244,8371,77615,629
2022-06-27,Plumas,063,18699,3299,3267,396,3663,13
2022-06-27,Riverside,065,2383286,632121,629035,30512,659547,6493
2022-06-27,Sacramento,067,1510023,314723,313224,30531,343755,3082
2022-06-27,San Benito,069,59416,14377,14302,689,14991,100
2022-06-27,San Bernardino,071,2135413,604685,600960,26352,627312,7825
2022-06-27,San Diego,073,3302833,833285,828907,61022,889929,5336
2022-06-27,San Francisco,075,870044,158923,157419,10442,167861,902
2022-06-27,San Joaquin,077,732212,180359,179476,11760,191236,2252
2022-06-27,San Luis Obispo,079,281455,58032,57783,5510,63293,486
2022-06-27,San Mateo,081,765935,149732,148533,9334,157867,723
2022-06-27,Santa Barbara,083,443738,95178,94683,5496,100179,699
2022-06-27,Santa Clara,085,1922200,381302,378000,16459,394459,2348
2022-06-27,Santa Cruz,087,273765,55805,55432,2710,58142,266
2022-06-27,Shasta,089,179085,32313,32106,6486,38592,570
2022-06-27,Sierra,091,2930,286,283,57,340,4
2022-06-27,Siskiyou,093,43540,4808,4773,2995,7768,82
2022-06-27,Solano,095,438530,94286,92975,6647,99622,455
2022-06-27,Sonoma,097,501317,97345,96854,4235,101089,493
2022-06-27,Stanislaus,099,539301,125727,125189,18858,144047,1674
2022-06-27,Sutter,101,95872,21879,21836,2310,24146,227
2022-06-27,Tehama,103,63373,12620,12561,2736,15297,205
2022-06-27,Trinity,105,12862,1256,1245,300,1545,20
2022-06-27,Tulare,107,460477,111968,111707,30308,142015,1499
2022-06-27,Tuolumne,109,53932,13871,13779,701,14480,189
2022-06-27,Ventura,111,848112,189644,188519,11658,200177,1514
2022-06-27,Yolo,113,214977,43805,42410,3640,46050,323
2022-06-27,Yuba,115,75493,17146,17082,1450,18532,124
2022-06-26,Alameda,001,1643700,306662,302071,17175,319246,1891
2022-06-26,Alpine,003,1148,129,129,1,130,0
2022-06-26,Amador,005,37829,9232,9135,750,9885,87
2022-06-26,Butte,007,227075,35811,35406,7620,43026,433
2022-06-26,Calaveras,009,45235,7815,7754,413,8167,124
2022-06-26,Colusa,011,21464,3559,3540,1124,4664,22
2022-06-26,Contra Costa,013,1133247,221592,218053,16643,234696,1335
2022-06-26,Del Norte,015,27424,6563,6398,289,6687,52
2022-06-26,El Dorado,017,186661,29708,29313,3686,32999,216
2022-06-26,Fresno,019,978130,247304,245118,25772,270890,2777
2022-06-26,Glenn,021,27897,5204,5178,1707,6885,48
2022-06-26,Humboldt,023,135768,19471,19234,3898,23132,149
2022-06-26,Imperial,025,180216,58739,58127,11585,69712,944
2022-06-26,Inyo,027,18085,4252,4228,645,4873,56
2022-06-26,Kern,029,883053,202214,200556,50548,251104,2344
2022-06-26,Kings,031,150075,54070,53783,3640,57423,448
2022-06-26,Lake,033,64148,11572,11471,996,12467,140
2022-06-26,Lassen,035,31185,9320,9287,929,10216,64
2022-06-26,Los Angeles,037,10098052,2967830,2936815,145120,3081935,32036
2022-06-26,Madera,039,155013,39632,39319,6657,45976,372
2022-06-26,Marin,041,260295,40544,39979,4599,44578,297
2022-06-26,Mariposa,043,17540,2768,2713,256,2969,30
2022-06-26,Mendocino,045,87422,14423,14292,3693,17985,127
2022-06-26,Merced,047,269075,65938,65408,9617,75025,828
2022-06-26,Modoc,049,8938,781,777,274,1051,8
2022-06-26,Mono,051,14174,3088,3076,184,3260,7
2022-06-26,Monterey,053,433212,86041,85275,16922,102197,743
2022-06-26,Napa,055,140530,29388,29054,1255,30309,144
2022-06-26,Nevada,057,99092,17510,17339,1434,18773,129
2022-06-26,Orange,059,3164182,601227,595761,49539,645300,7090
2022-06-26,Placer,061,380077,69551,68785,8350,77135,628
2022-06-26,Plumas,063,18699,3287,3241,396,3637,13
2022-06-26,Riverside,065,2383286,630894,625794,30455,656249,6493
2022-06-26,Sacramento,067,1510023,313908,310837,30462,341299,3077
2022-06-26,San Benito,069,59416,14332,14192,686,14878,99
2022-06-26,San Bernardino,071,2135413,603496,598062,26298,624360,7803
2022-06-26,San Diego,073,3302833,831086,822848,60855,883703,5332
2022-06-26,San Francisco,075,870044,158280,155609,10389,165998,899
2022-06-26,San Joaquin,077,732212,179984,178447,11718,190165,2252
2022-06-26,San Luis Obispo,079,281455,57900,57472,5461,62933,485
2022-06-26,San Mateo,081,765935,149225,146955,9304,156259,723
2022-06-26,Santa Barbara,083,443738,94967,94017,5468,99485,699
2022-06-26,Santa Clara,085,1922200,379924,373961,16382,390343,2338
2022-06-26,Santa Cruz,087,273765,55649,54874,2702,57576,265
2022-06-26,Shasta,089,179085,32231,31921,6467,38388,570
2022-06-26,Sierra,091,2930,285,283,57,340,4
2022-06-26,Siskiyou,093,43540,4790,4744,2988,7732,81
2022-06-26,Solano,095,438530,94017,92248,6610,98858,455
2022-06-26,Sonoma,097,501317,97111,95981,4203,100184,493
2022-06-26,Stanislaus,099,539301,125526,124493,18835,143328,1672
2022-06-26,Sutter,101,95872,21839,21733,2309,24042,227
2022-06-26,Tehama,103,63373,12603,12510,2730,15240,205
2022-06-26,Trinity,105,12862,1251,1233,298,1531,20
2022-06-26,Tulare,107,460477,111785,111188,30227,141415,1496
2022-06-26,Tuolumne,109,53932,13843,13688,694,14382,189
2022-06-26,Ventura,111,848112,189250,187389,11582,198971,1514
2022-06-26,Yolo,113,214977,43690,41932,3625,45557,323
2022-06-26,Yuba,115,75493,17109,16994,1441,18435,124
2022-06-25,Alameda,001,1643700,306194,302071,17156,319227,1891
2022-06-25,Alpine,003,1148,129,129,1,130,0
2022-06-25,Amador,005,37829,9222,9135,749,9884,87
2022-06-25,Butte,007,227075,35772,35406,7599,43005,433
2022-06-25,Calaveras,009,45235,7806,7754,413,8167,124
2022-06-25,Colusa,011,21464,3554,3540,1124,4664,22
2022-06-25,Contra Costa,013,1133247,221233,218053,16600,234653,1335
2022-06-25,Del Norte,015,27424,6549,6398,286,6684,52
2022-06-25,El Dorado,017,186661,29668,29313,3680,32993,216
2022-06-25,Fresno,019,978130,247074,245118,25750,270868,2777
2022-06-25,Glenn,021,27897,5199,5178,1705,6883,48
2022-06-25,Humboldt,023,135768,19451,19234,3888,23122,149
2022-06-25,Imperial,025,180216,58658,58127,11559,69686,944
2022-06-25,Inyo,027,18085,4250,4228,641,4869,56
2022-06-25,Kern,029,883053,202057,200556,50443,250999,2344
2022-06-25,Kings,031,150075,54032,53783,3640,57423,448
2022-06-25,Lake,033,64148,11563,11471,995,12466,140
2022-06-25,Lassen,035,31185,9315,9287,927,10214,64
2022-06-25,Los Angeles,037,10098052,2964837,2936815,144738,3081553,32036
2022-06-25,Madera,039,155013,39599,39319,6654,45973,372
2022-06-25,Marin,041,260295,40491,39979,4592,44571,297
2022-06-25,Mariposa,043,17540,2766,2713,256,2969,30
2022-06-25,Mendocino,045,87422,14411,14292,3689,17981,127
2022-06-25,Merced,047,269075,65861,65408,9614,75022,828
2022-06-25,Modoc,049,8938,781,777,274,1051,8
2022-06-25,Mono,051,14174,3084,3076,184,3260,7
2022-06-25,Monterey,053,433212,85940,85275,16894,102169,743
2022-06-25,Napa,055,140530,29357,29054,1251,30305,144
2022-06-25,Nevada,057,99092,17486,17339,1430,18769,129
2022-06-25,Orange,059,3164182,600529,595761,49403,645164,7090
2022-06-25,Placer,061,380077,69456,68785,8330,77115,628
2022-06-25,Plumas,063,18699,3283,3241,396,3637,13
2022-06-25,Riverside,065,2383286,630252,625794,30413,656207,6493
2022-06-25,Sacramento,067,1510023,313599,310837,30436,341273,3077
2022-06-25,San Benito,069,59416,14307,14192,685,14877,99
2022-06-25,San Bernardino,071,2135413,602914,598062,26271,624333,7803
2022-06-25,San Diego,073,3302833,830181,822848,60794,883642,5332
2022-06-25,San Francisco,075,870044,157983,155609,10366,165975,899
2022-06-25,San Joaquin,077,732212,179836,178447,11704,190151,2252
2022-06-25,San Luis Obispo,079,281455,57829,57472,5451,62923,485
2022-06-25,San Mateo,081,765935,148951,146955,9281,156236,723
2022-06-25,Santa Barbara,083,443738,94824,94017,5456,99473,699
2022-06-25,Santa Clara,085,1922200,379072,373961,16355,390316,2338
2022-06-25,Santa Cruz,087,273765,55579,54874,2699,57573,265
2022-06-25,Shasta,089,179085,32194,31921,6452,38373,570
2022-06-25,Sierra,091,2930,285,283,57,340,4
2022-06-25,Siskiyou,093,43540,4787,4744,2985,7729,81
2022-06-25,Solano,095,438530,93931,92248,6592,98840,455
2022-06-25,Sonoma,097,501317,97001,95981,4193,100174,493
2022-06-25,Stanislaus,099,539301,125396,124493,18817,143310,1672
2022-06-25,Sutter,101,95872,21817,21733,2308,24041,227
2022-06-25,Tehama,103,63373,12592,12510,2725,15235,205
2022-06-25,Trinity,105,12862,1250,1233,296,1529,20
2022-06-25,Tulare,107,460477,111708,111188,30185,141373,1496
2022-06-25,Tuolumne,109,53932,13825,13688,691,14379,189
2022-06-25,Ventura,111,848112,189041,187389,11554,198943,1514
2022-06-25,Yolo,113,214977,43626,41932,3619,45551,323
2022-06-25,Yuba,115,75493,17088,16994,1440,18434,124
2022-06-24,Alameda,001,1643700,305609,302071,17119,319190,1891
2022-06-24,Alpine,003,1148,129,129,1,130,0
2022-06-24,Amador,005,37829,9215,9135,747,9882,87
2022-06-24,Butte,007,227075,35741,35406,7585,42991,433
2022-06-24,Calaveras,009,45235,7801,7754,412,8166,124
2022-06-24,Colusa,011,21464,3553,3540,1121,4661,22
2022-06-24,Contra Costa,013,1133247,220890,218053,16577,234630,1335
2022-06-24,Del Norte,015,27424,6538,6398,284,6682,52
2022-06-24,El Dorado,017,186661,29625,29313,3676,32989,216
2022-06-24,Fresno,019,978130,246788,245118,25722,270840,2777
2022-06-24,Glenn,021,27897,5197,5178,1705,6883,48
2022-06-24,Humboldt,023,135768,19421,19234,3883,23117,149
2022-06-24,Imperial,025,180216,58586,58127,11528,69655,944
2022-06-24,Inyo,027,18085,4249,4228,637,4865,56
2022-06-24,Kern,029,883053,201883,200556,50349,250905,2344
2022-06-24,Kings,031,150075,53988,53783,3636,57419,448
2022-06-24,Lake,033,64148,11552,11471,995,12466,140
2022-06-24,Lassen,035,31185,9312,9287,926,10213,64
2022-06-24,Los Angeles,037,10098052,2961560,2936815,144409,3081224,32036
2022-06-24,Madera,039,155013,39554,39319,6648,45967,372
2022-06-24,Marin,041,260295,40415,39979,4580,44559,297
2022-06-24,Mariposa,043,17540,2759,2713,256,2969,30
2022-06-24,Mendocino,045,87422,14404,14292,3686,17978,127
2022-06-24,Merced,047,269075,65824,65408,9605,75013,828
2022-06-24,Modoc,049,8938,781,777,274,1051,8
2022-06-24,Mono,051,14174,3080,3076,183,3259,7
2022-06-24,Monterey,053,433212,85861,85275,16867,102142,743
2022-06-24,Napa,055,140530,29330,29054,1250,30304,144
2022-06-24,Nevada,057,99092,17470,17339,1424,18763,129
2022-06-24,Orange,059,3164182,599839,595761,49262,645023,7090
2022-06-24,Placer,061,380077,69380,68785,8318,77103,628
2022-06-24,Plumas,063,18699,3279,3241,396,3637,13
2022-06-24,Riverside,065,2383286,629606,625794,30367,656161,6493
2022-06-24,Sacramento,067,1510023,313204,310837,30414,341251,3077
2022-06-24,San Benito,069,59416,14294,14192,684,14876,99
2022-06-24,San Bernardino,071,2135413,602339,598062,26250,624312,7803
2022-06-24,San Diego,073,3302833,829140,822848,60718,883566,5332
2022-06-24,San Francisco,075,870044,157668,155609,10338,165947,899
2022-06-24,San Joaquin,077,732212,179657,178447,11680,190127,2252
2022-06-24,San Luis Obispo,079,281455,57784,57472,5446,62918,485
2022-06-24,San Mateo,081,765935,148622,146955,9268,156223,723
2022-06-24,Santa Barbara,083,443738,94693,94017,5453,99470,699
2022-06-24,Santa Clara,085,1922200,378247,373961,16306,390267,2338
2022-06-24,Santa Cruz,087,273765,55478,54874,2688,57562,265
2022-06-24,Shasta,089,179085,32164,31921,6443,38364,570
2022-06-24,Sierra,091,2930,285,283,57,340,4
2022-06-24,Siskiyou,093,43540,4779,4744,2984,7728,81
2022-06-24,Solano,095,438530,93779,92248,6578,98826,455
2022-06-24,Sonoma,097,501317,96863,95981,4176,100157,493
2022-06-24,Stanislaus,099,539301,125271,124493,18795,143288,1672
2022-06-24,Sutter,101,95872,21802,21733,2307,24040,227
2022-06-24,Tehama,103,63373,12577,12510,2719,15229,205
2022-06-24,Trinity,105,12862,1247,1233,296,1529,20
2022-06-24,Tulare,107,460477,111609,111188,30128,141316,1496
2022-06-24,Tuolumne,109,53932,13805,13688,685,14373,189
2022-06-24,Ventura,111,848112,188814,187389,11525,198914,1514
2022-06-24,Yolo,113,214977,43532,41932,3610,45542,323
2022-06-24,Yuba,115,75493,17070,16994,1440,18434,124
2022-06-23,Alameda,001,1643700,304790,302071,17045,319116,1891
2022-06-23,Alpine,003,1148,129,129,1,130,0
2022-06-23,Amador,005,37829,9206,9135,746,9881,87
2022-06-23,Butte,007,227075,35683,35406,7568,42974,433
2022-06-23,Calaveras,009,45235,7790,7754,411,8165,124
2022-06-23,Colusa,011,21464,3546,3540,1119,4659,22
2022-06-23,Contra Costa,013,1133247,220377,218053,16484,234537,1335
2022-06-23,Del Norte,015,27424,6506,6398,282,6680,52
2022-06-23,El Dorado,017,186661,29567,29313,3664,32977,216
2022-06-23,Fresno,019,978130,246385,245118,25668,270786,2777
2022-06-23,Glenn,021,27897,5194,5178,1696,6874,48
2022-06-23,Humboldt,023,135768,19398,19234,3880,23114,149
2022-06-23,Imperial,025,180216,58511,58127,11477,69604,944
2022-06-23,Inyo,027,18085,4246,4228,634,4862,56
2022-06-23,Kern,029,883053,201602,200556,50201,250757,2344
2022-06-23,Kings,031,150075,53929,53783,3633,57416,448
2022-06-23,Lake,033,64148,11531,11471,995,12466,140
2022-06-23,Lassen,035,31185,9302,9287,925,10212,64
2022-06-23,Los Angeles,037,10098052,2956919,2936815,143870,3080685,32036
2022-06-23,Madera,039,155013,39493,39319,6634,45953,372
2022-06-23,Marin,041,260295,40301,39979,4556,44535,297
2022-06-23,Mariposa,043,17540,2747,2713,256,2969,30
2022-06-23,Mendocino,045,87422,14375,14292,3682,17974,127
2022-06-23,Merced,047,269075,65746,65408,9590,74998,828
2022-06-23,Modoc,049,8938,780,777,274,1051,8
2022-06-23,Mono,051,14174,3078,3076,182,3258,7
2022-06-23,Monterey,053,433212,85715,85275,16814,102089,743
2022-06-23,Napa,055,140530,29273,29054,1249,30303,144
2022-06-23,Nevada,057,99092,17437,17339,1424,18763,129
2022-06-23,Orange,059,3164182,598835,595761,49085,644846,7090
2022-06-23,Placer,061,380077,69243,68785,8298,77083,628
2022-06-23,Plumas,063,18699,3274,3241,394,3635,13
2022-06-23,Riverside,065,2383286,628685,625794,30320,656114,6493
2022-06-23,Sacramento,067,1510023,312599,310837,30370,341207,3077
2022-06-23,San Benito,069,59416,14263,14192,682,14874,99
2022-06-23,San Bernardino,071,2135413,601557,598062,26221,624283,7803
2022-06-23,San Diego,073,3302833,827671,822848,60520,883368,5332
2022-06-23,San Francisco,075,870044,157200,155609,10305,165914,899
2022-06-23,San Joaquin,077,732212,179381,178447,11658,190105,2252
2022-06-23,San Luis Obispo,079,281455,57698,57472,5414,62886,485
2022-06-23,San Mateo,081,765935,148274,146955,9233,156188,723
2022-06-23,Santa Barbara,083,443738,94529,94017,5425,99442,699
2022-06-23,Santa Clara,085,1922200,377265,373961,16259,390220,2338
2022-06-23,Santa Cruz,087,273765,55367,54874,2676,57550,265
2022-06-23,Shasta,089,179085,32122,31921,6431,38352,570
2022-06-23,Sierra,091,2930,284,283,57,340,4
2022-06-23,Siskiyou,093,43540,4773,4744,2977,7721,81
2022-06-23,Solano,095,438530,93532,92248,6539,98787,455
2022-06-23,Sonoma,097,501317,96667,95981,4156,100137,493
2022-06-23,Stanislaus,099,539301,125090,124493,18768,143261,1672
2022-06-23,Sutter,101,95872,21768,21733,2307,24040,227
2022-06-23,Tehama,103,63373,12568,12510,2716,15226,205
2022-06-23,Trinity,105,12862,1245,1233,296,1529,20
2022-06-23,Tulare,107,460477,111484,111188,30062,141250,1496
2022-06-23,Tuolumne,109,53932,13778,13688,673,14361,189
2022-06-23,Ventura,111,848112,188514,187389,11488,198877,1514
2022-06-23,Yolo,113,214977,43428,41932,3598,45530,323
2022-06-23,Yuba,115,75493,17049,16994,1434,18428,124
2022-06-22,Alameda,001,1643700,303952,299567,16969,316536,1888
2022-06-22,Alpine,003,1148,129,129,1,130,0
2022-06-22,Amador,005,37829,9200,9049,745,9794,87
2022-06-22,Butte,007,227075,35617,35203,7550,42753,433
2022-06-22,Calaveras,009,45235,7778,7716,411,8127,122
2022-06-22,Colusa,011,21464,3543,3529,1119,4648,21
2022-06-22,Contra Costa,013,1133247,219854,216355,16431,232786,1328
2022-06-22,Del Norte,015,27424,6488,6367,281,6648,52
2022-06-22,El Dorado,017,186661,29504,29139,3651,32790,215
2022-06-22,Fresno,019,978130,245970,244129,25618,269747,2772
2022-06-22,Glenn,021,27897,5192,5161,1691,6852,48
2022-06-22,Humboldt,023,135768,19347,19111,3860,22971,148
2022-06-22,Imperial,025,180216,58411,57866,11445,69311,944
2022-06-22,Inyo,027,18085,4241,4222,633,4855,56
2022-06-22,Kern,029,883053,201330,199721,50066,249787,2341
2022-06-22,Kings,031,150075,53864,53568,3629,57197,448
2022-06-22,Lake,033,64148,11514,11426,989,12415,140
2022-06-22,Lassen,035,31185,9294,9259,923,10182,64
2022-06-22,Los Angeles,037,10098052,2951950,2925667,143410,3069077,32015
2022-06-22,Madera,039,155013,39437,39139,6617,45756,372
2022-06-22,Marin,041,260295,40198,39687,4550,44237,297
2022-06-22,Mariposa,043,17540,2742,2695,253,2948,30
2022-06-22,Mendocino,045,87422,14359,14201,3667,17868,127
2022-06-22,Merced,047,269075,65651,65120,9566,74686,827
2022-06-22,Modoc,049,8938,779,773,270,1043,8
2022-06-22,Mono,051,14174,3078,3073,180,3253,7
2022-06-22,Monterey,053,433212,85589,84752,16771,101523,742
2022-06-22,Napa,055,140530,29202,28894,1245,30139,144
2022-06-22,Nevada,057,99092,17417,17280,1415,18695,129
2022-06-22,Orange,059,3164182,597640,592215,48910,641125,7084
2022-06-22,Placer,061,380077,69127,68447,8288,76735,628
2022-06-22,Plumas,063,18699,3264,3220,394,3614,13
2022-06-22,Riverside,065,2383286,627836,623584,30264,653848,6491
2022-06-22,Sacramento,067,1510023,311975,309105,30334,339439,3071
2022-06-22,San Benito,069,59416,14239,14128,679,14807,99
2022-06-22,San Bernardino,071,2135413,600762,595517,26192,621709,7774
2022-06-22,San Diego,073,3302833,826065,815124,60342,875466,5318
2022-06-22,San Francisco,075,870044,156714,154213,10276,164489,897
2022-06-22,San Joaquin,077,732212,179125,177637,11636,189273,2251
2022-06-22,San Luis Obispo,079,281455,57610,57177,5378,62555,485
2022-06-22,San Mateo,081,765935,147869,145781,9210,154991,723
2022-06-22,Santa Barbara,083,443738,94382,93576,5411,98987,700
2022-06-22,Santa Clara,085,1922200,376176,370678,16151,386829,2340
2022-06-22,Santa Cruz,087,273765,55248,54525,2663,57188,265
2022-06-22,Shasta,089,179085,32077,31786,6416,38202,570
2022-06-22,Sierra,091,2930,284,283,57,340,4
2022-06-22,Siskiyou,093,43540,4766,4711,2974,7685,81
2022-06-22,Solano,095,438530,93285,91528,6474,98002,454
2022-06-22,Sonoma,097,501317,96464,95363,4136,99499,493
2022-06-22,Stanislaus,099,539301,124894,124023,18715,142738,1670
2022-06-22,Sutter,101,95872,21736,21649,2306,23955,227
2022-06-22,Tehama,103,63373,12558,12465,2714,15179,205
2022-06-22,Trinity,105,12862,1243,1223,296,1519,20
2022-06-22,Tulare,107,460477,111348,110768,29981,140749,1496
2022-06-22,Tuolumne,109,53932,13759,13596,667,14263,189
2022-06-22,Ventura,111,848112,188212,186601,11437,198038,1514
2022-06-22,Yolo,113,214977,43306,41689,3587,45276,323
2022-06-22,Yuba,115,75493,17029,16912,1430,18342,124
2022-06-21,Alameda,001,1643700,303156,299567,16937,316504,1888
2022-06-21,Alpine,003,1148,129,129,1,130,0
2022-06-21,Amador,005,37829,9193,9049,742,9791,87
2022-06-21,Butte,007,227075,35543,35203,7539,42742,433
2022-06-21,Calaveras,009,45235,7769,7716,410,8126,122
2022-06-21,Colusa,011,21464,3540,3529,1117,4646,21
2022-06-21,Contra Costa,013,1133247,219293,216355,16382,232737,1328
2022-06-21,Del Norte,015,27424,6458,6367,279,6646,52
2022-06-21,El Dorado,017,186661,29430,29139,3644,32783,215
2022-06-21,Fresno,019,978130,245535,244129,25568,269697,2772
2022-06-21,Glenn,021,27897,5185,5161,1689,6850,48
2022-06-21,Humboldt,023,135768,19295,19111,3847,22958,148
2022-06-21,Imperial,025,180216,58318,57866,11409,69275,944
2022-06-21,Inyo,027,18085,4236,4222,627,4849,56
2022-06-21,Kern,029,883053,201007,199721,49887,249608,2341
2022-06-21,Kings,031,150075,53790,53568,3628,57196,448
2022-06-21,Lake,033,64148,11491,11426,986,12412,140
2022-06-21,Lassen,035,31185,9284,9259,920,10179,64
2022-06-21,Los Angeles,037,10098052,2947156,2925667,142909,3068576,32015
2022-06-21,Madera,039,155013,39353,39139,6607,45746,372
2022-06-21,Marin,041,260295,40108,39687,4538,44225,297
2022-06-21,Mariposa,043,17540,2736,2695,252,2947,30
2022-06-21,Mendocino,045,87422,14330,14201,3658,17859,127
2022-06-21,Merced,047,269075,65551,65120,9535,74655,827
2022-06-21,Modoc,049,8938,776,773,269,1042,8
2022-06-21,Mono,051,14174,3076,3073,178,3251,7
2022-06-21,Monterey,053,433212,85433,84752,16729,101481,742
2022-06-21,Napa,055,140530,29149,28894,1244,30138,144
2022-06-21,Nevada,057,99092,17390,17280,1412,18692,129
2022-06-21,Orange,059,3164182,596445,592215,48772,640987,7084
2022-06-21,Placer,061,380077,68999,68447,8277,76724,628
2022-06-21,Plumas,063,18699,3255,3220,393,3613,13
2022-06-21,Riverside,065,2383286,626875,623584,30206,653790,6491
2022-06-21,Sacramento,067,1510023,311278,309105,30288,339393,3071
2022-06-21,San Benito,069,59416,14203,14128,675,14803,99
2022-06-21,San Bernardino,071,2135413,599941,595517,26149,621666,7774
2022-06-21,San Diego,073,3302833,824381,815124,60143,875267,5318
2022-06-21,San Francisco,075,870044,156229,154213,10245,164458,897
2022-06-21,San Joaquin,077,732212,178807,177637,11608,189245,2251
2022-06-21,San Luis Obispo,079,281455,57500,57177,5333,62510,485
2022-06-21,San Mateo,081,765935,147383,145781,9191,154972,723
2022-06-21,Santa Barbara,083,443738,94215,93576,5397,98973,700
2022-06-21,Santa Clara,085,1922200,375018,370678,16103,386781,2340
2022-06-21,Santa Cruz,087,273765,55118,54525,2655,57180,265
2022-06-21,Shasta,089,179085,32030,31786,6398,38184,570
2022-06-21,Sierra,091,2930,284,283,57,340,4
2022-06-21,Siskiyou,093,43540,4758,4711,2966,7677,81
2022-06-21,Solano,095,438530,93026,91528,6457,97985,454
2022-06-21,Sonoma,097,501317,96230,95363,4113,99476,493
2022-06-21,Stanislaus,099,539301,124700,124023,18691,142714,1670
2022-06-21,Sutter,101,95872,21712,21649,2304,23953,227
2022-06-21,Tehama,103,63373,12544,12465,2714,15179,205
2022-06-21,Trinity,105,12862,1237,1223,296,1519,20
2022-06-21,Tulare,107,460477,111207,110768,29921,140689,1496
2022-06-21,Tuolumne,109,53932,13735,13596,661,14257,189
2022-06-21,Ventura,111,848112,187890,186601,11382,197983,1514
2022-06-21,Yolo,113,214977,43174,41689,3576,45265,323
2022-06-21,Yuba,115,75493,17000,16912,1429,18341,124
2022-06-20,Alameda,001,1643700,302256,299567,16882,316449,1888
2022-06-20,Alpine,003,1148,129,129,1,130,0
2022-06-20,Amador,005,37829,9183,9049,739,9788,87
2022-06-20,Butte,007,227075,35473,35203,7522,42725,433
2022-06-20,Calaveras,009,45235,7762,7716,410,8126,122
2022-06-20,Colusa,011,21464,3539,3529,1116,4645,21
2022-06-20,Contra Costa,013,1133247,218694,216355,16316,232671,1328
2022-06-20,Del Norte,015,27424,6445,6367,275,6642,52
2022-06-20,El Dorado,017,186661,29359,29139,3626,32765,215
2022-06-20,Fresno,019,978130,245048,244129,25509,269638,2772
2022-06-20,Glenn,021,27897,5180,5161,1686,6847,48
2022-06-20,Humboldt,023,135768,19249,19111,3831,22942,148
2022-06-20,Imperial,025,180216,58185,57866,11376,69242,944
2022-06-20,Inyo,027,18085,4232,4222,622,4844,56
2022-06-20,Kern,029,883053,200715,199721,49740,249461,2341
2022-06-20,Kings,031,150075,53709,53568,3626,57194,448
2022-06-20,Lake,033,64148,11470,11426,984,12410,140
2022-06-20,Lassen,035,31185,9279,9259,919,10178,64
2022-06-20,Los Angeles,037,10098052,2941749,2925667,142439,3068106,32015
2022-06-20,Madera,039,155013,39291,39139,6589,45728,372
2022-06-20,Marin,041,260295,40006,39687,4515,44202,297
2022-06-20,Mariposa,043,17540,2723,2695,252,2947,30
2022-06-20,Mendocino,045,87422,14301,14201,3653,17854,127
2022-06-20,Merced,047,269075,65458,65120,9509,74629,827
2022-06-20,Modoc,049,8938,775,773,268,1041,8
2022-06-20,Mono,051,14174,3076,3073,175,3248,7
2022-06-20,Monterey,053,433212,85283,84752,16664,101416,742
2022-06-20,Napa,055,140530,29076,28894,1241,30135,144
2022-06-20,Nevada,057,99092,17365,17280,1403,18683,129
2022-06-20,Orange,059,3164182,595182,592215,48620,640835,7084
2022-06-20,Placer,061,380077,68882,68447,8265,76712,628
2022-06-20,Plumas,063,18699,3249,3220,393,3613,13
2022-06-20,Riverside,065,2383286,625937,623584,30138,653722,6491
2022-06-20,Sacramento,067,1510023,310577,309105,30216,339321,3071
2022-06-20,San Benito,069,59416,14157,14128,669,14797,99
2022-06-20,San Bernardino,071,2135413,599038,595517,26112,621629,7774
2022-06-20,San Diego,073,3302833,822390,815124,59896,875020,5318
2022-06-20,San Francisco,075,870044,155613,154213,10206,164419,897
2022-06-20,San Joaquin,077,732212,178480,177637,11564,189201,2251
2022-06-20,San Luis Obispo,079,281455,57399,57177,5285,62462,485
2022-06-20,San Mateo,081,765935,146877,145781,9166,154947,723
2022-06-20,Santa Barbara,083,443738,94031,93576,5372,98948,700
2022-06-20,Santa Clara,085,1922200,373807,370678,16041,386719,2340
2022-06-20,Santa Cruz,087,273765,54944,54525,2648,57173,265
2022-06-20,Shasta,089,179085,31973,31786,6386,38172,570
2022-06-20,Sierra,091,2930,284,283,56,339,4
2022-06-20,Siskiyou,093,43540,4745,4711,2954,7665,81
2022-06-20,Solano,095,438530,92699,91528,6437,97965,454
2022-06-20,Sonoma,097,501317,95993,95363,4090,99453,493
2022-06-20,Stanislaus,099,539301,124514,124023,18664,142687,1670
2022-06-20,Sutter,101,95872,21681,21649,2286,23935,227
2022-06-20,Tehama,103,63373,12529,12465,2711,15176,205
2022-06-20,Trinity,105,12862,1232,1223,296,1519,20
2022-06-20,Tulare,107,460477,111064,110768,29855,140623,1496
2022-06-20,Tuolumne,109,53932,13697,13596,661,14257,189
2022-06-20,Ventura,111,848112,187554,186601,11345,197946,1514
2022-06-20,Yolo,113,214977,43013,41689,3558,45247,323
2022-06-20,Yuba,115,75493,16975,16912,1423,18335,124
2022-06-19,Alameda,001,1643700,301328,296062,16850,312912,1883
2022-06-19,Alpine,003,1148,129,129,1,130,0
2022-06-19,Amador,005,37829,9133,8985,726,9711,87
2022-06-19,Butte,007,227075,35412,34920,7499,42419,432
2022-06-19,Calaveras,009,45235,7744,7664,409,8073,122
2022-06-19,Colusa,011,21464,3534,3519,1112,4631,21
2022-06-19,Contra Costa,013,1133247,218011,213994,16247,230241,1323
2022-06-19,Del Norte,015,27424,6428,6307,272,6579,52
2022-06-19,El Dorado,017,186661,29277,28904,3611,32515,215
2022-06-19,Fresno,019,978130,244603,242214,25454,267668,2768
2022-06-19,Glenn,021,27897,5171,5131,1684,6815,48
2022-06-19,Humboldt,023,135768,19204,18885,3806,22691,148
2022-06-19,Imperial,025,180216,58062,57450,11342,68792,944
2022-06-19,Inyo,027,18085,4231,4209,621,4830,56
2022-06-19,Kern,029,883053,200351,198567,49569,248136,2340
2022-06-19,Kings,031,150075,53614,53242,3623,56865,448
2022-06-19,Lake,033,64148,11456,11318,983,12301,140
2022-06-19,Lassen,035,31185,9266,9225,919,10144,64
2022-06-19,Los Angeles,037,10098052,2936873,2909197,141884,3051081,31999
2022-06-19,Madera,039,155013,39199,38859,6569,45428,372
2022-06-19,Marin,041,260295,39879,39214,4504,43718,294
2022-06-19,Mariposa,043,17540,2716,2662,251,2913,30
2022-06-19,Mendocino,045,87422,14274,14090,3640,17730,127
2022-06-19,Merced,047,269075,65359,64734,9480,74214,827
2022-06-19,Modoc,049,8938,772,771,267,1038,8
2022-06-19,Mono,051,14174,3074,3066,174,3240,6
2022-06-19,Monterey,053,433212,85135,84032,16618,100650,744
2022-06-19,Napa,055,140530,29016,28619,1237,29856,144
2022-06-19,Nevada,057,99092,17335,17134,1395,18529,129
2022-06-19,Orange,059,3164182,593930,587176,48430,635606,7074
2022-06-19,Placer,061,380077,68763,67961,8245,76206,628
2022-06-19,Plumas,063,18699,3241,3201,393,3594,13
2022-06-19,Riverside,065,2383286,625066,619760,30089,649849,6488
2022-06-19,Sacramento,067,1510023,309849,306215,30159,336374,3072
2022-06-19,San Benito,069,59416,14138,13985,667,14652,99
2022-06-19,San Bernardino,071,2135413,598220,591926,26076,618002,7765
2022-06-19,San Diego,073,3302833,820854,815124,59779,874903,5318
2022-06-19,San Francisco,075,870044,155095,151898,10166,162064,897
2022-06-19,San Joaquin,077,732212,178158,176323,11528,187851,2251
2022-06-19,San Luis Obispo,079,281455,57265,56767,5228,61995,485
2022-06-19,San Mateo,081,765935,146428,143879,9133,153012,723
2022-06-19,Santa Barbara,083,443738,93868,92906,5356,98262,699
2022-06-19,Santa Clara,085,1922200,372638,365638,15981,381619,2328
2022-06-19,Santa Cruz,087,273765,54782,53866,2629,56495,264
2022-06-19,Shasta,089,179085,31914,31647,6375,38022,568
2022-06-19,Sierra,091,2930,284,281,56,337,4
2022-06-19,Siskiyou,093,43540,4733,4672,2948,7620,81
2022-06-19,Solano,095,438530,92446,90548,6425,96973,454
2022-06-19,Sonoma,097,501317,95752,94318,4071,98389,493
2022-06-19,Stanislaus,099,539301,124328,123264,18620,141884,1668
2022-06-19,Sutter,101,95872,21646,21501,2278,23779,227
2022-06-19,Tehama,103,63373,12520,12410,2705,15115,205
2022-06-19,Trinity,105,12862,1229,1220,296,1516,20
2022-06-19,Tulare,107,460477,110879,110041,29799,139840,1496
2022-06-19,Tuolumne,109,53932,13670,13487,661,14148,189
2022-06-19,Ventura,111,848112,187204,185219,11302,196521,1513
2022-06-19,Yolo,113,214977,42924,41135,3545,44680,323
2022-06-19,Yuba,115,75493,16944,16786,1420,18206,124
2022-06-18,Alameda,001,1643700,300864,296062,16830,312892,1883
2022-06-18,Alpine,003,1148,129,129,1,130,0
2022-06-18,Amador,005,37829,9126,8985,722,9707,87
2022-06-18,Butte,007,227075,35360,34920,7488,42408,432
2022-06-18,Calaveras,009,45235,7732,7664,409,8073,122
2022-06-18,Colusa,011,21464,3531,3519,1112,4631,21
2022-06-18,Contra Costa,013,1133247,217698,213994,16218,230212,1323
2022-06-18,Del Norte,015,27424,6422,6307,271,6578,52
2022-06-18,El Dorado,017,186661,29248,28904,3608,32512,215
2022-06-18,Fresno,019,978130,244402,242214,25438,267652,2768
2022-06-18,Glenn,021,27897,5168,5131,1682,6813,48
2022-06-18,Humboldt,023,135768,19175,18885,3799,22684,148
2022-06-18,Imperial,025,180216,57992,57450,11329,68779,944
2022-06-18,Inyo,027,18085,4230,4209,620,4829,56
2022-06-18,Kern,029,883053,200228,198567,49483,248050,2340
2022-06-18,Kings,031,150075,53578,53242,3622,56864,448
2022-06-18,Lake,033,64148,11445,11318,981,12299,140
2022-06-18,Lassen,035,31185,9262,9225,919,10144,64
2022-06-18,Los Angeles,037,10098052,2934457,2909197,141591,3050788,31999
2022-06-18,Madera,039,155013,39175,38859,6563,45422,372
2022-06-18,Marin,041,260295,39814,39214,4494,43708,294
2022-06-18,Mariposa,043,17540,2711,2662,251,2913,30
2022-06-18,Mendocino,045,87422,14252,14090,3637,17727,127
2022-06-18,Merced,047,269075,65296,64734,9471,74205,827
2022-06-18,Modoc,049,8938,772,771,267,1038,8
2022-06-18,Mono,051,14174,3073,3066,174,3240,6
2022-06-18,Monterey,053,433212,85044,84032,16589,100621,744
2022-06-18,Napa,055,140530,28991,28619,1236,29855,144
2022-06-18,Nevada,057,99092,17323,17134,1394,18528,129
2022-06-18,Orange,059,3164182,593314,587176,48319,635495,7074
2022-06-18,Placer,061,380077,68698,67961,8232,76193,628
2022-06-18,Plumas,063,18699,3233,3201,393,3594,13
2022-06-18,Riverside,065,2383286,624532,619760,30073,649833,6488
2022-06-18,Sacramento,067,1510023,309535,306215,30137,336352,3072
2022-06-18,San Benito,069,59416,14123,13985,660,14645,99
2022-06-18,San Bernardino,071,2135413,597791,591926,26056,617982,7765
2022-06-18,San Diego,073,3302833,820136,815124,59737,874861,5318
2022-06-18,San Francisco,075,870044,154762,151898,10146,162044,897
2022-06-18,San Joaquin,077,732212,177995,176323,11520,187843,2251
2022-06-18,San Luis Obispo,079,281455,57220,56767,5220,61987,485
2022-06-18,San Mateo,081,765935,146161,143879,9110,152989,723
2022-06-18,Santa Barbara,083,443738,93757,92906,5346,98252,699
2022-06-18,Santa Clara,085,1922200,371880,365638,15937,381575,2328
2022-06-18,Santa Cruz,087,273765,54706,53866,2619,56485,264
2022-06-18,Shasta,089,179085,31893,31647,6372,38019,568
2022-06-18,Sierra,091,2930,284,281,56,337,4
2022-06-18,Siskiyou,093,43540,4725,4672,2944,7616,81
2022-06-18,Solano,095,438530,92363,90548,6416,96964,454
2022-06-18,Sonoma,097,501317,95616,94318,4053,98371,493
2022-06-18,Stanislaus,099,539301,124220,123264,18603,141867,1668
2022-06-18,Sutter,101,95872,21625,21501,2275,23776,227
2022-06-18,Tehama,103,63373,12511,12410,2701,15111,205
2022-06-18,Trinity,105,12862,1228,1220,296,1516,20
2022-06-18,Tulare,107,460477,110797,110041,29758,139799,1496
2022-06-18,Tuolumne,109,53932,13648,13487,658,14145,189
2022-06-18,Ventura,111,848112,187030,185219,11280,196499,1513
2022-06-18,Yolo,113,214977,42855,41135,3540,44675,323
2022-06-18,Yuba,115,75493,16931,16786,1420,18206,124
2022-06-17,Alameda,001,1643700,300389,296062,16805,312867,1883
2022-06-17,Alpine,003,1148,129,129,1,130,0
2022-06-17,Amador,005,37829,9117,8985,722,9707,87
2022-06-17,Butte,007,227075,35328,34920,7478,42398,432
2022-06-17,Calaveras,009,45235,7724,7664,409,8073,122
2022-06-17,Colusa,011,21464,3530,3519,1107,4626,21
2022-06-17,Contra Costa,013,1133247,217402,213994,16194,230188,1323
2022-06-17,Del Norte,015,27424,6408,6307,271,6578,52
2022-06-17,El Dorado,017,186661,29217,28904,3604,32508,215
2022-06-17,Fresno,019,978130,244160,242214,25412,267626,2768
2022-06-17,Glenn,021,27897,5167,5131,1677,6808,48
2022-06-17,Humboldt,023,135768,19148,18885,3795,22680,148
2022-06-17,Imperial,025,180216,57940,57450,11317,68767,944
2022-06-17,Inyo,027,18085,4226,4209,614,4823,56
2022-06-17,Kern,029,883053,200077,198567,49442,248009,2340
2022-06-17,Kings,031,150075,53551,53242,3621,56863,448
2022-06-17,Lake,033,64148,11437,11318,980,12298,140
2022-06-17,Lassen,035,31185,9261,9225,918,10143,64
2022-06-17,Los Angeles,037,10098052,2931619,2909197,141289,3050486,31999
2022-06-17,Madera,039,155013,39150,38859,6557,45416,372
2022-06-17,Marin,041,260295,39719,39214,4482,43696,294
2022-06-17,Mariposa,043,17540,2708,2662,251,2913,30
2022-06-17,Mendocino,045,87422,14236,14090,3634,17724,127
2022-06-17,Merced,047,269075,65239,64734,9466,74200,827
2022-06-17,Modoc,049,8938,772,771,267,1038,8
2022-06-17,Mono,051,14174,3073,3066,174,3240,6
2022-06-17,Monterey,053,433212,84954,84032,16559,100591,744
2022-06-17,Napa,055,140530,28953,28619,1235,29854,144
2022-06-17,Nevada,057,99092,17304,17134,1389,18523,129
2022-06-17,Orange,059,3164182,592633,587176,48188,635364,7074
2022-06-17,Placer,061,380077,68639,67961,8222,76183,628
2022-06-17,Plumas,063,18699,3232,3201,392,3593,13
2022-06-17,Riverside,065,2383286,623979,619760,30037,649797,6488
2022-06-17,Sacramento,067,1510023,309145,306215,30117,336332,3072
2022-06-17,San Benito,069,59416,14111,13985,660,14645,99
2022-06-17,San Bernardino,071,2135413,597353,591926,26026,617952,7765
2022-06-17,San Diego,073,3302833,819172,815124,59632,874756,5318
2022-06-17,San Francisco,075,870044,154443,151898,10112,162010,897
2022-06-17,San Joaquin,077,732212,177846,176323,11510,187833,2251
2022-06-17,San Luis Obispo,079,281455,57183,56767,5214,61981,485
2022-06-17,San Mateo,081,765935,145860,143879,9092,152971,723
2022-06-17,Santa Barbara,083,443738,93652,92906,5334,98240,699
2022-06-17,Santa Clara,085,1922200,371053,365638,15904,381542,2328
2022-06-17,Santa Cruz,087,273765,54640,53866,2614,56480,264
2022-06-17,Shasta,089,179085,31867,31647,6364,38011,568
2022-06-17,Sierra,091,2930,284,281,56,337,4
2022-06-17,Siskiyou,093,43540,4718,4672,2944,7616,81
2022-06-17,Solano,095,438530,92218,90548,6405,96953,454
2022-06-17,Sonoma,097,501317,95450,94318,4037,98355,493
2022-06-17,Stanislaus,099,539301,124123,123264,18594,141858,1668
2022-06-17,Sutter,101,95872,21603,21501,2269,23770,227
2022-06-17,Tehama,103,63373,12496,12410,2698,15108,205
2022-06-17,Trinity,105,12862,1228,1220,296,1516,20
2022-06-17,Tulare,107,460477,110716,110041,29721,139762,1496
2022-06-17,Tuolumne,109,53932,13635,13487,657,14144,189
2022-06-17,Ventura,111,848112,186850,185219,11260,196479,1513
2022-06-17,Yolo,113,214977,42772,41135,3528,44663,323
2022-06-17,Yuba,115,75493,16924,16786,1417,18203,124
2022-06-16,Alameda,001,1643700,299583,296062,16742,312804,1883
2022-06-16,Alpine,003,1148,129,129,1,130,0
2022-06-16,Amador,005,37829,9110,8985,718,9703,87
2022-06-16,Butte,007,227075,35253,34920,7463,42383,432
2022-06-16,Calaveras,009,45235,7712,7664,408,8072,122
2022-06-16,Colusa,011,21464,3528,3519,1106,4625,21
2022-06-16,Contra Costa,013,1133247,216941,213994,16143,230137,1323
2022-06-16,Del Norte,015,27424,6394,6307,270,6577,52
2022-06-16,El Dorado,017,186661,29165,28904,3592,32496,215
2022-06-16,Fresno,019,978130,243790,242214,25356,267570,2768
2022-06-16,Glenn,021,27897,5159,5131,1673,6804,48
2022-06-16,Humboldt,023,135768,19118,18885,3781,22666,148
2022-06-16,Imperial,025,180216,57839,57450,11288,68738,944
2022-06-16,Inyo,027,18085,4225,4209,611,4820,56
2022-06-16,Kern,029,883053,199866,198567,49329,247896,2340
2022-06-16,Kings,031,150075,53484,53242,3617,56859,448
2022-06-16,Lake,033,64148,11421,11318,980,12298,140
2022-06-16,Lassen,035,31185,9254,9225,918,10143,64
2022-06-16,Los Angeles,037,10098052,2927640,2909197,140935,3050132,31999
2022-06-16,Madera,039,155013,39120,38859,6548,45407,372
2022-06-16,Marin,041,260295,39621,39214,4469,43683,294
2022-06-16,Mariposa,043,17540,2700,2662,250,2912,30
2022-06-16,Mendocino,045,87422,14207,14090,3625,17715,127
2022-06-16,Merced,047,269075,65164,64734,9446,74180,827
2022-06-16,Modoc,049,8938,772,771,267,1038,8
2022-06-16,Mono,051,14174,3072,3066,173,3239,6
2022-06-16,Monterey,053,433212,84805,84032,16505,100537,744
2022-06-16,Napa,055,140530,28909,28619,1232,29851,144
2022-06-16,Nevada,057,99092,17281,17134,1384,18518,129
2022-06-16,Orange,059,3164182,591606,587176,48053,635229,7074
2022-06-16,Placer,061,380077,68555,67961,8200,76161,628
2022-06-16,Plumas,063,18699,3225,3201,391,3592,13
2022-06-16,Riverside,065,2383286,623234,619760,29993,649753,6488
2022-06-16,Sacramento,067,1510023,308562,306215,30085,336300,3072
2022-06-16,San Benito,069,59416,14087,13985,658,14643,99
2022-06-16,San Bernardino,071,2135413,596699,591926,25993,617919,7765
2022-06-16,San Diego,073,3302833,817645,815124,59470,874594,5318
2022-06-16,San Francisco,075,870044,153991,151898,10073,161971,897
2022-06-16,San Joaquin,077,732212,177595,176323,11494,187817,2251
2022-06-16,San Luis Obispo,079,281455,57105,56767,5195,61962,485
2022-06-16,San Mateo,081,765935,145497,143879,9077,152956,723
2022-06-16,Santa Barbara,083,443738,93504,92906,5320,98226,699
2022-06-16,Santa Clara,085,1922200,370110,365638,15860,381498,2328
2022-06-16,Santa Cruz,087,273765,54508,53866,2602,56468,264
2022-06-16,Shasta,089,179085,31837,31647,6353,38000,568
2022-06-16,Sierra,091,2930,283,281,56,337,4
2022-06-16,Siskiyou,093,43540,4709,4672,2935,7607,81
2022-06-16,Solano,095,438530,92026,90548,6393,96941,454
2022-06-16,Sonoma,097,501317,95265,94318,4021,98339,493
2022-06-16,Stanislaus,099,539301,123963,123264,18578,141842,1668
2022-06-16,Sutter,101,95872,21578,21501,2267,23768,227
2022-06-16,Tehama,103,63373,12477,12410,2696,15106,205
2022-06-16,Trinity,105,12862,1226,1220,293,1513,20
2022-06-16,Tulare,107,460477,110583,110041,29678,139719,1496
2022-06-16,Tuolumne,109,53932,13611,13487,653,14140,189
2022-06-16,Ventura,111,848112,186579,185219,11216,196435,1513
2022-06-16,Yolo,113,214977,42681,41135,3517,44652,323
2022-06-16,Yuba,115,75493,16900,16786,1413,18199,124
2022-06-15,Alameda,001,1643700,298785,295002,16684,311686,1880
2022-06-15,Alpine,003,1148,129,129,1,130,0
2022-06-15,Amador,005,37829,9102,8972,718,9690,87
2022-06-15,Butte,007,227075,35190,34841,7444,42285,430
2022-06-15,Calaveras,009,45235,7709,7648,406,8054,122
2022-06-15,Colusa,011,21464,3524,3515,1104,4619,21
2022-06-15,Contra Costa,013,1133247,216489,213219,16102,229321,1321
2022-06-15,Del Norte,015,27424,6383,6298,269,6567,52
2022-06-15,El Dorado,017,186661,29112,28829,3579,32408,215
2022-06-15,Fresno,019,978130,243427,241768,25313,267081,2767
2022-06-15,Glenn,021,27897,5154,5128,1665,6793,48
2022-06-15,Humboldt,023,135768,19080,18836,3756,22592,148
2022-06-15,Imperial,025,180216,57756,57373,11265,68638,941
2022-06-15,Inyo,027,18085,4223,4205,610,4815,56
2022-06-15,Kern,029,883053,199603,198216,49224,247440,2338
2022-06-15,Kings,031,150075,53430,53170,3615,56785,448
2022-06-15,Lake,033,64148,11403,11303,976,12279,140
2022-06-15,Lassen,035,31185,9250,9209,917,10126,64
2022-06-15,Los Angeles,037,10098052,2923347,2897298,140582,3037880,31971
2022-06-15,Madera,039,155013,39076,38776,6532,45308,372
2022-06-15,Marin,041,260295,39532,39027,4462,43489,294
2022-06-15,Mariposa,043,17540,2696,2651,248,2899,30
2022-06-15,Mendocino,045,87422,14181,14052,3622,17674,127
2022-06-15,Merced,047,269075,65083,64595,9433,74028,825
2022-06-15,Modoc,049,8938,771,772,267,1039,8
2022-06-15,Mono,051,14174,3072,3060,173,3233,6
2022-06-15,Monterey,053,433212,84666,83837,16465,100302,741
2022-06-15,Napa,055,140530,28849,28518,1225,29743,144
2022-06-15,Nevada,057,99092,17256,17107,1380,18487,127
2022-06-15,Orange,059,3164182,590569,585496,47885,633381,7067
2022-06-15,Placer,061,380077,68433,67805,8183,75988,628
2022-06-15,Plumas,063,18699,3220,3185,389,3574,13
2022-06-15,Riverside,065,2383286,622511,618584,29941,648525,6482
2022-06-15,Sacramento,067,1510023,307966,305361,30037,335398,3059
2022-06-15,San Benito,069,59416,14050,13953,651,14604,99
2022-06-15,San Bernardino,071,2135413,596049,590328,25956,616284,7735
2022-06-15,San Diego,073,3302833,816092,811093,59304,870397,5316
2022-06-15,San Francisco,075,870044,153553,151170,10048,161218,890
2022-06-15,San Joaquin,077,732212,177352,175966,11464,187430,2244
2022-06-15,San Luis Obispo,079,281455,57020,56535,5158,61693,486
2022-06-15,San Mateo,081,765935,145101,143277,9061,152338,722
2022-06-15,Santa Barbara,083,443738,93371,92710,5313,98023,698
2022-06-15,Santa Clara,085,1922200,369112,364014,15824,379838,2323
2022-06-15,Santa Cruz,087,273765,54393,53718,2597,56315,265
2022-06-15,Shasta,089,179085,31797,31598,6346,37944,568
2022-06-15,Sierra,091,2930,281,280,56,336,4
2022-06-15,Siskiyou,093,43540,4698,4656,2925,7581,81
2022-06-15,Solano,095,438530,91808,90265,6385,96650,453
2022-06-15,Sonoma,097,501317,95071,94041,4010,98051,492
2022-06-15,Stanislaus,099,539301,123820,122944,18555,141499,1668
2022-06-15,Sutter,101,95872,21550,21448,2262,23710,227
2022-06-15,Tehama,103,63373,12469,12392,2690,15082,205
2022-06-15,Trinity,105,12862,1225,1217,291,1508,20
2022-06-15,Tulare,107,460477,110477,109930,29644,139574,1495
2022-06-15,Tuolumne,109,53932,13600,13459,653,14112,189
2022-06-15,Ventura,111,848112,186305,184750,11168,195918,1509
2022-06-15,Yolo,113,214977,42576,40756,3502,44258,322
2022-06-15,Yuba,115,75493,16875,16754,1408,18162,124
2022-06-14,Alameda,001,1643700,298079,295002,16632,311634,1880
2022-06-14,Alpine,003,1148,129,129,1,130,0
2022-06-14,Amador,005,37829,9086,8972,713,9685,87
2022-06-14,Butte,007,227075,35137,34841,7429,42270,430
2022-06-14,Calaveras,009,45235,7699,7648,405,8053,122
2022-06-14,Colusa,011,21464,3522,3515,1103,4618,21
2022-06-14,Contra Costa,013,1133247,215963,213219,16043,229262,1321
2022-06-14,Del Norte,015,27424,6375,6298,266,6564,52
2022-06-14,El Dorado,017,186661,29060,28829,3570,32399,215
2022-06-14,Fresno,019,978130,243034,241768,25259,267027,2767
2022-06-14,Glenn,021,27897,5146,5128,1662,6790,48
2022-06-14,Humboldt,023,135768,19030,18836,3739,22575,148
2022-06-14,Imperial,025,180216,57681,57373,11235,68608,941
2022-06-14,Inyo,027,18085,4218,4205,609,4814,56
2022-06-14,Kern,029,883053,199343,198216,49107,247323,2338
2022-06-14,Kings,031,150075,53360,53170,3613,56783,448
2022-06-14,Lake,033,64148,11377,11303,975,12278,140
2022-06-14,Lassen,035,31185,9244,9209,914,10123,64
2022-06-14,Los Angeles,037,10098052,2918823,2897298,140166,3037464,31971
2022-06-14,Madera,039,155013,39022,38776,6524,45300,372
2022-06-14,Marin,041,260295,39423,39027,4451,43478,294
2022-06-14,Mariposa,043,17540,2685,2651,247,2898,30
2022-06-14,Mendocino,045,87422,14153,14052,3610,17662,127
2022-06-14,Merced,047,269075,65001,64595,9408,74003,825
2022-06-14,Modoc,049,8938,771,772,266,1038,8
2022-06-14,Mono,051,14174,3072,3060,172,3232,6
2022-06-14,Monterey,053,433212,84528,83837,16419,100256,741
2022-06-14,Napa,055,140530,28787,28518,1224,29742,144
2022-06-14,Nevada,057,99092,17224,17107,1375,18482,127
2022-06-14,Orange,059,3164182,589438,585496,47725,633221,7067
2022-06-14,Placer,061,380077,68308,67805,8168,75973,628
2022-06-14,Plumas,063,18699,3215,3185,389,3574,13
2022-06-14,Riverside,065,2383286,621730,618584,29906,648490,6482
2022-06-14,Sacramento,067,1510023,307341,305361,29956,335317,3059
2022-06-14,San Benito,069,59416,14015,13953,649,14602,99
2022-06-14,San Bernardino,071,2135413,595341,590328,25919,616247,7735
2022-06-14,San Diego,073,3302833,814377,811093,59151,870244,5316
2022-06-14,San Francisco,075,870044,153064,151170,10023,161193,890
2022-06-14,San Joaquin,077,732212,177083,175966,11430,187396,2244
2022-06-14,San Luis Obispo,079,281455,56913,56535,5110,61645,486
2022-06-14,San Mateo,081,765935,144723,143277,9047,152324,722
2022-06-14,Santa Barbara,083,443738,93235,92710,5298,98008,698
2022-06-14,Santa Clara,085,1922200,368045,364014,15777,379791,2323
2022-06-14,Santa Cruz,087,273765,54268,53718,2586,56304,265
2022-06-14,Shasta,089,179085,31767,31598,6338,37936,568
2022-06-14,Sierra,091,2930,281,280,56,336,4
2022-06-14,Siskiyou,093,43540,4688,4656,2919,7575,81
2022-06-14,Solano,095,438530,91549,90265,6365,96630,453
2022-06-14,Sonoma,097,501317,94860,94041,3997,98038,492
2022-06-14,Stanislaus,099,539301,123641,122944,18526,141470,1668
2022-06-14,Sutter,101,95872,21512,21448,2258,23706,227
2022-06-14,Tehama,103,63373,12451,12392,2689,15081,205
2022-06-14,Trinity,105,12862,1224,1217,291,1508,20
2022-06-14,Tulare,107,460477,110335,109930,29598,139528,1495
2022-06-14,Tuolumne,109,53932,13580,13459,649,14108,189
2022-06-14,Ventura,111,848112,186012,184750,11131,195881,1509
2022-06-14,Yolo,113,214977,42469,40756,3491,44247,322
2022-06-14,Yuba,115,75493,16845,16754,1405,18159,124
2022-06-13,Alameda,001,1643700,297252,295002,16582,311584,1880
2022-06-13,Alpine,003,1148,129,129,1,130,0
2022-06-13,Amador,005,37829,9079,8972,711,9683,87
2022-06-13,Butte,007,227075,35062,34841,7404,42245,430
2022-06-13,Calaveras,009,45235,7680,7648,405,8053,122
2022-06-13,Colusa,011,21464,3522,3515,1100,4615,21
2022-06-13,Contra Costa,013,1133247,215385,213219,15975,229194,1321
2022-06-13,Del Norte,015,27424,6363,6298,262,6560,52
2022-06-13,El Dorado,017,186661,29010,28829,3558,32387,215
2022-06-13,Fresno,019,978130,242614,241768,25207,266975,2767
2022-06-13,Glenn,021,27897,5142,5128,1657,6785,48
2022-06-13,Humboldt,023,135768,18976,18836,3715,22551,148
2022-06-13,Imperial,025,180216,57581,57373,11192,68565,941
2022-06-13,Inyo,027,18085,4214,4205,604,4809,56
2022-06-13,Kern,029,883053,199077,198216,48971,247187,2338
2022-06-13,Kings,031,150075,53295,53170,3609,56779,448
2022-06-13,Lake,033,64148,11352,11303,974,12277,140
2022-06-13,Lassen,035,31185,9236,9209,911,10120,64
2022-06-13,Los Angeles,037,10098052,2914260,2897298,139776,3037074,31971
2022-06-13,Madera,039,155013,38955,38776,6506,45282,372
2022-06-13,Marin,041,260295,39316,39027,4423,43450,294
2022-06-13,Mariposa,043,17540,2672,2651,246,2897,30
2022-06-13,Mendocino,045,87422,14129,14052,3594,17646,127
2022-06-13,Merced,047,269075,64924,64595,9382,73977,825
2022-06-13,Modoc,049,8938,770,772,266,1038,8
2022-06-13,Mono,051,14174,3070,3060,172,3232,6
2022-06-13,Monterey,053,433212,84395,83837,16367,100204,741
2022-06-13,Napa,055,140530,28717,28518,1220,29738,144
2022-06-13,Nevada,057,99092,17193,17107,1372,18479,127
2022-06-13,Orange,059,3164182,588194,585496,47548,633044,7067
2022-06-13,Placer,061,380077,68212,67805,8146,75951,628
2022-06-13,Plumas,063,18699,3210,3185,388,3573,13
2022-06-13,Riverside,065,2383286,620990,618584,29871,648455,6482
2022-06-13,Sacramento,067,1510023,306667,305361,29892,335253,3059
2022-06-13,San Benito,069,59416,13988,13953,643,14596,99
2022-06-13,San Bernardino,071,2135413,594557,590328,25896,616224,7735
2022-06-13,San Diego,073,3302833,812664,811093,59048,870141,5316
2022-06-13,San Francisco,075,870044,152514,151170,10005,161175,890
2022-06-13,San Joaquin,077,732212,176824,175966,11393,187359,2244
2022-06-13,San Luis Obispo,079,281455,56815,56535,5059,61594,486
2022-06-13,San Mateo,081,765935,144293,143277,9023,152300,722
2022-06-13,Santa Barbara,083,443738,93106,92710,5285,97995,698
2022-06-13,Santa Clara,085,1922200,367032,364014,15725,379739,2323
2022-06-13,Santa Cruz,087,273765,54130,53718,2579,56297,265
2022-06-13,Shasta,089,179085,31733,31598,6331,37929,568
2022-06-13,Sierra,091,2930,281,280,56,336,4
2022-06-13,Siskiyou,093,43540,4684,4656,2911,7567,81
2022-06-13,Solano,095,438530,91312,90265,6340,96605,453
2022-06-13,Sonoma,097,501317,94631,94041,3977,98018,492
2022-06-13,Stanislaus,099,539301,123471,122944,18507,141451,1668
2022-06-13,Sutter,101,95872,21484,21448,2254,23702,227
2022-06-13,Tehama,103,63373,12431,12392,2686,15078,205
2022-06-13,Trinity,105,12862,1222,1217,291,1508,20
2022-06-13,Tulare,107,460477,110183,109930,29548,139478,1495
2022-06-13,Tuolumne,109,53932,13558,13459,646,14105,189
2022-06-13,Ventura,111,848112,185720,184750,11079,195829,1509
2022-06-13,Yolo,113,214977,42331,40756,3479,44235,322
2022-06-13,Yuba,115,75493,16827,16754,1401,18155,124
2022-06-12,Alameda,001,1643700,296437,292112,16523,308635,1877
2022-06-12,Alpine,003,1148,129,129,1,130,0
2022-06-12,Amador,005,37829,9056,8869,710,9579,87
2022-06-12,Butte,007,227075,35004,34596,7383,41979,427
2022-06-12,Calaveras,009,45235,7666,7604,402,8006,122
2022-06-12,Colusa,011,21464,3521,3505,1099,4604,21
2022-06-12,Contra Costa,013,1133247,214799,211229,15903,227132,1315
2022-06-12,Del Norte,015,27424,6349,6253,262,6515,52
2022-06-12,El Dorado,017,186661,28949,28641,3541,32182,215
2022-06-12,Fresno,019,978130,242154,240345,25156,265501,2766
2022-06-12,Glenn,021,27897,5138,5104,1655,6759,48
2022-06-12,Humboldt,023,135768,18910,18696,3679,22375,148
2022-06-12,Imperial,025,180216,57504,57129,11148,68277,941
2022-06-12,Inyo,027,18085,4213,4194,603,4797,56
2022-06-12,Kern,029,883053,198796,197353,48850,246203,2338
2022-06-12,Kings,031,150075,53216,52978,3604,56582,447
2022-06-12,Lake,033,64148,11328,11202,973,12175,139
2022-06-12,Lassen,035,31185,9218,9172,909,10081,64
2022-06-12,Los Angeles,037,10098052,2909308,2878981,139296,3018277,31947
2022-06-12,Madera,039,155013,38862,38567,6482,45049,372
2022-06-12,Marin,041,260295,39208,38593,4399,42992,294
2022-06-12,Mariposa,043,17540,2666,2625,245,2870,30
2022-06-12,Mendocino,045,87422,14106,13945,3588,17533,127
2022-06-12,Merced,047,269075,64809,64286,9353,73639,825
2022-06-12,Modoc,049,8938,770,767,266,1033,8
2022-06-12,Mono,051,14174,3066,3052,171,3223,6
2022-06-12,Monterey,053,433212,84239,83391,16289,99680,739
2022-06-12,Napa,055,140530,28655,28202,1211,29413,143
2022-06-12,Nevada,057,99092,17150,16989,1366,18355,127
2022-06-12,Orange,059,3164182,586922,581624,47365,628989,7057
2022-06-12,Placer,061,380077,68099,67306,8121,75427,628
2022-06-12,Plumas,063,18699,3204,3172,387,3559,13
2022-06-12,Riverside,065,2383286,620047,615556,29803,645359,6481
2022-06-12,Sacramento,067,1510023,305933,302721,29791,332512,3058
2022-06-12,San Benito,069,59416,13953,13832,637,14469,99
2022-06-12,San Bernardino,071,2135413,593651,587385,25850,613235,7708
2022-06-12,San Diego,073,3302833,810933,805360,58914,864274,5315
2022-06-12,San Francisco,075,870044,151954,149278,9959,159237,890
2022-06-12,San Joaquin,077,732212,176471,174822,11366,186188,2244
2022-06-12,San Luis Obispo,079,281455,56679,56160,4998,61158,485
2022-06-12,San Mateo,081,765935,143832,141719,8981,150700,715
2022-06-12,Santa Barbara,083,443738,92933,92177,5271,97448,694
2022-06-12,Santa Clara,085,1922200,365854,359925,15678,375603,2322
2022-06-12,Santa Cruz,087,273765,53969,53171,2574,55745,264
2022-06-12,Shasta,089,179085,31686,31483,6317,37800,566
2022-06-12,Sierra,091,2930,281,278,56,334,4
2022-06-12,Siskiyou,093,43540,4676,4633,2906,7539,81
2022-06-12,Solano,095,438530,91021,89424,6321,95745,453
2022-06-12,Sonoma,097,501317,94379,93218,3954,97172,492
2022-06-12,Stanislaus,099,539301,123272,122267,18470,140737,1665
2022-06-12,Sutter,101,95872,21443,21333,2238,23571,227
2022-06-12,Tehama,103,63373,12413,12343,2681,15024,205
2022-06-12,Trinity,105,12862,1219,1213,291,1504,20
2022-06-12,Tulare,107,460477,109980,109467,29482,138949,1495
2022-06-12,Tuolumne,109,53932,13530,13382,644,14026,189
2022-06-12,Ventura,111,848112,185362,183680,11033,194713,1508
2022-06-12,Yolo,113,214977,42210,40202,3474,43676,323
2022-06-12,Yuba,115,75493,16799,16653,1393,18046,123
2022-06-11,Alameda,001,1643700,296022,292112,16500,308612,1877
2022-06-11,Alpine,003,1148,129,129,1,130,0
2022-06-11,Amador,005,37829,9042,8869,710,9579,87
2022-06-11,Butte,007,227075,34969,34596,7367,41963,427
2022-06-11,Calaveras,009,45235,7659,7604,401,8005,122
2022-06-11,Colusa,011,21464,3519,3505,1098,4603,21
2022-06-11,Contra Costa,013,1133247,214488,211229,15867,227096,1315
2022-06-11,Del Norte,015,27424,6341,6253,262,6515,52
2022-06-11,El Dorado,017,186661,28930,28641,3539,32180,215
2022-06-11,Fresno,019,978130,241960,240345,25137,265482,2766
2022-06-11,Glenn,021,27897,5136,5104,1655,6759,48
2022-06-11,Humboldt,023,135768,18887,18696,3671,22367,148
2022-06-11,Imperial,025,180216,57447,57129,11134,68263,941
2022-06-11,Inyo,027,18085,4213,4194,601,4795,56
2022-06-11,Kern,029,883053,198673,197353,48778,246131,2338
2022-06-11,Kings,031,150075,53184,52978,3603,56581,447
2022-06-11,Lake,033,64148,11320,11202,970,12172,139
2022-06-11,Lassen,035,31185,9213,9172,908,10080,64
2022-06-11,Los Angeles,037,10098052,2906962,2878981,139012,3017993,31947
2022-06-11,Madera,039,155013,38841,38567,6480,45047,372
2022-06-11,Marin,041,260295,39131,38593,4365,42958,294
2022-06-11,Mariposa,043,17540,2662,2625,244,2869,30
2022-06-11,Mendocino,045,87422,14095,13945,3584,17529,127
2022-06-11,Merced,047,269075,64761,64286,9349,73635,825
2022-06-11,Modoc,049,8938,770,767,266,1033,8
2022-06-11,Mono,051,14174,3066,3052,171,3223,6
2022-06-11,Monterey,053,433212,84156,83391,16257,99648,739
2022-06-11,Napa,055,140530,28616,28202,1207,29409,143
2022-06-11,Nevada,057,99092,17137,16989,1364,18353,127
2022-06-11,Orange,059,3164182,586280,581624,47230,628854,7057
2022-06-11,Placer,061,380077,68011,67306,8112,75418,628
2022-06-11,Plumas,063,18699,3201,3172,387,3559,13
2022-06-11,Riverside,065,2383286,619520,615556,29774,645330,6481
2022-06-11,Sacramento,067,1510023,305627,302721,29756,332477,3058
2022-06-11,San Benito,069,59416,13943,13832,634,14466,99
2022-06-11,San Bernardino,071,2135413,593240,587385,25828,613213,7708
2022-06-11,San Diego,073,3302833,810231,805360,58871,864231,5315
2022-06-11,San Francisco,075,870044,151633,149278,9939,159217,890
2022-06-11,San Joaquin,077,732212,176316,174822,11348,186170,2244
2022-06-11,San Luis Obispo,079,281455,56645,56160,4989,61149,485
2022-06-11,San Mateo,081,765935,143609,141719,8959,150678,715
2022-06-11,Santa Barbara,083,443738,92867,92177,5258,97435,694
2022-06-11,Santa Clara,085,1922200,365093,359925,15639,375564,2322
2022-06-11,Santa Cruz,087,273765,53914,53171,2560,55731,264
2022-06-11,Shasta,089,179085,31670,31483,6311,37794,566
2022-06-11,Sierra,091,2930,281,278,56,334,4
2022-06-11,Siskiyou,093,43540,4670,4633,2898,7531,81
2022-06-11,Solano,095,438530,90932,89424,6312,95736,453
2022-06-11,Sonoma,097,501317,94272,93218,3930,97148,492
2022-06-11,Stanislaus,099,539301,123169,122267,18450,140717,1665
2022-06-11,Sutter,101,95872,21426,21333,2236,23569,227
2022-06-11,Tehama,103,63373,12406,12343,2681,15024,205
2022-06-11,Trinity,105,12862,1219,1213,291,1504,20
2022-06-11,Tulare,107,460477,109899,109467,29452,138919,1495
2022-06-11,Tuolumne,109,53932,13504,13382,643,14025,189
2022-06-11,Ventura,111,848112,185185,183680,11002,194682,1508
2022-06-11,Yolo,113,214977,42146,40202,3468,43670,323
2022-06-11,Yuba,115,75493,16780,16653,1389,18042,123
2022-06-10,Alameda,001,1643700,295551,292112,16476,308588,1877
2022-06-10,Alpine,003,1148,129,129,1,130,0
2022-06-10,Amador,005,37829,9029,8869,709,9578,87
2022-06-10,Butte,007,227075,34937,34596,7356,41952,427
2022-06-10,Calaveras,009,45235,7654,7604,400,8004,122
2022-06-10,Colusa,011,21464,3514,3505,1097,4602,21
2022-06-10,Contra Costa,013,1133247,214220,211229,15836,227065,1315
2022-06-10,Del Norte,015,27424,6335,6253,261,6514,52
2022-06-10,El Dorado,017,186661,28901,28641,3535,32176,215
2022-06-10,Fresno,019,978130,241731,240345,25114,265459,2766
2022-06-10,Glenn,021,27897,5134,5104,1652,6756,48
2022-06-10,Humboldt,023,135768,18865,18696,3664,22360,148
2022-06-10,Imperial,025,180216,57401,57129,11131,68260,941
2022-06-10,Inyo,027,18085,4212,4194,598,4792,56
2022-06-10,Kern,029,883053,198527,197353,48687,246040,2338
2022-06-10,Kings,031,150075,53164,52978,3602,56580,447
2022-06-10,Lake,033,64148,11305,11202,969,12171,139
2022-06-10,Lassen,035,31185,9210,9172,906,10078,64
2022-06-10,Los Angeles,037,10098052,2904251,2878981,138742,3017723,31947
2022-06-10,Madera,039,155013,38813,38567,6473,45040,372
2022-06-10,Marin,041,260295,39036,38593,4338,42931,294
2022-06-10,Mariposa,043,17540,2658,2625,243,2868,30
2022-06-10,Mendocino,045,87422,14077,13945,3576,17521,127
2022-06-10,Merced,047,269075,64718,64286,9344,73630,825
2022-06-10,Modoc,049,8938,770,767,266,1033,8
2022-06-10,Mono,051,14174,3066,3052,170,3222,6
2022-06-10,Monterey,053,433212,84065,83391,16217,99608,739
2022-06-10,Napa,055,140530,28585,28202,1206,29408,143
2022-06-10,Nevada,057,99092,17124,16989,1363,18352,127
2022-06-10,Orange,059,3164182,585619,581624,47116,628740,7057
2022-06-10,Placer,061,380077,67941,67306,8094,75400,628
2022-06-10,Plumas,063,18699,3197,3172,387,3559,13
2022-06-10,Riverside,065,2383286,619000,615556,29745,645301,6481
2022-06-10,Sacramento,067,1510023,305229,302721,29733,332454,3058
2022-06-10,San Benito,069,59416,13929,13832,633,14465,99
2022-06-10,San Bernardino,071,2135413,592842,587385,25797,613182,7708
2022-06-10,San Diego,073,3302833,809314,805360,58838,864198,5315
2022-06-10,San Francisco,075,870044,151312,149278,9900,159178,890
2022-06-10,San Joaquin,077,732212,176201,174822,11333,186155,2244
2022-06-10,San Luis Obispo,079,281455,56610,56160,4982,61142,485
2022-06-10,San Mateo,081,765935,143356,141719,8946,150665,715
2022-06-10,Santa Barbara,083,443738,92768,92177,5254,97431,694
2022-06-10,Santa Clara,085,1922200,364349,359925,15605,375530,2322
2022-06-10,Santa Cruz,087,273765,53815,53171,2551,55722,264
2022-06-10,Shasta,089,179085,31650,31483,6302,37785,566
2022-06-10,Sierra,091,2930,280,278,56,334,4
2022-06-10,Siskiyou,093,43540,4663,4633,2892,7525,81
2022-06-10,Solano,095,438530,90772,89424,6300,95724,453
2022-06-10,Sonoma,097,501317,94113,93218,3907,97125,492
2022-06-10,Stanislaus,099,539301,123050,122267,18438,140705,1665
2022-06-10,Sutter,101,95872,21411,21333,2234,23567,227
2022-06-10,Tehama,103,63373,12398,12343,2680,15023,205
2022-06-10,Trinity,105,12862,1217,1213,291,1504,20
2022-06-10,Tulare,107,460477,109832,109467,29431,138898,1495
2022-06-10,Tuolumne,109,53932,13490,13382,641,14023,189
2022-06-10,Ventura,111,848112,184999,183680,10968,194648,1508
2022-06-10,Yolo,113,214977,42056,40202,3460,43662,323
2022-06-10,Yuba,115,75493,16759,16653,1386,18039,123
2022-06-09,Alameda,001,1643700,294640,292112,16423,308535,1877
2022-06-09,Alpine,003,1148,129,129,1,130,0
2022-06-09,Amador,005,37829,9018,8869,707,9576,87
2022-06-09,Butte,007,227075,34878,34596,7347,41943,427
2022-06-09,Calaveras,009,45235,7644,7604,400,8004,122
2022-06-09,Colusa,011,21464,3513,3505,1095,4600,21
2022-06-09,Contra Costa,013,1133247,213708,211229,15792,227021,1315
2022-06-09,Del Norte,015,27424,6322,6253,259,6512,52
2022-06-09,El Dorado,017,186661,28844,28641,3526,32167,215
2022-06-09,Fresno,019,978130,241375,240345,25071,265416,2766
2022-06-09,Glenn,021,27897,5128,5104,1650,6754,48
2022-06-09,Humboldt,023,135768,18817,18696,3653,22349,148
2022-06-09,Imperial,025,180216,57344,57129,11114,68243,941
2022-06-09,Inyo,027,18085,4209,4194,593,4787,56
2022-06-09,Kern,029,883053,198326,197353,48588,245941,2338
2022-06-09,Kings,031,150075,53122,52978,3599,56577,447
2022-06-09,Lake,033,64148,11280,11202,968,12170,139
2022-06-09,Lassen,035,31185,9191,9172,904,10076,64
2022-06-09,Los Angeles,037,10098052,2899862,2878981,138363,3017344,31947
2022-06-09,Madera,039,155013,38759,38567,6460,45027,372
2022-06-09,Marin,041,260295,38934,38593,4314,42907,294
2022-06-09,Mariposa,043,17540,2654,2625,242,2867,30
2022-06-09,Mendocino,045,87422,14049,13945,3574,17519,127
2022-06-09,Merced,047,269075,64640,64286,9335,73621,825
2022-06-09,Modoc,049,8938,769,767,266,1033,8
2022-06-09,Mono,051,14174,3060,3052,168,3220,6
2022-06-09,Monterey,053,433212,83945,83391,16149,99540,739
2022-06-09,Napa,055,140530,28525,28202,1204,29406,143
2022-06-09,Nevada,057,99092,17091,16989,1362,18351,127
2022-06-09,Orange,059,3164182,584556,581624,46969,628593,7057
2022-06-09,Placer,061,380077,67820,67306,8081,75387,628
2022-06-09,Plumas,063,18699,3191,3172,387,3559,13
2022-06-09,Riverside,065,2383286,618308,615556,29705,645261,6481
2022-06-09,Sacramento,067,1510023,304650,302721,29651,332372,3058
2022-06-09,San Benito,069,59416,13911,13832,631,14463,99
2022-06-09,San Bernardino,071,2135413,592178,587385,25766,613151,7708
2022-06-09,San Diego,073,3302833,807899,805360,58715,864075,5315
2022-06-09,San Francisco,075,870044,150911,149278,9870,159148,890
2022-06-09,San Joaquin,077,732212,175911,174822,11315,186137,2244
2022-06-09,San Luis Obispo,079,281455,56523,56160,4955,61115,485
2022-06-09,San Mateo,081,765935,142975,141719,8920,150639,715
2022-06-09,Santa Barbara,083,443738,92637,92177,5249,97426,694
2022-06-09,Santa Clara,085,1922200,363382,359925,15537,375462,2322
2022-06-09,Santa Cruz,087,273765,53683,53171,2541,55712,264
2022-06-09,Shasta,089,179085,31619,31483,6292,37775,566
2022-06-09,Sierra,091,2930,280,278,56,334,4
2022-06-09,Siskiyou,093,43540,4656,4633,2878,7511,81
2022-06-09,Solano,095,438530,90528,89424,6286,95710,453
2022-06-09,Sonoma,097,501317,93957,93218,3889,97107,492
2022-06-09,Stanislaus,099,539301,122882,122267,18425,140692,1665
2022-06-09,Sutter,101,95872,21374,21333,2234,23567,227
2022-06-09,Tehama,103,63373,12380,12343,2679,15022,205
2022-06-09,Trinity,105,12862,1216,1213,291,1504,20
2022-06-09,Tulare,107,460477,109711,109467,29395,138862,1495
2022-06-09,Tuolumne,109,53932,13459,13382,638,14020,189
2022-06-09,Ventura,111,848112,184732,183680,10937,194617,1508
2022-06-09,Yolo,113,214977,41944,40202,3445,43647,323
2022-06-09,Yuba,115,75493,16736,16653,1383,18036,123
2022-06-08,Alameda,001,1643700,293877,289661,16383,306044,1873
2022-06-08,Alpine,003,1148,129,128,1,129,0
2022-06-08,Amador,005,37829,9010,8818,705,9523,87
2022-06-08,Butte,007,227075,34814,34380,7330,41710,427
2022-06-08,Calaveras,009,45235,7630,7564,400,7964,122
2022-06-08,Colusa,011,21464,3511,3495,1092,4587,21
2022-06-08,Contra Costa,013,1133247,213200,209384,15751,225135,1310
2022-06-08,Del Norte,015,27424,6300,6229,259,6488,52
2022-06-08,El Dorado,017,186661,28792,28478,3525,32003,215
2022-06-08,Fresno,019,978130,241038,239376,25008,264384,2766
2022-06-08,Glenn,021,27897,5124,5095,1649,6744,48
2022-06-08,Humboldt,023,135768,18787,18598,3628,22226,147
2022-06-08,Imperial,025,180216,57270,56912,11094,68006,941
2022-06-08,Inyo,027,18085,4207,4189,593,4782,56
2022-06-08,Kern,029,883053,198057,196763,48480,245243,2338
2022-06-08,Kings,031,150075,53052,52821,3595,56416,447
2022-06-08,Lake,033,64148,11259,11158,968,12126,137
2022-06-08,Lassen,035,31185,9178,9148,904,10052,64
2022-06-08,Los Angeles,037,10098052,2895245,2865901,137982,3003883,31920
2022-06-08,Madera,039,155013,38714,38408,6453,44861,372
2022-06-08,Marin,041,260295,38841,38338,4298,42636,294
2022-06-08,Mariposa,043,17540,2644,2614,242,2856,30
2022-06-08,Mendocino,045,87422,14029,13859,3567,17426,127
2022-06-08,Merced,047,269075,64575,64080,9321,73401,825
2022-06-08,Modoc,049,8938,765,761,266,1027,8
2022-06-08,Mono,051,14174,3056,3044,168,3212,6
2022-06-08,Monterey,053,433212,83834,83063,16104,99167,740
2022-06-08,Napa,055,140530,28436,27996,1201,29197,143
2022-06-08,Nevada,057,99092,17065,16907,1360,18267,127
2022-06-08,Orange,059,3164182,583459,578530,46783,625313,7044
2022-06-08,Placer,061,380077,67691,66951,8074,75025,627
2022-06-08,Plumas,063,18699,3188,3150,386,3536,13
2022-06-08,Riverside,065,2383286,617622,613469,29672,643141,6480
2022-06-08,Sacramento,067,1510023,304016,300875,29568,330443,3054
2022-06-08,San Benito,069,59416,13877,13734,630,14364,99
2022-06-08,San Bernardino,071,2135413,591487,585029,25735,610764,7685
2022-06-08,San Diego,073,3302833,806409,800840,58569,859409,5308
2022-06-08,San Francisco,075,870044,150488,147960,9845,157805,885
2022-06-08,San Joaquin,077,732212,175636,173887,11291,185178,2241
2022-06-08,San Luis Obispo,079,281455,56367,55822,4897,60719,484
2022-06-08,San Mateo,081,765935,142577,140569,8882,149451,710
2022-06-08,Santa Barbara,083,443738,92498,91747,5246,96993,693
2022-06-08,Santa Clara,085,1922200,362417,356452,15489,371941,2321
2022-06-08,Santa Cruz,087,273765,53543,52753,2531,55284,264
2022-06-08,Shasta,089,179085,31586,31394,6288,37682,565
2022-06-08,Sierra,091,2930,280,278,56,334,4
2022-06-08,Siskiyou,093,43540,4651,4609,2876,7485,81
2022-06-08,Solano,095,438530,90261,88522,6270,94792,453
2022-06-08,Sonoma,097,501317,93773,92644,3858,96502,491
2022-06-08,Stanislaus,099,539301,122698,121787,18402,140189,1662
2022-06-08,Sutter,101,95872,21351,21256,2230,23486,227
2022-06-08,Tehama,103,63373,12373,12306,2678,14984,205
2022-06-08,Trinity,105,12862,1215,1211,290,1501,20
2022-06-08,Tulare,107,460477,109624,109091,29346,138437,1494
2022-06-08,Tuolumne,109,53932,13443,13335,637,13972,189
2022-06-08,Ventura,111,848112,184457,182847,10917,193764,1506
2022-06-08,Yolo,113,214977,41839,39962,3434,43396,321
2022-06-08,Yuba,115,75493,16711,16558,1375,17933,122
2022-06-07,Alameda,001,1643700,293071,289661,16325,305986,1873
2022-06-07,Alpine,003,1148,129,128,1,129,0
2022-06-07,Amador,005,37829,9000,8818,704,9522,87
2022-06-07,Butte,007,227075,34737,34380,7306,41686,427
2022-06-07,Calaveras,009,45235,7622,7564,399,7963,122
2022-06-07,Colusa,011,21464,3511,3495,1089,4584,21
2022-06-07,Contra Costa,013,1133247,212643,209384,15698,225082,1310
2022-06-07,Del Norte,015,27424,6292,6229,256,6485,52
2022-06-07,El Dorado,017,186661,28728,28478,3516,31994,215
2022-06-07,Fresno,019,978130,240655,239376,24943,264319,2766
2022-06-07,Glenn,021,27897,5117,5095,1649,6744,48
2022-06-07,Humboldt,023,135768,18748,18598,3613,22211,147
2022-06-07,Imperial,025,180216,57212,56912,11061,67973,941
2022-06-07,Inyo,027,18085,4206,4189,585,4774,56
2022-06-07,Kern,029,883053,197802,196763,48373,245136,2338
2022-06-07,Kings,031,150075,52994,52821,3591,56412,447
2022-06-07,Lake,033,64148,11234,11158,963,12121,137
2022-06-07,Lassen,035,31185,9169,9148,903,10051,64
2022-06-07,Los Angeles,037,10098052,2889928,2865901,137542,3003443,31920
2022-06-07,Madera,039,155013,38642,38408,6438,44846,372
2022-06-07,Marin,041,260295,38757,38338,4271,42609,294
2022-06-07,Mariposa,043,17540,2637,2614,240,2854,30
2022-06-07,Mendocino,045,87422,13997,13859,3536,17395,127
2022-06-07,Merced,047,269075,64484,64080,9305,73385,825
2022-06-07,Modoc,049,8938,765,761,264,1025,8
2022-06-07,Mono,051,14174,3054,3044,166,3210,6
2022-06-07,Monterey,053,433212,83706,83063,16051,99114,740
2022-06-07,Napa,055,140530,28361,27996,1193,29189,143
2022-06-07,Nevada,057,99092,17038,16907,1354,18261,127
2022-06-07,Orange,059,3164182,582344,578530,46621,625151,7044
2022-06-07,Placer,061,380077,67540,66951,8055,75006,627
2022-06-07,Plumas,063,18699,3183,3150,385,3535,13
2022-06-07,Riverside,065,2383286,616741,613469,29621,643090,6480
2022-06-07,Sacramento,067,1510023,303301,300875,29466,330341,3054
2022-06-07,San Benito,069,59416,13835,13734,626,14360,99
2022-06-07,San Bernardino,071,2135413,590711,585029,25708,610737,7685
2022-06-07,San Diego,073,3302833,804830,800840,58363,859203,5308
2022-06-07,San Francisco,075,870044,149966,147960,9824,157784,885
2022-06-07,San Joaquin,077,732212,175305,173887,11252,185139,2241
2022-06-07,San Luis Obispo,079,281455,56264,55822,4853,60675,484
2022-06-07,San Mateo,081,765935,142159,140569,8826,149395,710
2022-06-07,Santa Barbara,083,443738,92352,91747,5234,96981,693
2022-06-07,Santa Clara,085,1922200,361283,356452,15408,371860,2321
2022-06-07,Santa Cruz,087,273765,53442,52753,2524,55277,264
2022-06-07,Shasta,089,179085,31549,31394,6281,37675,565
2022-06-07,Sierra,091,2930,279,278,56,334,4
2022-06-07,Siskiyou,093,43540,4644,4609,2872,7481,81
2022-06-07,Solano,095,438530,89938,88522,6253,94775,453
2022-06-07,Sonoma,097,501317,93547,92644,3826,96470,491
2022-06-07,Stanislaus,099,539301,122525,121787,18383,140170,1662
2022-06-07,Sutter,101,95872,21322,21256,2228,23484,227
2022-06-07,Tehama,103,63373,12358,12306,2674,14980,205
2022-06-07,Trinity,105,12862,1214,1211,290,1501,20
2022-06-07,Tulare,107,460477,109498,109091,29295,138386,1494
2022-06-07,Tuolumne,109,53932,13430,13335,635,13970,189
2022-06-07,Ventura,111,848112,184096,182847,10873,193720,1506
2022-06-07,Yolo,113,214977,41722,39962,3425,43387,321
2022-06-07,Yuba,115,75493,16682,16558,1374,17932,122
2022-06-06,Alameda,001,1643700,292186,289661,16267,305928,1873
2022-06-06,Alpine,003,1148,129,128,1,129,0
2022-06-06,Amador,005,37829,8949,8818,702,9520,87
2022-06-06,Butte,007,227075,34673,34380,7292,41672,427
2022-06-06,Calaveras,009,45235,7611,7564,399,7963,122
2022-06-06,Colusa,011,21464,3510,3495,1085,4580,21
2022-06-06,Contra Costa,013,1133247,211994,209384,15617,225001,1310
2022-06-06,Del Norte,015,27424,6284,6229,255,6484,52
2022-06-06,El Dorado,017,186661,28679,28478,3504,31982,215
2022-06-06,Fresno,019,978130,240234,239376,24884,264260,2766
2022-06-06,Glenn,021,27897,5110,5095,1646,6741,48
2022-06-06,Humboldt,023,135768,18710,18598,3600,22198,147
2022-06-06,Imperial,025,180216,57138,56912,11028,67940,941
2022-06-06,Inyo,027,18085,4202,4189,582,4771,56
2022-06-06,Kern,029,883053,197520,196763,48242,245005,2338
2022-06-06,Kings,031,150075,52935,52821,3588,56409,447
2022-06-06,Lake,033,64148,11214,11158,957,12115,137
2022-06-06,Lassen,035,31185,9159,9148,902,10050,64
2022-06-06,Los Angeles,037,10098052,2884305,2865901,137126,3003027,31920
2022-06-06,Madera,039,155013,38574,38408,6411,44819,372
2022-06-06,Marin,041,260295,38632,38338,4234,42572,294
2022-06-06,Mariposa,043,17540,2627,2614,238,2852,30
2022-06-06,Mendocino,045,87422,13968,13859,3525,17384,127
2022-06-06,Merced,047,269075,64362,64080,9281,73361,825
2022-06-06,Modoc,049,8938,763,761,262,1023,8
2022-06-06,Mono,051,14174,3051,3044,165,3209,6
2022-06-06,Monterey,053,433212,83563,83063,15986,99049,740
2022-06-06,Napa,055,140530,28283,27996,1184,29180,143
2022-06-06,Nevada,057,99092,17010,16907,1350,18257,127
2022-06-06,Orange,059,3164182,581222,578530,46462,624992,7044
2022-06-06,Placer,061,380077,67426,66951,8031,74982,627
2022-06-06,Plumas,063,18699,3176,3150,384,3534,13
2022-06-06,Riverside,065,2383286,615948,613469,29571,643040,6480
2022-06-06,Sacramento,067,1510023,302524,300875,29363,330238,3054
2022-06-06,San Benito,069,59416,13787,13734,622,14356,99
2022-06-06,San Bernardino,071,2135413,589946,585029,25667,610696,7685
2022-06-06,San Diego,073,3302833,803042,800840,58129,858969,5308
2022-06-06,San Francisco,075,870044,149437,147960,9802,157762,885
2022-06-06,San Joaquin,077,732212,174923,173887,11222,185109,2241
2022-06-06,San Luis Obispo,079,281455,56155,55822,4820,60642,484
2022-06-06,San Mateo,081,765935,141683,140569,8788,149357,710
2022-06-06,Santa Barbara,083,443738,92175,91747,5216,96963,693
2022-06-06,Santa Clara,085,1922200,360022,356452,15325,371777,2321
2022-06-06,Santa Cruz,087,273765,53288,52753,2513,55266,264
2022-06-06,Shasta,089,179085,31515,31394,6268,37662,565
2022-06-06,Sierra,091,2930,279,278,56,334,4
2022-06-06,Siskiyou,093,43540,4634,4609,2862,7471,81
2022-06-06,Solano,095,438530,89649,88522,6234,94756,453
2022-06-06,Sonoma,097,501317,93310,92644,3798,96442,491
2022-06-06,Stanislaus,099,539301,122339,121787,18363,140150,1662
2022-06-06,Sutter,101,95872,21292,21256,2222,23478,227
2022-06-06,Tehama,103,63373,12346,12306,2672,14978,205
2022-06-06,Trinity,105,12862,1212,1211,290,1501,20
2022-06-06,Tulare,107,460477,109361,109091,29240,138331,1494
2022-06-06,Tuolumne,109,53932,13411,13335,634,13969,189
2022-06-06,Ventura,111,848112,183789,182847,10830,193677,1506
2022-06-06,Yolo,113,214977,41564,39962,3414,43376,321
2022-06-06,Yuba,115,75493,16639,16558,1367,17925,122
2022-06-05,Alameda,001,1643700,291138,285785,16206,301991,1873
2022-06-05,Alpine,003,1148,128,128,1,129,0
2022-06-05,Amador,005,37829,8912,8775,699,9474,87
2022-06-05,Butte,007,227075,34591,34129,7275,41404,427
2022-06-05,Calaveras,009,45235,7595,7525,393,7918,121
2022-06-05,Colusa,011,21464,3502,3484,1085,4569,21
2022-06-05,Contra Costa,013,1133247,211285,206711,15504,222215,1310
2022-06-05,Del Norte,015,27424,6273,6206,251,6457,52
2022-06-05,El Dorado,017,186661,28603,28241,3496,31737,214
2022-06-05,Fresno,019,978130,239773,237945,24799,262744,2766
2022-06-05,Glenn,021,27897,5104,5063,1646,6709,48
2022-06-05,Humboldt,023,135768,18660,18433,3577,22010,147
2022-06-05,Imperial,025,180216,57042,56690,10980,67670,941
2022-06-05,Inyo,027,18085,4198,4176,577,4753,56
2022-06-05,Kern,029,883053,197210,195863,48129,243992,2338
2022-06-05,Kings,031,150075,52861,52597,3582,56179,447
2022-06-05,Lake,033,64148,11195,11064,953,12017,137
2022-06-05,Lassen,035,31185,9151,9106,898,10004,64
2022-06-05,Los Angeles,037,10098052,2878250,2846989,136604,2983593,31899
2022-06-05,Madera,039,155013,38512,38188,6396,44584,372
2022-06-05,Marin,041,260295,38519,37879,4201,42080,294
2022-06-05,Mariposa,043,17540,2625,2557,237,2794,30
2022-06-05,Mendocino,045,87422,13932,13738,3478,17216,125
2022-06-05,Merced,047,269075,64271,63756,9248,73004,825
2022-06-05,Modoc,049,8938,762,759,262,1021,8
2022-06-05,Mono,051,14174,3048,3037,163,3200,6
2022-06-05,Monterey,053,433212,83402,82451,15903,98354,738
2022-06-05,Napa,055,140530,28153,27686,1175,28861,143
2022-06-05,Nevada,057,99092,16967,16728,1334,18062,127
2022-06-05,Orange,059,3164182,579963,574146,46280,620426,7038
2022-06-05,Placer,061,380077,67286,66428,8017,74445,627
2022-06-05,Plumas,063,18699,3168,3138,384,3522,13
2022-06-05,Riverside,065,2383286,615013,610369,29508,639877,6481
2022-06-05,Sacramento,067,1510023,301615,297787,29219,327006,3052
2022-06-05,San Benito,069,59416,13742,13572,616,14188,99
2022-06-05,San Bernardino,071,2135413,588973,582305,25626,607931,7664
2022-06-05,San Diego,073,3302833,801140,794822,57939,852761,5303
2022-06-05,San Francisco,075,870044,148843,145876,9746,155622,881
2022-06-05,San Joaquin,077,732212,174490,172621,11176,183797,2242
2022-06-05,San Luis Obispo,079,281455,55994,55333,4747,60080,484
2022-06-05,San Mateo,081,765935,141176,138536,8743,147279,710
2022-06-05,Santa Barbara,083,443738,91983,90911,5198,96109,693
2022-06-05,Santa Clara,085,1922200,358614,351492,15234,366726,2317
2022-06-05,Santa Cruz,087,273765,53096,52333,2500,54833,263
2022-06-05,Shasta,089,179085,31474,31272,6257,37529,565
2022-06-05,Sierra,091,2930,279,278,56,334,4
2022-06-05,Siskiyou,093,43540,4629,4591,2850,7441,81
2022-06-05,Solano,095,438530,89310,87571,6218,93789,452
2022-06-05,Sonoma,097,501317,93030,91518,3768,95286,491
2022-06-05,Stanislaus,099,539301,122142,121001,18336,139337,1661
2022-06-05,Sutter,101,95872,21260,21125,2215,23340,227
2022-06-05,Tehama,103,63373,12327,12262,2669,14931,204
2022-06-05,Trinity,105,12862,1212,1204,290,1494,20
2022-06-05,Tulare,107,460477,109165,108598,29164,137762,1490
2022-06-05,Tuolumne,109,53932,13382,13251,621,13872,189
2022-06-05,Ventura,111,848112,183436,181709,10778,192487,1505
2022-06-05,Yolo,113,214977,41432,39561,3402,42963,321
2022-06-05,Yuba,115,75493,16599,16467,1359,17826,122
2022-06-04,Alameda,001,1643700,290638,285785,16186,301971,1873
2022-06-04,Alpine,003,1148,128,128,1,129,0
2022-06-04,Amador,005,37829,8903,8775,697,9472,87
2022-06-04,Butte,007,227075,34549,34129,7269,41398,427
2022-06-04,Calaveras,009,45235,7581,7525,393,7918,121
2022-06-04,Colusa,011,21464,3499,3484,1080,4564,21
2022-06-04,Contra Costa,013,1133247,210898,206711,15464,222175,1310
2022-06-04,Del Norte,015,27424,6270,6206,251,6457,52
2022-06-04,El Dorado,017,186661,28564,28241,3492,31733,214
2022-06-04,Fresno,019,978130,239601,237945,24782,262727,2766
2022-06-04,Glenn,021,27897,5100,5063,1645,6708,48
2022-06-04,Humboldt,023,135768,18639,18433,3571,22004,147
2022-06-04,Imperial,025,180216,56991,56690,10968,67658,941
2022-06-04,Inyo,027,18085,4198,4176,576,4752,56
2022-06-04,Kern,029,883053,197088,195863,48061,243924,2338
2022-06-04,Kings,031,150075,52818,52597,3582,56179,447
2022-06-04,Lake,033,64148,11180,11064,947,12011,137
2022-06-04,Lassen,035,31185,9146,9106,897,10003,64
2022-06-04,Los Angeles,037,10098052,2875813,2846989,136331,2983320,31899
2022-06-04,Madera,039,155013,38477,38188,6392,44580,372
2022-06-04,Marin,041,260295,38442,37879,4160,42039,294
2022-06-04,Mariposa,043,17540,2622,2557,237,2794,30
2022-06-04,Mendocino,045,87422,13919,13738,3477,17215,125
2022-06-04,Merced,047,269075,64223,63756,9238,72994,825
2022-06-04,Modoc,049,8938,761,759,261,1020,8
2022-06-04,Mono,051,14174,3048,3037,163,3200,6
2022-06-04,Monterey,053,433212,83317,82451,15868,98319,738
2022-06-04,Napa,055,140530,28111,27686,1173,28859,143
2022-06-04,Nevada,057,99092,16954,16728,1333,18061,127
2022-06-04,Orange,059,3164182,579322,574146,46156,620302,7038
2022-06-04,Placer,061,380077,67204,66428,8009,74437,627
2022-06-04,Plumas,063,18699,3164,3138,383,3521,13
2022-06-04,Riverside,065,2383286,614480,610369,29483,639852,6481
2022-06-04,Sacramento,067,1510023,301260,297787,29192,326979,3052
2022-06-04,San Benito,069,59416,13716,13572,613,14185,99
2022-06-04,San Bernardino,071,2135413,588528,582305,25597,607902,7664
2022-06-04,San Diego,073,3302833,800413,794822,57895,852717,5303
2022-06-04,San Francisco,075,870044,148506,145876,9725,155601,881
2022-06-04,San Joaquin,077,732212,174345,172621,11142,183763,2242
2022-06-04,San Luis Obispo,079,281455,55956,55333,4740,60073,484
2022-06-04,San Mateo,081,765935,140875,138536,8715,147251,710
2022-06-04,Santa Barbara,083,443738,91885,90911,5177,96088,693
2022-06-04,Santa Clara,085,1922200,357735,351492,15193,366685,2317
2022-06-04,Santa Cruz,087,273765,53012,52333,2487,54820,263
2022-06-04,Shasta,089,179085,31450,31272,6254,37526,565
2022-06-04,Sierra,091,2930,279,278,56,334,4
2022-06-04,Siskiyou,093,43540,4625,4591,2844,7435,81
2022-06-04,Solano,095,438530,89227,87571,6205,93776,452
2022-06-04,Sonoma,097,501317,92880,91518,3754,95272,491
2022-06-04,Stanislaus,099,539301,122003,121001,18322,139323,1661
2022-06-04,Sutter,101,95872,21234,21125,2211,23336,227
2022-06-04,Tehama,103,63373,12313,12262,2668,14930,204
2022-06-04,Trinity,105,12862,1212,1204,290,1494,20
2022-06-04,Tulare,107,460477,109099,108598,29122,137720,1490
2022-06-04,Tuolumne,109,53932,13372,13251,618,13869,189
2022-06-04,Ventura,111,848112,183251,181709,10763,192472,1505
2022-06-04,Yolo,113,214977,41354,39561,3397,42958,321
2022-06-04,Yuba,115,75493,16583,16467,1355,17822,122
2022-06-03,Alameda,001,1643700,290110,285785,16153,301938,1873
2022-06-03,Alpine,003,1148,128,128,1,129,0
2022-06-03,Amador,005,37829,8897,8775,695,9470,87
2022-06-03,Butte,007,227075,34498,34129,7259,41388,427
2022-06-03,Calaveras,009,45235,7576,7525,393,7918,121
2022-06-03,Colusa,011,21464,3499,3484,1078,4562,21
2022-06-03,Contra Costa,013,1133247,210586,206711,15435,222146,1310
2022-06-03,Del Norte,015,27424,6266,6206,248,6454,52
2022-06-03,El Dorado,017,186661,28535,28241,3489,31730,214
2022-06-03,Fresno,019,978130,239370,237945,24754,262699,2766
2022-06-03,Glenn,021,27897,5094,5063,1642,6705,48
2022-06-03,Humboldt,023,135768,18619,18433,3565,21998,147
2022-06-03,Imperial,025,180216,56945,56690,10958,67648,941
2022-06-03,Inyo,027,18085,4197,4176,576,4752,56
2022-06-03,Kern,029,883053,196947,195863,47995,243858,2338
2022-06-03,Kings,031,150075,52794,52597,3582,56179,447
2022-06-03,Lake,033,64148,11169,11064,944,12008,137
2022-06-03,Lassen,035,31185,9141,9106,897,10003,64
2022-06-03,Los Angeles,037,10098052,2872926,2846989,136046,2983035,31899
2022-06-03,Madera,039,155013,38433,38188,6385,44573,372
2022-06-03,Marin,041,260295,38373,37879,4125,42004,294
2022-06-03,Mariposa,043,17540,2618,2557,237,2794,30
2022-06-03,Mendocino,045,87422,13897,13738,3476,17214,125
2022-06-03,Merced,047,269075,64170,63756,9235,72991,825
2022-06-03,Modoc,049,8938,761,759,261,1020,8
2022-06-03,Mono,051,14174,3045,3037,163,3200,6
2022-06-03,Monterey,053,433212,83218,82451,15821,98272,738
2022-06-03,Napa,055,140530,28061,27686,1165,28851,143
2022-06-03,Nevada,057,99092,16933,16728,1332,18060,127
2022-06-03,Orange,059,3164182,578634,574146,46052,620198,7038
2022-06-03,Placer,061,380077,67123,66428,7996,74424,627
2022-06-03,Plumas,063,18699,3162,3138,382,3520,13
2022-06-03,Riverside,065,2383286,613952,610369,29453,639822,6481
2022-06-03,Sacramento,067,1510023,300797,297787,29159,326946,3052
2022-06-03,San Benito,069,59416,13703,13572,609,14181,99
2022-06-03,San Bernardino,071,2135413,588077,582305,25568,607873,7664
2022-06-03,San Diego,073,3302833,799462,794822,57777,852599,5303
2022-06-03,San Francisco,075,870044,148132,145876,9693,155569,881
2022-06-03,San Joaquin,077,732212,174182,172621,11124,183745,2242
2022-06-03,San Luis Obispo,079,281455,55911,55333,4733,60066,484
2022-06-03,San Mateo,081,765935,140593,138536,8702,147238,710
2022-06-03,Santa Barbara,083,443738,91766,90911,5175,96086,693
2022-06-03,Santa Clara,085,1922200,356833,351492,15147,366639,2317
2022-06-03,Santa Cruz,087,273765,52881,52333,2474,54807,263
2022-06-03,Shasta,089,179085,31438,31272,6253,37525,565
2022-06-03,Sierra,091,2930,279,278,56,334,4
2022-06-03,Siskiyou,093,43540,4620,4591,2843,7434,81
2022-06-03,Solano,095,438530,89112,87571,6196,93767,452
2022-06-03,Sonoma,097,501317,92736,91518,3746,95264,491
2022-06-03,Stanislaus,099,539301,121897,121001,18305,139306,1661
2022-06-03,Sutter,101,95872,21211,21125,2210,23335,227
2022-06-03,Tehama,103,63373,12307,12262,2667,14929,204
2022-06-03,Trinity,105,12862,1210,1204,290,1494,20
2022-06-03,Tulare,107,460477,109033,108598,29087,137685,1490
2022-06-03,Tuolumne,109,53932,13361,13251,615,13866,189
2022-06-03,Ventura,111,848112,183063,181709,10738,192447,1505
2022-06-03,Yolo,113,214977,41291,39561,3383,42944,321
2022-06-03,Yuba,115,75493,16558,16467,1353,17820,122
2022-06-02,Alameda,001,1643700,289211,285785,16077,301862,1873
2022-06-02,Alpine,003,1148,128,128,1,129,0
2022-06-02,Amador,005,37829,8874,8775,693,9468,87
2022-06-02,Butte,007,227075,34423,34129,7243,41372,427
2022-06-02,Calaveras,009,45235,7563,7525,392,7917,121
2022-06-02,Colusa,011,21464,3497,3484,1078,4562,21
2022-06-02,Contra Costa,013,1133247,210000,206711,15346,222057,1310
2022-06-02,Del Norte,015,27424,6256,6206,247,6453,52
2022-06-02,El Dorado,017,186661,28468,28241,3477,31718,214
2022-06-02,Fresno,019,978130,239029,237945,24699,262644,2766
2022-06-02,Glenn,021,27897,5088,5063,1637,6700,48
2022-06-02,Humboldt,023,135768,18578,18433,3544,21977,147
2022-06-02,Imperial,025,180216,56885,56690,10947,67637,941
2022-06-02,Inyo,027,18085,4197,4176,573,4749,56
2022-06-02,Kern,029,883053,196663,195863,47891,243754,2338
2022-06-02,Kings,031,150075,52741,52597,3577,56174,447
2022-06-02,Lake,033,64148,11147,11064,942,12006,137
2022-06-02,Lassen,035,31185,9130,9106,897,10003,64
2022-06-02,Los Angeles,037,10098052,2868023,2846989,135625,2982614,31899
2022-06-02,Madera,039,155013,38379,38188,6372,44560,372
2022-06-02,Marin,041,260295,38274,37879,4098,41977,294
2022-06-02,Mariposa,043,17540,2613,2557,236,2793,30
2022-06-02,Mendocino,045,87422,13868,13738,3469,17207,125
2022-06-02,Merced,047,269075,64093,63756,9226,72982,825
2022-06-02,Modoc,049,8938,760,759,261,1020,8
2022-06-02,Mono,051,14174,3045,3037,163,3200,6
2022-06-02,Monterey,053,433212,83068,82451,15757,98208,738
2022-06-02,Napa,055,140530,27985,27686,1162,28848,143
2022-06-02,Nevada,057,99092,16896,16728,1329,18057,127
2022-06-02,Orange,059,3164182,577604,574146,45910,620056,7038
2022-06-02,Placer,061,380077,67002,66428,7982,74410,627
2022-06-02,Plumas,063,18699,3153,3138,382,3520,13
2022-06-02,Riverside,065,2383286,613264,610369,29394,639763,6481
2022-06-02,Sacramento,067,1510023,300164,297787,29053,326840,3052
2022-06-02,San Benito,069,59416,13671,13572,606,14178,99
2022-06-02,San Bernardino,071,2135413,587404,582305,25526,607831,7664
2022-06-02,San Diego,073,3302833,798089,794822,57611,852433,5303
2022-06-02,San Francisco,075,870044,147707,145876,9643,155519,881
2022-06-02,San Joaquin,077,732212,173872,172621,11096,183717,2242
2022-06-02,San Luis Obispo,079,281455,55780,55333,4699,60032,484
2022-06-02,San Mateo,081,765935,140216,138536,8649,147185,710
2022-06-02,Santa Barbara,083,443738,91592,90911,5160,96071,693
2022-06-02,Santa Clara,085,1922200,355735,351492,15027,366519,2317
2022-06-02,Santa Cruz,087,273765,52765,52333,2463,54796,263
2022-06-02,Shasta,089,179085,31408,31272,6246,37518,565
2022-06-02,Sierra,091,2930,279,278,56,334,4
2022-06-02,Siskiyou,093,43540,4613,4591,2834,7425,81
2022-06-02,Solano,095,438530,88840,87571,6186,93757,452
2022-06-02,Sonoma,097,501317,92511,91518,3720,95238,491
2022-06-02,Stanislaus,099,539301,121739,121001,18283,139284,1661
2022-06-02,Sutter,101,95872,21183,21125,2204,23329,227
2022-06-02,Tehama,103,63373,12296,12262,2660,14922,204
2022-06-02,Trinity,105,12862,1208,1204,290,1494,20
2022-06-02,Tulare,107,460477,108910,108598,29022,137620,1490
2022-06-02,Tuolumne,109,53932,13342,13251,613,13864,189
2022-06-02,Ventura,111,848112,182789,181709,10706,192415,1505
2022-06-02,Yolo,113,214977,41182,39561,3373,42934,321
2022-06-02,Yuba,115,75493,16537,16467,1346,17813,122
2022-06-01,Alameda,001,1643700,288205,284051,16010,300061,1868
2022-06-01,Alpine,003,1148,128,128,1,129,0
2022-06-01,Amador,005,37829,8868,8741,691,9432,87
2022-06-01,Butte,007,227075,34354,34059,7230,41289,427
2022-06-01,Calaveras,009,45235,7558,7502,389,7891,120
2022-06-01,Colusa,011,21464,3494,3476,1078,4554,21
2022-06-01,Contra Costa,013,1133247,209358,205699,15269,220968,1310
2022-06-01,Del Norte,015,27424,6246,6188,246,6434,51
2022-06-01,El Dorado,017,186661,28406,28133,3459,31592,214
2022-06-01,Fresno,019,978130,238671,237367,24648,262015,2765
2022-06-01,Glenn,021,27897,5083,5059,1637,6696,48
2022-06-01,Humboldt,023,135768,18535,18371,3521,21892,147
2022-06-01,Imperial,025,180216,56818,56445,10919,67364,938
2022-06-01,Inyo,027,18085,4193,4171,567,4738,56
2022-06-01,Kern,029,883053,196438,195438,47812,243250,2336
2022-06-01,Kings,031,150075,52685,52491,3573,56064,447
2022-06-01,Lake,033,64148,11126,11024,937,11961,137
2022-06-01,Lassen,035,31185,9117,9083,896,9979,64
2022-06-01,Los Angeles,037,10098052,2862632,2836856,135196,2972052,31882
2022-06-01,Madera,039,155013,38341,38115,6360,44475,372
2022-06-01,Marin,041,260295,38159,37654,4057,41711,293
2022-06-01,Mariposa,043,17540,2598,2549,235,2784,30
2022-06-01,Mendocino,045,87422,13841,13692,3454,17146,125
2022-06-01,Merced,047,269075,64013,63637,9208,72845,824
2022-06-01,Modoc,049,8938,758,755,259,1014,8
2022-06-01,Mono,051,14174,3043,3035,162,3197,6
2022-06-01,Monterey,053,433212,82913,82215,15694,97909,737
2022-06-01,Napa,055,140530,27908,27580,1154,28734,143
2022-06-01,Nevada,057,99092,16857,16693,1320,18013,127
2022-06-01,Orange,059,3164182,576357,571973,45756,617729,7032
2022-06-01,Placer,061,380077,66860,66199,7964,74163,627
2022-06-01,Plumas,063,18699,3146,3117,381,3498,13
2022-06-01,Riverside,065,2383286,612529,608913,29348,638261,6480
2022-06-01,Sacramento,067,1510023,299412,296457,28948,325405,3045
2022-06-01,San Benito,069,59416,13633,13510,595,14105,98
2022-06-01,San Bernardino,071,2135413,586702,580767,25489,606256,7641
2022-06-01,San Diego,073,3302833,796394,791557,57411,848968,5292
2022-06-01,San Francisco,075,870044,147184,144476,9602,154078,879
2022-06-01,San Joaquin,077,732212,173573,172170,11067,183237,2241
2022-06-01,San Luis Obispo,079,281455,55614,55099,4667,59766,482
2022-06-01,San Mateo,081,765935,139735,137566,8577,146143,710
2022-06-01,Santa Barbara,083,443738,91409,90531,5145,95676,693
2022-06-01,Santa Clara,085,1922200,354565,348742,14944,363686,2317
2022-06-01,Santa Cruz,087,273765,52654,52141,2453,54594,263
2022-06-01,Shasta,089,179085,31377,31247,6243,37490,564
2022-06-01,Sierra,091,2930,279,280,56,336,4
2022-06-01,Siskiyou,093,43540,4608,4574,2829,7403,81
2022-06-01,Solano,095,438530,88607,87206,6159,93365,452
2022-06-01,Sonoma,097,501317,92262,91174,3697,94871,491
2022-06-01,Stanislaus,099,539301,121548,120778,18266,139044,1656
2022-06-01,Sutter,101,95872,21152,21065,2200,23265,227
2022-06-01,Tehama,103,63373,12289,12245,2656,14901,204
2022-06-01,Trinity,105,12862,1207,1200,289,1489,20
2022-06-01,Tulare,107,460477,108795,108401,28965,137366,1490
2022-06-01,Tuolumne,109,53932,13328,13221,612,13833,189
2022-06-01,Ventura,111,848112,182504,181163,10676,191839,1503
2022-06-01,Yolo,113,214977,41098,39371,3362,42733,320
2022-06-01,Yuba,115,75493,16513,16406,1338,17744,122
2022-05-31,Alameda,001,1643700,287108,284051,15955,300006,1868
2022-05-31,Alpine,003,1148,128,128,1,129,0
2022-05-31,Amador,005,37829,8850,8741,685,9426,87
2022-05-31,Butte,007,227075,34291,34059,7212,41271,427
2022-05-31,Calaveras,009,45235,7547,7502,389,7891,120
2022-05-31,Colusa,011,21464,3489,3476,1077,4553,21
2022-05-31,Contra Costa,013,1133247,208611,205699,15173,220872,1310
2022-05-31,Del Norte,015,27424,6236,6188,244,6432,51
2022-05-31,El Dorado,017,186661,28344,28133,3439,31572,214
2022-05-31,Fresno,019,978130,238267,237367,24583,261950,2765
2022-05-31,Glenn,021,27897,5075,5059,1635,6694,48
2022-05-31,Humboldt,023,135768,18504,18371,3501,21872,147
2022-05-31,Imperial,025,180216,56754,56445,10895,67340,938
2022-05-31,Inyo,027,18085,4187,4171,565,4736,56
2022-05-31,Kern,029,883053,196195,195438,47720,243158,2336
2022-05-31,Kings,031,150075,52634,52491,3566,56057,447
2022-05-31,Lake,033,64148,11107,11024,933,11957,137
2022-05-31,Lassen,035,31185,9105,9083,895,9978,64
2022-05-31,Los Angeles,037,10098052,2856573,2836856,134735,2971591,31882
2022-05-31,Madera,039,155013,38276,38115,6341,44456,372
2022-05-31,Marin,041,260295,38021,37654,4021,41675,293
2022-05-31,Mariposa,043,17540,2592,2549,230,2779,30
2022-05-31,Mendocino,045,87422,13806,13692,3437,17129,125
2022-05-31,Merced,047,269075,63926,63637,9185,72822,824
2022-05-31,Modoc,049,8938,756,755,259,1014,8
2022-05-31,Mono,051,14174,3039,3035,161,3196,6
2022-05-31,Monterey,053,433212,82755,82215,15628,97843,737
2022-05-31,Napa,055,140530,27816,27580,1151,28731,143
2022-05-31,Nevada,057,99092,16811,16693,1318,18011,127
2022-05-31,Orange,059,3164182,575128,571973,45575,617548,7032
2022-05-31,Placer,061,380077,66700,66199,7933,74132,627
2022-05-31,Plumas,063,18699,3142,3117,380,3497,13
2022-05-31,Riverside,065,2383286,611614,608913,29286,638199,6480
2022-05-31,Sacramento,067,1510023,298549,296457,28807,325264,3045
2022-05-31,San Benito,069,59416,13577,13510,590,14100,98
2022-05-31,San Bernardino,071,2135413,585820,580767,25455,606222,7641
2022-05-31,San Diego,073,3302833,794511,791557,57206,848763,5292
2022-05-31,San Francisco,075,870044,146537,144476,9561,154037,879
2022-05-31,San Joaquin,077,732212,173193,172170,11028,183198,2241
2022-05-31,San Luis Obispo,079,281455,55464,55099,4602,59701,482
2022-05-31,San Mateo,081,765935,139179,137566,8535,146101,710
2022-05-31,Santa Barbara,083,443738,91184,90531,5122,95653,693
2022-05-31,Santa Clara,085,1922200,353051,348742,14866,363608,2317
2022-05-31,Santa Cruz,087,273765,52534,52141,2433,54574,263
2022-05-31,Shasta,089,179085,31343,31247,6232,37479,564
2022-05-31,Sierra,091,2930,278,280,55,335,4
2022-05-31,Siskiyou,093,43540,4603,4574,2823,7397,81
2022-05-31,Solano,095,438530,88278,87206,6137,93343,452
2022-05-31,Sonoma,097,501317,91974,91174,3657,94831,491
2022-05-31,Stanislaus,099,539301,121343,120778,18244,139022,1656
2022-05-31,Sutter,101,95872,21123,21065,2194,23259,227
2022-05-31,Tehama,103,63373,12280,12245,2651,14896,204
2022-05-31,Trinity,105,12862,1206,1200,289,1489,20
2022-05-31,Tulare,107,460477,108657,108401,28906,137307,1490
2022-05-31,Tuolumne,109,53932,13312,13221,609,13830,189
2022-05-31,Ventura,111,848112,182184,181163,10628,191791,1503
2022-05-31,Yolo,113,214977,40924,39371,3351,42722,320
2022-05-31,Yuba,115,75493,16481,16406,1332,17738,122
2022-05-30,Alameda,001,1643700,285731,284051,15866,299917,1868
2022-05-30,Alpine,003,1148,128,128,1,129,0
2022-05-30,Amador,005,37829,8835,8741,684,9425,87
2022-05-30,Butte,007,227075,34217,34059,7189,41248,427
2022-05-30,Calaveras,009,45235,7538,7502,389,7891,120
2022-05-30,Colusa,011,21464,3487,3476,1076,4552,21
2022-05-30,Contra Costa,013,1133247,207767,205699,15037,220736,1310
2022-05-30,Del Norte,015,27424,6219,6188,243,6431,51
2022-05-30,El Dorado,017,186661,28268,28133,3419,31552,214
2022-05-30,Fresno,019,978130,237797,237367,24512,261879,2765
2022-05-30,Glenn,021,27897,5070,5059,1632,6691,48
2022-05-30,Humboldt,023,135768,18450,18371,3472,21843,147
2022-05-30,Imperial,025,180216,56671,56445,10868,67313,938
2022-05-30,Inyo,027,18085,4182,4171,564,4735,56
2022-05-30,Kern,029,883053,195914,195438,47607,243045,2336
2022-05-30,Kings,031,150075,52538,52491,3566,56057,447
2022-05-30,Lake,033,64148,11078,11024,924,11948,137
2022-05-30,Lassen,035,31185,9091,9083,892,9975,64
2022-05-30,Los Angeles,037,10098052,2849253,2836856,134231,2971087,31882
2022-05-30,Madera,039,155013,38221,38115,6300,44415,372
2022-05-30,Marin,041,260295,37896,37654,3979,41633,293
2022-05-30,Mariposa,043,17540,2569,2549,226,2775,30
2022-05-30,Mendocino,045,87422,13758,13692,3419,17111,125
2022-05-30,Merced,047,269075,63832,63637,9146,72783,824
2022-05-30,Modoc,049,8938,753,755,257,1012,8
2022-05-30,Mono,051,14174,3036,3035,161,3196,6
2022-05-30,Monterey,053,433212,82567,82215,15540,97755,737
2022-05-30,Napa,055,140530,27739,27580,1143,28723,143
2022-05-30,Nevada,057,99092,16764,16693,1313,18006,127
2022-05-30,Orange,059,3164182,573663,571973,45364,617337,7032
2022-05-30,Placer,061,380077,66560,66199,7903,74102,627
2022-05-30,Plumas,063,18699,3136,3117,377,3494,13
2022-05-30,Riverside,065,2383286,610603,608913,29208,638121,6480
2022-05-30,Sacramento,067,1510023,297592,296457,28648,325105,3045
2022-05-30,San Benito,069,59416,13515,13510,582,14092,98
2022-05-30,San Bernardino,071,2135413,584833,580767,25422,606189,7641
2022-05-30,San Diego,073,3302833,792229,791557,56904,848461,5292
2022-05-30,San Francisco,075,870044,145874,144476,9508,153984,879
2022-05-30,San Joaquin,077,732212,172796,172170,10989,183159,2241
2022-05-30,San Luis Obispo,079,281455,55260,55099,4533,59632,482
2022-05-30,San Mateo,081,765935,138503,137566,8483,146049,710
2022-05-30,Santa Barbara,083,443738,90928,90531,5088,95619,693
2022-05-30,Santa Clara,085,1922200,351494,348742,14775,363517,2317
2022-05-30,Santa Cruz,087,273765,52395,52141,2423,54564,263
2022-05-30,Shasta,089,179085,31305,31247,6225,37472,564
2022-05-30,Sierra,091,2930,278,280,55,335,4
2022-05-30,Siskiyou,093,43540,4594,4574,2811,7385,81
2022-05-30,Solano,095,438530,87934,87206,6084,93290,452
2022-05-30,Sonoma,097,501317,91689,91174,3613,94787,491
2022-05-30,Stanislaus,099,539301,121151,120778,18216,138994,1656
2022-05-30,Sutter,101,95872,21084,21065,2188,23253,227
2022-05-30,Tehama,103,63373,12264,12245,2647,14892,204
2022-05-30,Trinity,105,12862,1205,1200,289,1489,20
2022-05-30,Tulare,107,460477,108496,108401,28816,137217,1490
2022-05-30,Tuolumne,109,53932,13288,13221,605,13826,189
2022-05-30,Ventura,111,848112,181811,181163,10578,191741,1503
2022-05-30,Yolo,113,214977,40733,39371,3342,42713,320
2022-05-30,Yuba,115,75493,16453,16406,1328,17734,122
2022-05-29,Alameda,001,1643700,285251,280775,15842,296617,1863
2022-05-29,Alpine,003,1148,128,126,1,127,0
2022-05-29,Amador,005,37829,8830,8696,681,9377,86
2022-05-29,Butte,007,227075,34202,33876,7182,41058,426
2022-05-29,Calaveras,009,45235,7527,7469,389,7858,120
2022-05-29,Colusa,011,21464,3486,3474,1075,4549,21
2022-05-29,Contra Costa,013,1133247,207425,203528,15015,218543,1306
2022-05-29,Del Norte,015,27424,6217,6166,242,6408,51
2022-05-29,El Dorado,017,186661,28241,27898,3416,31314,214
2022-05-29,Fresno,019,978130,237671,236250,24493,260743,2764
2022-05-29,Glenn,021,27897,5065,5048,1632,6680,48
2022-05-29,Humboldt,023,135768,18429,18257,3462,21719,147
2022-05-29,Imperial,025,180216,56634,56323,10854,67177,939
2022-05-29,Inyo,027,18085,4181,4161,564,4725,56
2022-05-29,Kern,029,883053,195815,194687,47543,242230,2334
2022-05-29,Kings,031,150075,52512,52292,3566,55858,447
2022-05-29,Lake,033,64148,11069,10958,922,11880,137
2022-05-29,Lassen,035,31185,9087,9049,892,9941,64
2022-05-29,Los Angeles,037,10098052,2847057,2819145,133964,2953109,31862
2022-05-29,Madera,039,155013,38199,37955,6295,44250,371
2022-05-29,Marin,041,260295,37829,37215,3946,41161,293
2022-05-29,Mariposa,043,17540,2564,2526,226,2752,31
2022-05-29,Mendocino,045,87422,13738,13612,3418,17030,124
2022-05-29,Merced,047,269075,63812,63389,9143,72532,824
2022-05-29,Modoc,049,8938,753,751,257,1008,8
2022-05-29,Mono,051,14174,3035,3030,161,3191,6
2022-05-29,Monterey,053,433212,82503,81875,15496,97371,737
2022-05-29,Napa,055,140530,27711,27376,1142,28518,144
2022-05-29,Nevada,057,99092,16749,16568,1311,17879,127
2022-05-29,Orange,059,3164182,573086,568369,45192,613561,7028
2022-05-29,Placer,061,380077,66490,65672,7894,73566,626
2022-05-29,Plumas,063,18699,3129,3096,377,3473,13
2022-05-29,Riverside,065,2383286,610260,606444,29173,635617,6480
2022-05-29,Sacramento,067,1510023,297140,294000,28626,322626,3032
2022-05-29,San Benito,069,59416,13509,13402,580,13982,98
2022-05-29,San Bernardino,071,2135413,584547,578656,25410,604066,7610
2022-05-29,San Diego,073,3302833,791490,786243,56825,843068,5288
2022-05-29,San Francisco,075,870044,145443,142456,9499,151955,879
2022-05-29,San Joaquin,077,732212,172634,171282,10974,182256,2241
2022-05-29,San Luis Obispo,079,281455,55208,54701,4521,59222,481
2022-05-29,San Mateo,081,765935,138255,135746,8471,144217,710
2022-05-29,Santa Barbara,083,443738,90799,89940,5087,95027,693
2022-05-29,Santa Clara,085,1922200,350697,344223,14736,358959,2304
2022-05-29,Santa Cruz,087,273765,52319,51819,2416,54235,263
2022-05-29,Shasta,089,179085,31293,31165,6221,37386,564
2022-05-29,Sierra,091,2930,278,278,55,333,4
2022-05-29,Siskiyou,093,43540,4589,4537,2809,7346,81
2022-05-29,Solano,095,438530,87881,86565,6073,92638,452
2022-05-29,Sonoma,097,501317,91597,90364,3598,93962,490
2022-05-29,Stanislaus,099,539301,121052,120241,18200,138441,1657
2022-05-29,Sutter,101,95872,21064,20976,2188,23164,227
2022-05-29,Tehama,103,63373,12253,12210,2646,14856,204
2022-05-29,Trinity,105,12862,1204,1196,289,1485,20
2022-05-29,Tulare,107,460477,108415,108029,28771,136800,1484
2022-05-29,Tuolumne,109,53932,13273,13141,605,13746,189
2022-05-29,Ventura,111,848112,181666,179953,10569,190522,1503
2022-05-29,Yolo,113,214977,40683,39016,3339,42355,319
2022-05-29,Yuba,115,75493,16437,16314,1324,17638,122
2022-05-28,Alameda,001,1643700,284878,280775,15817,296592,1863
2022-05-28,Alpine,003,1148,128,126,1,127,0
2022-05-28,Amador,005,37829,8821,8696,681,9377,86
2022-05-28,Butte,007,227075,34179,33876,7167,41043,426
2022-05-28,Calaveras,009,45235,7523,7469,389,7858,120
2022-05-28,Colusa,011,21464,3481,3474,1074,4548,21
2022-05-28,Contra Costa,013,1133247,207160,203528,14998,218526,1306
2022-05-28,Del Norte,015,27424,6214,6166,242,6408,51
2022-05-28,El Dorado,017,186661,28211,27898,3415,31313,214
2022-05-28,Fresno,019,978130,237513,236250,24465,260715,2764
2022-05-28,Glenn,021,27897,5062,5048,1632,6680,48
2022-05-28,Humboldt,023,135768,18405,18257,3460,21717,147
2022-05-28,Imperial,025,180216,56608,56323,10844,67167,939
2022-05-28,Inyo,027,18085,4181,4161,562,4723,56
2022-05-28,Kern,029,883053,195715,194687,47492,242179,2334
2022-05-28,Kings,031,150075,52488,52292,3565,55857,447
2022-05-28,Lake,033,64148,11059,10958,922,11880,137
2022-05-28,Lassen,035,31185,9082,9049,892,9941,64
2022-05-28,Los Angeles,037,10098052,2845080,2819145,133699,2952844,31862
2022-05-28,Madera,039,155013,38182,37955,6293,44248,371
2022-05-28,Marin,041,260295,37762,37215,3916,41131,293
2022-05-28,Mariposa,043,17540,2560,2526,226,2752,31
2022-05-28,Mendocino,045,87422,13726,13612,3418,17030,124
2022-05-28,Merced,047,269075,63781,63389,9136,72525,824
2022-05-28,Modoc,049,8938,753,751,257,1008,8
2022-05-28,Mono,051,14174,3035,3030,160,3190,6
2022-05-28,Monterey,053,433212,82436,81875,15468,97343,737
2022-05-28,Napa,055,140530,27666,27376,1141,28517,144
2022-05-28,Nevada,057,99092,16737,16568,1309,17877,127
2022-05-28,Orange,059,3164182,572571,568369,45074,613443,7028
2022-05-28,Placer,061,380077,66416,65672,7880,73552,626
2022-05-28,Plumas,063,18699,3123,3096,376,3472,13
2022-05-28,Riverside,065,2383286,609883,606444,29148,635592,6480
2022-05-28,Sacramento,067,1510023,296866,294000,28609,322609,3032
2022-05-28,San Benito,069,59416,13494,13402,580,13982,98
2022-05-28,San Bernardino,071,2135413,584188,578656,25386,604042,7610
2022-05-28,San Diego,073,3302833,790830,786243,56781,843024,5288
2022-05-28,San Francisco,075,870044,145138,142456,9478,151934,879
2022-05-28,San Joaquin,077,732212,172530,171282,10959,182241,2241
2022-05-28,San Luis Obispo,079,281455,55173,54701,4518,59219,481
2022-05-28,San Mateo,081,765935,137981,135746,8449,144195,710
2022-05-28,Santa Barbara,083,443738,90699,89940,5078,95018,693
2022-05-28,Santa Clara,085,1922200,349908,344223,14709,358932,2304
2022-05-28,Santa Cruz,087,273765,52278,51819,2409,54228,263
2022-05-28,Shasta,089,179085,31282,31165,6216,37381,564
2022-05-28,Sierra,091,2930,278,278,54,332,4
2022-05-28,Siskiyou,093,43540,4581,4537,2805,7342,81
2022-05-28,Solano,095,438530,87808,86565,6064,92629,452
2022-05-28,Sonoma,097,501317,91456,90364,3587,93951,490
2022-05-28,Stanislaus,099,539301,120953,120241,18194,138435,1657
2022-05-28,Sutter,101,95872,21049,20976,2186,23162,227
2022-05-28,Tehama,103,63373,12241,12210,2643,14853,204
2022-05-28,Trinity,105,12862,1203,1196,289,1485,20
2022-05-28,Tulare,107,460477,108357,108029,28738,136767,1484
2022-05-28,Tuolumne,109,53932,13258,13141,605,13746,189
2022-05-28,Ventura,111,848112,181499,179953,10549,190502,1503
2022-05-28,Yolo,113,214977,40629,39016,3332,42348,319
2022-05-28,Yuba,115,75493,16423,16314,1322,17636,122
2022-05-27,Alameda,001,1643700,284409,280775,15787,296562,1863
2022-05-27,Alpine,003,1148,127,126,1,127,0
2022-05-27,Amador,005,37829,8816,8696,681,9377,86
2022-05-27,Butte,007,227075,34152,33876,7151,41027,426
2022-05-27,Calaveras,009,45235,7516,7469,389,7858,120
2022-05-27,Colusa,011,21464,3481,3474,1074,4548,21
2022-05-27,Contra Costa,013,1133247,206878,203528,14978,218506,1306
2022-05-27,Del Norte,015,27424,6208,6166,242,6408,51
2022-05-27,El Dorado,017,186661,28187,27898,3407,31305,214
2022-05-27,Fresno,019,978130,237341,236250,24442,260692,2764
2022-05-27,Glenn,021,27897,5060,5048,1632,6680,48
2022-05-27,Humboldt,023,135768,18395,18257,3455,21712,147
2022-05-27,Imperial,025,180216,56525,56323,10839,67162,939
2022-05-27,Inyo,027,18085,4179,4161,561,4722,56
2022-05-27,Kern,029,883053,195606,194687,47425,242112,2334
2022-05-27,Kings,031,150075,52460,52292,3562,55854,447
2022-05-27,Lake,033,64148,11053,10958,920,11878,137
2022-05-27,Lassen,035,31185,9078,9049,892,9941,64
2022-05-27,Los Angeles,037,10098052,2842731,2819145,133453,2952598,31862
2022-05-27,Madera,039,155013,38148,37955,6288,44243,371
2022-05-27,Marin,041,260295,37697,37215,3882,41097,293
2022-05-27,Mariposa,043,17540,2554,2526,226,2752,31
2022-05-27,Mendocino,045,87422,13709,13612,3414,17026,124
2022-05-27,Merced,047,269075,63738,63389,9132,72521,824
2022-05-27,Modoc,049,8938,753,751,257,1008,8
2022-05-27,Mono,051,14174,3034,3030,160,3190,6
2022-05-27,Monterey,053,433212,82377,81875,15426,97301,737
2022-05-27,Napa,055,140530,27634,27376,1138,28514,144
2022-05-27,Nevada,057,99092,16726,16568,1305,17873,127
2022-05-27,Orange,059,3164182,572014,568369,44966,613335,7028
2022-05-27,Placer,061,380077,66347,65672,7870,73542,626
2022-05-27,Plumas,063,18699,3120,3096,376,3472,13
2022-05-27,Riverside,065,2383286,609471,606444,29119,635563,6480
2022-05-27,Sacramento,067,1510023,296487,294000,28574,322574,3032
2022-05-27,San Benito,069,59416,13483,13402,580,13982,98
2022-05-27,San Bernardino,071,2135413,583857,578656,25373,604029,7610
2022-05-27,San Diego,073,3302833,789955,786243,56727,842970,5288
2022-05-27,San Francisco,075,870044,144804,142456,9438,151894,879
2022-05-27,San Joaquin,077,732212,172400,171282,10940,182222,2241
2022-05-27,San Luis Obispo,079,281455,55112,54701,4505,59206,481
2022-05-27,San Mateo,081,765935,137733,135746,8428,144174,710
2022-05-27,Santa Barbara,083,443738,90609,89940,5077,95017,693
2022-05-27,Santa Clara,085,1922200,349154,344223,14691,358914,2304
2022-05-27,Santa Cruz,087,273765,52223,51819,2399,54218,263
2022-05-27,Shasta,089,179085,31272,31165,6210,37375,564
2022-05-27,Sierra,091,2930,278,278,54,332,4
2022-05-27,Siskiyou,093,43540,4578,4537,2803,7340,81
2022-05-27,Solano,095,438530,87682,86565,6053,92618,452
2022-05-27,Sonoma,097,501317,91309,90364,3575,93939,490
2022-05-27,Stanislaus,099,539301,120870,120241,18180,138421,1657
2022-05-27,Sutter,101,95872,21032,20976,2185,23161,227
2022-05-27,Tehama,103,63373,12238,12210,2643,14853,204
2022-05-27,Trinity,105,12862,1203,1196,289,1485,20
2022-05-27,Tulare,107,460477,108289,108029,28701,136730,1484
2022-05-27,Tuolumne,109,53932,13248,13141,605,13746,189
2022-05-27,Ventura,111,848112,181323,179953,10527,190480,1503
2022-05-27,Yolo,113,214977,40558,39016,3325,42341,319
2022-05-27,Yuba,115,75493,16409,16314,1321,17635,122
2022-05-26,Alameda,001,1643700,283560,280775,15715,296490,1863
2022-05-26,Alpine,003,1148,127,126,1,127,0
2022-05-26,Amador,005,37829,8803,8696,681,9377,86
2022-05-26,Butte,007,227075,34099,33876,7132,41008,426
2022-05-26,Calaveras,009,45235,7506,7469,389,7858,120
2022-05-26,Colusa,011,21464,3478,3474,1071,4545,21
2022-05-26,Contra Costa,013,1133247,206401,203528,14940,218468,1306
2022-05-26,Del Norte,015,27424,6200,6166,238,6404,51
2022-05-26,El Dorado,017,186661,28138,27898,3398,31296,214
2022-05-26,Fresno,019,978130,237085,236250,24398,260648,2764
2022-05-26,Glenn,021,27897,5055,5048,1632,6680,48
2022-05-26,Humboldt,023,135768,18354,18257,3447,21704,147
2022-05-26,Imperial,025,180216,56492,56323,10824,67147,939
2022-05-26,Inyo,027,18085,4178,4161,558,4719,56
2022-05-26,Kern,029,883053,195443,194687,47350,242037,2334
2022-05-26,Kings,031,150075,52414,52292,3559,55851,447
2022-05-26,Lake,033,64148,11038,10958,920,11878,137
2022-05-26,Lassen,035,31185,9069,9049,892,9941,64
2022-05-26,Los Angeles,037,10098052,2838566,2819145,133124,2952269,31862
2022-05-26,Madera,039,155013,38106,37955,6287,44242,371
2022-05-26,Marin,041,260295,37602,37215,3844,41059,293
2022-05-26,Mariposa,043,17540,2549,2526,226,2752,31
2022-05-26,Mendocino,045,87422,13683,13612,3405,17017,124
2022-05-26,Merced,047,269075,63673,63389,9125,72514,824
2022-05-26,Modoc,049,8938,752,751,257,1008,8
2022-05-26,Mono,051,14174,3033,3030,159,3189,6
2022-05-26,Monterey,053,433212,82298,81875,15380,97255,737
2022-05-26,Napa,055,140530,27582,27376,1138,28514,144
2022-05-26,Nevada,057,99092,16695,16568,1301,17869,127
2022-05-26,Orange,059,3164182,571108,568369,44846,613215,7028
2022-05-26,Placer,061,380077,66211,65672,7854,73526,626
2022-05-26,Plumas,063,18699,3116,3096,375,3471,13
2022-05-26,Riverside,065,2383286,608858,606444,29067,635511,6480
2022-05-26,Sacramento,067,1510023,295833,294000,28489,322489,3032
2022-05-26,San Benito,069,59416,13467,13402,578,13980,98
2022-05-26,San Bernardino,071,2135413,583321,578656,25361,604017,7610
2022-05-26,San Diego,073,3302833,788652,786243,56614,842857,5288
2022-05-26,San Francisco,075,870044,144345,142456,9393,151849,879
2022-05-26,San Joaquin,077,732212,172180,171282,10914,182196,2241
2022-05-26,San Luis Obispo,079,281455,55015,54701,4476,59177,481
2022-05-26,San Mateo,081,765935,137346,135746,8392,144138,710
2022-05-26,Santa Barbara,083,443738,90463,89940,5062,95002,693
2022-05-26,Santa Clara,085,1922200,348183,344223,14604,358827,2304
2022-05-26,Santa Cruz,087,273765,52132,51819,2393,54212,263
2022-05-26,Shasta,089,179085,31246,31165,6207,37372,564
2022-05-26,Sierra,091,2930,278,278,54,332,4
2022-05-26,Siskiyou,093,43540,4574,4537,2801,7338,81
2022-05-26,Solano,095,438530,87482,86565,6046,92611,452
2022-05-26,Sonoma,097,501317,91118,90364,3547,93911,490
2022-05-26,Stanislaus,099,539301,120766,120241,18167,138408,1657
2022-05-26,Sutter,101,95872,21012,20976,2182,23158,227
2022-05-26,Tehama,103,63373,12228,12210,2642,14852,204
2022-05-26,Trinity,105,12862,1201,1196,289,1485,20
2022-05-26,Tulare,107,460477,108221,108029,28648,136677,1484
2022-05-26,Tuolumne,109,53932,13227,13141,603,13744,189
2022-05-26,Ventura,111,848112,181058,179953,10500,190453,1503
2022-05-26,Yolo,113,214977,40453,39016,3316,42332,319
2022-05-26,Yuba,115,75493,16393,16314,1319,17633,122
2022-05-25,Alameda,001,1643700,282660,278228,15656,293884,1860
2022-05-25,Alpine,003,1148,126,126,1,127,0
2022-05-25,Amador,005,37829,8787,8654,679,9333,86
2022-05-25,Butte,007,227075,34036,33755,7110,40865,426
2022-05-25,Calaveras,009,45235,7498,7450,387,7837,120
2022-05-25,Colusa,011,21464,3477,3471,1069,4540,21
2022-05-25,Contra Costa,013,1133247,205850,201866,14884,216750,1306
2022-05-25,Del Norte,015,27424,6194,6145,232,6377,50
2022-05-25,El Dorado,017,186661,28085,27715,3391,31106,213
2022-05-25,Fresno,019,978130,236802,235569,24353,259922,2763
2022-05-25,Glenn,021,27897,5050,5030,1630,6660,48
2022-05-25,Humboldt,023,135768,18327,18133,3437,21570,147
2022-05-25,Imperial,025,180216,56435,56203,10814,67017,923
2022-05-25,Inyo,027,18085,4175,4152,558,4710,56
2022-05-25,Kern,029,883053,195249,194251,47263,241514,2336
2022-05-25,Kings,031,150075,52360,52178,3555,55733,447
2022-05-25,Lake,033,64148,11025,10908,919,11827,137
2022-05-25,Lassen,035,31185,9062,9028,892,9920,64
2022-05-25,Los Angeles,037,10098052,2833945,2806770,132760,2939530,31845
2022-05-25,Madera,039,155013,38067,37867,6280,44147,370
2022-05-25,Marin,041,260295,37502,36890,3818,40708,293
2022-05-25,Mariposa,043,17540,2539,2514,226,2740,30
2022-05-25,Mendocino,045,87422,13668,13545,3399,16944,124
2022-05-25,Merced,047,269075,63606,63220,9097,72317,823
2022-05-25,Modoc,049,8938,751,750,256,1006,8
2022-05-25,Mono,051,14174,3033,3024,158,3182,6
2022-05-25,Monterey,053,433212,82232,81592,15338,96930,737
2022-05-25,Napa,055,140530,27532,27240,1132,28372,143
2022-05-25,Nevada,057,99092,16660,16517,1296,17813,127
2022-05-25,Orange,059,3164182,570099,565564,44695,610259,7026
2022-05-25,Placer,061,380077,66060,65309,7836,73145,626
2022-05-25,Plumas,063,18699,3110,3065,374,3439,13
2022-05-25,Riverside,065,2383286,608182,604465,29017,633482,6480
2022-05-25,Sacramento,067,1510023,295190,292211,28382,320593,3028
2022-05-25,San Benito,069,59416,13432,13338,575,13913,98
2022-05-25,San Bernardino,071,2135413,582783,576982,25337,602319,7568
2022-05-25,San Diego,073,3302833,787189,782420,56472,838892,5284
2022-05-25,San Francisco,075,870044,143842,141015,9366,150381,872
2022-05-25,San Joaquin,077,732212,171942,170626,10895,181521,2238
2022-05-25,San Luis Obispo,079,281455,54909,54342,4427,58769,481
2022-05-25,San Mateo,081,765935,136888,134441,8337,142778,710
2022-05-25,Santa Barbara,083,443738,90296,89426,5052,94478,693
2022-05-25,Santa Clara,085,1922200,347109,340868,14497,355365,2304
2022-05-25,Santa Cruz,087,273765,52050,51644,2380,54024,263
2022-05-25,Shasta,089,179085,31219,31072,6199,37271,564
2022-05-25,Sierra,091,2930,278,277,54,331,4
2022-05-25,Siskiyou,093,43540,4564,4516,2798,7314,81
2022-05-25,Solano,095,438530,87273,86024,6031,92055,451
2022-05-25,Sonoma,097,501317,90925,89810,3509,93319,490
2022-05-25,Stanislaus,099,539301,120628,119894,18147,138041,1654
2022-05-25,Sutter,101,95872,20988,20904,2179,23083,226
2022-05-25,Tehama,103,63373,12222,12189,2638,14827,201
2022-05-25,Trinity,105,12862,1201,1194,289,1483,20
2022-05-25,Tulare,107,460477,108139,107790,28607,136397,1482
2022-05-25,Tuolumne,109,53932,13206,13086,600,13686,182
2022-05-25,Ventura,111,848112,180765,179116,10474,189590,1499
2022-05-25,Yolo,113,214977,40358,38782,3306,42088,319
2022-05-25,Yuba,115,75493,16366,16260,1313,17573,122
2022-05-24,Alameda,001,1643700,281788,278228,15602,293830,1860
2022-05-24,Alpine,003,1148,126,126,1,127,0
2022-05-24,Amador,005,37829,8780,8654,678,9332,86
2022-05-24,Butte,007,227075,33991,33755,7091,40846,426
2022-05-24,Calaveras,009,45235,7491,7450,385,7835,120
2022-05-24,Colusa,011,21464,3475,3471,1067,4538,21
2022-05-24,Contra Costa,013,1133247,205197,201866,14804,216670,1306
2022-05-24,Del Norte,015,27424,6189,6145,230,6375,50
2022-05-24,El Dorado,017,186661,28017,27715,3385,31100,213
2022-05-24,Fresno,019,978130,236485,235569,24320,259889,2763
2022-05-24,Glenn,021,27897,5048,5030,1630,6660,48
2022-05-24,Humboldt,023,135768,18295,18133,3423,21556,147
2022-05-24,Imperial,025,180216,56381,56203,10804,67007,923
2022-05-24,Inyo,027,18085,4167,4152,556,4708,56
2022-05-24,Kern,029,883053,195055,194251,47159,241410,2336
2022-05-24,Kings,031,150075,52292,52178,3550,55728,447
2022-05-24,Lake,033,64148,11008,10908,917,11825,137
2022-05-24,Lassen,035,31185,9049,9028,888,9916,64
2022-05-24,Los Angeles,037,10098052,2828664,2806770,132381,2939151,31845
2022-05-24,Madera,039,155013,38018,37867,6271,44138,370
2022-05-24,Marin,041,260295,37396,36890,3767,40657,293
2022-05-24,Mariposa,043,17540,2532,2514,225,2739,30
2022-05-24,Mendocino,045,87422,13644,13545,3391,16936,124
2022-05-24,Merced,047,269075,63545,63220,9066,72286,823
2022-05-24,Modoc,049,8938,750,750,255,1005,8
2022-05-24,Mono,051,14174,3030,3024,158,3182,6
2022-05-24,Monterey,053,433212,82141,81592,15281,96873,737
2022-05-24,Napa,055,140530,27484,27240,1120,28360,143
2022-05-24,Nevada,057,99092,16619,16517,1294,17811,127
2022-05-24,Orange,059,3164182,569071,565564,44531,610095,7026
2022-05-24,Placer,061,380077,65960,65309,7821,73130,626
2022-05-24,Plumas,063,18699,3104,3065,374,3439,13
2022-05-24,Riverside,065,2383286,607487,604465,28971,633436,6480
2022-05-24,Sacramento,067,1510023,294505,292211,28263,320474,3028
2022-05-24,San Benito,069,59416,13398,13338,574,13912,98
2022-05-24,San Bernardino,071,2135413,582167,576982,25312,602294,7568
2022-05-24,San Diego,073,3302833,785539,782420,56302,838722,5284
2022-05-24,San Francisco,075,870044,143296,141015,9349,150364,872
2022-05-24,San Joaquin,077,732212,171679,170626,10868,181494,2238
2022-05-24,San Luis Obispo,079,281455,54759,54342,4375,58717,481
2022-05-24,San Mateo,081,765935,136357,134441,8292,142733,710
2022-05-24,Santa Barbara,083,443738,90133,89426,5032,94458,693
2022-05-24,Santa Clara,085,1922200,345824,340868,14407,355275,2304
2022-05-24,Santa Cruz,087,273765,51974,51644,2372,54016,263
2022-05-24,Shasta,089,179085,31194,31072,6189,37261,564
2022-05-24,Sierra,091,2930,278,277,54,331,4
2022-05-24,Siskiyou,093,43540,4554,4516,2790,7306,81
2022-05-24,Solano,095,438530,87043,86024,6005,92029,451
2022-05-24,Sonoma,097,501317,90720,89810,3477,93287,490
2022-05-24,Stanislaus,099,539301,120491,119894,18117,138011,1654
2022-05-24,Sutter,101,95872,20967,20904,2175,23079,226
2022-05-24,Tehama,103,63373,12213,12189,2636,14825,201
2022-05-24,Trinity,105,12862,1198,1194,289,1483,20
2022-05-24,Tulare,107,460477,108022,107790,28556,136346,1482
2022-05-24,Tuolumne,109,53932,13191,13086,600,13686,182
2022-05-24,Ventura,111,848112,180449,179116,10449,189565,1499
2022-05-24,Yolo,113,214977,40254,38782,3301,42083,319
2022-05-24,Yuba,115,75493,16338,16260,1306,17566,122
2022-05-23,Alameda,001,1643700,280848,278228,15526,293754,1860
2022-05-23,Alpine,003,1148,126,126,1,127,0
2022-05-23,Amador,005,37829,8748,8654,675,9329,86
2022-05-23,Butte,007,227075,33944,33755,7065,40820,426
2022-05-23,Calaveras,009,45235,7484,7450,383,7833,120
2022-05-23,Colusa,011,21464,3474,3471,1065,4536,21
2022-05-23,Contra Costa,013,1133247,204463,201866,14742,216608,1306
2022-05-23,Del Norte,015,27424,6184,6145,227,6372,50
2022-05-23,El Dorado,017,186661,27935,27715,3378,31093,213
2022-05-23,Fresno,019,978130,236138,235569,24264,259833,2763
2022-05-23,Glenn,021,27897,5044,5030,1628,6658,48
2022-05-23,Humboldt,023,135768,18268,18133,3411,21544,147
2022-05-23,Imperial,025,180216,56335,56203,10786,66989,923
2022-05-23,Inyo,027,18085,4164,4152,555,4707,56
2022-05-23,Kern,029,883053,194836,194251,47073,241324,2336
2022-05-23,Kings,031,150075,52245,52178,3545,55723,447
2022-05-23,Lake,033,64148,10989,10908,917,11825,137
2022-05-23,Lassen,035,31185,9041,9028,885,9913,64
2022-05-23,Los Angeles,037,10098052,2823241,2806770,132018,2938788,31845
2022-05-23,Madera,039,155013,37987,37867,6255,44122,370
2022-05-23,Marin,041,260295,37255,36890,3723,40613,293
2022-05-23,Mariposa,043,17540,2530,2514,223,2737,30
2022-05-23,Mendocino,045,87422,13622,13545,3384,16929,124
2022-05-23,Merced,047,269075,63466,63220,9042,72262,823
2022-05-23,Modoc,049,8938,749,750,255,1005,8
2022-05-23,Mono,051,14174,3030,3024,158,3182,6
2022-05-23,Monterey,053,433212,82042,81592,15220,96812,737
2022-05-23,Napa,055,140530,27427,27240,1114,28354,143
2022-05-23,Nevada,057,99092,16584,16517,1293,17810,127
2022-05-23,Orange,059,3164182,568059,565564,44389,609953,7026
2022-05-23,Placer,061,380077,65815,65309,7798,73107,626
2022-05-23,Plumas,063,18699,3101,3065,373,3438,13
2022-05-23,Riverside,065,2383286,606763,604465,28923,633388,6480
2022-05-23,Sacramento,067,1510023,293756,292211,28141,320352,3028
2022-05-23,San Benito,069,59416,13363,13338,571,13909,98
2022-05-23,San Bernardino,071,2135413,581519,576982,25286,602268,7568
2022-05-23,San Diego,073,3302833,783817,782420,56113,838533,5284
2022-05-23,San Francisco,075,870044,142721,141015,9319,150334,872
2022-05-23,San Joaquin,077,732212,171409,170626,10842,181468,2238
2022-05-23,San Luis Obispo,079,281455,54613,54342,4329,58671,481
2022-05-23,San Mateo,081,765935,135787,134441,8257,142698,710
2022-05-23,Santa Barbara,083,443738,89898,89426,5015,94441,693
2022-05-23,Santa Clara,085,1922200,344449,340868,14326,355194,2304
2022-05-23,Santa Cruz,087,273765,51872,51644,2360,54004,263
2022-05-23,Shasta,089,179085,31171,31072,6184,37256,564
2022-05-23,Sierra,091,2930,278,277,54,331,4
2022-05-23,Siskiyou,093,43540,4540,4516,2786,7302,81
2022-05-23,Solano,095,438530,86770,86024,5990,92014,451
2022-05-23,Sonoma,097,501317,90489,89810,3434,93244,490
2022-05-23,Stanislaus,099,539301,120351,119894,18080,137974,1654
2022-05-23,Sutter,101,95872,20927,20904,2171,23075,226
2022-05-23,Tehama,103,63373,12201,12189,2635,14824,201
2022-05-23,Trinity,105,12862,1197,1194,289,1483,20
2022-05-23,Tulare,107,460477,107896,107790,28491,136281,1482
2022-05-23,Tuolumne,109,53932,13167,13086,598,13684,182
2022-05-23,Ventura,111,848112,180115,179116,10434,189550,1499
2022-05-23,Yolo,113,214977,40121,38782,3285,42067,319
2022-05-23,Yuba,115,75493,16309,16260,1302,17562,122
2022-05-22,Alameda,001,1643700,279762,274996,15422,290418,1858
2022-05-22,Alpine,003,1148,126,126,1,127,0
2022-05-22,Amador,005,37829,8731,8628,674,9302,86
2022-05-22,Butte,007,227075,33892,33606,7043,40649,426
2022-05-22,Calaveras,009,45235,7473,7424,379,7803,120
2022-05-22,Colusa,011,21464,3470,3468,1062,4530,21
2022-05-22,Contra Costa,013,1133247,203736,199703,14638,214341,1305
2022-05-22,Del Norte,015,27424,6169,6045,217,6262,50
2022-05-22,El Dorado,017,186661,27858,27517,3368,30885,213
2022-05-22,Fresno,019,978130,235799,234657,24220,258877,2760
2022-05-22,Glenn,021,27897,5034,5020,1628,6648,48
2022-05-22,Humboldt,023,135768,18215,17984,3389,21373,146
2022-05-22,Imperial,025,180216,56266,56014,10774,66788,923
2022-05-22,Inyo,027,18085,4157,4135,553,4688,56
2022-05-22,Kern,029,883053,194600,193705,46976,240681,2334
2022-05-22,Kings,031,150075,52182,52038,3542,55580,447
2022-05-22,Lake,033,64148,10957,10867,917,11784,137
2022-05-22,Lassen,035,31185,9025,9011,882,9893,64
2022-05-22,Los Angeles,037,10098052,2817360,2791671,131591,2923262,31815
2022-05-22,Madera,039,155013,37941,37744,6225,43969,370
2022-05-22,Marin,041,260295,37108,36394,3679,40073,293
2022-05-22,Mariposa,043,17540,2526,2490,222,2712,30
2022-05-22,Mendocino,045,87422,13594,13461,3359,16820,124
2022-05-22,Merced,047,269075,63387,62969,9012,71981,823
2022-05-22,Modoc,049,8938,748,750,255,1005,8
2022-05-22,Mono,051,14174,3029,3012,158,3170,6
2022-05-22,Monterey,053,433212,81882,81224,15123,96347,735
2022-05-22,Napa,055,140530,27356,27034,1106,28140,143
2022-05-22,Nevada,057,99092,16550,16410,1288,17698,127
2022-05-22,Orange,059,3164182,566964,562531,44213,606744,7025
2022-05-22,Placer,061,380077,65656,64802,7773,72575,626
2022-05-22,Plumas,063,18699,3094,3052,371,3423,13
2022-05-22,Riverside,065,2383286,605927,601808,28861,630669,6476
2022-05-22,Sacramento,067,1510023,292958,289972,27985,317957,3027
2022-05-22,San Benito,069,59416,13331,13234,565,13799,98
2022-05-22,San Bernardino,071,2135413,580800,575194,25250,600444,7523
2022-05-22,San Diego,073,3302833,782198,777404,55924,833328,5282
2022-05-22,San Francisco,075,870044,142028,138922,9302,148224,871
2022-05-22,San Joaquin,077,732212,171108,169745,10805,180550,2237
2022-05-22,San Luis Obispo,079,281455,54459,54012,4270,58282,481
2022-05-22,San Mateo,081,765935,135223,132636,8211,140847,711
2022-05-22,Santa Barbara,083,443738,89667,88783,4987,93770,692
2022-05-22,Santa Clara,085,1922200,343007,336488,14248,350736,2301
2022-05-22,Santa Cruz,087,273765,51781,51333,2348,53681,263
2022-05-22,Shasta,089,179085,31122,30966,6172,37138,564
2022-05-22,Sierra,091,2930,278,276,54,330,4
2022-05-22,Siskiyou,093,43540,4531,4501,2785,7286,81
2022-05-22,Solano,095,438530,86490,85038,5964,91002,451
2022-05-22,Sonoma,097,501317,90200,88889,3383,92272,489
2022-05-22,Stanislaus,099,539301,120178,119396,18059,137455,1653
2022-05-22,Sutter,101,95872,20898,20809,2163,22972,226
2022-05-22,Tehama,103,63373,12192,12162,2630,14792,201
2022-05-22,Trinity,105,12862,1197,1191,289,1480,20
2022-05-22,Tulare,107,460477,107788,107485,28414,135899,1477
2022-05-22,Tuolumne,109,53932,13147,12977,598,13575,182
2022-05-22,Ventura,111,848112,179761,178024,10405,188429,1499
2022-05-22,Yolo,113,214977,39994,38377,3264,41641,319
2022-05-22,Yuba,115,75493,16282,16180,1293,17473,122
2022-05-21,Alameda,001,1643700,279309,274996,15400,290396,1858
2022-05-21,Alpine,003,1148,126,126,1,127,0
2022-05-21,Amador,005,37829,8720,8628,674,9302,86
2022-05-21,Butte,007,227075,33872,33606,7032,40638,426
2022-05-21,Calaveras,009,45235,7467,7424,379,7803,120
2022-05-21,Colusa,011,21464,3470,3468,1061,4529,21
2022-05-21,Contra Costa,013,1133247,203378,199703,14623,214326,1305
2022-05-21,Del Norte,015,27424,6165,6045,215,6260,50
2022-05-21,El Dorado,017,186661,27822,27517,3366,30883,213
2022-05-21,Fresno,019,978130,235667,234657,24201,258858,2760
2022-05-21,Glenn,021,27897,5030,5020,1627,6647,48
2022-05-21,Humboldt,023,135768,18190,17984,3387,21371,146
2022-05-21,Imperial,025,180216,56232,56014,10772,66786,923
2022-05-21,Inyo,027,18085,4155,4135,551,4686,56
2022-05-21,Kern,029,883053,194504,193705,46915,240620,2334
2022-05-21,Kings,031,150075,52159,52038,3541,55579,447
2022-05-21,Lake,033,64148,10949,10867,917,11784,137
2022-05-21,Lassen,035,31185,9022,9011,882,9893,64
2022-05-21,Los Angeles,037,10098052,2815062,2791671,131351,2923022,31815
2022-05-21,Madera,039,155013,37923,37744,6220,43964,370
2022-05-21,Marin,041,260295,37013,36394,3635,40029,293
2022-05-21,Mariposa,043,17540,2524,2490,222,2712,30
2022-05-21,Mendocino,045,87422,13583,13461,3354,16815,124
2022-05-21,Merced,047,269075,63352,62969,9006,71975,823
2022-05-21,Modoc,049,8938,747,750,255,1005,8
2022-05-21,Mono,051,14174,3029,3012,158,3170,6
2022-05-21,Monterey,053,433212,81815,81224,15072,96296,735
2022-05-21,Napa,055,140530,27323,27034,1103,28137,143
2022-05-21,Nevada,057,99092,16544,16410,1288,17698,127
2022-05-21,Orange,059,3164182,566454,562531,44109,606640,7025
2022-05-21,Placer,061,380077,65548,64802,7760,72562,626
2022-05-21,Plumas,063,18699,3087,3052,371,3423,13
2022-05-21,Riverside,065,2383286,605455,601808,28836,630644,6476
2022-05-21,Sacramento,067,1510023,292628,289972,27956,317928,3027
2022-05-21,San Benito,069,59416,13319,13234,564,13798,98
2022-05-21,San Bernardino,071,2135413,580463,575194,25230,600424,7523
2022-05-21,San Diego,073,3302833,781503,777404,55868,833272,5282
2022-05-21,San Francisco,075,870044,141716,138922,9289,148211,871
2022-05-21,San Joaquin,077,732212,170990,169745,10787,180532,2237
2022-05-21,San Luis Obispo,079,281455,54380,54012,4258,58270,481
2022-05-21,San Mateo,081,765935,134912,132636,8191,140827,711
2022-05-21,Santa Barbara,083,443738,89575,88783,4984,93767,692
2022-05-21,Santa Clara,085,1922200,342158,336488,14205,350693,2301
2022-05-21,Santa Cruz,087,273765,51736,51333,2341,53674,263
2022-05-21,Shasta,089,179085,31110,30966,6170,37136,564
2022-05-21,Sierra,091,2930,277,276,54,330,4
2022-05-21,Siskiyou,093,43540,4527,4501,2783,7284,81
2022-05-21,Solano,095,438530,86406,85038,5961,90999,451
2022-05-21,Sonoma,097,501317,90074,88889,3378,92267,489
2022-05-21,Stanislaus,099,539301,120099,119396,18039,137435,1653
2022-05-21,Sutter,101,95872,20888,20809,2158,22967,226
2022-05-21,Tehama,103,63373,12190,12162,2629,14791,201
2022-05-21,Trinity,105,12862,1197,1191,289,1480,20
2022-05-21,Tulare,107,460477,107725,107485,28378,135863,1477
2022-05-21,Tuolumne,109,53932,13140,12977,598,13575,182
2022-05-21,Ventura,111,848112,179588,178024,10390,188414,1499
2022-05-21,Yolo,113,214977,39929,38377,3256,41633,319
2022-05-21,Yuba,115,75493,16269,16180,1291,17471,122
2022-05-20,Alameda,001,1643700,278770,274996,15379,290375,1858
2022-05-20,Alpine,003,1148,126,126,1,127,0
2022-05-20,Amador,005,37829,8713,8628,674,9302,86
2022-05-20,Butte,007,227075,33849,33606,7021,40627,426
2022-05-20,Calaveras,009,45235,7459,7424,379,7803,120
2022-05-20,Colusa,011,21464,3470,3468,1061,4529,21
2022-05-20,Contra Costa,013,1133247,203022,199703,14615,214318,1305
2022-05-20,Del Norte,015,27424,6160,6045,214,6259,50
2022-05-20,El Dorado,017,186661,27790,27517,3363,30880,213
2022-05-20,Fresno,019,978130,235509,234657,24179,258836,2760
2022-05-20,Glenn,021,27897,5027,5020,1627,6647,48
2022-05-20,Humboldt,023,135768,18168,17984,3385,21369,146
2022-05-20,Imperial,025,180216,56207,56014,10769,66783,923
2022-05-20,Inyo,027,18085,4152,4135,547,4682,56
2022-05-20,Kern,029,883053,194401,193705,46866,240571,2334
2022-05-20,Kings,031,150075,52144,52038,3540,55578,447
2022-05-20,Lake,033,64148,10932,10867,917,11784,137
2022-05-20,Lassen,035,31185,9020,9011,882,9893,64
2022-05-20,Los Angeles,037,10098052,2812717,2791671,131133,2922804,31815
2022-05-20,Madera,039,155013,37904,37744,6218,43962,370
2022-05-20,Marin,041,260295,36940,36394,3596,39990,293
2022-05-20,Mariposa,043,17540,2519,2490,222,2712,30
2022-05-20,Mendocino,045,87422,13568,13461,3353,16814,124
2022-05-20,Merced,047,269075,63318,62969,9003,71972,823
2022-05-20,Modoc,049,8938,747,750,255,1005,8
2022-05-20,Mono,051,14174,3025,3012,158,3170,6
2022-05-20,Monterey,053,433212,81755,81224,15037,96261,735
2022-05-20,Napa,055,140530,27293,27034,1100,28134,143
2022-05-20,Nevada,057,99092,16536,16410,1286,17696,127
2022-05-20,Orange,059,3164182,565880,562531,44013,606544,7025
2022-05-20,Placer,061,380077,65473,64802,7745,72547,626
2022-05-20,Plumas,063,18699,3085,3052,371,3423,13
2022-05-20,Riverside,065,2383286,605005,601808,28815,630623,6476
2022-05-20,Sacramento,067,1510023,292248,289972,27934,317906,3027
2022-05-20,San Benito,069,59416,13304,13234,564,13798,98
2022-05-20,San Bernardino,071,2135413,580143,575194,25213,600407,7523
2022-05-20,San Diego,073,3302833,780707,777404,55808,833212,5282
2022-05-20,San Francisco,075,870044,141384,138922,9260,148182,871
2022-05-20,San Joaquin,077,732212,170868,169745,10781,180526,2237
2022-05-20,San Luis Obispo,079,281455,54344,54012,4254,58266,481
2022-05-20,San Mateo,081,765935,134597,132636,8170,140806,711
2022-05-20,Santa Barbara,083,443738,89491,88783,4979,93762,692
2022-05-20,Santa Clara,085,1922200,341363,336488,14152,350640,2301
2022-05-20,Santa Cruz,087,273765,51692,51333,2323,53656,263
2022-05-20,Shasta,089,179085,31096,30966,6167,37133,564
2022-05-20,Sierra,091,2930,277,276,54,330,4
2022-05-20,Siskiyou,093,43540,4524,4501,2781,7282,81
2022-05-20,Solano,095,438530,86265,85038,5954,90992,451
2022-05-20,Sonoma,097,501317,89947,88889,3365,92254,489
2022-05-20,Stanislaus,099,539301,120017,119396,18029,137425,1653
2022-05-20,Sutter,101,95872,20879,20809,2158,22967,226
2022-05-20,Tehama,103,63373,12187,12162,2628,14790,201
2022-05-20,Trinity,105,12862,1197,1191,289,1480,20
2022-05-20,Tulare,107,460477,107668,107485,28339,135824,1477
2022-05-20,Tuolumne,109,53932,13121,12977,598,13575,182
2022-05-20,Ventura,111,848112,179392,178024,10382,188406,1499
2022-05-20,Yolo,113,214977,39859,38377,3251,41628,319
2022-05-20,Yuba,115,75493,16254,16180,1287,17467,122
2022-05-19,Alameda,001,1643700,277938,274996,15314,290310,1858
2022-05-19,Alpine,003,1148,126,126,1,127,0
2022-05-19,Amador,005,37829,8705,8628,674,9302,86
2022-05-19,Butte,007,227075,33816,33606,7012,40618,426
2022-05-19,Calaveras,009,45235,7453,7424,376,7800,120
2022-05-19,Colusa,011,21464,3469,3468,1060,4528,21
2022-05-19,Contra Costa,013,1133247,202479,199703,14556,214259,1305
2022-05-19,Del Norte,015,27424,6155,6045,210,6255,50
2022-05-19,El Dorado,017,186661,27738,27517,3356,30873,213
2022-05-19,Fresno,019,978130,235284,234657,24145,258802,2760
2022-05-19,Glenn,021,27897,5026,5020,1623,6643,48
2022-05-19,Humboldt,023,135768,18134,17984,3375,21359,146
2022-05-19,Imperial,025,180216,56161,56014,10768,66782,923
2022-05-19,Inyo,027,18085,4148,4135,546,4681,56
2022-05-19,Kern,029,883053,194258,193705,46792,240497,2334
2022-05-19,Kings,031,150075,52117,52038,3539,55577,447
2022-05-19,Lake,033,64148,10924,10867,916,11783,137
2022-05-19,Lassen,035,31185,9016,9011,882,9893,64
2022-05-19,Los Angeles,037,10098052,2808758,2791671,130808,2922479,31815
2022-05-19,Madera,039,155013,37868,37744,6209,43953,370
2022-05-19,Marin,041,260295,36844,36394,3563,39957,293
2022-05-19,Mariposa,043,17540,2511,2490,222,2712,30
2022-05-19,Mendocino,045,87422,13545,13461,3346,16807,124
2022-05-19,Merced,047,269075,63255,62969,8990,71959,823
2022-05-19,Modoc,049,8938,747,750,255,1005,8
2022-05-19,Mono,051,14174,3024,3012,154,3166,6
2022-05-19,Monterey,053,433212,81676,81224,14976,96200,735
2022-05-19,Napa,055,140530,27236,27034,1097,28131,143
2022-05-19,Nevada,057,99092,16502,16410,1281,17691,127
2022-05-19,Orange,059,3164182,565047,562531,43889,606420,7025
2022-05-19,Placer,061,380077,65355,64802,7732,72534,626
2022-05-19,Plumas,063,18699,3079,3052,371,3423,13
2022-05-19,Riverside,065,2383286,604373,601808,28774,630582,6476
2022-05-19,Sacramento,067,1510023,291690,289972,27851,317823,3027
2022-05-19,San Benito,069,59416,13276,13234,563,13797,98
2022-05-19,San Bernardino,071,2135413,579629,575194,25195,600389,7523
2022-05-19,San Diego,073,3302833,779473,777404,55682,833086,5282
2022-05-19,San Francisco,075,870044,140908,138922,9227,148149,871
2022-05-19,San Joaquin,077,732212,170626,169745,10765,180510,2237
2022-05-19,San Luis Obispo,079,281455,54241,54012,4226,58238,481
2022-05-19,San Mateo,081,765935,134134,132636,8119,140755,711
2022-05-19,Santa Barbara,083,443738,89337,88783,4963,93746,692
2022-05-19,Santa Clara,085,1922200,340269,336488,14061,350549,2301
2022-05-19,Santa Cruz,087,273765,51614,51333,2312,53645,263
2022-05-19,Shasta,089,179085,31067,30966,6161,37127,564
2022-05-19,Sierra,091,2930,277,276,54,330,4
2022-05-19,Siskiyou,093,43540,4521,4501,2779,7280,81
2022-05-19,Solano,095,438530,86082,85038,5933,90971,451
2022-05-19,Sonoma,097,501317,89743,88889,3333,92222,489
2022-05-19,Stanislaus,099,539301,119889,119396,18010,137406,1653
2022-05-19,Sutter,101,95872,20843,20809,2156,22965,226
2022-05-19,Tehama,103,63373,12177,12162,2625,14787,201
2022-05-19,Trinity,105,12862,1196,1191,289,1480,20
2022-05-19,Tulare,107,460477,107577,107485,28294,135779,1477
2022-05-19,Tuolumne,109,53932,13097,12977,597,13574,182
2022-05-19,Ventura,111,848112,179119,178024,10351,188375,1499
2022-05-19,Yolo,113,214977,39768,38377,3245,41622,319
2022-05-19,Yuba,115,75493,16234,16180,1279,17459,122
2022-05-18,Alameda,001,1643700,277090,272530,15248,287778,1859
2022-05-18,Alpine,003,1148,126,126,1,127,0
2022-05-18,Amador,005,37829,8687,8592,674,9266,86
2022-05-18,Butte,007,227075,33774,33486,6999,40485,426
2022-05-18,Calaveras,009,45235,7445,7400,376,7776,120
2022-05-18,Colusa,011,21464,3469,3467,1060,4527,21
2022-05-18,Contra Costa,013,1133247,201924,198207,14493,212700,1303
2022-05-18,Del Norte,015,27424,6147,6001,206,6207,50
2022-05-18,El Dorado,017,186661,27687,27388,3349,30737,212
2022-05-18,Fresno,019,978130,235023,234055,24108,258163,2759
2022-05-18,Glenn,021,27897,5025,5012,1623,6635,48
2022-05-18,Humboldt,023,135768,18109,17868,3363,21231,146
2022-05-18,Imperial,025,180216,56099,55915,10763,66678,918
2022-05-18,Inyo,027,18085,4144,4120,540,4660,56
2022-05-18,Kern,029,883053,194137,193338,46732,240070,2327
2022-05-18,Kings,031,150075,52088,51903,3536,55439,447
2022-05-18,Lake,033,64148,10915,10831,915,11746,137
2022-05-18,Lassen,035,31185,9010,8994,882,9876,65
2022-05-18,Los Angeles,037,10098052,2804418,2780354,130531,2910885,31789
2022-05-18,Madera,039,155013,37831,37644,6203,43847,365
2022-05-18,Marin,041,260295,36753,36024,3524,39548,293
2022-05-18,Mariposa,043,17540,2504,2481,222,2703,30
2022-05-18,Mendocino,045,87422,13524,13403,3331,16734,124
2022-05-18,Merced,047,269075,63189,62802,8965,71767,818
2022-05-18,Modoc,049,8938,747,748,255,1003,8
2022-05-18,Mono,051,14174,3022,3010,152,3162,6
2022-05-18,Monterey,053,433212,81566,80955,14921,95876,735
2022-05-18,Napa,055,140530,27195,26912,1091,28003,143
2022-05-18,Nevada,057,99092,16482,16361,1278,17639,127
2022-05-18,Orange,059,3164182,564245,560094,43784,603878,7021
2022-05-18,Placer,061,380077,65210,64432,7722,72154,626
2022-05-18,Plumas,063,18699,3071,3022,369,3391,13
2022-05-18,Riverside,065,2383286,603730,599947,28727,628674,6471
2022-05-18,Sacramento,067,1510023,291168,288335,27768,316103,3022
2022-05-18,San Benito,069,59416,13253,13186,561,13747,98
2022-05-18,San Bernardino,071,2135413,579156,573790,25170,598960,7455
2022-05-18,San Diego,073,3302833,778037,773934,55546,829480,5277
2022-05-18,San Francisco,075,870044,140376,137341,9203,146544,869
2022-05-18,San Joaquin,077,732212,170391,169045,10682,179727,2236
2022-05-18,San Luis Obispo,079,281455,54144,53756,4190,57946,478
2022-05-18,San Mateo,081,765935,133710,131330,8058,139388,709
2022-05-18,Santa Barbara,083,443738,89176,88317,4945,93262,693
2022-05-18,Santa Clara,085,1922200,339115,333230,13969,347199,2300
2022-05-18,Santa Cruz,087,273765,51522,51020,2300,53320,263
2022-05-18,Shasta,089,179085,31044,30899,6157,37056,558
2022-05-18,Sierra,091,2930,277,275,54,329,4
2022-05-18,Siskiyou,093,43540,4516,4495,2777,7272,81
2022-05-18,Solano,095,438530,85823,84476,5918,90394,451
2022-05-18,Sonoma,097,501317,89545,88195,3302,91497,489
2022-05-18,Stanislaus,099,539301,119780,119025,17981,137006,1645
2022-05-18,Sutter,101,95872,20821,20763,2148,22911,226
2022-05-18,Tehama,103,63373,12171,12133,2622,14755,201
2022-05-18,Trinity,105,12862,1196,1189,289,1478,20
2022-05-18,Tulare,107,460477,107506,107292,28241,135533,1477
2022-05-18,Tuolumne,109,53932,13078,12917,595,13512,182
2022-05-18,Ventura,111,848112,178848,177233,10325,187558,1497
2022-05-18,Yolo,113,214977,39656,38139,3236,41375,316
2022-05-18,Yuba,115,75493,16210,16109,1273,17382,122
2022-05-17,Alameda,001,1643700,276267,272530,15189,287719,1859
2022-05-17,Alpine,003,1148,126,126,1,127,0
2022-05-17,Amador,005,37829,8679,8592,673,9265,86
2022-05-17,Butte,007,227075,33720,33486,6984,40470,426
2022-05-17,Calaveras,009,45235,7438,7400,376,7776,120
2022-05-17,Colusa,011,21464,3468,3467,1059,4526,21
2022-05-17,Contra Costa,013,1133247,201284,198207,14427,212634,1303
2022-05-17,Del Norte,015,27424,6133,6001,206,6207,50
2022-05-17,El Dorado,017,186661,27632,27388,3346,30734,212
2022-05-17,Fresno,019,978130,234772,234055,24084,258139,2759
2022-05-17,Glenn,021,27897,5022,5012,1622,6634,48
2022-05-17,Humboldt,023,135768,18069,17868,3349,21217,146
2022-05-17,Imperial,025,180216,56055,55915,10753,66668,918
2022-05-17,Inyo,027,18085,4142,4120,532,4652,56
2022-05-17,Kern,029,883053,193980,193338,46676,240014,2327
2022-05-17,Kings,031,150075,52045,51903,3532,55435,447
2022-05-17,Lake,033,64148,10900,10831,913,11744,137
2022-05-17,Lassen,035,31185,9005,8994,881,9875,65
2022-05-17,Los Angeles,037,10098052,2799873,2780354,130232,2910586,31789
2022-05-17,Madera,039,155013,37805,37644,6190,43834,365
2022-05-17,Marin,041,260295,36619,36024,3463,39487,293
2022-05-17,Mariposa,043,17540,2499,2481,221,2702,30
2022-05-17,Mendocino,045,87422,13498,13403,3322,16725,124
2022-05-17,Merced,047,269075,63124,62802,8947,71749,818
2022-05-17,Modoc,049,8938,747,748,255,1003,8
2022-05-17,Mono,051,14174,3018,3010,152,3162,6
2022-05-17,Monterey,053,433212,81450,80955,14854,95809,735
2022-05-17,Napa,055,140530,27147,26912,1083,27995,143
2022-05-17,Nevada,057,99092,16453,16361,1272,17633,127
2022-05-17,Orange,059,3164182,563347,560094,43652,603746,7021
2022-05-17,Placer,061,380077,65045,64432,7690,72122,626
2022-05-17,Plumas,063,18699,3065,3022,368,3390,13
2022-05-17,Riverside,065,2383286,603042,599947,28689,628636,6471
2022-05-17,Sacramento,067,1510023,290538,288335,27667,316002,3022
2022-05-17,San Benito,069,59416,13216,13186,561,13747,98
2022-05-17,San Bernardino,071,2135413,578668,573790,25157,598947,7455
2022-05-17,San Diego,073,3302833,776529,773934,55401,829335,5277
2022-05-17,San Francisco,075,870044,139795,137341,9172,146513,869
2022-05-17,San Joaquin,077,732212,170149,169045,10645,179690,2236
2022-05-17,San Luis Obispo,079,281455,54051,53756,4148,57904,478
2022-05-17,San Mateo,081,765935,133216,131330,8024,139354,709
2022-05-17,Santa Barbara,083,443738,88977,88317,4931,93248,693
2022-05-17,Santa Clara,085,1922200,337932,333230,13898,347128,2300
2022-05-17,Santa Cruz,087,273765,51445,51020,2292,53312,263
2022-05-17,Shasta,089,179085,31006,30899,6154,37053,558
2022-05-17,Sierra,091,2930,277,275,54,329,4
2022-05-17,Siskiyou,093,43540,4514,4495,2775,7270,81
2022-05-17,Solano,095,438530,85545,84476,5892,90368,451
2022-05-17,Sonoma,097,501317,89301,88195,3259,91454,489
2022-05-17,Stanislaus,099,539301,119631,119025,17956,136981,1645
2022-05-17,Sutter,101,95872,20801,20763,2145,22908,226
2022-05-17,Tehama,103,63373,12159,12133,2619,14752,201
2022-05-17,Trinity,105,12862,1195,1189,289,1478,20
2022-05-17,Tulare,107,460477,107412,107292,28200,135492,1477
2022-05-17,Tuolumne,109,53932,13063,12917,595,13512,182
2022-05-17,Ventura,111,848112,178527,177233,10286,187519,1497
2022-05-17,Yolo,113,214977,39518,38139,3228,41367,316
2022-05-17,Yuba,115,75493,16186,16109,1270,17379,122
2022-05-16,Alameda,001,1643700,275267,272530,15117,287647,1859
2022-05-16,Alpine,003,1148,126,126,1,127,0
2022-05-16,Amador,005,37829,8669,8592,672,9264,86
2022-05-16,Butte,007,227075,33663,33486,6972,40458,426
2022-05-16,Calaveras,009,45235,7430,7400,374,7774,120
2022-05-16,Colusa,011,21464,3467,3467,1059,4526,21
2022-05-16,Contra Costa,013,1133247,200645,198207,14367,212574,1303
2022-05-16,Del Norte,015,27424,6120,6001,203,6204,50
2022-05-16,El Dorado,017,186661,27576,27388,3339,30727,212
2022-05-16,Fresno,019,978130,234511,234055,24051,258106,2759
2022-05-16,Glenn,021,27897,5018,5012,1619,6631,48
2022-05-16,Humboldt,023,135768,18024,17868,3340,21208,146
2022-05-16,Imperial,025,180216,55991,55915,10743,66658,918
2022-05-16,Inyo,027,18085,4138,4120,529,4649,56
2022-05-16,Kern,029,883053,193826,193338,46613,239951,2327
2022-05-16,Kings,031,150075,51995,51903,3531,55434,447
2022-05-16,Lake,033,64148,10894,10831,912,11743,137
2022-05-16,Lassen,035,31185,9000,8994,879,9873,65
2022-05-16,Los Angeles,037,10098052,2795427,2780354,129952,2910306,31789
2022-05-16,Madera,039,155013,37774,37644,6179,43823,365
2022-05-16,Marin,041,260295,36455,36024,3415,39439,293
2022-05-16,Mariposa,043,17540,2498,2481,220,2701,30
2022-05-16,Mendocino,045,87422,13472,13403,3311,16714,124
2022-05-16,Merced,047,269075,63054,62802,8917,71719,818
2022-05-16,Modoc,049,8938,747,748,255,1003,8
2022-05-16,Mono,051,14174,3016,3010,152,3162,6
2022-05-16,Monterey,053,433212,81339,80955,14770,95725,735
2022-05-16,Napa,055,140530,27095,26912,1080,27992,143
2022-05-16,Nevada,057,99092,16434,16361,1266,17627,127
2022-05-16,Orange,059,3164182,562491,560094,43528,603622,7021
2022-05-16,Placer,061,380077,64938,64432,7664,72096,626
2022-05-16,Plumas,063,18699,3055,3022,368,3390,13
2022-05-16,Riverside,065,2383286,602328,599947,28642,628589,6471
2022-05-16,Sacramento,067,1510023,289875,288335,27577,315912,3022
2022-05-16,San Benito,069,59416,13198,13186,556,13742,98
2022-05-16,San Bernardino,071,2135413,578202,573790,25133,598923,7455
2022-05-16,San Diego,073,3302833,774991,773934,55252,829186,5277
2022-05-16,San Francisco,075,870044,139084,137341,9140,146481,869
2022-05-16,San Joaquin,077,732212,169870,169045,10462,179507,2236
2022-05-16,San Luis Obispo,079,281455,53948,53756,4119,57875,478
2022-05-16,San Mateo,081,765935,132673,131330,7979,139309,709
2022-05-16,Santa Barbara,083,443738,88834,88317,4922,93239,693
2022-05-16,Santa Clara,085,1922200,336603,333230,13815,347045,2300
2022-05-16,Santa Cruz,087,273765,51369,51020,2279,53299,263
2022-05-16,Shasta,089,179085,30973,30899,6146,37045,558
2022-05-16,Sierra,091,2930,277,275,53,328,4
2022-05-16,Siskiyou,093,43540,4511,4495,2768,7263,81
2022-05-16,Solano,095,438530,85284,84476,5868,90344,451
2022-05-16,Sonoma,097,501317,89000,88195,3227,91422,489
2022-05-16,Stanislaus,099,539301,119486,119025,17925,136950,1645
2022-05-16,Sutter,101,95872,20787,20763,2140,22903,226
2022-05-16,Tehama,103,63373,12151,12133,2616,14749,201
2022-05-16,Trinity,105,12862,1194,1189,289,1478,20
2022-05-16,Tulare,107,460477,107337,107292,28151,135443,1477
2022-05-16,Tuolumne,109,53932,13031,12917,593,13510,182
2022-05-16,Ventura,111,848112,178195,177233,10241,187474,1497
2022-05-16,Yolo,113,214977,39383,38139,3219,41358,316
2022-05-16,Yuba,115,75493,16159,16109,1267,17376,122
2022-05-15,Alameda,001,1643700,274200,268944,15052,283996,1857
2022-05-15,Alpine,003,1148,126,125,1,126,0
2022-05-15,Amador,005,37829,8653,8574,671,9245,86
2022-05-15,Butte,007,227075,33608,33377,6952,40329,424
2022-05-15,Calaveras,009,45235,7411,7378,372,7750,120
2022-05-15,Colusa,011,21464,3464,3463,1057,4520,21
2022-05-15,Contra Costa,013,1133247,199887,195925,14300,210225,1301
2022-05-15,Del Norte,015,27424,6047,5919,202,6121,50
2022-05-15,El Dorado,017,186661,27515,27216,3327,30543,212
2022-05-15,Fresno,019,978130,234244,233305,24019,257324,2757
2022-05-15,Glenn,021,27897,5015,5004,1618,6622,48
2022-05-15,Humboldt,023,135768,17974,17633,3306,20939,146
2022-05-15,Imperial,025,180216,55955,55756,10724,66480,917
2022-05-15,Inyo,027,18085,4134,4114,525,4639,56
2022-05-15,Kern,029,883053,193650,192939,46533,239472,2314
2022-05-15,Kings,031,150075,51935,51779,3527,55306,447
2022-05-15,Lake,033,64148,10877,10790,909,11699,137
2022-05-15,Lassen,035,31185,8992,8987,878,9865,65
2022-05-15,Los Angeles,037,10098052,2790817,2768726,129582,2898308,31768
2022-05-15,Madera,039,155013,37732,37520,6166,43686,365
2022-05-15,Marin,041,260295,36284,35486,3376,38862,293
2022-05-15,Mariposa,043,17540,2493,2463,219,2682,30
2022-05-15,Mendocino,045,87422,13453,13349,3286,16635,124
2022-05-15,Merced,047,269075,62969,62627,8873,71500,818
2022-05-15,Modoc,049,8938,746,747,255,1002,8
2022-05-15,Mono,051,14174,3013,3002,150,3152,6
2022-05-15,Monterey,053,433212,81229,80620,14683,95303,735
2022-05-15,Napa,055,140530,27042,26698,1076,27774,143
2022-05-15,Nevada,057,99092,16404,16240,1264,17504,127
2022-05-15,Orange,059,3164182,561543,557134,43395,600529,7017
2022-05-15,Placer,061,380077,64756,63963,7642,71605,626
2022-05-15,Plumas,063,18699,3049,3006,368,3374,13
2022-05-15,Riverside,065,2383286,601610,597914,28579,626493,6471
2022-05-15,Sacramento,067,1510023,289162,286403,27447,313850,3022
2022-05-15,San Benito,069,59416,13173,13106,554,13660,98
2022-05-15,San Bernardino,071,2135413,577653,572057,25109,597166,7423
2022-05-15,San Diego,073,3302833,773488,770323,55067,825390,5271
2022-05-15,San Francisco,075,870044,138364,134916,9107,144023,866
2022-05-15,San Joaquin,077,732212,169626,168174,10390,178564,2236
2022-05-15,San Luis Obispo,079,281455,53821,53502,4077,57579,478
2022-05-15,San Mateo,081,765935,132142,129480,7918,137398,709
2022-05-15,Santa Barbara,083,443738,88604,87773,4891,92664,693
2022-05-15,Santa Clara,085,1922200,335181,328609,13732,342341,2297
2022-05-15,Santa Cruz,087,273765,51266,50268,2265,52533,263
2022-05-15,Shasta,089,179085,30931,30799,6140,36939,557
2022-05-15,Sierra,091,2930,277,275,53,328,4
2022-05-15,Siskiyou,093,43540,4509,4482,2765,7247,81
2022-05-15,Solano,095,438530,84965,83669,5839,89508,451
2022-05-15,Sonoma,097,501317,88675,87070,3206,90276,488
2022-05-15,Stanislaus,099,539301,119318,118586,17897,136483,1645
2022-05-15,Sutter,101,95872,20760,20690,2134,22824,226
2022-05-15,Tehama,103,63373,12133,12115,2610,14725,201
2022-05-15,Trinity,105,12862,1193,1188,289,1477,20
2022-05-15,Tulare,107,460477,107236,107077,28102,135179,1469
2022-05-15,Tuolumne,109,53932,12981,12851,592,13443,182
2022-05-15,Ventura,111,848112,177848,176317,10196,186513,1497
2022-05-15,Yolo,113,214977,39268,37737,3207,40944,316
2022-05-15,Yuba,115,75493,16125,16028,1258,17286,122
2022-05-14,Alameda,001,1643700,273781,268944,15034,283978,1857
2022-05-14,Alpine,003,1148,125,125,1,126,0
2022-05-14,Amador,005,37829,8647,8574,671,9245,86
2022-05-14,Butte,007,227075,33588,33377,6944,40321,424
2022-05-14,Calaveras,009,45235,7409,7378,372,7750,120
2022-05-14,Colusa,011,21464,3464,3463,1057,4520,21
2022-05-14,Contra Costa,013,1133247,199510,195925,14270,210195,1301
2022-05-14,Del Norte,015,27424,6039,5919,200,6119,50
2022-05-14,El Dorado,017,186661,27485,27216,3322,30538,212
2022-05-14,Fresno,019,978130,234120,233305,24012,257317,2757
2022-05-14,Glenn,021,27897,5014,5004,1614,6618,48
2022-05-14,Humboldt,023,135768,17948,17633,3299,20932,146
2022-05-14,Imperial,025,180216,55924,55756,10721,66477,917
2022-05-14,Inyo,027,18085,4129,4114,525,4639,56
2022-05-14,Kern,029,883053,193580,192939,46488,239427,2314
2022-05-14,Kings,031,150075,51908,51779,3527,55306,447
2022-05-14,Lake,033,64148,10867,10790,904,11694,137
2022-05-14,Lassen,035,31185,8990,8987,878,9865,65
2022-05-14,Los Angeles,037,10098052,2788906,2768726,129360,2898086,31768
2022-05-14,Madera,039,155013,37718,37520,6166,43686,365
2022-05-14,Marin,041,260295,36179,35486,3327,38813,293
2022-05-14,Mariposa,043,17540,2492,2463,219,2682,30
2022-05-14,Mendocino,045,87422,13443,13349,3284,16633,124
2022-05-14,Merced,047,269075,62934,62627,8870,71497,818
2022-05-14,Modoc,049,8938,745,747,255,1002,8
2022-05-14,Mono,051,14174,3013,3002,149,3151,6
2022-05-14,Monterey,053,433212,81165,80620,14629,95249,735
2022-05-14,Napa,055,140530,27019,26698,1069,27767,143
2022-05-14,Nevada,057,99092,16389,16240,1263,17503,127
2022-05-14,Orange,059,3164182,561098,557134,43311,600445,7017
2022-05-14,Placer,061,380077,64650,63963,7620,71583,626
2022-05-14,Plumas,063,18699,3045,3006,368,3374,13
2022-05-14,Riverside,065,2383286,601203,597914,28547,626461,6471
2022-05-14,Sacramento,067,1510023,288891,286403,27426,313829,3022
2022-05-14,San Benito,069,59416,13162,13106,552,13658,98
2022-05-14,San Bernardino,071,2135413,577375,572057,25097,597154,7423
2022-05-14,San Diego,073,3302833,772889,770323,55021,825344,5271
2022-05-14,San Francisco,075,870044,138003,134916,9083,143999,866
2022-05-14,San Joaquin,077,732212,169485,168174,10376,178550,2236
2022-05-14,San Luis Obispo,079,281455,53794,53502,4074,57576,478
2022-05-14,San Mateo,081,765935,131817,129480,7896,137376,709
2022-05-14,Santa Barbara,083,443738,88497,87773,4891,92664,693
2022-05-14,Santa Clara,085,1922200,334348,328609,13693,342302,2297
2022-05-14,Santa Cruz,087,273765,51219,50268,2255,52523,263
2022-05-14,Shasta,089,179085,30926,30799,6139,36938,557
2022-05-14,Sierra,091,2930,277,275,53,328,4
2022-05-14,Siskiyou,093,43540,4506,4482,2763,7245,81
2022-05-14,Solano,095,438530,84904,83669,5829,89498,451
2022-05-14,Sonoma,097,501317,88530,87070,3197,90267,488
2022-05-14,Stanislaus,099,539301,119234,118586,17886,136472,1645
2022-05-14,Sutter,101,95872,20752,20690,2133,22823,226
2022-05-14,Tehama,103,63373,12127,12115,2609,14724,201
2022-05-14,Trinity,105,12862,1193,1188,289,1477,20
2022-05-14,Tulare,107,460477,107191,107077,28074,135151,1469
2022-05-14,Tuolumne,109,53932,12970,12851,592,13443,182
2022-05-14,Ventura,111,848112,177685,176317,10174,186491,1497
2022-05-14,Yolo,113,214977,39198,37737,3200,40937,316
2022-05-14,Yuba,115,75493,16118,16028,1257,17285,122
2022-05-13,Alameda,001,1643700,273305,268944,15007,283951,1857
2022-05-13,Alpine,003,1148,125,125,1,126,0
2022-05-13,Amador,005,37829,8642,8574,670,9244,86
2022-05-13,Butte,007,227075,33571,33377,6941,40318,424
2022-05-13,Calaveras,009,45235,7405,7378,372,7750,120
2022-05-13,Colusa,011,21464,3463,3463,1057,4520,21
2022-05-13,Contra Costa,013,1133247,199166,195925,14243,210168,1301
2022-05-13,Del Norte,015,27424,6036,5919,200,6119,50
2022-05-13,El Dorado,017,186661,27457,27216,3322,30538,212
2022-05-13,Fresno,019,978130,234012,233305,23993,257298,2757
2022-05-13,Glenn,021,27897,5012,5004,1613,6617,48
2022-05-13,Humboldt,023,135768,17924,17633,3291,20924,146
2022-05-13,Imperial,025,180216,55905,55756,10720,66476,917
2022-05-13,Inyo,027,18085,4129,4114,524,4638,56
2022-05-13,Kern,029,883053,193506,192939,46459,239398,2314
2022-05-13,Kings,031,150075,51884,51779,3527,55306,447
2022-05-13,Lake,033,64148,10864,10790,904,11694,137
2022-05-13,Lassen,035,31185,8989,8987,878,9865,65
2022-05-13,Los Angeles,037,10098052,2786965,2768726,129171,2897897,31768
2022-05-13,Madera,039,155013,37698,37520,6157,43677,365
2022-05-13,Marin,041,260295,36077,35486,3286,38772,293
2022-05-13,Mariposa,043,17540,2490,2463,219,2682,30
2022-05-13,Mendocino,045,87422,13429,13349,3279,16628,124
2022-05-13,Merced,047,269075,62899,62627,8862,71489,818
2022-05-13,Modoc,049,8938,745,747,255,1002,8
2022-05-13,Mono,051,14174,3011,3002,148,3150,6
2022-05-13,Monterey,053,433212,81109,80620,14589,95209,735
2022-05-13,Napa,055,140530,26983,26698,1067,27765,143
2022-05-13,Nevada,057,99092,16374,16240,1262,17502,127
2022-05-13,Orange,059,3164182,560634,557134,43241,600375,7017
2022-05-13,Placer,061,380077,64571,63963,7611,71574,626
2022-05-13,Plumas,063,18699,3038,3006,368,3374,13
2022-05-13,Riverside,065,2383286,600815,597914,28520,626434,6471
2022-05-13,Sacramento,067,1510023,288554,286403,27408,313811,3022
2022-05-13,San Benito,069,59416,13158,13106,552,13658,98
2022-05-13,San Bernardino,071,2135413,577137,572057,25089,597146,7423
2022-05-13,San Diego,073,3302833,772250,770323,54943,825266,5271
2022-05-13,San Francisco,075,870044,137648,134916,9063,143979,866
2022-05-13,San Joaquin,077,732212,169366,168174,10365,178539,2236
2022-05-13,San Luis Obispo,079,281455,53758,53502,4070,57572,478
2022-05-13,San Mateo,081,765935,131529,129480,7875,137355,709
2022-05-13,Santa Barbara,083,443738,88404,87773,4888,92661,693
2022-05-13,Santa Clara,085,1922200,333542,328609,13661,342270,2297
2022-05-13,Santa Cruz,087,273765,51132,50268,2247,52515,263
2022-05-13,Shasta,089,179085,30922,30799,6139,36938,557
2022-05-13,Sierra,091,2930,276,275,50,325,4
2022-05-13,Siskiyou,093,43540,4505,4482,2763,7245,81
2022-05-13,Solano,095,438530,84782,83669,5822,89491,451
2022-05-13,Sonoma,097,501317,88353,87070,3188,90258,488
2022-05-13,Stanislaus,099,539301,119140,118586,17877,136463,1645
2022-05-13,Sutter,101,95872,20740,20690,2132,22822,226
2022-05-13,Tehama,103,63373,12125,12115,2607,14722,201
2022-05-13,Trinity,105,12862,1192,1188,289,1477,20
2022-05-13,Tulare,107,460477,107146,107077,28038,135115,1469
2022-05-13,Tuolumne,109,53932,12954,12851,592,13443,182
2022-05-13,Ventura,111,848112,177509,176317,10164,186481,1497
2022-05-13,Yolo,113,214977,39136,37737,3196,40933,316
2022-05-13,Yuba,115,75493,16105,16028,1254,17282,122
2022-05-12,Alameda,001,1643700,272561,268944,14952,283896,1857
2022-05-12,Alpine,003,1148,125,125,1,126,0
2022-05-12,Amador,005,37829,8633,8574,670,9244,86
2022-05-12,Butte,007,227075,33544,33377,6927,40304,424
2022-05-12,Calaveras,009,45235,7401,7378,371,7749,120
2022-05-12,Colusa,011,21464,3463,3463,1056,4519,21
2022-05-12,Contra Costa,013,1133247,198645,195925,14182,210107,1301
2022-05-12,Del Norte,015,27424,6019,5919,199,6118,50
2022-05-12,El Dorado,017,186661,27416,27216,3313,30529,212
2022-05-12,Fresno,019,978130,233861,233305,23975,257280,2757
2022-05-12,Glenn,021,27897,5008,5004,1612,6616,48
2022-05-12,Humboldt,023,135768,17882,17633,3278,20911,146
2022-05-12,Imperial,025,180216,55878,55756,10707,66463,917
2022-05-12,Inyo,027,18085,4125,4114,519,4633,56
2022-05-12,Kern,029,883053,193441,192939,46412,239351,2314
2022-05-12,Kings,031,150075,51863,51779,3525,55304,447
2022-05-12,Lake,033,64148,10846,10790,899,11689,137
2022-05-12,Lassen,035,31185,8988,8987,878,9865,65
2022-05-12,Los Angeles,037,10098052,2783753,2768726,128902,2897628,31768
2022-05-12,Madera,039,155013,37672,37520,6146,43666,365
2022-05-12,Marin,041,260295,35977,35486,3263,38749,293
2022-05-12,Mariposa,043,17540,2485,2463,218,2681,30
2022-05-12,Mendocino,045,87422,13412,13349,3267,16616,124
2022-05-12,Merced,047,269075,62866,62627,8851,71478,818
2022-05-12,Modoc,049,8938,744,747,255,1002,8
2022-05-12,Mono,051,14174,3011,3002,147,3149,6
2022-05-12,Monterey,053,433212,81050,80620,14546,95166,735
2022-05-12,Napa,055,140530,26937,26698,1065,27763,143
2022-05-12,Nevada,057,99092,16352,16240,1261,17501,127
2022-05-12,Orange,059,3164182,559996,557134,43133,600267,7017
2022-05-12,Placer,061,380077,64473,63963,7588,71551,626
2022-05-12,Plumas,063,18699,3032,3006,368,3374,13
2022-05-12,Riverside,065,2383286,600357,597914,28489,626403,6471
2022-05-12,Sacramento,067,1510023,288095,286403,27344,313747,3022
2022-05-12,San Benito,069,59416,13143,13106,551,13657,98
2022-05-12,San Bernardino,071,2135413,576790,572057,25072,597129,7423
2022-05-12,San Diego,073,3302833,771296,770323,54854,825177,5271
2022-05-12,San Francisco,075,870044,137266,134916,9024,143940,866
2022-05-12,San Joaquin,077,732212,169185,168174,10333,178507,2236
2022-05-12,San Luis Obispo,079,281455,53699,53502,4041,57543,478
2022-05-12,San Mateo,081,765935,131121,129480,7824,137304,709
2022-05-12,Santa Barbara,083,443738,88298,87773,4877,92650,693
2022-05-12,Santa Clara,085,1922200,332561,328609,13575,342184,2297
2022-05-12,Santa Cruz,087,273765,50988,50268,2242,52510,263
2022-05-12,Shasta,089,179085,30909,30799,6136,36935,557
2022-05-12,Sierra,091,2930,275,275,50,325,4
2022-05-12,Siskiyou,093,43540,4500,4482,2761,7243,81
2022-05-12,Solano,095,438530,84566,83669,5809,89478,451
2022-05-12,Sonoma,097,501317,88136,87070,3165,90235,488
2022-05-12,Stanislaus,099,539301,119039,118586,17851,136437,1645
2022-05-12,Sutter,101,95872,20724,20690,2131,22821,226
2022-05-12,Tehama,103,63373,12118,12115,2605,14720,201
2022-05-12,Trinity,105,12862,1191,1188,288,1476,20
2022-05-12,Tulare,107,460477,107094,107077,27990,135067,1469
2022-05-12,Tuolumne,109,53932,12934,12851,590,13441,182
2022-05-12,Ventura,111,848112,177278,176317,10129,186446,1497
2022-05-12,Yolo,113,214977,39023,37737,3186,40923,316
2022-05-12,Yuba,115,75493,16089,16028,1251,17279,122
2022-05-11,Alameda,001,1643700,271852,267982,14900,282882,1853
2022-05-11,Alpine,003,1148,125,125,1,126,0
2022-05-11,Amador,005,37829,8626,8564,670,9234,86
2022-05-11,Butte,007,227075,33510,33339,6921,40260,423
2022-05-11,Calaveras,009,45235,7396,7368,367,7735,120
2022-05-11,Colusa,011,21464,3462,3462,1056,4518,21
2022-05-11,Contra Costa,013,1133247,198130,195153,14127,209280,1302
2022-05-11,Del Norte,015,27424,6009,5911,199,6110,50
2022-05-11,El Dorado,017,186661,27380,27172,3306,30478,212
2022-05-11,Fresno,019,978130,233698,233021,23947,256968,2754
2022-05-11,Glenn,021,27897,5008,5001,1611,6612,48
2022-05-11,Humboldt,023,135768,17839,17585,3262,20847,146
2022-05-11,Imperial,025,180216,55851,55751,10697,66448,917
2022-05-11,Inyo,027,18085,4124,4093,518,4611,56
2022-05-11,Kern,029,883053,193344,192795,46367,239162,2292
2022-05-11,Kings,031,150075,51835,51752,3523,55275,447
2022-05-11,Lake,033,64148,10833,10786,898,11684,137
2022-05-11,Lassen,035,31185,8987,8984,877,9861,65
2022-05-11,Los Angeles,037,10098052,2780615,2761410,128675,2890085,31747
2022-05-11,Madera,039,155013,37639,37496,6135,43631,365
2022-05-11,Marin,041,260295,35876,35336,3220,38556,292
2022-05-11,Mariposa,043,17540,2480,2461,218,2679,30
2022-05-11,Mendocino,045,87422,13397,13320,3250,16570,124
2022-05-11,Merced,047,269075,62824,62567,8830,71397,818
2022-05-11,Modoc,049,8938,743,747,255,1002,8
2022-05-11,Mono,051,14174,3011,2999,146,3145,6
2022-05-11,Monterey,053,433212,80986,80534,14495,95029,733
2022-05-11,Napa,055,140530,26885,26660,1063,27723,143
2022-05-11,Nevada,057,99092,16336,16230,1256,17486,127
2022-05-11,Orange,059,3164182,559322,556265,43055,599320,7009
2022-05-11,Placer,061,380077,64375,63823,7573,71396,625
2022-05-11,Plumas,063,18699,3024,2998,368,3366,13
2022-05-11,Riverside,065,2383286,599906,597302,28457,625759,6468
2022-05-11,Sacramento,067,1510023,287680,285799,27297,313096,3020
2022-05-11,San Benito,069,59416,13123,13088,551,13639,98
2022-05-11,San Bernardino,071,2135413,576425,571372,25063,596435,7354
2022-05-11,San Diego,073,3302833,770314,768135,54724,822859,5257
2022-05-11,San Francisco,075,870044,136767,134027,8999,143026,864
2022-05-11,San Joaquin,077,732212,169010,167949,10311,178260,2233
2022-05-11,San Luis Obispo,079,281455,53652,53420,4024,57444,478
2022-05-11,San Mateo,081,765935,130724,128821,7780,136601,711
2022-05-11,Santa Barbara,083,443738,88169,87593,4865,92458,693
2022-05-11,Santa Clara,085,1922200,331550,327177,13527,340704,2294
2022-05-11,Santa Cruz,087,273765,50831,50031,2228,52259,263
2022-05-11,Shasta,089,179085,30877,30768,6133,36901,564
2022-05-11,Sierra,091,2930,275,275,50,325,4
2022-05-11,Siskiyou,093,43540,4498,4478,2761,7239,81
2022-05-11,Solano,095,438530,84369,83464,5798,89262,450
2022-05-11,Sonoma,097,501317,87931,86798,3153,89951,488
2022-05-11,Stanislaus,099,539301,118938,118445,17833,136278,1644
2022-05-11,Sutter,101,95872,20709,20668,2130,22798,225
2022-05-11,Tehama,103,63373,12118,12106,2605,14711,201
2022-05-11,Trinity,105,12862,1189,1188,288,1476,20
2022-05-11,Tulare,107,460477,107038,107068,27962,135030,1468
2022-05-11,Tuolumne,109,53932,12915,12829,590,13419,181
2022-05-11,Ventura,111,848112,177080,175955,10089,186044,1491
2022-05-11,Yolo,113,214977,38908,37654,3184,40838,316
2022-05-11,Yuba,115,75493,16070,15997,1242,17239,122
2022-05-10,Alameda,001,1643700,271074,267982,14849,282831,1853
2022-05-10,Alpine,003,1148,125,125,1,126,0
2022-05-10,Amador,005,37829,8622,8564,669,9233,86
2022-05-10,Butte,007,227075,33485,33339,6917,40256,423
2022-05-10,Calaveras,009,45235,7392,7368,366,7734,120
2022-05-10,Colusa,011,21464,3462,3462,1055,4517,21
2022-05-10,Contra Costa,013,1133247,197647,195153,14086,209239,1302
2022-05-10,Del Norte,015,27424,5956,5911,199,6110,50
2022-05-10,El Dorado,017,186661,27343,27172,3300,30472,212
2022-05-10,Fresno,019,978130,233538,233021,23919,256940,2754
2022-05-10,Glenn,021,27897,5005,5001,1611,6612,48
2022-05-10,Humboldt,023,135768,17801,17585,3246,20831,146
2022-05-10,Imperial,025,180216,55816,55751,10679,66430,917
2022-05-10,Inyo,027,18085,4122,4093,512,4605,56
2022-05-10,Kern,029,883053,193241,192795,46328,239123,2292
2022-05-10,Kings,031,150075,51803,51752,3523,55275,447
2022-05-10,Lake,033,64148,10828,10786,898,11684,137
2022-05-10,Lassen,035,31185,8982,8984,877,9861,65
2022-05-10,Los Angeles,037,10098052,2777318,2761410,128441,2889851,31747
2022-05-10,Madera,039,155013,37607,37496,6122,43618,365
2022-05-10,Marin,041,260295,35764,35336,3177,38513,292
2022-05-10,Mariposa,043,17540,2480,2461,218,2679,30
2022-05-10,Mendocino,045,87422,13385,13320,3237,16557,124
2022-05-10,Merced,047,269075,62778,62567,8811,71378,818
2022-05-10,Modoc,049,8938,743,747,255,1002,8
2022-05-10,Mono,051,14174,3007,2999,143,3142,6
2022-05-10,Monterey,053,433212,80920,80534,14447,94981,733
2022-05-10,Napa,055,140530,26847,26660,1061,27721,143
2022-05-10,Nevada,057,99092,16316,16230,1253,17483,127
2022-05-10,Orange,059,3164182,558614,556265,42964,599229,7009
2022-05-10,Placer,061,380077,64261,63823,7558,71381,625
2022-05-10,Plumas,063,18699,3016,2998,367,3365,13
2022-05-10,Riverside,065,2383286,599479,597302,28428,625730,6468
2022-05-10,Sacramento,067,1510023,287179,285799,27230,313029,3020
2022-05-10,San Benito,069,59416,13106,13088,546,13634,98
2022-05-10,San Bernardino,071,2135413,576069,571372,25037,596409,7354
2022-05-10,San Diego,073,3302833,769294,768135,54606,822741,5257
2022-05-10,San Francisco,075,870044,136215,134027,8973,143000,864
2022-05-10,San Joaquin,077,732212,168851,167949,10250,178199,2233
2022-05-10,San Luis Obispo,079,281455,53576,53420,3999,57419,478
2022-05-10,San Mateo,081,765935,130347,128821,7740,136561,711
2022-05-10,Santa Barbara,083,443738,88053,87593,4850,92443,693
2022-05-10,Santa Clara,085,1922200,330520,327177,13445,340622,2294
2022-05-10,Santa Cruz,087,273765,50705,50031,2218,52249,263
2022-05-10,Shasta,089,179085,30857,30768,6132,36900,564
2022-05-10,Sierra,091,2930,275,275,49,324,4
2022-05-10,Siskiyou,093,43540,4494,4478,2761,7239,81
2022-05-10,Solano,095,438530,84185,83464,5779,89243,450
2022-05-10,Sonoma,097,501317,87691,86798,3116,89914,488
2022-05-10,Stanislaus,099,539301,118844,118445,17815,136260,1644
2022-05-10,Sutter,101,95872,20690,20668,2127,22795,225
2022-05-10,Tehama,103,63373,12115,12106,2598,14704,201
2022-05-10,Trinity,105,12862,1189,1188,288,1476,20
2022-05-10,Tulare,107,460477,106996,107068,27934,135002,1468
2022-05-10,Tuolumne,109,53932,12903,12829,590,13419,181
2022-05-10,Ventura,111,848112,176863,175955,10055,186010,1491
2022-05-10,Yolo,113,214977,38805,37654,3173,40827,316
2022-05-10,Yuba,115,75493,16049,15997,1239,17236,122
2022-05-09,Alameda,001,1643700,270306,267982,14804,282786,1853
2022-05-09,Alpine,003,1148,125,125,1,126,0
2022-05-09,Amador,005,37829,8615,8564,669,9233,86
2022-05-09,Butte,007,227075,33459,33339,6909,40248,423
2022-05-09,Calaveras,009,45235,7386,7368,366,7734,120
2022-05-09,Colusa,011,21464,3460,3462,1053,4515,21
2022-05-09,Contra Costa,013,1133247,197180,195153,14028,209181,1302
2022-05-09,Del Norte,015,27424,5947,5911,198,6109,50
2022-05-09,El Dorado,017,186661,27307,27172,3292,30464,212
2022-05-09,Fresno,019,978130,233379,233021,23897,256918,2754
2022-05-09,Glenn,021,27897,5003,5001,1609,6610,48
2022-05-09,Humboldt,023,135768,17750,17585,3224,20809,146
2022-05-09,Imperial,025,180216,55783,55751,10665,66416,917
2022-05-09,Inyo,027,18085,4119,4093,509,4602,56
2022-05-09,Kern,029,883053,193143,192795,46272,239067,2292
2022-05-09,Kings,031,150075,51772,51752,3522,55274,447
2022-05-09,Lake,033,64148,10820,10786,897,11683,137
2022-05-09,Lassen,035,31185,8980,8984,877,9861,65
2022-05-09,Los Angeles,037,10098052,2773961,2761410,128197,2889607,31747
2022-05-09,Madera,039,155013,37576,37496,6113,43609,365
2022-05-09,Marin,041,260295,35647,35336,3142,38478,292
2022-05-09,Mariposa,043,17540,2475,2461,218,2679,30
2022-05-09,Mendocino,045,87422,13374,13320,3226,16546,124
2022-05-09,Merced,047,269075,62737,62567,8792,71359,818
2022-05-09,Modoc,049,8938,743,747,255,1002,8
2022-05-09,Mono,051,14174,3005,2999,141,3140,6
2022-05-09,Monterey,053,433212,80825,80534,14394,94928,733
2022-05-09,Napa,055,140530,26797,26660,1059,27719,143
2022-05-09,Nevada,057,99092,16289,16230,1247,17477,127
2022-05-09,Orange,059,3164182,557944,556265,42884,599149,7009
2022-05-09,Placer,061,380077,64200,63823,7542,71365,625
2022-05-09,Plumas,063,18699,3007,2998,367,3365,13
2022-05-09,Riverside,065,2383286,598990,597302,28392,625694,6468
2022-05-09,Sacramento,067,1510023,286752,285799,27158,312957,3020
2022-05-09,San Benito,069,59416,13088,13088,544,13632,98
2022-05-09,San Bernardino,071,2135413,575739,571372,25026,596398,7354
2022-05-09,San Diego,073,3302833,768317,768135,54465,822600,5257
2022-05-09,San Francisco,075,870044,135660,134027,8949,142976,864
2022-05-09,San Joaquin,077,732212,168666,167949,10228,178177,2233
2022-05-09,San Luis Obispo,079,281455,53524,53420,3979,57399,478
2022-05-09,San Mateo,081,765935,129921,128821,7702,136523,711
2022-05-09,Santa Barbara,083,443738,87925,87593,4839,92432,693
2022-05-09,Santa Clara,085,1922200,329369,327177,13380,340557,2294
2022-05-09,Santa Cruz,087,273765,50567,50031,2210,52241,263
2022-05-09,Shasta,089,179085,30843,30768,6130,36898,564
2022-05-09,Sierra,091,2930,275,275,49,324,4
2022-05-09,Siskiyou,093,43540,4492,4478,2761,7239,81
2022-05-09,Solano,095,438530,84029,83464,5766,89230,450
2022-05-09,Sonoma,097,501317,87431,86798,3090,89888,488
2022-05-09,Stanislaus,099,539301,118748,118445,17798,136243,1644
2022-05-09,Sutter,101,95872,20677,20668,2126,22794,225
2022-05-09,Tehama,103,63373,12113,12106,2596,14702,201
2022-05-09,Trinity,105,12862,1189,1188,288,1476,20
2022-05-09,Tulare,107,460477,106948,107068,27897,134965,1468
2022-05-09,Tuolumne,109,53932,12895,12829,590,13419,181
2022-05-09,Ventura,111,848112,176646,175955,10007,185962,1491
2022-05-09,Yolo,113,214977,38696,37654,3164,40818,316
2022-05-09,Yuba,115,75493,16040,15997,1238,17235,122
2022-05-08,Alameda,001,1643700,269419,265198,14738,279936,1855
2022-05-08,Alpine,003,1148,125,125,1,126,0
2022-05-08,Amador,005,37829,8604,8556,667,9223,86
2022-05-08,Butte,007,227075,33436,33269,6899,40168,421
2022-05-08,Calaveras,009,45235,7379,7353,365,7718,120
2022-05-08,Colusa,011,21464,3459,3459,1053,4512,21
2022-05-08,Contra Costa,013,1133247,196666,193961,13946,207907,1302
2022-05-08,Del Norte,015,27424,5933,5884,198,6082,50
2022-05-08,El Dorado,017,186661,27269,27081,3286,30367,210
2022-05-08,Fresno,019,978130,233211,232655,23874,256529,2754
2022-05-08,Glenn,021,27897,5001,4996,1609,6605,48
2022-05-08,Humboldt,023,135768,17697,17410,3185,20595,146
2022-05-08,Imperial,025,180216,55749,55683,10656,66339,917
2022-05-08,Inyo,027,18085,4112,4087,509,4596,56
2022-05-08,Kern,029,883053,193049,192590,46227,238817,2287
2022-05-08,Kings,031,150075,51755,51702,3522,55224,447
2022-05-08,Lake,033,64148,10813,10766,897,11663,137
2022-05-08,Lassen,035,31185,8976,8978,877,9855,65
2022-05-08,Los Angeles,037,10098052,2770379,2751478,127908,2879386,31738
2022-05-08,Madera,039,155013,37556,37420,6094,43514,365
2022-05-08,Marin,041,260295,35523,34934,3095,38029,292
2022-05-08,Mariposa,043,17540,2468,2438,217,2655,30
2022-05-08,Mendocino,045,87422,13355,13270,3200,16470,124
2022-05-08,Merced,047,269075,62686,62471,8765,71236,818
2022-05-08,Modoc,049,8938,743,745,255,1000,8
2022-05-08,Mono,051,14174,3004,2997,139,3136,6
2022-05-08,Monterey,053,433212,80733,80246,14311,94557,733
2022-05-08,Napa,055,140530,26756,26524,1056,27580,143
2022-05-08,Nevada,057,99092,16265,16171,1245,17416,127
2022-05-08,Orange,059,3164182,557265,554411,42782,597193,7007
2022-05-08,Placer,061,380077,64083,63577,7515,71092,625
2022-05-08,Plumas,063,18699,3003,2996,367,3363,13
2022-05-08,Riverside,065,2383286,598502,596022,28356,624378,6467
2022-05-08,Sacramento,067,1510023,286247,284564,27086,311650,3016
2022-05-08,San Benito,069,59416,13073,13047,541,13588,98
2022-05-08,San Bernardino,071,2135413,575307,570381,24993,595374,7306
2022-05-08,San Diego,073,3302833,767289,765377,54360,819737,5244
2022-05-08,San Francisco,075,870044,135001,132659,8918,141577,861
2022-05-08,San Joaquin,077,732212,168478,167568,10195,177763,2229
2022-05-08,San Luis Obispo,079,281455,53453,53273,3959,57232,477
2022-05-08,San Mateo,081,765935,129458,127615,7649,135264,709
2022-05-08,Santa Barbara,083,443738,87791,87305,4830,92135,692
2022-05-08,Santa Clara,085,1922200,328292,324946,13304,338250,2287
2022-05-08,Santa Cruz,087,273765,50387,49605,2206,51811,262
2022-05-08,Shasta,089,179085,30815,30721,6126,36847,563
2022-05-08,Sierra,091,2930,275,275,49,324,4
2022-05-08,Siskiyou,093,43540,4489,4470,2756,7226,81
2022-05-08,Solano,095,438530,83859,83038,5741,88779,450
2022-05-08,Sonoma,097,501317,87211,86150,3056,89206,488
2022-05-08,Stanislaus,099,539301,118640,118235,17776,136011,1643
2022-05-08,Sutter,101,95872,20656,20694,2122,22816,225
2022-05-08,Tehama,103,63373,12107,12098,2593,14691,201
2022-05-08,Trinity,105,12862,1188,1180,288,1468,20
2022-05-08,Tulare,107,460477,106907,106987,27862,134849,1468
2022-05-08,Tuolumne,109,53932,12882,12793,586,13379,181
2022-05-08,Ventura,111,848112,176410,175454,9960,185414,1491
2022-05-08,Yolo,113,214977,38590,37456,3150,40606,315
2022-05-08,Yuba,115,75493,16018,15964,1234,17198,122
2022-05-07,Alameda,001,1643700,269047,265198,14720,279918,1855
2022-05-07,Alpine,003,1148,125,125,1,126,0
2022-05-07,Amador,005,37829,8602,8556,667,9223,86
2022-05-07,Butte,007,227075,33428,33269,6892,40161,421
2022-05-07,Calaveras,009,45235,7372,7353,365,7718,120
2022-05-07,Colusa,011,21464,3459,3459,1053,4512,21
2022-05-07,Contra Costa,013,1133247,196424,193961,13929,207890,1302
2022-05-07,Del Norte,015,27424,5931,5884,198,6082,50
2022-05-07,El Dorado,017,186661,27251,27081,3285,30366,210
2022-05-07,Fresno,019,978130,233156,232655,23867,256522,2754
2022-05-07,Glenn,021,27897,5000,4996,1609,6605,48
2022-05-07,Humboldt,023,135768,17668,17410,3177,20587,146
2022-05-07,Imperial,025,180216,55726,55683,10650,66333,917
2022-05-07,Inyo,027,18085,4109,4087,509,4596,56
2022-05-07,Kern,029,883053,193014,192590,46206,238796,2287
2022-05-07,Kings,031,150075,51744,51702,3522,55224,447
2022-05-07,Lake,033,64148,10809,10766,897,11663,137
2022-05-07,Lassen,035,31185,8976,8978,877,9855,65
2022-05-07,Los Angeles,037,10098052,2768787,2751478,127739,2879217,31738
2022-05-07,Madera,039,155013,37549,37420,6094,43514,365
2022-05-07,Marin,041,260295,35449,34934,3063,37997,292
2022-05-07,Mariposa,043,17540,2465,2438,217,2655,30
2022-05-07,Mendocino,045,87422,13346,13270,3197,16467,124
2022-05-07,Merced,047,269075,62673,62471,8765,71236,818
2022-05-07,Modoc,049,8938,743,745,255,1000,8
2022-05-07,Mono,051,14174,3003,2997,139,3136,6
2022-05-07,Monterey,053,433212,80673,80246,14285,94531,733
2022-05-07,Napa,055,140530,26726,26524,1055,27579,143
2022-05-07,Nevada,057,99092,16255,16171,1240,17411,127
2022-05-07,Orange,059,3164182,556936,554411,42733,597144,7007
2022-05-07,Placer,061,380077,64020,63577,7508,71085,625
2022-05-07,Plumas,063,18699,3003,2996,366,3362,13
2022-05-07,Riverside,065,2383286,598247,596022,28329,624351,6467
2022-05-07,Sacramento,067,1510023,286053,284564,27073,311637,3016
2022-05-07,San Benito,069,59416,13064,13047,536,13583,98
2022-05-07,San Bernardino,071,2135413,575094,570381,24988,595369,7306
2022-05-07,San Diego,073,3302833,766803,765377,54331,819708,5244
2022-05-07,San Francisco,075,870044,134668,132659,8898,141557,861
2022-05-07,San Joaquin,077,732212,168373,167568,10187,177755,2229
2022-05-07,San Luis Obispo,079,281455,53441,53273,3948,57221,477
2022-05-07,San Mateo,081,765935,129173,127615,7627,135242,709
2022-05-07,Santa Barbara,083,443738,87711,87305,4827,92132,692
2022-05-07,Santa Clara,085,1922200,327671,324946,13275,338221,2287
2022-05-07,Santa Cruz,087,273765,50334,49605,2196,51801,262
2022-05-07,Shasta,089,179085,30807,30721,6126,36847,563
2022-05-07,Sierra,091,2930,275,275,49,324,4
2022-05-07,Siskiyou,093,43540,4487,4470,2756,7226,81
2022-05-07,Solano,095,438530,83804,83038,5737,88775,450
2022-05-07,Sonoma,097,501317,87086,86150,3047,89197,488
2022-05-07,Stanislaus,099,539301,118593,118235,17769,136004,1643
2022-05-07,Sutter,101,95872,20647,20694,2122,22816,225
2022-05-07,Tehama,103,63373,12105,12098,2592,14690,201
2022-05-07,Trinity,105,12862,1188,1180,288,1468,20
2022-05-07,Tulare,107,460477,106883,106987,27850,134837,1468
2022-05-07,Tuolumne,109,53932,12875,12793,586,13379,181
2022-05-07,Ventura,111,848112,176300,175454,9936,185390,1491
2022-05-07,Yolo,113,214977,38545,37456,3148,40604,315
2022-05-07,Yuba,115,75493,16009,15964,1234,17198,122
2022-05-06,Alameda,001,1643700,268667,265198,14698,279896,1855
2022-05-06,Alpine,003,1148,125,125,1,126,0
2022-05-06,Amador,005,37829,8601,8556,666,9222,86
2022-05-06,Butte,007,227075,33419,33269,6889,40158,421
2022-05-06,Calaveras,009,45235,7369,7353,365,7718,120
2022-05-06,Colusa,011,21464,3459,3459,1053,4512,21
2022-05-06,Contra Costa,013,1133247,196191,193961,13917,207878,1302
2022-05-06,Del Norte,015,27424,5922,5884,198,6082,50
2022-05-06,El Dorado,017,186661,27226,27081,3283,30364,210
2022-05-06,Fresno,019,978130,233080,232655,23858,256513,2754
2022-05-06,Glenn,021,27897,5000,4996,1609,6605,48
2022-05-06,Humboldt,023,135768,17641,17410,3170,20580,146
2022-05-06,Imperial,025,180216,55716,55683,10647,66330,917
2022-05-06,Inyo,027,18085,4099,4087,506,4593,56
2022-05-06,Kern,029,883053,192962,192590,46179,238769,2287
2022-05-06,Kings,031,150075,51736,51702,3522,55224,447
2022-05-06,Lake,033,64148,10807,10766,897,11663,137
2022-05-06,Lassen,035,31185,8976,8978,877,9855,65
2022-05-06,Los Angeles,037,10098052,2766962,2751478,127594,2879072,31738
2022-05-06,Madera,039,155013,37535,37420,6091,43511,365
2022-05-06,Marin,041,260295,35371,34934,3017,37951,292
2022-05-06,Mariposa,043,17540,2464,2438,210,2648,30
2022-05-06,Mendocino,045,87422,13334,13270,3195,16465,124
2022-05-06,Merced,047,269075,62656,62471,8764,71235,818
2022-05-06,Modoc,049,8938,743,745,255,1000,8
2022-05-06,Mono,051,14174,3002,2997,139,3136,6
2022-05-06,Monterey,053,433212,80634,80246,14248,94494,733
2022-05-06,Napa,055,140530,26709,26524,1055,27579,143
2022-05-06,Nevada,057,99092,16243,16171,1238,17409,127
2022-05-06,Orange,059,3164182,556592,554411,42667,597078,7007
2022-05-06,Placer,061,380077,63959,63577,7496,71073,625
2022-05-06,Plumas,063,18699,3001,2996,366,3362,13
2022-05-06,Riverside,065,2383286,598018,596022,28309,624331,6467
2022-05-06,Sacramento,067,1510023,285796,284564,27053,311617,3016
2022-05-06,San Benito,069,59416,13060,13047,536,13583,98
2022-05-06,San Bernardino,071,2135413,574918,570381,24982,595363,7306
2022-05-06,San Diego,073,3302833,766293,765377,54295,819672,5244
2022-05-06,San Francisco,075,870044,134340,132659,8877,141536,861
2022-05-06,San Joaquin,077,732212,168283,167568,10175,177743,2229
2022-05-06,San Luis Obispo,079,281455,53415,53273,3943,57216,477
2022-05-06,San Mateo,081,765935,128946,127615,7618,135233,709
2022-05-06,Santa Barbara,083,443738,87657,87305,4825,92130,692
2022-05-06,Santa Clara,085,1922200,327078,324946,13260,338206,2287
2022-05-06,Santa Cruz,087,273765,50270,49605,2192,51797,262
2022-05-06,Shasta,089,179085,30801,30721,6125,36846,563
2022-05-06,Sierra,091,2930,275,275,49,324,4
2022-05-06,Siskiyou,093,43540,4485,4470,2754,7224,81
2022-05-06,Solano,095,438530,83716,83038,5729,88767,450
2022-05-06,Sonoma,097,501317,86964,86150,3032,89182,488
2022-05-06,Stanislaus,099,539301,118536,118235,17762,135997,1643
2022-05-06,Sutter,101,95872,20641,20694,2122,22816,225
2022-05-06,Tehama,103,63373,12100,12098,2592,14690,201
2022-05-06,Trinity,105,12862,1187,1180,288,1468,20
2022-05-06,Tulare,107,460477,106864,106987,27839,134826,1468
2022-05-06,Tuolumne,109,53932,12868,12793,585,13378,181
2022-05-06,Ventura,111,848112,176183,175454,9906,185360,1491
2022-05-06,Yolo,113,214977,38498,37456,3144,40600,315
2022-05-06,Yuba,115,75493,15998,15964,1233,17197,122
2022-05-05,Alameda,001,1643700,268079,265198,14653,279851,1855
2022-05-05,Alpine,003,1148,125,125,1,126,0
2022-05-05,Amador,005,37829,8599,8556,665,9221,86
2022-05-05,Butte,007,227075,33400,33269,6882,40151,421
2022-05-05,Calaveras,009,45235,7366,7353,363,7716,120
2022-05-05,Colusa,011,21464,3459,3459,1050,4509,21
2022-05-05,Contra Costa,013,1133247,195797,193961,13873,207834,1302
2022-05-05,Del Norte,015,27424,5921,5884,198,6082,50
2022-05-05,El Dorado,017,186661,27201,27081,3276,30357,210
2022-05-05,Fresno,019,978130,232979,232655,23835,256490,2754
2022-05-05,Glenn,021,27897,5000,4996,1609,6605,48
2022-05-05,Humboldt,023,135768,17604,17410,3156,20566,146
2022-05-05,Imperial,025,180216,55709,55683,10636,66319,917
2022-05-05,Inyo,027,18085,4095,4087,505,4592,56
2022-05-05,Kern,029,883053,192905,192590,46141,238731,2287
2022-05-05,Kings,031,150075,51728,51702,3522,55224,447
2022-05-05,Lake,033,64148,10803,10766,897,11663,137
2022-05-05,Lassen,035,31185,8976,8978,877,9855,65
2022-05-05,Los Angeles,037,10098052,2764375,2751478,127370,2878848,31738
2022-05-05,Madera,039,155013,37518,37420,6086,43506,365
2022-05-05,Marin,041,260295,35261,34934,2995,37929,292
2022-05-05,Mariposa,043,17540,2462,2438,209,2647,30
2022-05-05,Mendocino,045,87422,13323,13270,3187,16457,124
2022-05-05,Merced,047,269075,62623,62471,8760,71231,818
2022-05-05,Modoc,049,8938,743,745,253,998,8
2022-05-05,Mono,051,14174,3001,2997,138,3135,6
2022-05-05,Monterey,053,433212,80581,80246,14219,94465,733
2022-05-05,Napa,055,140530,26676,26524,1054,27578,143
2022-05-05,Nevada,057,99092,16233,16171,1235,17406,127
2022-05-05,Orange,059,3164182,556084,554411,42611,597022,7007
2022-05-05,Placer,061,380077,63898,63577,7487,71064,625
2022-05-05,Plumas,063,18699,3000,2996,366,3362,13
2022-05-05,Riverside,065,2383286,597677,596022,28282,624304,6467
2022-05-05,Sacramento,067,1510023,285463,284564,26999,311563,3016
2022-05-05,San Benito,069,59416,13049,13047,534,13581,98
2022-05-05,San Bernardino,071,2135413,574628,570381,24966,595347,7306
2022-05-05,San Diego,073,3302833,765552,765377,54225,819602,5244
2022-05-05,San Francisco,075,870044,133925,132659,8843,141502,861
2022-05-05,San Joaquin,077,732212,168191,167568,10147,177715,2229
2022-05-05,San Luis Obispo,079,281455,53379,53273,3928,57201,477
2022-05-05,San Mateo,081,765935,128608,127615,7593,135208,709
2022-05-05,Santa Barbara,083,443738,87582,87305,4820,92125,692
2022-05-05,Santa Clara,085,1922200,326275,324946,13197,338143,2287
2022-05-05,Santa Cruz,087,273765,50172,49605,2188,51793,262
2022-05-05,Shasta,089,179085,30791,30721,6123,36844,563
2022-05-05,Sierra,091,2930,275,275,49,324,4
2022-05-05,Siskiyou,093,43540,4483,4470,2754,7224,81
2022-05-05,Solano,095,438530,83596,83038,5711,88749,450
2022-05-05,Sonoma,097,501317,86791,86150,3015,89165,488
2022-05-05,Stanislaus,099,539301,118478,118235,17748,135983,1643
2022-05-05,Sutter,101,95872,20639,20694,2120,22814,225
2022-05-05,Tehama,103,63373,12096,12098,2590,14688,201
2022-05-05,Trinity,105,12862,1187,1180,288,1468,20
2022-05-05,Tulare,107,460477,106834,106987,27821,134808,1468
2022-05-05,Tuolumne,109,53932,12850,12793,582,13375,181
2022-05-05,Ventura,111,848112,175995,175454,9863,185317,1491
2022-05-05,Yolo,113,214977,38426,37456,3133,40589,315
2022-05-05,Yuba,115,75493,15988,15964,1230,17194,122
2022-05-04,Alameda,001,1643700,267420,263736,14611,278347,1850
2022-05-04,Alpine,003,1148,125,124,1,125,0
2022-05-04,Amador,005,37829,8596,8546,664,9210,86
2022-05-04,Butte,007,227075,33383,33220,6876,40096,417
2022-05-04,Calaveras,009,45235,7361,7344,363,7707,120
2022-05-04,Colusa,011,21464,3458,3460,1050,4510,21
2022-05-04,Contra Costa,013,1133247,195431,193175,13818,206993,1302
2022-05-04,Del Norte,015,27424,5913,5866,198,6064,50
2022-05-04,El Dorado,017,186661,27176,27021,3269,30290,210
2022-05-04,Fresno,019,978130,232862,232332,23824,256156,2751
2022-05-04,Glenn,021,27897,4998,4995,1609,6604,48
2022-05-04,Humboldt,023,135768,17564,17316,3146,20462,146
2022-05-04,Imperial,025,180216,55687,55548,10628,66176,910
2022-05-04,Inyo,027,18085,4095,4085,502,4587,56
2022-05-04,Kern,029,883053,192840,192432,46105,238537,2281
2022-05-04,Kings,031,150075,51710,51663,3521,55184,447
2022-05-04,Lake,033,64148,10798,10758,897,11655,137
2022-05-04,Lassen,035,31185,8975,8972,875,9847,65
2022-05-04,Los Angeles,037,10098052,2761598,2744894,127179,2872073,31722
2022-05-04,Madera,039,155013,37494,37395,6081,43476,365
2022-05-04,Marin,041,260295,35174,34727,2973,37700,291
2022-05-04,Mariposa,043,17540,2456,2435,204,2639,30
2022-05-04,Mendocino,045,87422,13315,13247,3179,16426,123
2022-05-04,Merced,047,269075,62597,62419,8750,71169,818
2022-05-04,Modoc,049,8938,743,746,253,999,8
2022-05-04,Mono,051,14174,3000,2993,135,3128,6
2022-05-04,Monterey,053,433212,80519,80038,14195,94233,732
2022-05-04,Napa,055,140530,26638,26434,1051,27485,143
2022-05-04,Nevada,057,99092,16217,16136,1231,17367,127
2022-05-04,Orange,059,3164182,555501,553177,42539,595716,7006
2022-05-04,Placer,061,380077,63815,63410,7481,70891,625
2022-05-04,Plumas,063,18699,2998,2947,366,3313,13
2022-05-04,Riverside,065,2383286,597341,594981,28256,623237,6457
2022-05-04,Sacramento,067,1510023,285133,283939,26964,310903,3013
2022-05-04,San Benito,069,59416,13039,13019,528,13547,98
2022-05-04,San Bernardino,071,2135413,574366,569570,24953,594523,7240
2022-05-04,San Diego,073,3302833,764804,763453,54133,817586,5239
2022-05-04,San Francisco,075,870044,133512,131599,8822,140421,860
2022-05-04,San Joaquin,077,732212,168086,167280,10119,177399,2225
2022-05-04,San Luis Obispo,079,281455,53335,53156,3917,57073,477
2022-05-04,San Mateo,081,765935,128285,126800,7558,134358,710
2022-05-04,Santa Barbara,083,443738,87478,87058,4805,91863,688
2022-05-04,Santa Clara,085,1922200,325467,322805,13142,335947,2285
2022-05-04,Santa Cruz,087,273765,50058,49230,2185,51415,262
2022-05-04,Shasta,089,179085,30775,30681,6121,36802,556
2022-05-04,Sierra,091,2930,275,275,49,324,4
2022-05-04,Siskiyou,093,43540,4479,4463,2752,7215,81
2022-05-04,Solano,095,438530,83452,82796,5701,88497,449
2022-05-04,Sonoma,097,501317,86615,85694,2992,88686,488
2022-05-04,Stanislaus,099,539301,118416,118123,17737,135860,1643
2022-05-04,Sutter,101,95872,20628,20672,2118,22790,224
2022-05-04,Tehama,103,63373,12094,12090,2587,14677,201
2022-05-04,Trinity,105,12862,1187,1180,288,1468,20
2022-05-04,Tulare,107,460477,106815,106935,27806,134741,1464
2022-05-04,Tuolumne,109,53932,12843,12757,580,13337,181
2022-05-04,Ventura,111,848112,175828,175066,9821,184887,1486
2022-05-04,Yolo,113,214977,38350,37344,3127,40471,315
2022-05-04,Yuba,115,75493,15979,15940,1227,17167,122
2022-05-03,Alameda,001,1643700,266806,263736,14568,278304,1850
2022-05-03,Alpine,003,1148,125,124,1,125,0
2022-05-03,Amador,005,37829,8593,8546,663,9209,86
2022-05-03,Butte,007,227075,33367,33220,6871,40091,417
2022-05-03,Calaveras,009,45235,7354,7344,363,7707,120
2022-05-03,Colusa,011,21464,3457,3460,1050,4510,21
2022-05-03,Contra Costa,013,1133247,195038,193175,13775,206950,1302
2022-05-03,Del Norte,015,27424,5907,5866,196,6062,50
2022-05-03,El Dorado,017,186661,27154,27021,3265,30286,210
2022-05-03,Fresno,019,978130,232752,232332,23805,256137,2751
2022-05-03,Glenn,021,27897,4997,4995,1607,6602,48
2022-05-03,Humboldt,023,135768,17528,17316,3127,20443,146
2022-05-03,Imperial,025,180216,55666,55548,10622,66170,910
2022-05-03,Inyo,027,18085,4093,4085,502,4587,56
2022-05-03,Kern,029,883053,192762,192432,46073,238505,2281
2022-05-03,Kings,031,150075,51698,51663,3521,55184,447
2022-05-03,Lake,033,64148,10793,10758,896,11654,137
2022-05-03,Lassen,035,31185,8975,8972,875,9847,65
2022-05-03,Los Angeles,037,10098052,2758540,2744894,126947,2871841,31722
2022-05-03,Madera,039,155013,37464,37395,6076,43471,365
2022-05-03,Marin,041,260295,35063,34727,2950,37677,291
2022-05-03,Mariposa,043,17540,2448,2435,204,2639,30
2022-05-03,Mendocino,045,87422,13301,13247,3161,16408,123
2022-05-03,Merced,047,269075,62569,62419,8730,71149,818
2022-05-03,Modoc,049,8938,742,746,253,999,8
2022-05-03,Mono,051,14174,2998,2993,134,3127,6
2022-05-03,Monterey,053,433212,80465,80038,14161,94199,732
2022-05-03,Napa,055,140530,26603,26434,1044,27478,143
2022-05-03,Nevada,057,99092,16206,16136,1231,17367,127
2022-05-03,Orange,059,3164182,554976,553177,42461,595638,7006
2022-05-03,Placer,061,380077,63721,63410,7467,70877,625
2022-05-03,Plumas,063,18699,2994,2947,366,3313,13
2022-05-03,Riverside,065,2383286,596971,594981,28232,623213,6457
2022-05-03,Sacramento,067,1510023,284819,283939,26913,310852,3013
2022-05-03,San Benito,069,59416,13025,13019,525,13544,98
2022-05-03,San Bernardino,071,2135413,574099,569570,24941,594511,7240
2022-05-03,San Diego,073,3302833,763961,763453,54033,817486,5239
2022-05-03,San Francisco,075,870044,133033,131599,8792,140391,860
2022-05-03,San Joaquin,077,732212,168003,167280,10093,177373,2225
2022-05-03,San Luis Obispo,079,281455,53288,53156,3908,57064,477
2022-05-03,San Mateo,081,765935,127941,126800,7520,134320,710
2022-05-03,Santa Barbara,083,443738,87387,87058,4803,91861,688
2022-05-03,Santa Clara,085,1922200,324646,322805,13089,335894,2285
2022-05-03,Santa Cruz,087,273765,49968,49230,2180,51410,262
2022-05-03,Shasta,089,179085,30756,30681,6120,36801,556
2022-05-03,Sierra,091,2930,275,275,49,324,4
2022-05-03,Siskiyou,093,43540,4478,4463,2752,7215,81
2022-05-03,Solano,095,438530,83265,82796,5692,88488,449
2022-05-03,Sonoma,097,501317,86436,85694,2968,88662,488
2022-05-03,Stanislaus,099,539301,118362,118123,17725,135848,1643
2022-05-03,Sutter,101,95872,20623,20672,2116,22788,224
2022-05-03,Tehama,103,63373,12090,12090,2586,14676,201
2022-05-03,Trinity,105,12862,1187,1180,288,1468,20
2022-05-03,Tulare,107,460477,106786,106935,27792,134727,1464
2022-05-03,Tuolumne,109,53932,12830,12757,580,13337,181
2022-05-03,Ventura,111,848112,175659,175066,9780,184846,1486
2022-05-03,Yolo,113,214977,38280,37344,3126,40470,315
2022-05-03,Yuba,115,75493,15968,15940,1219,17159,122
2022-05-02,Alameda,001,1643700,266180,263736,14524,278260,1850
2022-05-02,Alpine,003,1148,125,124,1,125,0
2022-05-02,Amador,005,37829,8590,8546,660,9206,86
2022-05-02,Butte,007,227075,33344,33220,6869,40089,417
2022-05-02,Calaveras,009,45235,7353,7344,362,7706,120
2022-05-02,Colusa,011,21464,3457,3460,1050,4510,21
2022-05-02,Contra Costa,013,1133247,194666,193175,13737,206912,1302
2022-05-02,Del Norte,015,27424,5902,5866,191,6057,50
2022-05-02,El Dorado,017,186661,27131,27021,3259,30280,210
2022-05-02,Fresno,019,978130,232642,232332,23776,256108,2751
2022-05-02,Glenn,021,27897,4995,4995,1607,6602,48
2022-05-02,Humboldt,023,135768,17478,17316,3113,20429,146
2022-05-02,Imperial,025,180216,55653,55548,10615,66163,910
2022-05-02,Inyo,027,18085,4092,4085,500,4585,56
2022-05-02,Kern,029,883053,192678,192432,46044,238476,2281
2022-05-02,Kings,031,150075,51681,51663,3521,55184,447
2022-05-02,Lake,033,64148,10789,10758,896,11654,137
2022-05-02,Lassen,035,31185,8974,8972,875,9847,65
2022-05-02,Los Angeles,037,10098052,2755497,2744894,126733,2871627,31722
2022-05-02,Madera,039,155013,37447,37395,6069,43464,365
2022-05-02,Marin,041,260295,34938,34727,2927,37654,291
2022-05-02,Mariposa,043,17540,2443,2435,204,2639,30
2022-05-02,Mendocino,045,87422,13283,13247,3148,16395,123
2022-05-02,Merced,047,269075,62538,62419,8724,71143,818
2022-05-02,Modoc,049,8938,741,746,253,999,8
2022-05-02,Mono,051,14174,2996,2993,133,3126,6
2022-05-02,Monterey,053,433212,80388,80038,14120,94158,732
2022-05-02,Napa,055,140530,26564,26434,1042,27476,143
2022-05-02,Nevada,057,99092,16188,16136,1229,17365,127
2022-05-02,Orange,059,3164182,554436,553177,42368,595545,7006
2022-05-02,Placer,061,380077,63664,63410,7460,70870,625
2022-05-02,Plumas,063,18699,2994,2947,366,3313,13
2022-05-02,Riverside,065,2383286,596580,594981,28205,623186,6457
2022-05-02,Sacramento,067,1510023,284511,283939,26873,310812,3013
2022-05-02,San Benito,069,59416,13013,13019,525,13544,98
2022-05-02,San Bernardino,071,2135413,573813,569570,24922,594492,7240
2022-05-02,San Diego,073,3302833,763096,763453,53939,817392,5239
2022-05-02,San Francisco,075,870044,132596,131599,8765,140364,860
2022-05-02,San Joaquin,077,732212,167886,167280,10083,177363,2225
2022-05-02,San Luis Obispo,079,281455,53235,53156,3899,57055,477
2022-05-02,San Mateo,081,765935,127617,126800,7505,134305,710
2022-05-02,Santa Barbara,083,443738,87286,87058,4799,91857,688
2022-05-02,Santa Clara,085,1922200,323730,322805,13042,335847,2285
2022-05-02,Santa Cruz,087,273765,49840,49230,2176,51406,262
2022-05-02,Shasta,089,179085,30737,30681,6119,36800,556
2022-05-02,Sierra,091,2930,275,275,49,324,4
2022-05-02,Siskiyou,093,43540,4475,4463,2750,7213,81
2022-05-02,Solano,095,438530,83125,82796,5683,88479,449
2022-05-02,Sonoma,097,501317,86253,85694,2948,88642,488
2022-05-02,Stanislaus,099,539301,118289,118123,17712,135835,1643
2022-05-02,Sutter,101,95872,20616,20672,2113,22785,224
2022-05-02,Tehama,103,63373,12085,12090,2583,14673,201
2022-05-02,Trinity,105,12862,1186,1180,288,1468,20
2022-05-02,Tulare,107,460477,106764,106935,27776,134711,1464
2022-05-02,Tuolumne,109,53932,12824,12757,580,13337,181
2022-05-02,Ventura,111,848112,175495,175066,9748,184814,1486
2022-05-02,Yolo,113,214977,38201,37344,3120,40464,315
2022-05-02,Yuba,115,75493,15963,15940,1217,17157,122
2022-05-01,Alameda,001,1643700,265482,262027,14474,276501,1851
2022-05-01,Alpine,003,1148,125,124,1,125,0
2022-05-01,Amador,005,37829,8590,8533,660,9193,86
2022-05-01,Butte,007,227075,33316,33172,6864,40036,418
2022-05-01,Calaveras,009,45235,7349,7328,356,7684,120
2022-05-01,Colusa,011,21464,3457,3457,1050,4507,21
2022-05-01,Contra Costa,013,1133247,194280,192136,13665,205801,1301
2022-05-01,Del Norte,015,27424,5894,5841,191,6032,50
2022-05-01,El Dorado,017,186661,27099,26946,3255,30201,210
2022-05-01,Fresno,019,978130,232537,232067,23755,255822,2748
2022-05-01,Glenn,021,27897,4995,4995,1607,6602,48
2022-05-01,Humboldt,023,135768,17414,17194,3088,20282,145
2022-05-01,Imperial,025,180216,55629,55503,10612,66115,910
2022-05-01,Inyo,027,18085,4091,4084,499,4583,56
2022-05-01,Kern,029,883053,192615,192250,45999,238249,2265
2022-05-01,Kings,031,150075,51660,51640,3517,55157,447
2022-05-01,Lake,033,64148,10782,10742,894,11636,137
2022-05-01,Lassen,035,31185,8974,8966,875,9841,65
2022-05-01,Los Angeles,037,10098052,2752486,2736900,126497,2863397,31712
2022-05-01,Madera,039,155013,37429,37360,6058,43418,365
2022-05-01,Marin,041,260295,34851,34519,2894,37413,291
2022-05-01,Mariposa,043,17540,2442,2430,204,2634,30
2022-05-01,Mendocino,045,87422,13264,13219,3132,16351,123
2022-05-01,Merced,047,269075,62507,62357,8708,71065,818
2022-05-01,Modoc,049,8938,741,745,253,998,8
2022-05-01,Mono,051,14174,2993,2989,131,3120,6
2022-05-01,Monterey,053,433212,80308,79881,14078,93959,731
2022-05-01,Napa,055,140530,26519,26319,1038,27357,143
2022-05-01,Nevada,057,99092,16169,16100,1228,17328,127
2022-05-01,Orange,059,3164182,553883,551822,42271,594093,6998
2022-05-01,Placer,061,380077,63591,63273,7446,70719,625
2022-05-01,Plumas,063,18699,2993,2946,366,3312,13
2022-05-01,Riverside,065,2383286,596117,593965,28170,622135,6457
2022-05-01,Sacramento,067,1510023,284180,283048,26812,309860,3007
2022-05-01,San Benito,069,59416,13005,12988,525,13513,98
2022-05-01,San Bernardino,071,2135413,573494,568758,24905,593663,7191
2022-05-01,San Diego,073,3302833,762215,761253,53849,815102,5238
2022-05-01,San Francisco,075,870044,132102,130241,8736,138977,860
2022-05-01,San Joaquin,077,732212,167744,167028,10053,177081,2225
2022-05-01,San Luis Obispo,079,281455,53163,53040,3883,56923,477
2022-05-01,San Mateo,081,765935,127249,125807,7466,133273,705
2022-05-01,Santa Barbara,083,443738,87181,86768,4789,91557,688
2022-05-01,Santa Clara,085,1922200,322791,320709,12989,333698,2281
2022-05-01,Santa Cruz,087,273765,49688,48798,2168,50966,262
2022-05-01,Shasta,089,179085,30721,30649,6117,36766,554
2022-05-01,Sierra,091,2930,275,274,49,323,4
2022-05-01,Siskiyou,093,43540,4474,4458,2744,7202,81
2022-05-01,Solano,095,438530,82993,82459,5670,88129,449
2022-05-01,Sonoma,097,501317,86033,85290,2920,88210,488
2022-05-01,Stanislaus,099,539301,118234,117943,17697,135640,1643
2022-05-01,Sutter,101,95872,20608,20644,2106,22750,224
2022-05-01,Tehama,103,63373,12084,12078,2582,14660,202
2022-05-01,Trinity,105,12862,1186,1179,288,1467,20
2022-05-01,Tulare,107,460477,106731,106856,27756,134612,1458
2022-05-01,Tuolumne,109,53932,12804,12713,574,13287,181
2022-05-01,Ventura,111,848112,175323,174679,9696,184375,1486
2022-05-01,Yolo,113,214977,38136,37173,3109,40282,314
2022-05-01,Yuba,115,75493,15953,15917,1215,17132,121
2022-04-30,Alameda,001,1643700,265081,262027,14459,276486,1851
2022-04-30,Alpine,003,1148,125,124,1,125,0
2022-04-30,Amador,005,37829,8588,8533,660,9193,86
2022-04-30,Butte,007,227075,33310,33172,6860,40032,418
2022-04-30,Calaveras,009,45235,7346,7328,355,7683,120
2022-04-30,Colusa,011,21464,3456,3457,1050,4507,21
2022-04-30,Contra Costa,013,1133247,194035,192136,13655,205791,1301
2022-04-30,Del Norte,015,27424,5889,5841,191,6032,50
2022-04-30,El Dorado,017,186661,27081,26946,3251,30197,210
2022-04-30,Fresno,019,978130,232492,232067,23747,255814,2748
2022-04-30,Glenn,021,27897,4994,4995,1607,6602,48
2022-04-30,Humboldt,023,135768,17372,17194,3079,20273,145
2022-04-30,Imperial,025,180216,55616,55503,10610,66113,910
2022-04-30,Inyo,027,18085,4091,4084,499,4583,56
2022-04-30,Kern,029,883053,192579,192250,45981,238231,2265
2022-04-30,Kings,031,150075,51654,51640,3516,55156,447
2022-04-30,Lake,033,64148,10779,10742,894,11636,137
2022-04-30,Lassen,035,31185,8974,8966,875,9841,65
2022-04-30,Los Angeles,037,10098052,2751114,2736900,126323,2863223,31712
2022-04-30,Madera,039,155013,37418,37360,6057,43417,365
2022-04-30,Marin,041,260295,34805,34519,2864,37383,291
2022-04-30,Mariposa,043,17540,2440,2430,203,2633,30
2022-04-30,Mendocino,045,87422,13260,13219,3132,16351,123
2022-04-30,Merced,047,269075,62493,62357,8706,71063,818
2022-04-30,Modoc,049,8938,741,745,253,998,8
2022-04-30,Mono,051,14174,2992,2989,129,3118,6
2022-04-30,Monterey,053,433212,80241,79881,14055,93936,731
2022-04-30,Napa,055,140530,26495,26319,1037,27356,143
2022-04-30,Nevada,057,99092,16154,16100,1227,17327,127
2022-04-30,Orange,059,3164182,553616,551822,42233,594055,6998
2022-04-30,Placer,061,380077,63546,63273,7440,70713,625
2022-04-30,Plumas,063,18699,2990,2946,366,3312,13
2022-04-30,Riverside,065,2383286,595873,593965,28152,622117,6457
2022-04-30,Sacramento,067,1510023,284059,283048,26799,309847,3007
2022-04-30,San Benito,069,59416,13002,12988,525,13513,98
2022-04-30,San Bernardino,071,2135413,573319,568758,24896,593654,7191
2022-04-30,San Diego,073,3302833,761842,761253,53821,815074,5238
2022-04-30,San Francisco,075,870044,131816,130241,8714,138955,860
2022-04-30,San Joaquin,077,732212,167689,167028,10048,177076,2225
2022-04-30,San Luis Obispo,079,281455,53152,53040,3880,56920,477
2022-04-30,San Mateo,081,765935,127031,125807,7447,133254,705
2022-04-30,Santa Barbara,083,443738,87125,86768,4786,91554,688
2022-04-30,Santa Clara,085,1922200,322215,320709,12966,333675,2281
2022-04-30,Santa Cruz,087,273765,49641,48798,2168,50966,262
2022-04-30,Shasta,089,179085,30715,30649,6115,36764,554
2022-04-30,Sierra,091,2930,275,274,49,323,4
2022-04-30,Siskiyou,093,43540,4472,4458,2743,7201,81
2022-04-30,Solano,095,438530,82976,82459,5669,88128,449
2022-04-30,Sonoma,097,501317,85916,85290,2908,88198,488
2022-04-30,Stanislaus,099,539301,118203,117943,17691,135634,1643
2022-04-30,Sutter,101,95872,20603,20644,2106,22750,224
2022-04-30,Tehama,103,63373,12080,12078,2580,14658,202
2022-04-30,Trinity,105,12862,1186,1179,288,1467,20
2022-04-30,Tulare,107,460477,106713,106856,27744,134600,1458
2022-04-30,Tuolumne,109,53932,12795,12713,574,13287,181
2022-04-30,Ventura,111,848112,175239,174679,9664,184343,1486
2022-04-30,Yolo,113,214977,38089,37173,3108,40281,314
2022-04-30,Yuba,115,75493,15946,15917,1214,17131,121
2022-04-29,Alameda,001,1643700,264771,262027,14446,276473,1851
2022-04-29,Alpine,003,1148,124,124,1,125,0
2022-04-29,Amador,005,37829,8581,8533,658,9191,86
2022-04-29,Butte,007,227075,33306,33172,6854,40026,418
2022-04-29,Calaveras,009,45235,7344,7328,355,7683,120
2022-04-29,Colusa,011,21464,3455,3457,1050,4507,21
2022-04-29,Contra Costa,013,1133247,193840,192136,13636,205772,1301
2022-04-29,Del Norte,015,27424,5885,5841,191,6032,50
2022-04-29,El Dorado,017,186661,27069,26946,3249,30195,210
2022-04-29,Fresno,019,978130,232441,232067,23739,255806,2748
2022-04-29,Glenn,021,27897,4994,4995,1606,6601,48
2022-04-29,Humboldt,023,135768,17347,17194,3071,20265,145
2022-04-29,Imperial,025,180216,55600,55503,10609,66112,910
2022-04-29,Inyo,027,18085,4091,4084,497,4581,56
2022-04-29,Kern,029,883053,192552,192250,45969,238219,2265
2022-04-29,Kings,031,150075,51649,51640,3516,55156,447
2022-04-29,Lake,033,64148,10778,10742,894,11636,137
2022-04-29,Lassen,035,31185,8973,8966,875,9841,65
2022-04-29,Los Angeles,037,10098052,2749813,2736900,126173,2863073,31712
2022-04-29,Madera,039,155013,37408,37360,6056,43416,365
2022-04-29,Marin,041,260295,34739,34519,2844,37363,291
2022-04-29,Mariposa,043,17540,2438,2430,203,2633,30
2022-04-29,Mendocino,045,87422,13255,13219,3131,16350,123
2022-04-29,Merced,047,269075,62481,62357,8705,71062,818
2022-04-29,Modoc,049,8938,741,745,253,998,8
2022-04-29,Mono,051,14174,2992,2989,129,3118,6
2022-04-29,Monterey,053,433212,80207,79881,14041,93922,731
2022-04-29,Napa,055,140530,26467,26319,1035,27354,143
2022-04-29,Nevada,057,99092,16147,16100,1226,17326,127
2022-04-29,Orange,059,3164182,553351,551822,42188,594010,6998
2022-04-29,Placer,061,380077,63517,63273,7433,70706,625
2022-04-29,Plumas,063,18699,2989,2946,366,3312,13
2022-04-29,Riverside,065,2383286,595653,593965,28131,622096,6457
2022-04-29,Sacramento,067,1510023,283912,283048,26791,309839,3007
2022-04-29,San Benito,069,59416,12997,12988,525,13513,98
2022-04-29,San Bernardino,071,2135413,573162,568758,24886,593644,7191
2022-04-29,San Diego,073,3302833,761423,761253,53796,815049,5238
2022-04-29,San Francisco,075,870044,131594,130241,8694,138935,860
2022-04-29,San Joaquin,077,732212,167633,167028,10044,177072,2225
2022-04-29,San Luis Obispo,079,281455,53137,53040,3875,56915,477
2022-04-29,San Mateo,081,765935,126833,125807,7433,133240,705
2022-04-29,Santa Barbara,083,443738,87085,86768,4784,91552,688
2022-04-29,Santa Clara,085,1922200,321706,320709,12936,333645,2281
2022-04-29,Santa Cruz,087,273765,49585,48798,2164,50962,262
2022-04-29,Shasta,089,179085,30713,30649,6114,36763,554
2022-04-29,Sierra,091,2930,275,274,49,323,4
2022-04-29,Siskiyou,093,43540,4471,4458,2743,7201,81
2022-04-29,Solano,095,438530,82919,82459,5664,88123,449
2022-04-29,Sonoma,097,501317,85808,85290,2894,88184,488
2022-04-29,Stanislaus,099,539301,118180,117943,17686,135629,1643
2022-04-29,Sutter,101,95872,20596,20644,2105,22749,224
2022-04-29,Tehama,103,63373,12078,12078,2580,14658,202
2022-04-29,Trinity,105,12862,1186,1179,288,1467,20
2022-04-29,Tulare,107,460477,106695,106856,27728,134584,1458
2022-04-29,Tuolumne,109,53932,12788,12713,571,13284,181
2022-04-29,Ventura,111,848112,175163,174679,9642,184321,1486
2022-04-29,Yolo,113,214977,38056,37173,3105,40278,314
2022-04-29,Yuba,115,75493,15941,15917,1214,17131,121
2022-04-28,Alameda,001,1643700,264331,262027,14410,276437,1851
2022-04-28,Alpine,003,1148,124,124,1,125,0
2022-04-28,Amador,005,37829,8578,8533,658,9191,86
2022-04-28,Butte,007,227075,33297,33172,6849,40021,418
2022-04-28,Calaveras,009,45235,7340,7328,355,7683,120
2022-04-28,Colusa,011,21464,3454,3457,1050,4507,21
2022-04-28,Contra Costa,013,1133247,193584,192136,13594,205730,1301
2022-04-28,Del Norte,015,27424,5881,5841,191,6032,50
2022-04-28,El Dorado,017,186661,27047,26946,3245,30191,210
2022-04-28,Fresno,019,978130,232382,232067,23730,255797,2748
2022-04-28,Glenn,021,27897,4991,4995,1606,6601,48
2022-04-28,Humboldt,023,135768,17313,17194,3055,20249,145
2022-04-28,Imperial,025,180216,55588,55503,10604,66107,910
2022-04-28,Inyo,027,18085,4091,4084,497,4581,56
2022-04-28,Kern,029,883053,192513,192250,45955,238205,2265
2022-04-28,Kings,031,150075,51643,51640,3516,55156,447
2022-04-28,Lake,033,64148,10774,10742,894,11636,137
2022-04-28,Lassen,035,31185,8973,8966,875,9841,65
2022-04-28,Los Angeles,037,10098052,2747747,2736900,125992,2862892,31712
2022-04-28,Madera,039,155013,37402,37360,6053,43413,365
2022-04-28,Marin,041,260295,34689,34519,2829,37348,291
2022-04-28,Mariposa,043,17540,2438,2430,203,2633,30
2022-04-28,Mendocino,045,87422,13244,13219,3114,16333,123
2022-04-28,Merced,047,269075,62463,62357,8697,71054,818
2022-04-28,Modoc,049,8938,741,745,253,998,8
2022-04-28,Mono,051,14174,2990,2989,129,3118,6
2022-04-28,Monterey,053,433212,80168,79881,14017,93898,731
2022-04-28,Napa,055,140530,26437,26319,1032,27351,143
2022-04-28,Nevada,057,99092,16139,16100,1223,17323,127
2022-04-28,Orange,059,3164182,552990,551822,42127,593949,6998
2022-04-28,Placer,061,380077,63470,63273,7425,70698,625
2022-04-28,Plumas,063,18699,2988,2946,366,3312,13
2022-04-28,Riverside,065,2383286,595370,593965,28109,622074,6457
2022-04-28,Sacramento,067,1510023,283730,283048,26752,309800,3007
2022-04-28,San Benito,069,59416,12988,12988,523,13511,98
2022-04-28,San Bernardino,071,2135413,572962,568758,24878,593636,7191
2022-04-28,San Diego,073,3302833,760880,761253,53733,814986,5238
2022-04-28,San Francisco,075,870044,131292,130241,8660,138901,860
2022-04-28,San Joaquin,077,732212,167562,167028,10030,177058,2225
2022-04-28,San Luis Obispo,079,281455,53109,53040,3857,56897,477
2022-04-28,San Mateo,081,765935,126588,125807,7406,133213,705
2022-04-28,Santa Barbara,083,443738,87032,86768,4781,91549,688
2022-04-28,Santa Clara,085,1922200,321165,320709,12901,333610,2281
2022-04-28,Santa Cruz,087,273765,49488,48798,2158,50956,262
2022-04-28,Shasta,089,179085,30705,30649,6114,36763,554
2022-04-28,Sierra,091,2930,275,274,49,323,4
2022-04-28,Siskiyou,093,43540,4468,4458,2743,7201,81
2022-04-28,Solano,095,438530,82835,82459,5659,88118,449
2022-04-28,Sonoma,097,501317,85693,85290,2881,88171,488
2022-04-28,Stanislaus,099,539301,118142,117943,17679,135622,1643
2022-04-28,Sutter,101,95872,20586,20644,2102,22746,224
2022-04-28,Tehama,103,63373,12077,12078,2579,14657,202
2022-04-28,Trinity,105,12862,1186,1179,288,1467,20
2022-04-28,Tulare,107,460477,106673,106856,27718,134574,1458
2022-04-28,Tuolumne,109,53932,12776,12713,570,13283,181
2022-04-28,Ventura,111,848112,175074,174679,9606,184285,1486
2022-04-28,Yolo,113,214977,38018,37173,3102,40275,314
2022-04-28,Yuba,115,75493,15932,15917,1212,17129,121
2022-04-27,Alameda,001,1643700,263848,260871,14365,275236,1843
2022-04-27,Alpine,003,1148,124,124,1,125,0
2022-04-27,Amador,005,37829,8577,8518,658,9176,86
2022-04-27,Butte,007,227075,33285,33118,6844,39962,411
2022-04-27,Calaveras,009,45235,7337,7307,355,7662,119
2022-04-27,Colusa,011,21464,3453,3457,1050,4507,21
2022-04-27,Contra Costa,013,1133247,193319,191412,13564,204976,1300
2022-04-27,Del Norte,015,27424,5876,5833,191,6024,50
2022-04-27,El Dorado,017,186661,27036,26898,3240,30138,209
2022-04-27,Fresno,019,978130,232315,231951,23716,255667,2744
2022-04-27,Glenn,021,27897,4991,4993,1606,6599,48
2022-04-27,Humboldt,023,135768,17283,17138,3044,20182,145
2022-04-27,Imperial,025,180216,55570,55480,10600,66080,910
2022-04-27,Inyo,027,18085,4090,4080,496,4576,56
2022-04-27,Kern,029,883053,192477,192157,45936,238093,2271
2022-04-27,Kings,031,150075,51638,51617,3515,55132,444
2022-04-27,Lake,033,64148,10770,10732,894,11626,135
2022-04-27,Lassen,035,31185,8972,8965,875,9840,65
2022-04-27,Los Angeles,037,10098052,2745416,2731988,125807,2857795,31691
2022-04-27,Madera,039,155013,37393,37339,6052,43391,354
2022-04-27,Marin,041,260295,34628,34354,2815,37169,288
2022-04-27,Mariposa,043,17540,2436,2427,203,2630,30
2022-04-27,Mendocino,045,87422,13237,13188,3106,16294,123
2022-04-27,Merced,047,269075,62449,62315,8693,71008,815
2022-04-27,Modoc,049,8938,741,745,253,998,8
2022-04-27,Mono,051,14174,2990,2989,129,3118,6
2022-04-27,Monterey,053,433212,80126,79695,13977,93672,729
2022-04-27,Napa,055,140530,26408,26210,1027,27237,143
2022-04-27,Nevada,057,99092,16123,16080,1220,17300,127
2022-04-27,Orange,059,3164182,552617,550859,42069,592928,6991
2022-04-27,Placer,061,380077,63428,63154,7409,70563,623
2022-04-27,Plumas,063,18699,2987,2934,366,3300,13
2022-04-27,Riverside,065,2383286,595105,593397,28093,621490,6453
2022-04-27,Sacramento,067,1510023,283529,281802,26720,308522,3001
2022-04-27,San Benito,069,59416,12975,12989,521,13510,98
2022-04-27,San Bernardino,071,2135413,572764,568018,24871,592889,7105
2022-04-27,San Diego,073,3302833,760307,759873,53671,813544,5236
2022-04-27,San Francisco,075,870044,130940,129284,8636,137920,857
2022-04-27,San Joaquin,077,732212,167487,166848,10015,176863,2225
2022-04-27,San Luis Obispo,079,281455,53064,52911,3846,56757,476
2022-04-27,San Mateo,081,765935,126357,125018,7353,132371,702
2022-04-27,Santa Barbara,083,443738,86968,86557,4774,91331,685
2022-04-27,Santa Clara,085,1922200,320599,319077,12855,331932,2282
2022-04-27,Santa Cruz,087,273765,49405,48500,2150,50650,262
2022-04-27,Shasta,089,179085,30693,30633,6111,36744,554
2022-04-27,Sierra,091,2930,274,276,49,325,4
2022-04-27,Siskiyou,093,43540,4468,4455,2739,7194,81
2022-04-27,Solano,095,438530,82723,82220,5651,87871,448
2022-04-27,Sonoma,097,501317,85584,84983,2862,87845,487
2022-04-27,Stanislaus,099,539301,118099,117841,17669,135510,1643
2022-04-27,Sutter,101,95872,20582,20627,2098,22725,224
2022-04-27,Tehama,103,63373,12077,12073,2579,14652,201
2022-04-27,Trinity,105,12862,1186,1179,288,1467,20
2022-04-27,Tulare,107,460477,106655,106580,27709,134289,1453
2022-04-27,Tuolumne,109,53932,12759,12684,569,13253,181
2022-04-27,Ventura,111,848112,174971,174425,9591,184016,1480
2022-04-27,Yolo,113,214977,37969,37096,3096,40192,314
2022-04-27,Yuba,115,75493,15928,15902,1207,17109,121
2022-04-26,Alameda,001,1643700,263335,260871,14325,275196,1843
2022-04-26,Alpine,003,1148,124,124,1,125,0
2022-04-26,Amador,005,37829,8574,8518,657,9175,86
2022-04-26,Butte,007,227075,33269,33118,6837,39955,411
2022-04-26,Calaveras,009,45235,7333,7307,354,7661,119
2022-04-26,Colusa,011,21464,3453,3457,1050,4507,21
2022-04-26,Contra Costa,013,1133247,193059,191412,13527,204939,1300
2022-04-26,Del Norte,015,27424,5868,5833,191,6024,50
2022-04-26,El Dorado,017,186661,27015,26898,3236,30134,209
2022-04-26,Fresno,019,978130,232236,231951,23706,255657,2744
2022-04-26,Glenn,021,27897,4991,4993,1605,6598,48
2022-04-26,Humboldt,023,135768,17252,17138,3038,20176,145
2022-04-26,Imperial,025,180216,55550,55480,10595,66075,910
2022-04-26,Inyo,027,18085,4090,4080,496,4576,56
2022-04-26,Kern,029,883053,192429,192157,45912,238069,2271
2022-04-26,Kings,031,150075,51632,51617,3515,55132,444
2022-04-26,Lake,033,64148,10763,10732,894,11626,135
2022-04-26,Lassen,035,31185,8967,8965,875,9840,65
2022-04-26,Los Angeles,037,10098052,2743026,2731988,125622,2857610,31691
2022-04-26,Madera,039,155013,37385,37339,6045,43384,354
2022-04-26,Marin,041,260295,34575,34354,2796,37150,288
2022-04-26,Mariposa,043,17540,2436,2427,203,2630,30
2022-04-26,Mendocino,045,87422,13233,13188,3100,16288,123
2022-04-26,Merced,047,269075,62426,62315,8676,70991,815
2022-04-26,Modoc,049,8938,741,745,253,998,8
2022-04-26,Mono,051,14174,2990,2989,128,3117,6
2022-04-26,Monterey,053,433212,80072,79695,13938,93633,729
2022-04-26,Napa,055,140530,26377,26210,1023,27233,143
2022-04-26,Nevada,057,99092,16114,16080,1220,17300,127
2022-04-26,Orange,059,3164182,552210,550859,42012,592871,6991
2022-04-26,Placer,061,380077,63397,63154,7407,70561,623
2022-04-26,Plumas,063,18699,2987,2934,366,3300,13
2022-04-26,Riverside,065,2383286,594796,593397,28067,621464,6453
2022-04-26,Sacramento,067,1510023,283293,281802,26698,308500,3001
2022-04-26,San Benito,069,59416,12971,12989,520,13509,98
2022-04-26,San Bernardino,071,2135413,572554,568018,24857,592875,7105
2022-04-26,San Diego,073,3302833,759648,759873,53569,813442,5236
2022-04-26,San Francisco,075,870044,130540,129284,8614,137898,857
2022-04-26,San Joaquin,077,732212,167425,166848,10005,176853,2225
2022-04-26,San Luis Obispo,079,281455,53035,52911,3835,56746,476
2022-04-26,San Mateo,081,765935,126087,125018,7319,132337,702
2022-04-26,Santa Barbara,083,443738,86907,86557,4769,91326,685
2022-04-26,Santa Clara,085,1922200,320039,319077,12809,331886,2282
2022-04-26,Santa Cruz,087,273765,49305,48500,2147,50647,262
2022-04-26,Shasta,089,179085,30681,30633,6111,36744,554
2022-04-26,Sierra,091,2930,274,276,49,325,4
2022-04-26,Siskiyou,093,43540,4466,4455,2737,7192,81
2022-04-26,Solano,095,438530,82624,82220,5642,87862,448
2022-04-26,Sonoma,097,501317,85478,84983,2848,87831,487
2022-04-26,Stanislaus,099,539301,118064,117841,17659,135500,1643
2022-04-26,Sutter,101,95872,20572,20627,2098,22725,224
2022-04-26,Tehama,103,63373,12068,12073,2579,14652,201
2022-04-26,Trinity,105,12862,1186,1179,288,1467,20
2022-04-26,Tulare,107,460477,106627,106580,27695,134275,1453
2022-04-26,Tuolumne,109,53932,12740,12684,567,13251,181
2022-04-26,Ventura,111,848112,174860,174425,9566,183991,1480
2022-04-26,Yolo,113,214977,37911,37096,3091,40187,314
2022-04-26,Yuba,115,75493,15926,15902,1207,17109,121
2022-04-25,Alameda,001,1643700,262827,260871,14284,275155,1843
2022-04-25,Alpine,003,1148,124,124,1,125,0
2022-04-25,Amador,005,37829,8571,8518,657,9175,86
2022-04-25,Butte,007,227075,33254,33118,6828,39946,411
2022-04-25,Calaveras,009,45235,7330,7307,354,7661,119
2022-04-25,Colusa,011,21464,3453,3457,1050,4507,21
2022-04-25,Contra Costa,013,1133247,192792,191412,13490,204902,1300
2022-04-25,Del Norte,015,27424,5862,5833,189,6022,50
2022-04-25,El Dorado,017,186661,26994,26898,3234,30132,209
2022-04-25,Fresno,019,978130,232146,231951,23693,255644,2744
2022-04-25,Glenn,021,27897,4990,4993,1605,6598,48
2022-04-25,Humboldt,023,135768,17210,17138,3030,20168,145
2022-04-25,Imperial,025,180216,55530,55480,10590,66070,910
2022-04-25,Inyo,027,18085,4090,4080,496,4576,56
2022-04-25,Kern,029,883053,192385,192157,45894,238051,2271
2022-04-25,Kings,031,150075,51623,51617,3514,55131,444
2022-04-25,Lake,033,64148,10760,10732,893,11625,135
2022-04-25,Lassen,035,31185,8966,8965,875,9840,65
2022-04-25,Los Angeles,037,10098052,2740639,2731988,125458,2857446,31691
2022-04-25,Madera,039,155013,37372,37339,6041,43380,354
2022-04-25,Marin,041,260295,34511,34354,2772,37126,288
2022-04-25,Mariposa,043,17540,2436,2427,202,2629,30
2022-04-25,Mendocino,045,87422,13223,13188,3083,16271,123
2022-04-25,Merced,047,269075,62412,62315,8674,70989,815
2022-04-25,Modoc,049,8938,741,745,253,998,8
2022-04-25,Mono,051,14174,2990,2989,128,3117,6
2022-04-25,Monterey,053,433212,80034,79695,13913,93608,729
2022-04-25,Napa,055,140530,26337,26210,1021,27231,143
2022-04-25,Nevada,057,99092,16108,16080,1218,17298,127
2022-04-25,Orange,059,3164182,551803,550859,41951,592810,6991
2022-04-25,Placer,061,380077,63361,63154,7402,70556,623
2022-04-25,Plumas,063,18699,2985,2934,366,3300,13
2022-04-25,Riverside,065,2383286,594530,593397,28050,621447,6453
2022-04-25,Sacramento,067,1510023,283128,281802,26665,308467,3001
2022-04-25,San Benito,069,59416,12964,12989,520,13509,98
2022-04-25,San Bernardino,071,2135413,572329,568018,24840,592858,7105
2022-04-25,San Diego,073,3302833,758965,759873,53496,813369,5236
2022-04-25,San Francisco,075,870044,130179,129284,8598,137882,857
2022-04-25,San Joaquin,077,732212,167341,166848,9991,176839,2225
2022-04-25,San Luis Obispo,079,281455,52986,52911,3827,56738,476
2022-04-25,San Mateo,081,765935,125815,125018,7299,132317,702
2022-04-25,Santa Barbara,083,443738,86846,86557,4763,91320,685
2022-04-25,Santa Clara,085,1922200,319393,319077,12765,331842,2282
2022-04-25,Santa Cruz,087,273765,49164,48500,2138,50638,262
2022-04-25,Shasta,089,179085,30669,30633,6108,36741,554
2022-04-25,Sierra,091,2930,274,276,49,325,4
2022-04-25,Siskiyou,093,43540,4466,4455,2736,7191,81
2022-04-25,Solano,095,438530,82506,82220,5631,87851,448
2022-04-25,Sonoma,097,501317,85355,84983,2829,87812,487
2022-04-25,Stanislaus,099,539301,118019,117841,17652,135493,1643
2022-04-25,Sutter,101,95872,20569,20627,2098,22725,224
2022-04-25,Tehama,103,63373,12068,12073,2579,14652,201
2022-04-25,Trinity,105,12862,1185,1179,288,1467,20
2022-04-25,Tulare,107,460477,106602,106580,27685,134265,1453
2022-04-25,Tuolumne,109,53932,12731,12684,567,13251,181
2022-04-25,Ventura,111,848112,174750,174425,9543,183968,1480
2022-04-25,Yolo,113,214977,37826,37096,3087,40183,314
2022-04-25,Yuba,115,75493,15916,15902,1206,17108,121
2022-04-24,Alameda,001,1643700,262244,259619,14239,273858,1837
2022-04-24,Alpine,003,1148,124,124,1,125,0
2022-04-24,Amador,005,37829,8562,8509,656,9165,86
2022-04-24,Butte,007,227075,33232,33105,6820,39925,411
2022-04-24,Calaveras,009,45235,7321,7296,352,7648,119
2022-04-24,Colusa,011,21464,3452,3453,1050,4503,21
2022-04-24,Contra Costa,013,1133247,192485,190611,13457,204068,1298
2022-04-24,Del Norte,015,27424,5853,5827,187,6014,50
2022-04-24,El Dorado,017,186661,26976,26837,3232,30069,209
2022-04-24,Fresno,019,978130,232065,231751,23678,255429,2744
2022-04-24,Glenn,021,27897,4990,4989,1604,6593,48
2022-04-24,Humboldt,023,135768,17185,17033,3016,20049,145
2022-04-24,Imperial,025,180216,55518,55434,10582,66016,910
2022-04-24,Inyo,027,18085,4086,4079,495,4574,56
2022-04-24,Kern,029,883053,192333,192012,45880,237892,2267
2022-04-24,Kings,031,150075,51614,51588,3514,55102,444
2022-04-24,Lake,033,64148,10752,10720,890,11610,134
2022-04-24,Lassen,035,31185,8965,8966,875,9841,65
2022-04-24,Los Angeles,037,10098052,2738286,2725630,125312,2850942,31667
2022-04-24,Madera,039,155013,37357,37333,6035,43368,354
2022-04-24,Marin,041,260295,34457,34150,2738,36888,288
2022-04-24,Mariposa,043,17540,2433,2422,202,2624,30
2022-04-24,Mendocino,045,87422,13218,13158,3071,16229,122
2022-04-24,Merced,047,269075,62389,62286,8666,70952,815
2022-04-24,Modoc,049,8938,741,745,253,998,8
2022-04-24,Mono,051,14174,2988,2986,128,3114,6
2022-04-24,Monterey,053,433212,79981,79560,13880,93440,729
2022-04-24,Napa,055,140530,26301,26093,1020,27113,143
2022-04-24,Nevada,057,99092,16092,16052,1216,17268,127
2022-04-24,Orange,059,3164182,551382,549765,41891,591656,6989
2022-04-24,Placer,061,380077,63306,63037,7394,70431,622
2022-04-24,Plumas,063,18699,2983,2934,366,3300,13
2022-04-24,Riverside,065,2383286,594252,592683,28015,620698,6450
2022-04-24,Sacramento,067,1510023,282921,280551,26631,307182,2993
2022-04-24,San Benito,069,59416,12959,12966,520,13486,98
2022-04-24,San Bernardino,071,2135413,572096,566806,24818,591624,7047
2022-04-24,San Diego,073,3302833,758334,758311,53434,811745,5233
2022-04-24,San Francisco,075,870044,129733,128323,8573,136896,857
2022-04-24,San Joaquin,077,732212,167254,166626,9955,176581,2224
2022-04-24,San Luis Obispo,079,281455,52910,52826,3816,56642,476
2022-04-24,San Mateo,081,765935,125507,124106,7265,131371,703
2022-04-24,Santa Barbara,083,443738,86777,86376,4761,91137,685
2022-04-24,Santa Clara,085,1922200,318708,317487,12712,330199,2277
2022-04-24,Santa Cruz,087,273765,49052,48255,2132,50387,261
2022-04-24,Shasta,089,179085,30657,30607,6106,36713,557
2022-04-24,Sierra,091,2930,274,276,49,325,4
2022-04-24,Siskiyou,093,43540,4464,4453,2734,7187,81
2022-04-24,Solano,095,438530,82399,81982,5622,87604,448
2022-04-24,Sonoma,097,501317,85219,84581,2808,87389,486
2022-04-24,Stanislaus,099,539301,117968,117737,17647,135384,1632
2022-04-24,Sutter,101,95872,20560,20605,2095,22700,224
2022-04-24,Tehama,103,63373,12064,12064,2579,14643,201
2022-04-24,Trinity,105,12862,1185,1177,288,1465,20
2022-04-24,Tulare,107,460477,106575,106354,27674,134028,1446
2022-04-24,Tuolumne,109,53932,12718,12664,566,13230,181
2022-04-24,Ventura,111,848112,174638,174091,9522,183613,1479
2022-04-24,Yolo,113,214977,37777,36990,3084,40074,314
2022-04-24,Yuba,115,75493,15912,15888,1206,17094,121
2022-04-23,Alameda,001,1643700,262000,259619,14226,273845,1837
2022-04-23,Alpine,003,1148,124,124,1,125,0
2022-04-23,Amador,005,37829,8556,8509,656,9165,86
2022-04-23,Butte,007,227075,33223,33105,6817,39922,411
2022-04-23,Calaveras,009,45235,7313,7296,352,7648,119
2022-04-23,Colusa,011,21464,3452,3453,1050,4503,21
2022-04-23,Contra Costa,013,1133247,192328,190611,13439,204050,1298
2022-04-23,Del Norte,015,27424,5851,5827,186,6013,50
2022-04-23,El Dorado,017,186661,26966,26837,3231,30068,209
2022-04-23,Fresno,019,978130,232032,231751,23672,255423,2744
2022-04-23,Glenn,021,27897,4990,4989,1604,6593,48
2022-04-23,Humboldt,023,135768,17169,17033,3013,20046,145
2022-04-23,Imperial,025,180216,55507,55434,10581,66015,910
2022-04-23,Inyo,027,18085,4086,4079,494,4573,56
2022-04-23,Kern,029,883053,192305,192012,45866,237878,2267
2022-04-23,Kings,031,150075,51609,51588,3513,55101,444
2022-04-23,Lake,033,64148,10751,10720,890,11610,134
2022-04-23,Lassen,035,31185,8965,8966,875,9841,65
2022-04-23,Los Angeles,037,10098052,2737347,2725630,125217,2850847,31667
2022-04-23,Madera,039,155013,37350,37333,6034,43367,354
2022-04-23,Marin,041,260295,34422,34150,2692,36842,288
2022-04-23,Mariposa,043,17540,2433,2422,202,2624,30
2022-04-23,Mendocino,045,87422,13211,13158,3071,16229,122
2022-04-23,Merced,047,269075,62379,62286,8666,70952,815
2022-04-23,Modoc,049,8938,741,745,253,998,8
2022-04-23,Mono,051,14174,2988,2986,128,3114,6
2022-04-23,Monterey,053,433212,79912,79560,13865,93425,729
2022-04-23,Napa,055,140530,26280,26093,1018,27111,143
2022-04-23,Nevada,057,99092,16086,16052,1214,17266,127
2022-04-23,Orange,059,3164182,551166,549765,41843,591608,6989
2022-04-23,Placer,061,380077,63276,63037,7394,70431,622
2022-04-23,Plumas,063,18699,2983,2934,366,3300,13
2022-04-23,Riverside,065,2383286,594115,592683,28005,620688,6450
2022-04-23,Sacramento,067,1510023,282822,280551,26628,307179,2993
2022-04-23,San Benito,069,59416,12958,12966,520,13486,98
2022-04-23,San Bernardino,071,2135413,571979,566806,24815,591621,7047
2022-04-23,San Diego,073,3302833,758072,758311,53416,811727,5233
2022-04-23,San Francisco,075,870044,129530,128323,8548,136871,857
2022-04-23,San Joaquin,077,732212,167213,166626,9947,176573,2224
2022-04-23,San Luis Obispo,079,281455,52895,52826,3812,56638,476
2022-04-23,San Mateo,081,765935,125349,124106,7255,131361,703
2022-04-23,Santa Barbara,083,443738,86741,86376,4760,91136,685
2022-04-23,Santa Clara,085,1922200,318331,317487,12685,330172,2277
2022-04-23,Santa Cruz,087,273765,49002,48255,2130,50385,261
2022-04-23,Shasta,089,179085,30654,30607,6106,36713,557
2022-04-23,Sierra,091,2930,274,276,49,325,4
2022-04-23,Siskiyou,093,43540,4462,4453,2734,7187,81
2022-04-23,Solano,095,438530,82372,81982,5619,87601,448
2022-04-23,Sonoma,097,501317,85151,84581,2799,87380,486
2022-04-23,Stanislaus,099,539301,117932,117737,17645,135382,1632
2022-04-23,Sutter,101,95872,20554,20605,2095,22700,224
2022-04-23,Tehama,103,63373,12063,12064,2579,14643,201
2022-04-23,Trinity,105,12862,1185,1177,288,1465,20
2022-04-23,Tulare,107,460477,106567,106354,27665,134019,1446
2022-04-23,Tuolumne,109,53932,12713,12664,566,13230,181
2022-04-23,Ventura,111,848112,174576,174091,9516,183607,1479
2022-04-23,Yolo,113,214977,37745,36990,3080,40070,314
2022-04-23,Yuba,115,75493,15910,15888,1206,17094,121
2022-04-22,Alameda,001,1643700,261763,259619,14207,273826,1837
2022-04-22,Alpine,003,1148,124,124,1,125,0
2022-04-22,Amador,005,37829,8555,8509,654,9163,86
2022-04-22,Butte,007,227075,33216,33105,6813,39918,411
2022-04-22,Calaveras,009,45235,7312,7296,352,7648,119
2022-04-22,Colusa,011,21464,3452,3453,1050,4503,21
2022-04-22,Contra Costa,013,1133247,192192,190611,13423,204034,1298
2022-04-22,Del Norte,015,27424,5851,5827,186,6013,50
2022-04-22,El Dorado,017,186661,26953,26837,3227,30064,209
2022-04-22,Fresno,019,978130,232002,231751,23668,255419,2744
2022-04-22,Glenn,021,27897,4989,4989,1604,6593,48
2022-04-22,Humboldt,023,135768,17153,17033,3007,20040,145
2022-04-22,Imperial,025,180216,55501,55434,10581,66015,910
2022-04-22,Inyo,027,18085,4086,4079,493,4572,56
2022-04-22,Kern,029,883053,192285,192012,45863,237875,2267
2022-04-22,Kings,031,150075,51605,51588,3512,55100,444
2022-04-22,Lake,033,64148,10750,10720,890,11610,134
2022-04-22,Lassen,035,31185,8965,8966,875,9841,65
2022-04-22,Los Angeles,037,10098052,2736250,2725630,125158,2850788,31667
2022-04-22,Madera,039,155013,37345,37333,6033,43366,354
2022-04-22,Marin,041,260295,34385,34150,2681,36831,288
2022-04-22,Mariposa,043,17540,2432,2422,202,2624,30
2022-04-22,Mendocino,045,87422,13206,13158,3066,16224,122
2022-04-22,Merced,047,269075,62372,62286,8655,70941,815
2022-04-22,Modoc,049,8938,741,745,253,998,8
2022-04-22,Mono,051,14174,2988,2986,127,3113,6
2022-04-22,Monterey,053,433212,79877,79560,13851,93411,729
2022-04-22,Napa,055,140530,26263,26093,1016,27109,143
2022-04-22,Nevada,057,99092,16086,16052,1214,17266,127
2022-04-22,Orange,059,3164182,550981,549765,41792,591557,6989
2022-04-22,Placer,061,380077,63253,63037,7391,70428,622
2022-04-22,Plumas,063,18699,2983,2934,366,3300,13
2022-04-22,Riverside,065,2383286,593971,592683,27990,620673,6450
2022-04-22,Sacramento,067,1510023,282734,280551,26616,307167,2993
2022-04-22,San Benito,069,59416,12953,12966,520,13486,98
2022-04-22,San Bernardino,071,2135413,571866,566806,24807,591613,7047
2022-04-22,San Diego,073,3302833,757752,758311,53388,811699,5233
2022-04-22,San Francisco,075,870044,129367,128323,8522,136845,857
2022-04-22,San Joaquin,077,732212,167183,166626,9946,176572,2224
2022-04-22,San Luis Obispo,079,281455,52889,52826,3811,56637,476
2022-04-22,San Mateo,081,765935,125187,124106,7242,131348,703
2022-04-22,Santa Barbara,083,443738,86694,86376,4759,91135,685
2022-04-22,Santa Clara,085,1922200,317983,317487,12671,330158,2277
2022-04-22,Santa Cruz,087,273765,48963,48255,2129,50384,261
2022-04-22,Shasta,089,179085,30649,30607,6105,36712,557
2022-04-22,Sierra,091,2930,274,276,48,324,4
2022-04-22,Siskiyou,093,43540,4462,4453,2734,7187,81
2022-04-22,Solano,095,438530,82315,81982,5617,87599,448
2022-04-22,Sonoma,097,501317,85087,84581,2795,87376,486
2022-04-22,Stanislaus,099,539301,117910,117737,17640,135377,1632
2022-04-22,Sutter,101,95872,20548,20605,2095,22700,224
2022-04-22,Tehama,103,63373,12058,12064,2578,14642,201
2022-04-22,Trinity,105,12862,1185,1177,287,1464,20
2022-04-22,Tulare,107,460477,106557,106354,27657,134011,1446
2022-04-22,Tuolumne,109,53932,12706,12664,564,13228,181
2022-04-22,Ventura,111,848112,174500,174091,9505,183596,1479
2022-04-22,Yolo,113,214977,37724,36990,3078,40068,314
2022-04-22,Yuba,115,75493,15907,15888,1205,17093,121
2022-04-21,Alameda,001,1643700,261405,259619,14167,273786,1837
2022-04-21,Alpine,003,1148,124,124,1,125,0
2022-04-21,Amador,005,37829,8552,8509,654,9163,86
2022-04-21,Butte,007,227075,33208,33105,6805,39910,411
2022-04-21,Calaveras,009,45235,7309,7296,352,7648,119
2022-04-21,Colusa,011,21464,3451,3453,1050,4503,21
2022-04-21,Contra Costa,013,1133247,191997,190611,13402,204013,1298
2022-04-21,Del Norte,015,27424,5850,5827,186,6013,50
2022-04-21,El Dorado,017,186661,26937,26837,3226,30063,209
2022-04-21,Fresno,019,978130,231960,231751,23660,255411,2744
2022-04-21,Glenn,021,27897,4989,4989,1603,6592,48
2022-04-21,Humboldt,023,135768,17130,17033,2999,20032,145
2022-04-21,Imperial,025,180216,55492,55434,10581,66015,910
2022-04-21,Inyo,027,18085,4086,4079,493,4572,56
2022-04-21,Kern,029,883053,192252,192012,45848,237860,2267
2022-04-21,Kings,031,150075,51597,51588,3512,55100,444
2022-04-21,Lake,033,64148,10747,10720,890,11610,134
2022-04-21,Lassen,035,31185,8965,8966,875,9841,65
2022-04-21,Los Angeles,037,10098052,2734605,2725630,125044,2850674,31667
2022-04-21,Madera,039,155013,37342,37333,6032,43365,354
2022-04-21,Marin,041,260295,34337,34150,2671,36821,288
2022-04-21,Mariposa,043,17540,2431,2422,202,2624,30
2022-04-21,Mendocino,045,87422,13199,13158,3063,16221,122
2022-04-21,Merced,047,269075,62354,62286,8653,70939,815
2022-04-21,Modoc,049,8938,741,745,253,998,8
2022-04-21,Mono,051,14174,2987,2986,126,3112,6
2022-04-21,Monterey,053,433212,79850,79560,13837,93397,729
2022-04-21,Napa,055,140530,26232,26093,1015,27108,143
2022-04-21,Nevada,057,99092,16082,16052,1214,17266,127
2022-04-21,Orange,059,3164182,550726,549765,41756,591521,6989
2022-04-21,Placer,061,380077,63215,63037,7387,70424,622
2022-04-21,Plumas,063,18699,2983,2934,366,3300,13
2022-04-21,Riverside,065,2383286,593812,592683,27972,620655,6450
2022-04-21,Sacramento,067,1510023,282586,280551,26596,307147,2993
2022-04-21,San Benito,069,59416,12947,12966,520,13486,98
2022-04-21,San Bernardino,071,2135413,571675,566806,24795,591601,7047
2022-04-21,San Diego,073,3302833,757327,758311,53344,811655,5233
2022-04-21,San Francisco,075,870044,129143,128323,8494,136817,857
2022-04-21,San Joaquin,077,732212,167129,166626,9941,176567,2224
2022-04-21,San Luis Obispo,079,281455,52869,52826,3804,56630,476
2022-04-21,San Mateo,081,765935,124986,124106,7222,131328,703
2022-04-21,Santa Barbara,083,443738,86635,86376,4756,91132,685
2022-04-21,Santa Clara,085,1922200,317533,317487,12649,330136,2277
2022-04-21,Santa Cruz,087,273765,48918,48255,2127,50382,261
2022-04-21,Shasta,089,179085,30641,30607,6105,36712,557
2022-04-21,Sierra,091,2930,274,276,48,324,4
2022-04-21,Siskiyou,093,43540,4462,4453,2734,7187,81
2022-04-21,Solano,095,438530,82253,81982,5611,87593,448
2022-04-21,Sonoma,097,501317,84973,84581,2775,87356,486
2022-04-21,Stanislaus,099,539301,117871,117737,17632,135369,1632
2022-04-21,Sutter,101,95872,20539,20605,2093,22698,224
2022-04-21,Tehama,103,63373,12058,12064,2578,14642,201
2022-04-21,Trinity,105,12862,1185,1177,287,1464,20
2022-04-21,Tulare,107,460477,106550,106354,27653,134007,1446
2022-04-21,Tuolumne,109,53932,12701,12664,564,13228,181
2022-04-21,Ventura,111,848112,174417,174091,9499,183590,1479
2022-04-21,Yolo,113,214977,37685,36990,3078,40068,314
2022-04-21,Yuba,115,75493,15905,15888,1205,17093,121
2022-04-20,Alameda,001,1643700,261040,258734,14137,272871,1832
2022-04-20,Alpine,003,1148,124,124,1,125,0
2022-04-20,Amador,005,37829,8550,8494,654,9148,86
2022-04-20,Butte,007,227075,33199,33083,6798,39881,408
2022-04-20,Calaveras,009,45235,7303,7288,351,7639,119
2022-04-20,Colusa,011,21464,3451,3453,1050,4503,21
2022-04-20,Contra Costa,013,1133247,191763,190042,13377,203419,1299
2022-04-20,Del Norte,015,27424,5844,5814,186,6000,50
2022-04-20,El Dorado,017,186661,26922,26821,3221,30042,209
2022-04-20,Fresno,019,978130,231910,231568,23659,255227,2740
2022-04-20,Glenn,021,27897,4988,4988,1600,6588,48
2022-04-20,Humboldt,023,135768,17109,16976,2995,19971,145
2022-04-20,Imperial,025,180216,55484,55405,10578,65983,910
2022-04-20,Inyo,027,18085,4086,4075,492,4567,56
2022-04-20,Kern,029,883053,192217,191915,45832,237747,2262
2022-04-20,Kings,031,150075,51588,51571,3510,55081,445
2022-04-20,Lake,033,64148,10747,10711,890,11601,134
2022-04-20,Lassen,035,31185,8965,8951,875,9826,65
2022-04-20,Los Angeles,037,10098052,2732865,2721699,124925,2846624,31630
2022-04-20,Madera,039,155013,37339,37333,6029,43362,354
2022-04-20,Marin,041,260295,34296,33985,2648,36633,288
2022-04-20,Mariposa,043,17540,2429,2412,202,2614,30
2022-04-20,Mendocino,045,87422,13193,13128,3055,16183,122
2022-04-20,Merced,047,269075,62344,62322,8640,70962,813
2022-04-20,Modoc,049,8938,741,744,253,997,8
2022-04-20,Mono,051,14174,2987,2984,126,3110,6
2022-04-20,Monterey,053,433212,79805,79419,13818,93237,727
2022-04-20,Napa,055,140530,26198,26016,1011,27027,143
2022-04-20,Nevada,057,99092,16072,16034,1211,17245,127
2022-04-20,Orange,059,3164182,550398,549136,41709,590845,6963
2022-04-20,Placer,061,380077,63190,62928,7382,70310,619
2022-04-20,Plumas,063,18699,2983,2932,366,3298,13
2022-04-20,Riverside,065,2383286,593618,592224,27950,620174,6447
2022-04-20,Sacramento,067,1510023,282443,279326,26579,305905,2987
2022-04-20,San Benito,069,59416,12941,12971,517,13488,98
2022-04-20,San Bernardino,071,2135413,571468,565405,24778,590183,6977
2022-04-20,San Diego,073,3302833,756884,757138,53284,810422,5231
2022-04-20,San Francisco,075,870044,128836,127594,8476,136070,854
2022-04-20,San Joaquin,077,732212,167057,166531,9934,176465,2222
2022-04-20,San Luis Obispo,079,281455,52842,52740,3797,56537,476
2022-04-20,San Mateo,081,765935,124768,123279,7190,130469,701
2022-04-20,Santa Barbara,083,443738,86598,86214,4750,90964,685
2022-04-20,Santa Clara,085,1922200,317122,316355,12611,328966,2274
2022-04-20,Santa Cruz,087,273765,48855,47997,2123,50120,261
2022-04-20,Shasta,089,179085,30637,30590,6104,36694,554
2022-04-20,Sierra,091,2930,274,276,48,324,4
2022-04-20,Siskiyou,093,43540,4461,4446,2733,7179,80
2022-04-20,Solano,095,438530,82181,81841,5608,87449,447
2022-04-20,Sonoma,097,501317,84885,84429,2752,87181,485
2022-04-20,Stanislaus,099,539301,117835,117540,17621,135161,1630
2022-04-20,Sutter,101,95872,20532,20632,2093,22725,224
2022-04-20,Tehama,103,63373,12055,12061,2578,14639,199
2022-04-20,Trinity,105,12862,1185,1178,287,1465,20
2022-04-20,Tulare,107,460477,106542,105974,27642,133616,1439
2022-04-20,Tuolumne,109,53932,12696,12648,563,13211,180
2022-04-20,Ventura,111,848112,174329,173904,9490,183394,1475
2022-04-20,Yolo,113,214977,37614,36785,3075,39860,311
2022-04-20,Yuba,115,75493,15901,15868,1203,17071,121
2022-04-19,Alameda,001,1643700,260684,258734,14105,272839,1832
2022-04-19,Alpine,003,1148,124,124,1,125,0
2022-04-19,Amador,005,37829,8546,8494,651,9145,86
2022-04-19,Butte,007,227075,33192,33083,6794,39877,408
2022-04-19,Calaveras,009,45235,7300,7288,351,7639,119
2022-04-19,Colusa,011,21464,3451,3453,1050,4503,21
2022-04-19,Contra Costa,013,1133247,191517,190042,13360,203402,1299
2022-04-19,Del Norte,015,27424,5842,5814,184,5998,50
2022-04-19,El Dorado,017,186661,26907,26821,3218,30039,209
2022-04-19,Fresno,019,978130,231856,231568,23648,255216,2740
2022-04-19,Glenn,021,27897,4987,4988,1600,6588,48
2022-04-19,Humboldt,023,135768,17072,16976,2984,19960,145
2022-04-19,Imperial,025,180216,55477,55405,10575,65980,910
2022-04-19,Inyo,027,18085,4083,4075,492,4567,56
2022-04-19,Kern,029,883053,192181,191915,45822,237737,2262
2022-04-19,Kings,031,150075,51574,51571,3509,55080,445
2022-04-19,Lake,033,64148,10743,10711,889,11600,134
2022-04-19,Lassen,035,31185,8965,8951,875,9826,65
2022-04-19,Los Angeles,037,10098052,2731063,2721699,124799,2846498,31630
2022-04-19,Madera,039,155013,37336,37333,6028,43361,354
2022-04-19,Marin,041,260295,34246,33985,2632,36617,288
2022-04-19,Mariposa,043,17540,2429,2412,201,2613,30
2022-04-19,Mendocino,045,87422,13185,13128,3044,16172,122
2022-04-19,Merced,047,269075,62325,62322,8636,70958,813
2022-04-19,Modoc,049,8938,741,744,253,997,8
2022-04-19,Mono,051,14174,2987,2984,126,3110,6
2022-04-19,Monterey,053,433212,79784,79419,13805,93224,727
2022-04-19,Napa,055,140530,26175,26016,1002,27018,143
2022-04-19,Nevada,057,99092,16066,16034,1209,17243,127
2022-04-19,Orange,059,3164182,550120,549136,41665,590801,6963
2022-04-19,Placer,061,380077,63158,62928,7377,70305,619
2022-04-19,Plumas,063,18699,2983,2932,366,3298,13
2022-04-19,Riverside,065,2383286,593436,592224,27938,620162,6447
2022-04-19,Sacramento,067,1510023,282269,279326,26555,305881,2987
2022-04-19,San Benito,069,59416,12935,12971,516,13487,98
2022-04-19,San Bernardino,071,2135413,571252,565405,24756,590161,6977
2022-04-19,San Diego,073,3302833,756418,757138,53221,810359,5231
2022-04-19,San Francisco,075,870044,128502,127594,8458,136052,854
2022-04-19,San Joaquin,077,732212,167006,166531,9930,176461,2222
2022-04-19,San Luis Obispo,079,281455,52807,52740,3791,56531,476
2022-04-19,San Mateo,081,765935,124537,123279,7169,130448,701
2022-04-19,Santa Barbara,083,443738,86544,86214,4742,90956,685
2022-04-19,Santa Clara,085,1922200,316700,316355,12582,328937,2274
2022-04-19,Santa Cruz,087,273765,48800,47997,2121,50118,261
2022-04-19,Shasta,089,179085,30625,30590,6103,36693,554
2022-04-19,Sierra,091,2930,274,276,48,324,4
2022-04-19,Siskiyou,093,43540,4460,4446,2731,7177,80
2022-04-19,Solano,095,438530,82097,81841,5603,87444,447
2022-04-19,Sonoma,097,501317,84783,84429,2724,87153,485
2022-04-19,Stanislaus,099,539301,117809,117540,17616,135156,1630
2022-04-19,Sutter,101,95872,20532,20632,2093,22725,224
2022-04-19,Tehama,103,63373,12054,12061,2578,14639,199
2022-04-19,Trinity,105,12862,1184,1178,287,1465,20
2022-04-19,Tulare,107,460477,106526,105974,27636,133610,1439
2022-04-19,Tuolumne,109,53932,12694,12648,563,13211,180
2022-04-19,Ventura,111,848112,174235,173904,9477,183381,1475
2022-04-19,Yolo,113,214977,37555,36785,3073,39858,311
2022-04-19,Yuba,115,75493,15894,15868,1203,17071,121
2022-04-18,Alameda,001,1643700,260302,258734,14083,272817,1832
2022-04-18,Alpine,003,1148,124,124,1,125,0
2022-04-18,Amador,005,37829,8545,8494,650,9144,86
2022-04-18,Butte,007,227075,33188,33083,6789,39872,408
2022-04-18,Calaveras,009,45235,7296,7288,350,7638,119
2022-04-18,Colusa,011,21464,3450,3453,1050,4503,21
2022-04-18,Contra Costa,013,1133247,191281,190042,13335,203377,1299
2022-04-18,Del Norte,015,27424,5837,5814,184,5998,50
2022-04-18,El Dorado,017,186661,26890,26821,3215,30036,209
2022-04-18,Fresno,019,978130,231811,231568,23637,255205,2740
2022-04-18,Glenn,021,27897,4986,4988,1599,6587,48
2022-04-18,Humboldt,023,135768,17041,16976,2981,19957,145
2022-04-18,Imperial,025,180216,55465,55405,10573,65978,910
2022-04-18,Inyo,027,18085,4083,4075,492,4567,56
2022-04-18,Kern,029,883053,192136,191915,45810,237725,2262
2022-04-18,Kings,031,150075,51569,51571,3509,55080,445
2022-04-18,Lake,033,64148,10739,10711,888,11599,134
2022-04-18,Lassen,035,31185,8965,8951,875,9826,65
2022-04-18,Los Angeles,037,10098052,2729228,2721699,124684,2846383,31630
2022-04-18,Madera,039,155013,37328,37333,6027,43360,354
2022-04-18,Marin,041,260295,34182,33985,2609,36594,288
2022-04-18,Mariposa,043,17540,2427,2412,201,2613,30
2022-04-18,Mendocino,045,87422,13168,13128,3039,16167,122
2022-04-18,Merced,047,269075,62313,62322,8630,70952,813
2022-04-18,Modoc,049,8938,740,744,253,997,8
2022-04-18,Mono,051,14174,2986,2984,126,3110,6
2022-04-18,Monterey,053,433212,79710,79419,13789,93208,727
2022-04-18,Napa,055,140530,26139,26016,1001,27017,143
2022-04-18,Nevada,057,99092,16056,16034,1207,17241,127
2022-04-18,Orange,059,3164182,549832,549136,41632,590768,6963
2022-04-18,Placer,061,380077,63125,62928,7375,70303,619
2022-04-18,Plumas,063,18699,2983,2932,366,3298,13
2022-04-18,Riverside,065,2383286,593226,592224,27918,620142,6447
2022-04-18,Sacramento,067,1510023,282112,279326,26543,305869,2987
2022-04-18,San Benito,069,59416,12929,12971,516,13487,98
2022-04-18,San Bernardino,071,2135413,571041,565405,24738,590143,6977
2022-04-18,San Diego,073,3302833,755948,757138,53162,810300,5231
2022-04-18,San Francisco,075,870044,128184,127594,8446,136040,854
2022-04-18,San Joaquin,077,732212,166946,166531,9923,176454,2222
2022-04-18,San Luis Obispo,079,281455,52779,52740,3786,56526,476
2022-04-18,San Mateo,081,765935,124305,123279,7149,130428,701
2022-04-18,Santa Barbara,083,443738,86473,86214,4737,90951,685
2022-04-18,Santa Clara,085,1922200,316253,316355,12557,328912,2274
2022-04-18,Santa Cruz,087,273765,48694,47997,2119,50116,261
2022-04-18,Shasta,089,179085,30619,30590,6100,36690,554
2022-04-18,Sierra,091,2930,274,276,48,324,4
2022-04-18,Siskiyou,093,43540,4459,4446,2730,7176,80
2022-04-18,Solano,095,438530,82032,81841,5597,87438,447
2022-04-18,Sonoma,097,501317,84683,84429,2709,87138,485
2022-04-18,Stanislaus,099,539301,117779,117540,17613,135153,1630
2022-04-18,Sutter,101,95872,20530,20632,2091,22723,224
2022-04-18,Tehama,103,63373,12050,12061,2578,14639,199
2022-04-18,Trinity,105,12862,1184,1178,287,1465,20
2022-04-18,Tulare,107,460477,106512,105974,27628,133602,1439
2022-04-18,Tuolumne,109,53932,12687,12648,562,13210,180
2022-04-18,Ventura,111,848112,174143,173904,9467,183371,1475
2022-04-18,Yolo,113,214977,37488,36785,3073,39858,311
2022-04-18,Yuba,115,75493,15885,15868,1202,17070,121
2022-04-17,Alameda,001,1643700,259912,257897,14057,271954,1829
2022-04-17,Alpine,003,1148,124,124,1,125,0
2022-04-17,Amador,005,37829,8540,8491,648,9139,86
2022-04-17,Butte,007,227075,33185,33053,6787,39840,405
2022-04-17,Calaveras,009,45235,7293,7275,349,7624,119
2022-04-17,Colusa,011,21464,3449,3450,1050,4500,21
2022-04-17,Contra Costa,013,1133247,191054,189742,13299,203041,1298
2022-04-17,Del Norte,015,27424,5832,5809,184,5993,50
2022-04-17,El Dorado,017,186661,26878,26796,3213,30009,209
2022-04-17,Fresno,019,978130,231733,231455,23631,255086,2739
2022-04-17,Glenn,021,27897,4986,4991,1599,6590,48
2022-04-17,Humboldt,023,135768,17006,16929,2975,19904,143
2022-04-17,Imperial,025,180216,55456,55371,10571,65942,910
2022-04-17,Inyo,027,18085,4081,4075,492,4567,56
2022-04-17,Kern,029,883053,192101,191866,45795,237661,2258
2022-04-17,Kings,031,150075,51558,51544,3507,55051,445
2022-04-17,Lake,033,64148,10738,10702,888,11590,134
2022-04-17,Lassen,035,31185,8965,8950,875,9825,65
2022-04-17,Los Angeles,037,10098052,2727234,2717479,124566,2842045,31598
2022-04-17,Madera,039,155013,37322,37362,6027,43389,354
2022-04-17,Marin,041,260295,34115,33829,2579,36408,288
2022-04-17,Mariposa,043,17540,2419,2406,201,2607,30
2022-04-17,Mendocino,045,87422,13153,13107,3035,16142,122
2022-04-17,Merced,047,269075,62293,62295,8624,70919,813
2022-04-17,Modoc,049,8938,740,743,253,996,8
2022-04-17,Mono,051,14174,2985,2977,126,3103,6
2022-04-17,Monterey,053,433212,79678,79311,13769,93080,727
2022-04-17,Napa,055,140530,26095,25929,995,26924,143
2022-04-17,Nevada,057,99092,16040,16014,1202,17216,123
2022-04-17,Orange,059,3164182,549468,548311,41584,589895,6945
2022-04-17,Placer,061,380077,63085,62882,7368,70250,618
2022-04-17,Plumas,063,18699,2983,2929,366,3295,13
2022-04-17,Riverside,065,2383286,593006,591772,27898,619670,6443
2022-04-17,Sacramento,067,1510023,281951,278523,26518,305041,2978
2022-04-17,San Benito,069,59416,12926,12926,515,13441,98
2022-04-17,San Bernardino,071,2135413,570801,564397,24724,589121,6948
2022-04-17,San Diego,073,3302833,755457,756165,53094,809259,5229
2022-04-17,San Francisco,075,870044,127866,126976,8430,135406,854
2022-04-17,San Joaquin,077,732212,166896,166645,9917,176562,2220
2022-04-17,San Luis Obispo,079,281455,52710,52698,3781,56479,476
2022-04-17,San Mateo,081,765935,124069,122652,7133,129785,699
2022-04-17,Santa Barbara,083,443738,86415,86030,4731,90761,684
2022-04-17,Santa Clara,085,1922200,315756,315296,12530,327826,2268
2022-04-17,Santa Cruz,087,273765,48572,47895,2117,50012,261
2022-04-17,Shasta,089,179085,30608,30578,6096,36674,554
2022-04-17,Sierra,091,2930,274,276,48,324,4
2022-04-17,Siskiyou,093,43540,4454,4444,2729,7173,80
2022-04-17,Solano,095,438530,81965,81781,5593,87374,447
2022-04-17,Sonoma,097,501317,84571,84172,2702,86874,485
2022-04-17,Stanislaus,099,539301,117749,117567,17606,135173,1619
2022-04-17,Sutter,101,95872,20525,20621,2090,22711,224
2022-04-17,Tehama,103,63373,12049,12061,2578,14639,199
2022-04-17,Trinity,105,12862,1183,1178,287,1465,20
2022-04-17,Tulare,107,460477,106498,105757,27619,133376,1428
2022-04-17,Tuolumne,109,53932,12681,12640,562,13202,180
2022-04-17,Ventura,111,848112,174046,173665,9449,183114,1474
2022-04-17,Yolo,113,214977,37420,36752,3071,39823,311
2022-04-17,Yuba,115,75493,15879,15857,1202,17059,121
2022-04-16,Alameda,001,1643700,259759,257897,14047,271944,1829
2022-04-16,Alpine,003,1148,124,124,1,125,0
2022-04-16,Amador,005,37829,8538,8491,648,9139,86
2022-04-16,Butte,007,227075,33182,33053,6785,39838,405
2022-04-16,Calaveras,009,45235,7291,7275,349,7624,119
2022-04-16,Colusa,011,21464,3449,3450,1050,4500,21
2022-04-16,Contra Costa,013,1133247,190963,189742,13293,203035,1298
2022-04-16,Del Norte,015,27424,5832,5809,184,5993,50
2022-04-16,El Dorado,017,186661,26867,26796,3213,30009,209
2022-04-16,Fresno,019,978130,231705,231455,23630,255085,2739
2022-04-16,Glenn,021,27897,4986,4991,1599,6590,48
2022-04-16,Humboldt,023,135768,16998,16929,2970,19899,143
2022-04-16,Imperial,025,180216,55450,55371,10570,65941,910
2022-04-16,Inyo,027,18085,4081,4075,492,4567,56
2022-04-16,Kern,029,883053,192090,191866,45783,237649,2258
2022-04-16,Kings,031,150075,51555,51544,3507,55051,445
2022-04-16,Lake,033,64148,10736,10702,888,11590,134
2022-04-16,Lassen,035,31185,8965,8950,875,9825,65
2022-04-16,Los Angeles,037,10098052,2726528,2717479,124516,2841995,31598
2022-04-16,Madera,039,155013,37320,37362,6027,43389,354
2022-04-16,Marin,041,260295,34077,33829,2553,36382,288
2022-04-16,Mariposa,043,17540,2418,2406,201,2607,30
2022-04-16,Mendocino,045,87422,13147,13107,3035,16142,122
2022-04-16,Merced,047,269075,62290,62295,8624,70919,813
2022-04-16,Modoc,049,8938,740,743,253,996,8
2022-04-16,Mono,051,14174,2985,2977,126,3103,6
2022-04-16,Monterey,053,433212,79662,79311,13760,93071,727
2022-04-16,Napa,055,140530,26072,25929,993,26922,143
2022-04-16,Nevada,057,99092,16037,16014,1201,17215,123
2022-04-16,Orange,059,3164182,549353,548311,41556,589867,6945
2022-04-16,Placer,061,380077,63069,62882,7366,70248,618
2022-04-16,Plumas,063,18699,2981,2929,366,3295,13
2022-04-16,Riverside,065,2383286,592926,591772,27892,619664,6443
2022-04-16,Sacramento,067,1510023,281900,278523,26513,305036,2978
2022-04-16,San Benito,069,59416,12925,12926,515,13441,98
2022-04-16,San Bernardino,071,2135413,570702,564397,24720,589117,6948
2022-04-16,San Diego,073,3302833,755310,756165,53082,809247,5229
2022-04-16,San Francisco,075,870044,127710,126976,8421,135397,854
2022-04-16,San Joaquin,077,732212,166856,166645,9913,176558,2220
2022-04-16,San Luis Obispo,079,281455,52704,52698,3780,56478,476
2022-04-16,San Mateo,081,765935,123973,122652,7126,129778,699
2022-04-16,Santa Barbara,083,443738,86385,86030,4731,90761,684
2022-04-16,Santa Clara,085,1922200,315514,315296,12522,327818,2268
2022-04-16,Santa Cruz,087,273765,48545,47895,2117,50012,261
2022-04-16,Shasta,089,179085,30604,30578,6096,36674,554
2022-04-16,Sierra,091,2930,274,276,48,324,4
2022-04-16,Siskiyou,093,43540,4454,4444,2729,7173,80
2022-04-16,Solano,095,438530,81950,81781,5591,87372,447
2022-04-16,Sonoma,097,501317,84522,84172,2693,86865,485
2022-04-16,Stanislaus,099,539301,117729,117567,17601,135168,1619
2022-04-16,Sutter,101,95872,20521,20621,2090,22711,224
2022-04-16,Tehama,103,63373,12048,12061,2578,14639,199
2022-04-16,Trinity,105,12862,1183,1178,287,1465,20
2022-04-16,Tulare,107,460477,106487,105757,27617,133374,1428
2022-04-16,Tuolumne,109,53932,12680,12640,562,13202,180
2022-04-16,Ventura,111,848112,174017,173665,9445,183110,1474
2022-04-16,Yolo,113,214977,37411,36752,3070,39822,311
2022-04-16,Yuba,115,75493,15875,15857,1202,17059,121
2022-04-15,Alameda,001,1643700,259575,257897,14039,271936,1829
2022-04-15,Alpine,003,1148,124,124,1,125,0
2022-04-15,Amador,005,37829,8537,8491,646,9137,86
2022-04-15,Butte,007,227075,33180,33053,6783,39836,405
2022-04-15,Calaveras,009,45235,7289,7275,349,7624,119
2022-04-15,Colusa,011,21464,3449,3450,1050,4500,21
2022-04-15,Contra Costa,013,1133247,190846,189742,13286,203028,1298
2022-04-15,Del Norte,015,27424,5831,5809,184,5993,50
2022-04-15,El Dorado,017,186661,26853,26796,3212,30008,209
2022-04-15,Fresno,019,978130,231676,231455,23630,255085,2739
2022-04-15,Glenn,021,27897,4986,4991,1599,6590,48
2022-04-15,Humboldt,023,135768,16986,16929,2969,19898,143
2022-04-15,Imperial,025,180216,55448,55371,10570,65941,910
2022-04-15,Inyo,027,18085,4081,4075,491,4566,56
2022-04-15,Kern,029,883053,192075,191866,45772,237638,2258
2022-04-15,Kings,031,150075,51551,51544,3507,55051,445
2022-04-15,Lake,033,64148,10731,10702,888,11590,134
2022-04-15,Lassen,035,31185,8965,8950,875,9825,65
2022-04-15,Los Angeles,037,10098052,2725754,2717479,124449,2841928,31598
2022-04-15,Madera,039,155013,37318,37362,6027,43389,354
2022-04-15,Marin,041,260295,34043,33829,2532,36361,288
2022-04-15,Mariposa,043,17540,2417,2406,201,2607,30
2022-04-15,Mendocino,045,87422,13141,13107,3033,16140,122
2022-04-15,Merced,047,269075,62286,62295,8624,70919,813
2022-04-15,Modoc,049,8938,740,743,253,996,8
2022-04-15,Mono,051,14174,2980,2977,125,3102,6
2022-04-15,Monterey,053,433212,79635,79311,13754,93065,727
2022-04-15,Napa,055,140530,26055,25929,992,26921,143
2022-04-15,Nevada,057,99092,16035,16014,1200,17214,123
2022-04-15,Orange,059,3164182,549232,548311,41526,589837,6945
2022-04-15,Placer,061,380077,63054,62882,7365,70247,618
2022-04-15,Plumas,063,18699,2981,2929,366,3295,13
2022-04-15,Riverside,065,2383286,592825,591772,27886,619658,6443
2022-04-15,Sacramento,067,1510023,281821,278523,26509,305032,2978
2022-04-15,San Benito,069,59416,12923,12926,514,13440,98
2022-04-15,San Bernardino,071,2135413,570619,564397,24717,589114,6948
2022-04-15,San Diego,073,3302833,755117,756165,53063,809228,5229
2022-04-15,San Francisco,075,870044,127559,126976,8406,135382,854
2022-04-15,San Joaquin,077,732212,166833,166645,9911,176556,2220
2022-04-15,San Luis Obispo,079,281455,52696,52698,3780,56478,476
2022-04-15,San Mateo,081,765935,123842,122652,7115,129767,699
2022-04-15,Santa Barbara,083,443738,86352,86030,4730,90760,684
2022-04-15,Santa Clara,085,1922200,315223,315296,12514,327810,2268
2022-04-15,Santa Cruz,087,273765,48517,47895,2116,50011,261
2022-04-15,Shasta,089,179085,30595,30578,6096,36674,554
2022-04-15,Sierra,091,2930,274,276,48,324,4
2022-04-15,Siskiyou,093,43540,4452,4444,2729,7173,80
2022-04-15,Solano,095,438530,81925,81781,5591,87372,447
2022-04-15,Sonoma,097,501317,84470,84172,2677,86849,485
2022-04-15,Stanislaus,099,539301,117709,117567,17599,135166,1619
2022-04-15,Sutter,101,95872,20518,20621,2090,22711,224
2022-04-15,Tehama,103,63373,12048,12061,2578,14639,199
2022-04-15,Trinity,105,12862,1183,1178,287,1465,20
2022-04-15,Tulare,107,460477,106481,105757,27611,133368,1428
2022-04-15,Tuolumne,109,53932,12677,12640,559,13199,180
2022-04-15,Ventura,111,848112,173988,173665,9439,183104,1474
2022-04-15,Yolo,113,214977,37391,36752,3070,39822,311
2022-04-15,Yuba,115,75493,15872,15857,1202,17059,121
2022-04-14,Alameda,001,1643700,259308,257897,14029,271926,1829
2022-04-14,Alpine,003,1148,124,124,1,125,0
2022-04-14,Amador,005,37829,8537,8491,646,9137,86
2022-04-14,Butte,007,227075,33175,33053,6780,39833,405
2022-04-14,Calaveras,009,45235,7288,7275,349,7624,119
2022-04-14,Colusa,011,21464,3449,3450,1050,4500,21
2022-04-14,Contra Costa,013,1133247,190691,189742,13274,203016,1298
2022-04-14,Del Norte,015,27424,5829,5809,184,5993,50
2022-04-14,El Dorado,017,186661,26850,26796,3210,30006,209
2022-04-14,Fresno,019,978130,231650,231455,23629,255084,2739
2022-04-14,Glenn,021,27897,4985,4991,1597,6588,48
2022-04-14,Humboldt,023,135768,16971,16929,2968,19897,143
2022-04-14,Imperial,025,180216,55438,55371,10570,65941,910
2022-04-14,Inyo,027,18085,4081,4075,490,4565,56
2022-04-14,Kern,029,883053,192056,191866,45764,237630,2258
2022-04-14,Kings,031,150075,51543,51544,3507,55051,445
2022-04-14,Lake,033,64148,10730,10702,888,11590,134
2022-04-14,Lassen,035,31185,8965,8950,874,9824,65
2022-04-14,Los Angeles,037,10098052,2724667,2717479,124362,2841841,31598
2022-04-14,Madera,039,155013,37316,37362,6027,43389,354
2022-04-14,Marin,041,260295,34010,33829,2504,36333,288
2022-04-14,Mariposa,043,17540,2416,2406,201,2607,30
2022-04-14,Mendocino,045,87422,13136,13107,3033,16140,122
2022-04-14,Merced,047,269075,62281,62295,8623,70918,813
2022-04-14,Modoc,049,8938,739,743,253,996,8
2022-04-14,Mono,051,14174,2980,2977,124,3101,6
2022-04-14,Monterey,053,433212,79610,79311,13749,93060,727
2022-04-14,Napa,055,140530,26033,25929,991,26920,143
2022-04-14,Nevada,057,99092,16028,16014,1199,17213,123
2022-04-14,Orange,059,3164182,549043,548311,41500,589811,6945
2022-04-14,Placer,061,380077,63036,62882,7360,70242,618
2022-04-14,Plumas,063,18699,2981,2929,366,3295,13
2022-04-14,Riverside,065,2383286,592706,591772,27876,619648,6443
2022-04-14,Sacramento,067,1510023,281702,278523,26495,305018,2978
2022-04-14,San Benito,069,59416,12917,12926,514,13440,98
2022-04-14,San Bernardino,071,2135413,570447,564397,24712,589109,6948
2022-04-14,San Diego,073,3302833,754839,756165,53025,809190,5229
2022-04-14,San Francisco,075,870044,127357,126976,8395,135371,854
2022-04-14,San Joaquin,077,732212,166801,166645,9910,176555,2220
2022-04-14,San Luis Obispo,079,281455,52680,52698,3776,56474,476
2022-04-14,San Mateo,081,765935,123687,122652,7097,129749,699
2022-04-14,Santa Barbara,083,443738,86307,86030,4728,90758,684
2022-04-14,Santa Clara,085,1922200,314923,315296,12505,327801,2268
2022-04-14,Santa Cruz,087,273765,48487,47895,2115,50010,261
2022-04-14,Shasta,089,179085,30593,30578,6095,36673,554
2022-04-14,Sierra,091,2930,274,276,48,324,4
2022-04-14,Siskiyou,093,43540,4452,4444,2728,7172,80
2022-04-14,Solano,095,438530,81885,81781,5585,87366,447
2022-04-14,Sonoma,097,501317,84379,84172,2672,86844,485
2022-04-14,Stanislaus,099,539301,117689,117567,17596,135163,1619
2022-04-14,Sutter,101,95872,20516,20621,2081,22702,224
2022-04-14,Tehama,103,63373,12047,12061,2577,14638,199
2022-04-14,Trinity,105,12862,1183,1178,287,1465,20
2022-04-14,Tulare,107,460477,106467,105757,27607,133364,1428
2022-04-14,Tuolumne,109,53932,12673,12640,558,13198,180
2022-04-14,Ventura,111,848112,173939,173665,9433,183098,1474
2022-04-14,Yolo,113,214977,37350,36752,3067,39819,311
2022-04-14,Yuba,115,75493,15869,15857,1202,17059,121
2022-04-13,Alameda,001,1643700,259057,257440,14009,271449,1833
2022-04-13,Alpine,003,1148,124,124,1,125,0
2022-04-13,Amador,005,37829,8535,8490,646,9136,86
2022-04-13,Butte,007,227075,33167,33044,6780,39824,402
2022-04-13,Calaveras,009,45235,7287,7270,349,7619,119
2022-04-13,Colusa,011,21464,3449,3451,1050,4501,21
2022-04-13,Contra Costa,013,1133247,190558,189471,13260,202731,1298
2022-04-13,Del Norte,015,27424,5827,5812,184,5996,50
2022-04-13,El Dorado,017,186661,26846,26794,3210,30004,208
2022-04-13,Fresno,019,978130,231618,231325,23617,254942,2738
2022-04-13,Glenn,021,27897,4984,4989,1597,6586,48
2022-04-13,Humboldt,023,135768,16957,16922,2967,19889,143
2022-04-13,Imperial,025,180216,55425,55353,10568,65921,910
2022-04-13,Inyo,027,18085,4081,4074,487,4561,56
2022-04-13,Kern,029,883053,192031,191859,45758,237617,2249
2022-04-13,Kings,031,150075,51537,51535,3507,55042,443
2022-04-13,Lake,033,64148,10728,10695,888,11583,134
2022-04-13,Lassen,035,31185,8964,8949,874,9823,65
2022-04-13,Los Angeles,037,10098052,2723408,2715722,124286,2840008,31578
2022-04-13,Madera,039,155013,37313,37361,6027,43388,354
2022-04-13,Marin,041,260295,33971,33747,2475,36222,288
2022-04-13,Mariposa,043,17540,2410,2402,201,2603,29
2022-04-13,Mendocino,045,87422,13127,13101,3031,16132,120
2022-04-13,Merced,047,269075,62271,62276,8622,70898,811
2022-04-13,Modoc,049,8938,739,743,253,996,8
2022-04-13,Mono,051,14174,2978,2971,124,3095,6
2022-04-13,Monterey,053,433212,79596,79179,13742,92921,727
2022-04-13,Napa,055,140530,26016,25892,988,26880,143
2022-04-13,Nevada,057,99092,16022,16002,1199,17201,123
2022-04-13,Orange,059,3164182,548841,547783,41477,589260,6935
2022-04-13,Placer,061,380077,63009,62851,7356,70207,615
2022-04-13,Plumas,063,18699,2980,2923,366,3289,13
2022-04-13,Riverside,065,2383286,592567,591659,27869,619528,6437
2022-04-13,Sacramento,067,1510023,281616,277866,26492,304358,2974
2022-04-13,San Benito,069,59416,12911,12927,514,13441,98
2022-04-13,San Bernardino,071,2135413,570302,563709,24707,588416,6905
2022-04-13,San Diego,073,3302833,754553,755584,52993,808577,5223
2022-04-13,San Francisco,075,870044,127189,126608,8375,134983,850
2022-04-13,San Joaquin,077,732212,166765,166654,9908,176562,2219
2022-04-13,San Luis Obispo,079,281455,52656,52660,3776,56436,476
2022-04-13,San Mateo,081,765935,123536,122167,7073,129240,699
2022-04-13,Santa Barbara,083,443738,86269,85938,4723,90661,684
2022-04-13,Santa Clara,085,1922200,314654,314863,12488,327351,2267
2022-04-13,Santa Cruz,087,273765,48433,47765,2114,49879,260
2022-04-13,Shasta,089,179085,30591,30569,6095,36664,551
2022-04-13,Sierra,091,2930,274,276,48,324,4
2022-04-13,Siskiyou,093,43540,4451,4444,2727,7171,80
2022-04-13,Solano,095,438530,81847,81843,5582,87425,448
2022-04-13,Sonoma,097,501317,84309,84033,2659,86692,485
2022-04-13,Stanislaus,099,539301,117671,117573,17591,135164,1577
2022-04-13,Sutter,101,95872,20512,20610,2081,22691,223
2022-04-13,Tehama,103,63373,12046,12062,2576,14638,200
2022-04-13,Trinity,105,12862,1183,1177,287,1464,20
2022-04-13,Tulare,107,460477,106459,105519,27602,133121,1426
2022-04-13,Tuolumne,109,53932,12667,12639,558,13197,180
2022-04-13,Ventura,111,848112,173881,173558,9427,182985,1474
2022-04-13,Yolo,113,214977,37310,36684,3065,39749,311
2022-04-13,Yuba,115,75493,15865,15851,1202,17053,121
2022-04-12,Alameda,001,1643700,258816,257440,14000,271440,1833
2022-04-12,Alpine,003,1148,124,124,1,125,0
2022-04-12,Amador,005,37829,8534,8490,646,9136,86
2022-04-12,Butte,007,227075,33155,33044,6773,39817,402
2022-04-12,Calaveras,009,45235,7283,7270,348,7618,119
2022-04-12,Colusa,011,21464,3449,3451,1050,4501,21
2022-04-12,Contra Costa,013,1133247,190401,189471,13246,202717,1298
2022-04-12,Del Norte,015,27424,5824,5812,184,5996,50
2022-04-12,El Dorado,017,186661,26834,26794,3210,30004,208
2022-04-12,Fresno,019,978130,231588,231325,23610,254935,2738
2022-04-12,Glenn,021,27897,4984,4989,1597,6586,48
2022-04-12,Humboldt,023,135768,16949,16922,2965,19887,143
2022-04-12,Imperial,025,180216,55421,55353,10559,65912,910
2022-04-12,Inyo,027,18085,4081,4074,487,4561,56
2022-04-12,Kern,029,883053,192011,191859,45749,237608,2249
2022-04-12,Kings,031,150075,51529,51535,3505,55040,443
2022-04-12,Lake,033,64148,10724,10695,887,11582,134
2022-04-12,Lassen,035,31185,8964,8949,874,9823,65
2022-04-12,Los Angeles,037,10098052,2722161,2715722,124185,2839907,31578
2022-04-12,Madera,039,155013,37312,37361,6027,43388,354
2022-04-12,Marin,041,260295,33926,33747,2448,36195,288
2022-04-12,Mariposa,043,17540,2410,2402,201,2603,29
2022-04-12,Mendocino,045,87422,13119,13101,3025,16126,120
2022-04-12,Merced,047,269075,62257,62276,8620,70896,811
2022-04-12,Modoc,049,8938,739,743,252,995,8
2022-04-12,Mono,051,14174,2978,2971,124,3095,6
2022-04-12,Monterey,053,433212,79572,79179,13735,92914,727
2022-04-12,Napa,055,140530,25993,25892,978,26870,143
2022-04-12,Nevada,057,99092,16019,16002,1198,17200,123
2022-04-12,Orange,059,3164182,548588,547783,41444,589227,6935
2022-04-12,Placer,061,380077,62986,62851,7351,70202,615
2022-04-12,Plumas,063,18699,2979,2923,366,3289,13
2022-04-12,Riverside,065,2383286,592421,591659,27849,619508,6437
2022-04-12,Sacramento,067,1510023,281500,277866,26490,304356,2974
2022-04-12,San Benito,069,59416,12907,12927,513,13440,98
2022-04-12,San Bernardino,071,2135413,570128,563709,24704,588413,6905
2022-04-12,San Diego,073,3302833,754220,755584,52951,808535,5223
2022-04-12,San Francisco,075,870044,126978,126608,8360,134968,850
2022-04-12,San Joaquin,077,732212,166735,166654,9906,176560,2219
2022-04-12,San Luis Obispo,079,281455,52622,52660,3770,56430,476
2022-04-12,San Mateo,081,765935,123379,122167,7052,129219,699
2022-04-12,Santa Barbara,083,443738,86223,85938,4719,90657,684
2022-04-12,Santa Clara,085,1922200,314362,314863,12477,327340,2267
2022-04-12,Santa Cruz,087,273765,48354,47765,2111,49876,260
2022-04-12,Shasta,089,179085,30591,30569,6094,36663,551
2022-04-12,Sierra,091,2930,274,276,48,324,4
2022-04-12,Siskiyou,093,43540,4451,4444,2725,7169,80
2022-04-12,Solano,095,438530,81806,81843,5580,87423,448
2022-04-12,Sonoma,097,501317,84250,84033,2653,86686,485
2022-04-12,Stanislaus,099,539301,117651,117573,17587,135160,1577
2022-04-12,Sutter,101,95872,20509,20610,2081,22691,223
2022-04-12,Tehama,103,63373,12044,12062,2576,14638,200
2022-04-12,Trinity,105,12862,1183,1177,287,1464,20
2022-04-12,Tulare,107,460477,106444,105519,27597,133116,1426
2022-04-12,Tuolumne,109,53932,12665,12639,556,13195,180
2022-04-12,Ventura,111,848112,173832,173558,9421,182979,1474
2022-04-12,Yolo,113,214977,37270,36684,3059,39743,311
2022-04-12,Yuba,115,75493,15860,15851,1202,17053,121
2022-04-11,Alameda,001,1643700,258524,256649,13983,270632,1826
2022-04-11,Alpine,003,1148,124,124,1,125,0
2022-04-11,Amador,005,37829,8533,8489,646,9135,86
2022-04-11,Butte,007,227075,33142,33031,6770,39801,399
2022-04-11,Calaveras,009,45235,7280,7260,348,7608,119
2022-04-11,Colusa,011,21464,3447,3449,1050,4499,21
2022-04-11,Contra Costa,013,1133247,190234,189154,13229,202383,1296
2022-04-11,Del Norte,015,27424,5823,5811,184,5995,50
2022-04-11,El Dorado,017,186661,26821,26757,3209,29966,207
2022-04-11,Fresno,019,978130,231567,231090,23609,254699,2731
2022-04-11,Glenn,021,27897,4983,4988,1596,6584,47
2022-04-11,Humboldt,023,135768,16934,16913,2963,19876,141
2022-04-11,Imperial,025,180216,55416,55267,10557,65824,910
2022-04-11,Inyo,027,18085,4080,4071,487,4558,56
2022-04-11,Kern,029,883053,191986,191542,45747,237289,2244
2022-04-11,Kings,031,150075,51525,51519,3505,55024,443
2022-04-11,Lake,033,64148,10723,10690,886,11576,134
2022-04-11,Lassen,035,31185,8964,8948,874,9822,65
2022-04-11,Los Angeles,037,10098052,2720902,2709735,124114,2833849,31509
2022-04-11,Madera,039,155013,37305,37356,6027,43383,354
2022-04-11,Marin,041,260295,33870,33648,2429,36077,288
2022-04-11,Mariposa,043,17540,2409,2394,201,2595,29
2022-04-11,Mendocino,045,87422,13115,13087,3023,16110,120
2022-04-11,Merced,047,269075,62248,62231,8618,70849,811
2022-04-11,Modoc,049,8938,739,743,252,995,8
2022-04-11,Mono,051,14174,2977,2967,123,3090,6
2022-04-11,Monterey,053,433212,79552,79103,13726,92829,727
2022-04-11,Napa,055,140530,25976,25824,976,26800,144
2022-04-11,Nevada,057,99092,16015,15976,1198,17174,123
2022-04-11,Orange,059,3164182,548380,546983,41410,588393,6912
2022-04-11,Placer,061,380077,62964,62831,7350,70181,616
2022-04-11,Plumas,063,18699,2977,2887,366,3253,13
2022-04-11,Riverside,065,2383286,592294,591268,27832,619100,6429
2022-04-11,Sacramento,067,1510023,281400,277125,26488,303613,2972
2022-04-11,San Benito,069,59416,12905,12917,513,13430,98
2022-04-11,San Bernardino,071,2135413,569977,562571,24696,587267,6892
2022-04-11,San Diego,073,3302833,753893,754281,52912,807193,5210
2022-04-11,San Francisco,075,870044,126746,125963,8348,134311,844
2022-04-11,San Joaquin,077,732212,166697,166547,9900,176447,2212
2022-04-11,San Luis Obispo,079,281455,52599,52609,3769,56378,476
2022-04-11,San Mateo,081,765935,123193,121514,7038,128552,698
2022-04-11,Santa Barbara,083,443738,86175,85754,4714,90468,680
2022-04-11,Santa Clara,085,1922200,314018,313965,12462,326427,2266
2022-04-11,Santa Cruz,087,273765,48260,47624,2108,49732,259
2022-04-11,Shasta,089,179085,30586,30586,6093,36679,549
2022-04-11,Sierra,091,2930,274,272,48,320,4
2022-04-11,Siskiyou,093,43540,4451,4444,2723,7167,80
2022-04-11,Solano,095,438530,81778,81886,5579,87465,448
2022-04-11,Sonoma,097,501317,84182,83600,2642,86242,485
2022-04-11,Stanislaus,099,539301,117617,117528,17579,135107,1578
2022-04-11,Sutter,101,95872,20506,20591,2081,22672,223
2022-04-11,Tehama,103,63373,12043,12059,2575,14634,201
2022-04-11,Trinity,105,12862,1183,1177,287,1464,20
2022-04-11,Tulare,107,460477,106433,105278,27589,132867,1415
2022-04-11,Tuolumne,109,53932,12662,12632,556,13188,180
2022-04-11,Ventura,111,848112,173774,173343,9420,182763,1467
2022-04-11,Yolo,113,214977,37233,36587,3057,39644,312
2022-04-11,Yuba,115,75493,15857,15848,1201,17049,121
2022-04-10,Alameda,001,1643700,258190,256649,13972,270621,1826
2022-04-10,Alpine,003,1148,124,124,1,125,0
2022-04-10,Amador,005,37829,8531,8489,646,9135,86
2022-04-10,Butte,007,227075,33138,33031,6766,39797,399
2022-04-10,Calaveras,009,45235,7277,7260,348,7608,119
2022-04-10,Colusa,011,21464,3446,3449,1050,4499,21
2022-04-10,Contra Costa,013,1133247,190074,189154,13210,202364,1296
2022-04-10,Del Norte,015,27424,5820,5811,184,5995,50
2022-04-10,El Dorado,017,186661,26814,26757,3207,29964,207
2022-04-10,Fresno,019,978130,231529,231090,23607,254697,2731
2022-04-10,Glenn,021,27897,4983,4988,1596,6584,47
2022-04-10,Humboldt,023,135768,16924,16913,2961,19874,141
2022-04-10,Imperial,025,180216,55412,55267,10555,65822,910
2022-04-10,Inyo,027,18085,4080,4071,485,4556,56
2022-04-10,Kern,029,883053,191967,191542,45742,237284,2244
2022-04-10,Kings,031,150075,51523,51519,3505,55024,443
2022-04-10,Lake,033,64148,10719,10690,884,11574,134
2022-04-10,Lassen,035,31185,8963,8948,874,9822,65
2022-04-10,Los Angeles,037,10098052,2719571,2709735,124023,2833758,31509
2022-04-10,Madera,039,155013,37300,37356,6026,43382,354
2022-04-10,Marin,041,260295,33830,33648,2400,36048,288
2022-04-10,Mariposa,043,17540,2407,2394,201,2595,29
2022-04-10,Mendocino,045,87422,13107,13087,3022,16109,120
2022-04-10,Merced,047,269075,62236,62231,8616,70847,811
2022-04-10,Modoc,049,8938,739,743,252,995,8
2022-04-10,Mono,051,14174,2974,2967,123,3090,6
2022-04-10,Monterey,053,433212,79536,79103,13716,92819,727
2022-04-10,Napa,055,140530,25954,25824,974,26798,144
2022-04-10,Nevada,057,99092,15998,15976,1198,17174,123
2022-04-10,Orange,059,3164182,548129,546983,41372,588355,6912
2022-04-10,Placer,061,380077,62930,62831,7349,70180,616
2022-04-10,Plumas,063,18699,2974,2887,366,3253,13
2022-04-10,Riverside,065,2383286,592142,591268,27819,619087,6429
2022-04-10,Sacramento,067,1510023,281302,277125,26478,303603,2972
2022-04-10,San Benito,069,59416,12902,12917,513,13430,98
2022-04-10,San Bernardino,071,2135413,569744,562571,24687,587258,6892
2022-04-10,San Diego,073,3302833,753567,754281,52867,807148,5210
2022-04-10,San Francisco,075,870044,126507,125963,8332,134295,844
2022-04-10,San Joaquin,077,732212,166650,166547,9893,176440,2212
2022-04-10,San Luis Obispo,079,281455,52565,52609,3766,56375,476
2022-04-10,San Mateo,081,765935,123026,121514,7022,128536,698
2022-04-10,Santa Barbara,083,443738,86091,85754,4704,90458,680
2022-04-10,Santa Clara,085,1922200,313689,313965,12448,326413,2266
2022-04-10,Santa Cruz,087,273765,48171,47624,2107,49731,259
2022-04-10,Shasta,089,179085,30579,30586,6093,36679,549
2022-04-10,Sierra,091,2930,274,272,48,320,4
2022-04-10,Siskiyou,093,43540,4451,4444,2722,7166,80
2022-04-10,Solano,095,438530,81731,81886,5574,87460,448
2022-04-10,Sonoma,097,501317,84081,83600,2637,86237,485
2022-04-10,Stanislaus,099,539301,117594,117528,17572,135100,1578
2022-04-10,Sutter,101,95872,20502,20591,2077,22668,223
2022-04-10,Tehama,103,63373,12041,12059,2575,14634,201
2022-04-10,Trinity,105,12862,1183,1177,287,1464,20
2022-04-10,Tulare,107,460477,106418,105278,27582,132860,1415
2022-04-10,Tuolumne,109,53932,12655,12632,556,13188,180
2022-04-10,Ventura,111,848112,173695,173343,9415,182758,1467
2022-04-10,Yolo,113,214977,37202,36587,3052,39639,312
2022-04-10,Yuba,115,75493,15856,15848,1201,17049,121
2022-04-09,Alameda,001,1643700,258016,256649,13967,270616,1826
2022-04-09,Alpine,003,1148,124,124,1,125,0
2022-04-09,Amador,005,37829,8531,8489,645,9134,86
2022-04-09,Butte,007,227075,33135,33031,6766,39797,399
2022-04-09,Calaveras,009,45235,7276,7260,348,7608,119
2022-04-09,Colusa,011,21464,3445,3449,1050,4499,21
2022-04-09,Contra Costa,013,1133247,189977,189154,13203,202357,1296
2022-04-09,Del Norte,015,27424,5819,5811,184,5995,50
2022-04-09,El Dorado,017,186661,26807,26757,3207,29964,207
2022-04-09,Fresno,019,978130,231508,231090,23607,254697,2731
2022-04-09,Glenn,021,27897,4983,4988,1596,6584,47
2022-04-09,Humboldt,023,135768,16917,16913,2961,19874,141
2022-04-09,Imperial,025,180216,55407,55267,10555,65822,910
2022-04-09,Inyo,027,18085,4080,4071,485,4556,56
2022-04-09,Kern,029,883053,191958,191542,45737,237279,2244
2022-04-09,Kings,031,150075,51517,51519,3505,55024,443
2022-04-09,Lake,033,64148,10717,10690,884,11574,134
2022-04-09,Lassen,035,31185,8963,8948,874,9822,65
2022-04-09,Los Angeles,037,10098052,2718896,2709735,123950,2833685,31509
2022-04-09,Madera,039,155013,37297,37356,6026,43382,354
2022-04-09,Marin,041,260295,33797,33648,2357,36005,288
2022-04-09,Mariposa,043,17540,2407,2394,201,2595,29
2022-04-09,Mendocino,045,87422,13105,13087,3022,16109,120
2022-04-09,Merced,047,269075,62221,62231,8614,70845,811
2022-04-09,Modoc,049,8938,739,743,252,995,8
2022-04-09,Mono,051,14174,2973,2967,122,3089,6
2022-04-09,Monterey,053,433212,79527,79103,13712,92815,727
2022-04-09,Napa,055,140530,25930,25824,974,26798,144
2022-04-09,Nevada,057,99092,15995,15976,1198,17174,123
2022-04-09,Orange,059,3164182,548005,546983,41351,588334,6912
2022-04-09,Placer,061,380077,62914,62831,7347,70178,616
2022-04-09,Plumas,063,18699,2974,2887,366,3253,13
2022-04-09,Riverside,065,2383286,592051,591268,27809,619077,6429
2022-04-09,Sacramento,067,1510023,281255,277125,26476,303601,2972
2022-04-09,San Benito,069,59416,12901,12917,512,13429,98
2022-04-09,San Bernardino,071,2135413,569678,562571,24684,587255,6892
2022-04-09,San Diego,073,3302833,753419,754281,52853,807134,5210
2022-04-09,San Francisco,075,870044,126383,125963,8325,134288,844
2022-04-09,San Joaquin,077,732212,166634,166547,9890,176437,2212
2022-04-09,San Luis Obispo,079,281455,52565,52609,3763,56372,476
2022-04-09,San Mateo,081,765935,122936,121514,7015,128529,698
2022-04-09,Santa Barbara,083,443738,86058,85754,4704,90458,680
2022-04-09,Santa Clara,085,1922200,313493,313965,12445,326410,2266
2022-04-09,Santa Cruz,087,273765,48138,47624,2105,49729,259
2022-04-09,Shasta,089,179085,30577,30586,6093,36679,549
2022-04-09,Sierra,091,2930,274,272,48,320,4
2022-04-09,Siskiyou,093,43540,4450,4444,2721,7165,80
2022-04-09,Solano,095,438530,81713,81886,5572,87458,448
2022-04-09,Sonoma,097,501317,84042,83600,2633,86233,485
2022-04-09,Stanislaus,099,539301,117581,117528,17570,135098,1578
2022-04-09,Sutter,101,95872,20502,20591,2077,22668,223
2022-04-09,Tehama,103,63373,12041,12059,2575,14634,201
2022-04-09,Trinity,105,12862,1183,1177,287,1464,20
2022-04-09,Tulare,107,460477,106415,105278,27580,132858,1415
2022-04-09,Tuolumne,109,53932,12653,12632,556,13188,180
2022-04-09,Ventura,111,848112,173658,173343,9412,182755,1467
2022-04-09,Yolo,113,214977,37184,36587,3052,39639,312
2022-04-09,Yuba,115,75493,15855,15848,1201,17049,121
2022-04-08,Alameda,001,1643700,257860,256649,13961,270610,1826
2022-04-08,Alpine,003,1148,124,124,1,125,0
2022-04-08,Amador,005,37829,8529,8489,644,9133,86
2022-04-08,Butte,007,227075,33129,33031,6763,39794,399
2022-04-08,Calaveras,009,45235,7274,7260,348,7608,119
2022-04-08,Colusa,011,21464,3445,3449,1050,4499,21
2022-04-08,Contra Costa,013,1133247,189899,189154,13190,202344,1296
2022-04-08,Del Norte,015,27424,5817,5811,184,5995,50
2022-04-08,El Dorado,017,186661,26805,26757,3207,29964,207
2022-04-08,Fresno,019,978130,231488,231090,23605,254695,2731
2022-04-08,Glenn,021,27897,4983,4988,1596,6584,47
2022-04-08,Humboldt,023,135768,16913,16913,2959,19872,141
2022-04-08,Imperial,025,180216,55403,55267,10555,65822,910
2022-04-08,Inyo,027,18085,4078,4071,484,4555,56
2022-04-08,Kern,029,883053,191939,191542,45736,237278,2244
2022-04-08,Kings,031,150075,51512,51519,3505,55024,443
2022-04-08,Lake,033,64148,10717,10690,884,11574,134
2022-04-08,Lassen,035,31185,8963,8948,874,9822,65
2022-04-08,Los Angeles,037,10098052,2718266,2709735,123895,2833630,31509
2022-04-08,Madera,039,155013,37295,37356,6025,43381,354
2022-04-08,Marin,041,260295,33777,33648,2341,35989,288
2022-04-08,Mariposa,043,17540,2407,2394,200,2594,29
2022-04-08,Mendocino,045,87422,13103,13087,3022,16109,120
2022-04-08,Merced,047,269075,62214,62231,8612,70843,811
2022-04-08,Modoc,049,8938,739,743,252,995,8
2022-04-08,Mono,051,14174,2971,2967,122,3089,6
2022-04-08,Monterey,053,433212,79517,79103,13711,92814,727
2022-04-08,Napa,055,140530,25918,25824,966,26790,144
2022-04-08,Nevada,057,99092,15992,15976,1198,17174,123
2022-04-08,Orange,059,3164182,547886,546983,41337,588320,6912
2022-04-08,Placer,061,380077,62896,62831,7345,70176,616
2022-04-08,Plumas,063,18699,2971,2887,366,3253,13
2022-04-08,Riverside,065,2383286,591975,591268,27806,619074,6429
2022-04-08,Sacramento,067,1510023,281209,277125,26475,303600,2972
2022-04-08,San Benito,069,59416,12901,12917,512,13429,98
2022-04-08,San Bernardino,071,2135413,569625,562571,24681,587252,6892
2022-04-08,San Diego,073,3302833,753249,754281,52843,807124,5210
2022-04-08,San Francisco,075,870044,126287,125963,8321,134284,844
2022-04-08,San Joaquin,077,732212,166616,166547,9888,176435,2212
2022-04-08,San Luis Obispo,079,281455,52560,52609,3763,56372,476
2022-04-08,San Mateo,081,765935,122830,121514,7010,128524,698
2022-04-08,Santa Barbara,083,443738,86037,85754,4704,90458,680
2022-04-08,Santa Clara,085,1922200,313307,313965,12438,326403,2266
2022-04-08,Santa Cruz,087,273765,48121,47624,2102,49726,259
2022-04-08,Shasta,089,179085,30574,30586,6093,36679,549
2022-04-08,Sierra,091,2930,274,272,48,320,4
2022-04-08,Siskiyou,093,43540,4450,4444,2721,7165,80
2022-04-08,Solano,095,438530,81693,81886,5571,87457,448
2022-04-08,Sonoma,097,501317,83991,83600,2629,86229,485
2022-04-08,Stanislaus,099,539301,117566,117528,17569,135097,1578
2022-04-08,Sutter,101,95872,20502,20591,2077,22668,223
2022-04-08,Tehama,103,63373,12041,12059,2575,14634,201
2022-04-08,Trinity,105,12862,1183,1177,287,1464,20
2022-04-08,Tulare,107,460477,106410,105278,27576,132854,1415
2022-04-08,Tuolumne,109,53932,12652,12632,555,13187,180
2022-04-08,Ventura,111,848112,173629,173343,9410,182753,1467
2022-04-08,Yolo,113,214977,37175,36587,3051,39638,312
2022-04-08,Yuba,115,75493,15854,15848,1201,17049,121
2022-04-07,Alameda,001,1643700,257668,256649,13954,270603,1826
2022-04-07,Alpine,003,1148,124,124,1,125,0
2022-04-07,Amador,005,37829,8528,8489,641,9130,86
2022-04-07,Butte,007,227075,33125,33031,6762,39793,399
2022-04-07,Calaveras,009,45235,7272,7260,348,7608,119
2022-04-07,Colusa,011,21464,3444,3449,1050,4499,21
2022-04-07,Contra Costa,013,1133247,189779,189154,13178,202332,1296
2022-04-07,Del Norte,015,27424,5816,5811,184,5995,50
2022-04-07,El Dorado,017,186661,26793,26757,3205,29962,207
2022-04-07,Fresno,019,978130,231462,231090,23604,254694,2731
2022-04-07,Glenn,021,27897,4981,4988,1595,6583,47
2022-04-07,Humboldt,023,135768,16906,16913,2957,19870,141
2022-04-07,Imperial,025,180216,55401,55267,10553,65820,910
2022-04-07,Inyo,027,18085,4078,4071,484,4555,56
2022-04-07,Kern,029,883053,191915,191542,45733,237275,2244
2022-04-07,Kings,031,150075,51504,51519,3505,55024,443
2022-04-07,Lake,033,64148,10713,10690,884,11574,134
2022-04-07,Lassen,035,31185,8963,8948,874,9822,65
2022-04-07,Los Angeles,037,10098052,2717351,2709735,123819,2833554,31509
2022-04-07,Madera,039,155013,37290,37356,6025,43381,354
2022-04-07,Marin,041,260295,33758,33648,2322,35970,288
2022-04-07,Mariposa,043,17540,2404,2394,199,2593,29
2022-04-07,Mendocino,045,87422,13099,13087,3021,16108,120
2022-04-07,Merced,047,269075,62205,62231,8608,70839,811
2022-04-07,Modoc,049,8938,739,743,252,995,8
2022-04-07,Mono,051,14174,2970,2967,122,3089,6
2022-04-07,Monterey,053,433212,79496,79103,13707,92810,727
2022-04-07,Napa,055,140530,25902,25824,962,26786,144
2022-04-07,Nevada,057,99092,15984,15976,1197,17173,123
2022-04-07,Orange,059,3164182,547727,546983,41308,588291,6912
2022-04-07,Placer,061,380077,62879,62831,7342,70173,616
2022-04-07,Plumas,063,18699,2971,2887,366,3253,13
2022-04-07,Riverside,065,2383286,591873,591268,27792,619060,6429
2022-04-07,Sacramento,067,1510023,281143,277125,26468,303593,2972
2022-04-07,San Benito,069,59416,12900,12917,512,13429,98
2022-04-07,San Bernardino,071,2135413,569463,562571,24668,587239,6892
2022-04-07,San Diego,073,3302833,752982,754281,52811,807092,5210
2022-04-07,San Francisco,075,870044,126130,125963,8307,134270,844
2022-04-07,San Joaquin,077,732212,166576,166547,9885,176432,2212
2022-04-07,San Luis Obispo,079,281455,52542,52609,3761,56370,476
2022-04-07,San Mateo,081,765935,122708,121514,6993,128507,698
2022-04-07,Santa Barbara,083,443738,85993,85754,4702,90456,680
2022-04-07,Santa Clara,085,1922200,313084,313965,12426,326391,2266
2022-04-07,Santa Cruz,087,273765,48102,47624,2098,49722,259
2022-04-07,Shasta,089,179085,30572,30586,6093,36679,549
2022-04-07,Sierra,091,2930,274,272,48,320,4
2022-04-07,Siskiyou,093,43540,4450,4444,2720,7164,80
2022-04-07,Solano,095,438530,81663,81886,5571,87457,448
2022-04-07,Sonoma,097,501317,83948,83600,2623,86223,485
2022-04-07,Stanislaus,099,539301,117544,117528,17566,135094,1578
2022-04-07,Sutter,101,95872,20498,20591,2076,22667,223
2022-04-07,Tehama,103,63373,12039,12059,2575,14634,201
2022-04-07,Trinity,105,12862,1183,1177,287,1464,20
2022-04-07,Tulare,107,460477,106404,105278,27575,132853,1415
2022-04-07,Tuolumne,109,53932,12650,12632,554,13186,180
2022-04-07,Ventura,111,848112,173600,173343,9408,182751,1467
2022-04-07,Yolo,113,214977,37156,36587,3051,39638,312
2022-04-07,Yuba,115,75493,15852,15848,1201,17049,121
2022-04-06,Alameda,001,1643700,257482,256143,13947,270090,1814
2022-04-06,Alpine,003,1148,124,124,1,125,0
2022-04-06,Amador,005,37829,8527,8488,641,9129,86
2022-04-06,Butte,007,227075,33120,32997,6760,39757,396
2022-04-06,Calaveras,009,45235,7270,7258,348,7606,120
2022-04-06,Colusa,011,21464,3444,3447,1050,4497,21
2022-04-06,Contra Costa,013,1133247,189712,188850,13163,202013,1296
2022-04-06,Del Norte,015,27424,5816,5809,184,5993,50
2022-04-06,El Dorado,017,186661,26790,26744,3205,29949,205
2022-04-06,Fresno,019,978130,231427,230942,23600,254542,2725
2022-04-06,Glenn,021,27897,4981,4986,1594,6580,47
2022-04-06,Humboldt,023,135768,16902,16904,2956,19860,140
2022-04-06,Imperial,025,180216,55395,55294,10553,65847,908
2022-04-06,Inyo,027,18085,4077,4068,482,4550,56
2022-04-06,Kern,029,883053,191893,191449,45730,237179,2234
2022-04-06,Kings,031,150075,51503,51491,3504,54995,443
2022-04-06,Lake,033,64148,10709,10679,884,11563,136
2022-04-06,Lassen,035,31185,8963,8945,874,9819,65
2022-04-06,Los Angeles,037,10098052,2716303,2707306,123755,2831061,31465
2022-04-06,Madera,039,155013,37285,37349,6025,43374,354
2022-04-06,Marin,041,260295,33738,33566,2314,35880,288
2022-04-06,Mariposa,043,17540,2403,2392,199,2591,29
2022-04-06,Mendocino,045,87422,13095,13074,3020,16094,119
2022-04-06,Merced,047,269075,62196,62195,8605,70800,810
2022-04-06,Modoc,049,8938,739,741,252,993,8
2022-04-06,Mono,051,14174,2969,2967,122,3089,6
2022-04-06,Monterey,053,433212,79483,79019,13699,92718,727
2022-04-06,Napa,055,140530,25883,25790,958,26748,143
2022-04-06,Nevada,057,99092,15982,15974,1197,17171,123
2022-04-06,Orange,059,3164182,547558,546491,41285,587776,6887
2022-04-06,Placer,061,380077,62873,62787,7341,70128,615
2022-04-06,Plumas,063,18699,2971,2850,366,3216,13
2022-04-06,Riverside,065,2383286,591776,590826,27787,618613,6424
2022-04-06,Sacramento,067,1510023,281065,276567,26464,303031,2953
2022-04-06,San Benito,069,59416,12899,12908,512,13420,98
2022-04-06,San Bernardino,071,2135413,569332,561648,24666,586314,6883
2022-04-06,San Diego,073,3302833,752687,753402,52773,806175,5192
2022-04-06,San Francisco,075,870044,125970,125536,8301,133837,843
2022-04-06,San Joaquin,077,732212,166545,166415,9882,176297,2207
2022-04-06,San Luis Obispo,079,281455,52520,52557,3759,56316,475
2022-04-06,San Mateo,081,765935,122600,121041,6981,128022,693
2022-04-06,Santa Barbara,083,443738,85953,85630,4698,90328,679
2022-04-06,Santa Clara,085,1922200,312885,313278,12406,325684,2265
2022-04-06,Santa Cruz,087,273765,48047,47446,2093,49539,259
2022-04-06,Shasta,089,179085,30571,30565,6093,36658,529
2022-04-06,Sierra,091,2930,274,272,48,320,4
2022-04-06,Siskiyou,093,43540,4450,4442,2720,7162,80
2022-04-06,Solano,095,438530,81629,81789,5566,87355,447
2022-04-06,Sonoma,097,501317,83884,83361,2618,85979,485
2022-04-06,Stanislaus,099,539301,117528,117534,17560,135094,1578
2022-04-06,Sutter,101,95872,20493,20581,2076,22657,222
2022-04-06,Tehama,103,63373,12038,12049,2575,14624,198
2022-04-06,Trinity,105,12862,1183,1173,287,1460,20
2022-04-06,Tulare,107,460477,106398,104826,27570,132396,1414
2022-04-06,Tuolumne,109,53932,12648,12621,554,13175,180
2022-04-06,Ventura,111,848112,173546,173179,9403,182582,1460
2022-04-06,Yolo,113,214977,37131,36393,3050,39443,314
2022-04-06,Yuba,115,75493,15847,15839,1201,17040,121
2022-04-05,Alameda,001,1643700,257268,256143,13938,270081,1814
2022-04-05,Alpine,003,1148,124,124,1,125,0
2022-04-05,Amador,005,37829,8525,8488,641,9129,86
2022-04-05,Butte,007,227075,33114,32997,6757,39754,396
2022-04-05,Calaveras,009,45235,7266,7258,348,7606,120
2022-04-05,Colusa,011,21464,3442,3447,1049,4496,21
2022-04-05,Contra Costa,013,1133247,189616,188850,13156,202006,1296
2022-04-05,Del Norte,015,27424,5814,5809,184,5993,50
2022-04-05,El Dorado,017,186661,26778,26744,3205,29949,205
2022-04-05,Fresno,019,978130,231391,230942,23592,254534,2725
2022-04-05,Glenn,021,27897,4981,4986,1593,6579,47
2022-04-05,Humboldt,023,135768,16896,16904,2956,19860,140
2022-04-05,Imperial,025,180216,55393,55294,10553,65847,908
2022-04-05,Inyo,027,18085,4076,4068,481,4549,56
2022-04-05,Kern,029,883053,191873,191449,45727,237176,2234
2022-04-05,Kings,031,150075,51500,51491,3504,54995,443
2022-04-05,Lake,033,64148,10706,10679,884,11563,136
2022-04-05,Lassen,035,31185,8963,8945,874,9819,65
2022-04-05,Los Angeles,037,10098052,2715242,2707306,123680,2830986,31465
2022-04-05,Madera,039,155013,37278,37349,6023,43372,354
2022-04-05,Marin,041,260295,33683,33566,2299,35865,288
2022-04-05,Mariposa,043,17540,2403,2392,199,2591,29
2022-04-05,Mendocino,045,87422,13089,13074,3019,16093,119
2022-04-05,Merced,047,269075,62185,62195,8600,70795,810
2022-04-05,Modoc,049,8938,739,741,252,993,8
2022-04-05,Mono,051,14174,2968,2967,122,3089,6
2022-04-05,Monterey,053,433212,79460,79019,13688,92707,727
2022-04-05,Napa,055,140530,25874,25790,953,26743,143
2022-04-05,Nevada,057,99092,15974,15974,1197,17171,123
2022-04-05,Orange,059,3164182,547373,546491,41256,587747,6887
2022-04-05,Placer,061,380077,62847,62787,7341,70128,615
2022-04-05,Plumas,063,18699,2971,2850,366,3216,13
2022-04-05,Riverside,065,2383286,591655,590826,27775,618601,6424
2022-04-05,Sacramento,067,1510023,280986,276567,26459,303026,2953
2022-04-05,San Benito,069,59416,12891,12908,512,13420,98
2022-04-05,San Bernardino,071,2135413,569205,561648,24656,586304,6883
2022-04-05,San Diego,073,3302833,752379,753402,52729,806131,5192
2022-04-05,San Francisco,075,870044,125766,125536,8293,133829,843
2022-04-05,San Joaquin,077,732212,166503,166415,9879,176294,2207
2022-04-05,San Luis Obispo,079,281455,52503,52557,3754,56311,475
2022-04-05,San Mateo,081,765935,122483,121041,6970,128011,693
2022-04-05,Santa Barbara,083,443738,85917,85630,4697,90327,679
2022-04-05,Santa Clara,085,1922200,312625,313278,12393,325671,2265
2022-04-05,Santa Cruz,087,273765,47980,47446,2090,49536,259
2022-04-05,Shasta,089,179085,30571,30565,6091,36656,529
2022-04-05,Sierra,091,2930,274,272,48,320,4
2022-04-05,Siskiyou,093,43540,4450,4442,2720,7162,80
2022-04-05,Solano,095,438530,81579,81789,5563,87352,447
2022-04-05,Sonoma,097,501317,83820,83361,2609,85970,485
2022-04-05,Stanislaus,099,539301,117514,117534,17551,135085,1578
2022-04-05,Sutter,101,95872,20489,20581,2075,22656,222
2022-04-05,Tehama,103,63373,12036,12049,2574,14623,198
2022-04-05,Trinity,105,12862,1183,1173,287,1460,20
2022-04-05,Tulare,107,460477,106387,104826,27567,132393,1414
2022-04-05,Tuolumne,109,53932,12647,12621,554,13175,180
2022-04-05,Ventura,111,848112,173489,173179,9396,182575,1460
2022-04-05,Yolo,113,214977,37116,36393,3047,39440,314
2022-04-05,Yuba,115,75493,15845,15839,1201,17040,121
2022-04-04,Alameda,001,1643700,257037,256143,13924,270067,1814
2022-04-04,Alpine,003,1148,124,124,1,125,0
2022-04-04,Amador,005,37829,8524,8488,640,9128,86
2022-04-04,Butte,007,227075,33109,32997,6754,39751,396
2022-04-04,Calaveras,009,45235,7266,7258,348,7606,120
2022-04-04,Colusa,011,21464,3441,3447,1049,4496,21
2022-04-04,Contra Costa,013,1133247,189516,188850,13148,201998,1296
2022-04-04,Del Norte,015,27424,5814,5809,184,5993,50
2022-04-04,El Dorado,017,186661,26773,26744,3205,29949,205
2022-04-04,Fresno,019,978130,231373,230942,23587,254529,2725
2022-04-04,Glenn,021,27897,4980,4986,1593,6579,47
2022-04-04,Humboldt,023,135768,16888,16904,2951,19855,140
2022-04-04,Imperial,025,180216,55388,55294,10553,65847,908
2022-04-04,Inyo,027,18085,4076,4068,479,4547,56
2022-04-04,Kern,029,883053,191851,191449,45722,237171,2234
2022-04-04,Kings,031,150075,51493,51491,3504,54995,443
2022-04-04,Lake,033,64148,10701,10679,884,11563,136
2022-04-04,Lassen,035,31185,8963,8945,874,9819,65
2022-04-04,Los Angeles,037,10098052,2714141,2707306,123633,2830939,31465
2022-04-04,Madera,039,155013,37274,37349,6023,43372,354
2022-04-04,Marin,041,260295,33666,33566,2290,35856,288
2022-04-04,Mariposa,043,17540,2402,2392,199,2591,29
2022-04-04,Mendocino,045,87422,13083,13074,3017,16091,119
2022-04-04,Merced,047,269075,62175,62195,8595,70790,810
2022-04-04,Modoc,049,8938,739,741,252,993,8
2022-04-04,Mono,051,14174,2968,2967,122,3089,6
2022-04-04,Monterey,053,433212,79444,79019,13682,92701,727
2022-04-04,Napa,055,140530,25857,25790,952,26742,143
2022-04-04,Nevada,057,99092,15970,15974,1196,17170,123
2022-04-04,Orange,059,3164182,547206,546491,41230,587721,6887
2022-04-04,Placer,061,380077,62837,62787,7340,70127,615
2022-04-04,Plumas,063,18699,2970,2850,366,3216,13
2022-04-04,Riverside,065,2383286,591563,590826,27763,618589,6424
2022-04-04,Sacramento,067,1510023,280895,276567,26451,303018,2953
2022-04-04,San Benito,069,59416,12888,12908,512,13420,98
2022-04-04,San Bernardino,071,2135413,569069,561648,24649,586297,6883
2022-04-04,San Diego,073,3302833,752060,753402,52692,806094,5192
2022-04-04,San Francisco,075,870044,125568,125536,8284,133820,843
2022-04-04,San Joaquin,077,732212,166477,166415,9876,176291,2207
2022-04-04,San Luis Obispo,079,281455,52480,52557,3752,56309,475
2022-04-04,San Mateo,081,765935,122347,121041,6956,127997,693
2022-04-04,Santa Barbara,083,443738,85872,85630,4696,90326,679
2022-04-04,Santa Clara,085,1922200,312356,313278,12381,325659,2265
2022-04-04,Santa Cruz,087,273765,47933,47446,2090,49536,259
2022-04-04,Shasta,089,179085,30568,30565,6090,36655,529
2022-04-04,Sierra,091,2930,274,272,48,320,4
2022-04-04,Siskiyou,093,43540,4450,4442,2720,7162,80
2022-04-04,Solano,095,438530,81534,81789,5560,87349,447
2022-04-04,Sonoma,097,501317,83765,83361,2602,85963,485
2022-04-04,Stanislaus,099,539301,117493,117534,17544,135078,1578
2022-04-04,Sutter,101,95872,20486,20581,2075,22656,222
2022-04-04,Tehama,103,63373,12034,12049,2574,14623,198
2022-04-04,Trinity,105,12862,1183,1173,287,1460,20
2022-04-04,Tulare,107,460477,106378,104826,27564,132390,1414
2022-04-04,Tuolumne,109,53932,12640,12621,554,13175,180
2022-04-04,Ventura,111,848112,173449,173179,9394,182573,1460
2022-04-04,Yolo,113,214977,37102,36393,3045,39438,314
2022-04-04,Yuba,115,75493,15843,15839,1201,17040,121
2022-04-03,Alameda,001,1643700,256782,255650,13922,269572,1813
2022-04-03,Alpine,003,1148,124,124,1,125,0
2022-04-03,Amador,005,37829,8523,8485,640,9125,86
2022-04-03,Butte,007,227075,33102,32981,6752,39733,396
2022-04-03,Calaveras,009,45235,7266,7254,348,7602,119
2022-04-03,Colusa,011,21464,3441,3445,1049,4494,21
2022-04-03,Contra Costa,013,1133247,189410,188658,13138,201796,1291
2022-04-03,Del Norte,015,27424,5814,5812,184,5996,50
2022-04-03,El Dorado,017,186661,26759,26732,3203,29935,200
2022-04-03,Fresno,019,978130,231340,230559,23584,254143,2722
2022-04-03,Glenn,021,27897,4980,4982,1593,6575,47
2022-04-03,Humboldt,023,135768,16883,16898,2951,19849,140
2022-04-03,Imperial,025,180216,55386,55266,10550,65816,908
2022-04-03,Inyo,027,18085,4074,4063,479,4542,56
2022-04-03,Kern,029,883053,191826,191384,45717,237101,2224
2022-04-03,Kings,031,150075,51487,51470,3502,54972,443
2022-04-03,Lake,033,64148,10699,10674,884,11558,136
2022-04-03,Lassen,035,31185,8962,8943,874,9817,65
2022-04-03,Los Angeles,037,10098052,2712947,2703576,123548,2827124,31410
2022-04-03,Madera,039,155013,37272,37333,6022,43355,354
2022-04-03,Marin,041,260295,33631,33493,2282,35775,287
2022-04-03,Mariposa,043,17540,2401,2391,199,2590,29
2022-04-03,Mendocino,045,87422,13077,13058,3016,16074,119
2022-04-03,Merced,047,269075,62160,62149,8591,70740,808
2022-04-03,Modoc,049,8938,738,741,252,993,8
2022-04-03,Mono,051,14174,2968,2967,122,3089,6
2022-04-03,Monterey,053,433212,79426,78964,13657,92621,726
2022-04-03,Napa,055,140530,25837,25757,951,26708,143
2022-04-03,Nevada,057,99092,15964,15962,1195,17157,123
2022-04-03,Orange,059,3164182,547004,546047,41205,587252,6880
2022-04-03,Placer,061,380077,62811,62740,7335,70075,614
2022-04-03,Plumas,063,18699,2969,2803,366,3169,14
2022-04-03,Riverside,065,2383286,591406,590563,27748,618311,6418
2022-04-03,Sacramento,067,1510023,280819,276218,26438,302656,2950
2022-04-03,San Benito,069,59416,12884,12901,512,13413,98
2022-04-03,San Bernardino,071,2135413,568923,561362,24646,586008,6865
2022-04-03,San Diego,073,3302833,751730,752281,52655,804936,5178
2022-04-03,San Francisco,075,870044,125337,125075,8278,133353,843
2022-04-03,San Joaquin,077,732212,166420,166336,9871,176207,2202
2022-04-03,San Luis Obispo,079,281455,52461,52512,3752,56264,475
2022-04-03,San Mateo,081,765935,122207,120717,6949,127666,693
2022-04-03,Santa Barbara,083,443738,85827,85611,4694,90305,678
2022-04-03,Santa Clara,085,1922200,312057,312517,12372,324889,2258
2022-04-03,Santa Cruz,087,273765,47879,47371,2088,49459,259
2022-04-03,Shasta,089,179085,30558,30556,6089,36645,530
2022-04-03,Sierra,091,2930,274,273,48,321,4
2022-04-03,Siskiyou,093,43540,4450,4439,2720,7159,80
2022-04-03,Solano,095,438530,81493,81848,5555,87403,446
2022-04-03,Sonoma,097,501317,83687,83235,2594,85829,485
2022-04-03,Stanislaus,099,539301,117462,117536,17538,135074,1581
2022-04-03,Sutter,101,95872,20483,20570,2075,22645,222
2022-04-03,Tehama,103,63373,12031,12046,2574,14620,198
2022-04-03,Trinity,105,12862,1183,1173,287,1460,20
2022-04-03,Tulare,107,460477,106371,104736,27555,132291,1410
2022-04-03,Tuolumne,109,53932,12639,12618,554,13172,180
2022-04-03,Ventura,111,848112,173396,173044,9391,182435,1460
2022-04-03,Yolo,113,214977,37081,36347,3043,39390,313
2022-04-03,Yuba,115,75493,15841,15835,1201,17036,120
2022-04-02,Alameda,001,1643700,256679,255650,13921,269571,1813
2022-04-02,Alpine,003,1148,124,124,1,125,0
2022-04-02,Amador,005,37829,8523,8485,640,9125,86
2022-04-02,Butte,007,227075,33098,32981,6752,39733,396
2022-04-02,Calaveras,009,45235,7266,7254,348,7602,119
2022-04-02,Colusa,011,21464,3441,3445,1049,4494,21
2022-04-02,Contra Costa,013,1133247,189351,188658,13135,201793,1291
2022-04-02,Del Norte,015,27424,5813,5812,184,5996,50
2022-04-02,El Dorado,017,186661,26756,26732,3203,29935,200
2022-04-02,Fresno,019,978130,231312,230559,23584,254143,2722
2022-04-02,Glenn,021,27897,4980,4982,1593,6575,47
2022-04-02,Humboldt,023,135768,16879,16898,2951,19849,140
2022-04-02,Imperial,025,180216,55382,55266,10550,65816,908
2022-04-02,Inyo,027,18085,4074,4063,479,4542,56
2022-04-02,Kern,029,883053,191812,191384,45713,237097,2224
2022-04-02,Kings,031,150075,51484,51470,3502,54972,443
2022-04-02,Lake,033,64148,10698,10674,884,11558,136
2022-04-02,Lassen,035,31185,8962,8943,874,9817,65
2022-04-02,Los Angeles,037,10098052,2712438,2703576,123508,2827084,31410
2022-04-02,Madera,039,155013,37269,37333,6022,43355,354
2022-04-02,Marin,041,260295,33608,33493,2274,35767,287
2022-04-02,Mariposa,043,17540,2400,2391,199,2590,29
2022-04-02,Mendocino,045,87422,13075,13058,3016,16074,119
2022-04-02,Merced,047,269075,62157,62149,8591,70740,808
2022-04-02,Modoc,049,8938,738,741,252,993,8
2022-04-02,Mono,051,14174,2968,2967,121,3088,6
2022-04-02,Monterey,053,433212,79413,78964,13651,92615,726
2022-04-02,Napa,055,140530,25823,25757,950,26707,143
2022-04-02,Nevada,057,99092,15960,15962,1194,17156,123
2022-04-02,Orange,059,3164182,546898,546047,41193,587240,6880
2022-04-02,Placer,061,380077,62800,62740,7333,70073,614
2022-04-02,Plumas,063,18699,2969,2803,366,3169,14
2022-04-02,Riverside,065,2383286,591332,590563,27743,618306,6418
2022-04-02,Sacramento,067,1510023,280780,276218,26437,302655,2950
2022-04-02,San Benito,069,59416,12883,12901,512,13413,98
2022-04-02,San Bernardino,071,2135413,568872,561362,24643,586005,6865
2022-04-02,San Diego,073,3302833,751605,752281,52646,804927,5178
2022-04-02,San Francisco,075,870044,125233,125075,8270,133345,843
2022-04-02,San Joaquin,077,732212,166399,166336,9869,176205,2202
2022-04-02,San Luis Obispo,079,281455,52456,52512,3752,56264,475
2022-04-02,San Mateo,081,765935,122112,120717,6940,127657,693
2022-04-02,Santa Barbara,083,443738,85808,85611,4693,90304,678
2022-04-02,Santa Clara,085,1922200,311891,312517,12368,324885,2258
2022-04-02,Santa Cruz,087,273765,47867,47371,2087,49458,259
2022-04-02,Shasta,089,179085,30557,30556,6089,36645,530
2022-04-02,Sierra,091,2930,274,273,48,321,4
2022-04-02,Siskiyou,093,43540,4449,4439,2719,7158,80
2022-04-02,Solano,095,438530,81478,81848,5555,87403,446
2022-04-02,Sonoma,097,501317,83639,83235,2588,85823,485
2022-04-02,Stanislaus,099,539301,117453,117536,17536,135072,1581
2022-04-02,Sutter,101,95872,20478,20570,2075,22645,222
2022-04-02,Tehama,103,63373,12031,12046,2574,14620,198
2022-04-02,Trinity,105,12862,1183,1173,287,1460,20
2022-04-02,Tulare,107,460477,106368,104736,27555,132291,1410
2022-04-02,Tuolumne,109,53932,12637,12618,554,13172,180
2022-04-02,Ventura,111,848112,173356,173044,9391,182435,1460
2022-04-02,Yolo,113,214977,37069,36347,3040,39387,313
2022-04-02,Yuba,115,75493,15840,15835,1201,17036,120
2022-04-01,Alameda,001,1643700,256564,255650,13917,269567,1813
2022-04-01,Alpine,003,1148,124,124,1,125,0
2022-04-01,Amador,005,37829,8523,8485,640,9125,86
2022-04-01,Butte,007,227075,33094,32981,6749,39730,396
2022-04-01,Calaveras,009,45235,7264,7254,348,7602,119
2022-04-01,Colusa,011,21464,3440,3445,1049,4494,21
2022-04-01,Contra Costa,013,1133247,189298,188658,13134,201792,1291
2022-04-01,Del Norte,015,27424,5811,5812,184,5996,50
2022-04-01,El Dorado,017,186661,26753,26732,3202,29934,200
2022-04-01,Fresno,019,978130,231286,230559,23582,254141,2722
2022-04-01,Glenn,021,27897,4980,4982,1593,6575,47
2022-04-01,Humboldt,023,135768,16877,16898,2951,19849,140
2022-04-01,Imperial,025,180216,55380,55266,10550,65816,908
2022-04-01,Inyo,027,18085,4072,4063,478,4541,56
2022-04-01,Kern,029,883053,191801,191384,45710,237094,2224
2022-04-01,Kings,031,150075,51481,51470,3502,54972,443
2022-04-01,Lake,033,64148,10695,10674,884,11558,136
2022-04-01,Lassen,035,31185,8961,8943,874,9817,65
2022-04-01,Los Angeles,037,10098052,2711940,2703576,123465,2827041,31410
2022-04-01,Madera,039,155013,37268,37333,6022,43355,354
2022-04-01,Marin,041,260295,33590,33493,2267,35760,287
2022-04-01,Mariposa,043,17540,2397,2391,199,2590,29
2022-04-01,Mendocino,045,87422,13072,13058,3015,16073,119
2022-04-01,Merced,047,269075,62150,62149,8590,70739,808
2022-04-01,Modoc,049,8938,738,741,252,993,8
2022-04-01,Mono,051,14174,2968,2967,121,3088,6
2022-04-01,Monterey,053,433212,79395,78964,13648,92612,726
2022-04-01,Napa,055,140530,25814,25757,950,26707,143
2022-04-01,Nevada,057,99092,15960,15962,1193,17155,123
2022-04-01,Orange,059,3164182,546790,546047,41185,587232,6880
2022-04-01,Placer,061,380077,62786,62740,7333,70073,614
2022-04-01,Plumas,063,18699,2969,2803,365,3168,14
2022-04-01,Riverside,065,2383286,591266,590563,27730,618293,6418
2022-04-01,Sacramento,067,1510023,280741,276218,26433,302651,2950
2022-04-01,San Benito,069,59416,12882,12901,512,13413,98
2022-04-01,San Bernardino,071,2135413,568816,561362,24639,586001,6865
2022-04-01,San Diego,073,3302833,751458,752281,52631,804912,5178
2022-04-01,San Francisco,075,870044,125122,125075,8264,133339,843
2022-04-01,San Joaquin,077,732212,166379,166336,9867,176203,2202
2022-04-01,San Luis Obispo,079,281455,52450,52512,3751,56263,475
2022-04-01,San Mateo,081,765935,122050,120717,6934,127651,693
2022-04-01,Santa Barbara,083,443738,85788,85611,4693,90304,678
2022-04-01,Santa Clara,085,1922200,311741,312517,12367,324884,2258
2022-04-01,Santa Cruz,087,273765,47852,47371,2085,49456,259
2022-04-01,Shasta,089,179085,30556,30556,6089,36645,530
2022-04-01,Sierra,091,2930,274,273,48,321,4
2022-04-01,Siskiyou,093,43540,4449,4439,2718,7157,80
2022-04-01,Solano,095,438530,81463,81848,5555,87403,446
2022-04-01,Sonoma,097,501317,83595,83235,2587,85822,485
2022-04-01,Stanislaus,099,539301,117441,117536,17533,135069,1581
2022-04-01,Sutter,101,95872,20478,20570,2075,22645,222
2022-04-01,Tehama,103,63373,12031,12046,2574,14620,198
2022-04-01,Trinity,105,12862,1183,1173,287,1460,20
2022-04-01,Tulare,107,460477,106363,104736,27551,132287,1410
2022-04-01,Tuolumne,109,53932,12636,12618,554,13172,180
2022-04-01,Ventura,111,848112,173325,173044,9387,182431,1460
2022-04-01,Yolo,113,214977,37055,36347,3039,39386,313
2022-04-01,Yuba,115,75493,15839,15835,1201,17036,120
2022-03-31,Alameda,001,1643700,256389,255650,13904,269554,1813
2022-03-31,Alpine,003,1148,124,124,1,125,0
2022-03-31,Amador,005,37829,8523,8485,640,9125,86
2022-03-31,Butte,007,227075,33090,32981,6746,39727,396
2022-03-31,Calaveras,009,45235,7261,7254,348,7602,119
2022-03-31,Colusa,011,21464,3439,3445,1049,4494,21
2022-03-31,Contra Costa,013,1133247,189202,188658,13128,201786,1291
2022-03-31,Del Norte,015,27424,5810,5812,184,5996,50
2022-03-31,El Dorado,017,186661,26746,26732,3202,29934,200
2022-03-31,Fresno,019,978130,231251,230559,23561,254120,2722
2022-03-31,Glenn,021,27897,4978,4982,1593,6575,47
2022-03-31,Humboldt,023,135768,16873,16898,2951,19849,140
2022-03-31,Imperial,025,180216,55377,55266,10549,65815,908
2022-03-31,Inyo,027,18085,4071,4063,475,4538,56
2022-03-31,Kern,029,883053,191785,191384,45701,237085,2224
2022-03-31,Kings,031,150075,51472,51470,3502,54972,443
2022-03-31,Lake,033,64148,10694,10674,883,11557,136
2022-03-31,Lassen,035,31185,8959,8943,874,9817,65
2022-03-31,Los Angeles,037,10098052,2711194,2703576,123412,2826988,31410
2022-03-31,Madera,039,155013,37265,37333,6022,43355,354
2022-03-31,Marin,041,260295,33564,33493,2255,35748,287
2022-03-31,Mariposa,043,17540,2396,2391,198,2589,29
2022-03-31,Mendocino,045,87422,13068,13058,3015,16073,119
2022-03-31,Merced,047,269075,62145,62149,8587,70736,808
2022-03-31,Modoc,049,8938,738,741,252,993,8
2022-03-31,Mono,051,14174,2968,2967,121,3088,6
2022-03-31,Monterey,053,433212,79378,78964,13637,92601,726
2022-03-31,Napa,055,140530,25805,25757,948,26705,143
2022-03-31,Nevada,057,99092,15953,15962,1192,17154,123
2022-03-31,Orange,059,3164182,546642,546047,41171,587218,6880
2022-03-31,Placer,061,380077,62761,62740,7330,70070,614
2022-03-31,Plumas,063,18699,2969,2803,364,3167,14
2022-03-31,Riverside,065,2383286,591156,590563,27727,618290,6418
2022-03-31,Sacramento,067,1510023,280668,276218,26425,302643,2950
2022-03-31,San Benito,069,59416,12881,12901,512,13413,98
2022-03-31,San Bernardino,071,2135413,568719,561362,24628,585990,6865
2022-03-31,San Diego,073,3302833,751222,752281,52604,804885,5178
2022-03-31,San Francisco,075,870044,124964,125075,8252,133327,843
2022-03-31,San Joaquin,077,732212,166345,166336,9853,176189,2202
2022-03-31,San Luis Obispo,079,281455,52436,52512,3750,56262,475
2022-03-31,San Mateo,081,765935,121940,120717,6932,127649,693
2022-03-31,Santa Barbara,083,443738,85758,85611,4693,90304,678
2022-03-31,Santa Clara,085,1922200,311513,312517,12355,324872,2258
2022-03-31,Santa Cruz,087,273765,47833,47371,2083,49454,259
2022-03-31,Shasta,089,179085,30550,30556,6089,36645,530
2022-03-31,Sierra,091,2930,271,273,48,321,4
2022-03-31,Siskiyou,093,43540,4447,4439,2718,7157,80
2022-03-31,Solano,095,438530,81434,81848,5552,87400,446
2022-03-31,Sonoma,097,501317,83552,83235,2581,85816,485
2022-03-31,Stanislaus,099,539301,117424,117536,17528,135064,1581
2022-03-31,Sutter,101,95872,20475,20570,2074,22644,222
2022-03-31,Tehama,103,63373,12031,12046,2573,14619,198
2022-03-31,Trinity,105,12862,1183,1173,287,1460,20
2022-03-31,Tulare,107,460477,106354,104736,27543,132279,1410
2022-03-31,Tuolumne,109,53932,12635,12618,554,13172,180
2022-03-31,Ventura,111,848112,173285,173044,9384,182428,1460
2022-03-31,Yolo,113,214977,37039,36347,3039,39386,313
2022-03-31,Yuba,115,75493,15839,15835,1198,17033,120
2022-03-30,Alameda,001,1643700,256256,255467,13896,269363,1812
2022-03-30,Alpine,003,1148,124,124,1,125,0
2022-03-30,Amador,005,37829,8523,8485,640,9125,86
2022-03-30,Butte,007,227075,33085,32968,6740,39708,396
2022-03-30,Calaveras,009,45235,7259,7253,347,7600,119
2022-03-30,Colusa,011,21464,3439,3445,1049,4494,21
2022-03-30,Contra Costa,013,1133247,189140,188496,13117,201613,1291
2022-03-30,Del Norte,015,27424,5808,5808,184,5992,50
2022-03-30,El Dorado,017,186661,26738,26722,3202,29924,200
2022-03-30,Fresno,019,978130,231240,230448,23555,254003,2720
2022-03-30,Glenn,021,27897,4977,4982,1593,6575,47
2022-03-30,Humboldt,023,135768,16870,16894,2951,19845,140
2022-03-30,Imperial,025,180216,55373,55252,10546,65798,908
2022-03-30,Inyo,027,18085,4070,4062,473,4535,56
2022-03-30,Kern,029,883053,191757,191363,45696,237059,2219
2022-03-30,Kings,031,150075,51466,51446,3500,54946,443
2022-03-30,Lake,033,64148,10693,10674,883,11557,136
2022-03-30,Lassen,035,31185,8959,8943,874,9817,65
2022-03-30,Los Angeles,037,10098052,2710370,2702536,123357,2825893,31384
2022-03-30,Madera,039,155013,37260,37330,6021,43351,354
2022-03-30,Marin,041,260295,33544,33453,2236,35689,287
2022-03-30,Mariposa,043,17540,2396,2390,198,2588,27
2022-03-30,Mendocino,045,87422,13064,13055,3012,16067,118
2022-03-30,Merced,047,269075,62139,62136,8582,70718,808
2022-03-30,Modoc,049,8938,738,739,252,991,8
2022-03-30,Mono,051,14174,2967,2967,121,3088,6
2022-03-30,Monterey,053,433212,79361,78911,13630,92541,726
2022-03-30,Napa,055,140530,25793,25745,947,26692,141
2022-03-30,Nevada,057,99092,15950,15960,1190,17150,123
2022-03-30,Orange,059,3164182,546489,545895,41149,587044,6876
2022-03-30,Placer,061,380077,62746,62705,7326,70031,614
2022-03-30,Plumas,063,18699,2969,2762,362,3124,13
2022-03-30,Riverside,065,2383286,591073,590437,27714,618151,6411
2022-03-30,Sacramento,067,1510023,280600,276081,26418,302499,2949
2022-03-30,San Benito,069,59416,12877,12898,512,13410,98
2022-03-30,San Bernardino,071,2135413,568635,561153,24624,585777,6863
2022-03-30,San Diego,073,3302833,750990,751684,52578,804262,5169
2022-03-30,San Francisco,075,870044,124859,124930,8243,133173,841
2022-03-30,San Joaquin,077,732212,166317,166299,9847,176146,2201
2022-03-30,San Luis Obispo,079,281455,52423,52484,3746,56230,475
2022-03-30,San Mateo,081,765935,121838,120548,6932,127480,693
2022-03-30,Santa Barbara,083,443738,85736,85488,4690,90178,677
2022-03-30,Santa Clara,085,1922200,311330,312253,12335,324588,2258
2022-03-30,Santa Cruz,087,273765,47777,47340,2082,49422,259
2022-03-30,Shasta,089,179085,30547,30555,6089,36644,530
2022-03-30,Sierra,091,2930,271,273,48,321,4
2022-03-30,Siskiyou,093,43540,4447,4439,2718,7157,80
2022-03-30,Solano,095,438530,81415,81816,5548,87364,443
2022-03-30,Sonoma,097,501317,83515,83163,2580,85743,485
2022-03-30,Stanislaus,099,539301,117411,117593,17525,135118,1559
2022-03-30,Sutter,101,95872,20470,20565,2074,22639,222
2022-03-30,Tehama,103,63373,12030,12045,2572,14617,198
2022-03-30,Trinity,105,12862,1182,1173,287,1460,20
2022-03-30,Tulare,107,460477,106348,104667,27537,132204,1410
2022-03-30,Tuolumne,109,53932,12633,12616,554,13170,180
2022-03-30,Ventura,111,848112,173244,172984,9376,182360,1460
2022-03-30,Yolo,113,214977,37029,36325,3036,39361,313
2022-03-30,Yuba,115,75493,15837,15830,1198,17028,120
2022-03-29,Alameda,001,1643700,256130,255261,13886,269147,1810
2022-03-29,Alpine,003,1148,124,124,1,125,0
2022-03-29,Amador,005,37829,8523,8483,640,9123,86
2022-03-29,Butte,007,227075,33082,32954,6740,39694,396
2022-03-29,Calaveras,009,45235,7258,7250,346,7596,119
2022-03-29,Colusa,011,21464,3439,3445,1049,4494,21
2022-03-29,Contra Costa,013,1133247,189051,188359,13109,201468,1290
2022-03-29,Del Norte,015,27424,5808,5806,183,5989,50
2022-03-29,El Dorado,017,186661,26733,26706,3202,29908,200
2022-03-29,Fresno,019,978130,231212,230256,23551,253807,2718
2022-03-29,Glenn,021,27897,4976,4983,1593,6576,47
2022-03-29,Humboldt,023,135768,16867,16892,2948,19840,140
2022-03-29,Imperial,025,180216,55359,55233,10545,65778,908
2022-03-29,Inyo,027,18085,4068,4062,472,4534,56
2022-03-29,Kern,029,883053,191725,191338,45689,237027,2220
2022-03-29,Kings,031,150075,51458,51416,3499,54915,443
2022-03-29,Lake,033,64148,10689,10674,883,11557,136
2022-03-29,Lassen,035,31185,8958,8943,874,9817,65
2022-03-29,Los Angeles,037,10098052,2709540,2702005,123311,2825316,31378
2022-03-29,Madera,039,155013,37252,37325,6018,43343,354
2022-03-29,Marin,041,260295,33524,33431,2231,35662,287
2022-03-29,Mariposa,043,17540,2396,2388,198,2586,23
2022-03-29,Mendocino,045,87422,13060,13053,3011,16064,119
2022-03-29,Merced,047,269075,62127,62123,8581,70704,806
2022-03-29,Modoc,049,8938,736,737,252,989,8
2022-03-29,Mono,051,14174,2967,2966,121,3087,5
2022-03-29,Monterey,053,433212,79348,78774,13622,92396,725
2022-03-29,Napa,055,140530,25786,25732,947,26679,141
2022-03-29,Nevada,057,99092,15942,15956,1190,17146,123
2022-03-29,Orange,059,3164182,546341,545832,41133,586965,6871
2022-03-29,Placer,061,380077,62728,62687,7321,70008,614
2022-03-29,Plumas,063,18699,2967,2761,362,3123,13
2022-03-29,Riverside,065,2383286,590973,590359,27706,618065,6403
2022-03-29,Sacramento,067,1510023,280534,276040,26407,302447,2946
2022-03-29,San Benito,069,59416,12875,12892,512,13404,97
2022-03-29,San Bernardino,071,2135413,568538,561026,24616,585642,6860
2022-03-29,San Diego,073,3302833,750746,751240,52556,803796,5159
2022-03-29,San Francisco,075,870044,124708,124789,8237,133026,840
2022-03-29,San Joaquin,077,732212,166280,166241,9839,176080,2198
2022-03-29,San Luis Obispo,079,281455,52407,52455,3742,56197,472
2022-03-29,San Mateo,081,765935,121744,120435,6929,127364,686
2022-03-29,Santa Barbara,083,443738,85713,85464,4690,90154,676
2022-03-29,Santa Clara,085,1922200,311090,312067,12318,324385,2259
2022-03-29,Santa Cruz,087,273765,47757,47323,2081,49404,259
2022-03-29,Shasta,089,179085,30540,30552,6087,36639,529
2022-03-29,Sierra,091,2930,271,273,48,321,4
2022-03-29,Siskiyou,093,43540,4447,4439,2717,7156,80
2022-03-29,Solano,095,438530,81393,81713,5545,87258,441
2022-03-29,Sonoma,097,501317,83481,83130,2574,85704,485
2022-03-29,Stanislaus,099,539301,117392,117683,17519,135202,1559
2022-03-29,Sutter,101,95872,20468,20556,2073,22629,221
2022-03-29,Tehama,103,63373,12028,12045,2572,14617,198
2022-03-29,Trinity,105,12862,1182,1173,287,1460,20
2022-03-29,Tulare,107,460477,106343,104622,27532,132154,1406
2022-03-29,Tuolumne,109,53932,12631,12615,554,13169,180
2022-03-29,Ventura,111,848112,173189,172946,9375,182321,1460
2022-03-29,Yolo,113,214977,37016,36296,3035,39331,313
2022-03-29,Yuba,115,75493,15833,15824,1197,17021,117
2022-03-28,Alameda,001,1643700,255979,255192,13876,269068,1808
2022-03-28,Alpine,003,1148,124,124,1,125,0
2022-03-28,Amador,005,37829,8522,8480,640,9120,86
2022-03-28,Butte,007,227075,33065,32947,6740,39687,392
2022-03-28,Calaveras,009,45235,7258,7247,346,7593,119
2022-03-28,Colusa,011,21464,3439,3445,1049,4494,21
2022-03-28,Contra Costa,013,1133247,188970,188305,13104,201409,1290
2022-03-28,Del Norte,015,27424,5806,5834,183,6017,50
2022-03-28,El Dorado,017,186661,26726,26703,3200,29903,200
2022-03-28,Fresno,019,978130,231184,230144,23534,253678,2717
2022-03-28,Glenn,021,27897,4976,4983,1593,6576,47
2022-03-28,Humboldt,023,135768,16866,16916,2948,19864,140
2022-03-28,Imperial,025,180216,55348,55245,10545,65790,909
2022-03-28,Inyo,027,18085,4067,4062,472,4534,56
2022-03-28,Kern,029,883053,191701,191333,45680,237013,2212
2022-03-28,Kings,031,150075,51445,51405,3499,54904,443
2022-03-28,Lake,033,64148,10687,10673,883,11556,136
2022-03-28,Lassen,035,31185,8958,8946,874,9820,63
2022-03-28,Los Angeles,037,10098052,2708657,2700997,123272,2824269,31349
2022-03-28,Madera,039,155013,37248,37324,6018,43342,354
2022-03-28,Marin,041,260295,33499,33391,2226,35617,287
2022-03-28,Mariposa,043,17540,2395,2388,198,2586,23
2022-03-28,Mendocino,045,87422,13058,13046,3010,16056,118
2022-03-28,Merced,047,269075,62117,62116,8576,70692,805
2022-03-28,Modoc,049,8938,735,736,252,988,7
2022-03-28,Mono,051,14174,2967,2966,121,3087,5
2022-03-28,Monterey,053,433212,79315,78784,13618,92402,724
2022-03-28,Napa,055,140530,25780,25723,946,26669,140
2022-03-28,Nevada,057,99092,15940,15969,1190,17159,123
2022-03-28,Orange,059,3164182,546209,545700,41106,586806,6860
2022-03-28,Placer,061,380077,62708,62687,7320,70007,613
2022-03-28,Plumas,063,18699,2966,2760,362,3122,13
2022-03-28,Riverside,065,2383286,590873,590298,27698,617996,6397
2022-03-28,Sacramento,067,1510023,280465,275889,26395,302284,2946
2022-03-28,San Benito,069,59416,12875,12889,512,13401,97
2022-03-28,San Bernardino,071,2135413,568455,560836,24605,585441,6858
2022-03-28,San Diego,073,3302833,750507,750659,52522,803181,5155
2022-03-28,San Francisco,075,870044,124568,124678,8227,132905,839
2022-03-28,San Joaquin,077,732212,166248,166247,9837,176084,2196
2022-03-28,San Luis Obispo,079,281455,52382,52434,3739,56173,470
2022-03-28,San Mateo,081,765935,121630,120337,6922,127259,686
2022-03-28,Santa Barbara,083,443738,85685,85442,4688,90130,675
2022-03-28,Santa Clara,085,1922200,310861,311953,12309,324262,2257
2022-03-28,Santa Cruz,087,273765,47724,47324,2081,49405,259
2022-03-28,Shasta,089,179085,30539,30550,6086,36636,527
2022-03-28,Sierra,091,2930,271,273,48,321,4
2022-03-28,Siskiyou,093,43540,4446,4438,2717,7155,80
2022-03-28,Solano,095,438530,81365,81704,5540,87244,441
2022-03-28,Sonoma,097,501317,83437,83105,2569,85674,485
2022-03-28,Stanislaus,099,539301,117380,117783,17514,135297,1562
2022-03-28,Sutter,101,95872,20463,20549,2073,22622,221
2022-03-28,Tehama,103,63373,12028,12041,2572,14613,200
2022-03-28,Trinity,105,12862,1182,1173,287,1460,20
2022-03-28,Tulare,107,460477,106331,104576,27526,132102,1404
2022-03-28,Tuolumne,109,53932,12631,12627,554,13181,180
2022-03-28,Ventura,111,848112,173149,172867,9374,182241,1455
2022-03-28,Yolo,113,214977,36998,36282,3033,39315,312
2022-03-28,Yuba,115,75493,15832,15821,1195,17016,117
2022-03-27,Alameda,001,1643700,255794,255132,13867,268999,1809
2022-03-27,Alpine,003,1148,124,124,1,125,0
2022-03-27,Amador,005,37829,8519,8480,640,9120,86
2022-03-27,Butte,007,227075,33052,32943,6734,39677,392
2022-03-27,Calaveras,009,45235,7256,7245,346,7591,119
2022-03-27,Colusa,011,21464,3439,3445,1049,4494,21
2022-03-27,Contra Costa,013,1133247,188855,188251,13088,201339,1290
2022-03-27,Del Norte,015,27424,5805,5836,183,6019,50
2022-03-27,El Dorado,017,186661,26712,26699,3197,29896,200
2022-03-27,Fresno,019,978130,231137,230049,23516,253565,2717
2022-03-27,Glenn,021,27897,4975,4983,1593,6576,47
2022-03-27,Humboldt,023,135768,16862,16920,2948,19868,140
2022-03-27,Imperial,025,180216,55335,55240,10544,65784,909
2022-03-27,Inyo,027,18085,4066,4062,470,4532,56
2022-03-27,Kern,029,883053,191663,191332,45674,237006,2213
2022-03-27,Kings,031,150075,51436,51400,3499,54899,443
2022-03-27,Lake,033,64148,10686,10672,882,11554,136
2022-03-27,Lassen,035,31185,8958,8946,874,9820,63
2022-03-27,Los Angeles,037,10098052,2707848,2700983,123225,2824208,31348
2022-03-27,Madera,039,155013,37244,37323,6016,43339,354
2022-03-27,Marin,041,260295,33462,33391,2216,35607,287
2022-03-27,Mariposa,043,17540,2395,2390,198,2588,23
2022-03-27,Mendocino,045,87422,13054,13046,3008,16054,118
2022-03-27,Merced,047,269075,62107,62110,8575,70685,805
2022-03-27,Modoc,049,8938,734,736,250,986,7
2022-03-27,Mono,051,14174,2967,2966,121,3087,5
2022-03-27,Monterey,053,433212,79294,78778,13606,92384,724
2022-03-27,Napa,055,140530,25765,25723,946,26669,140
2022-03-27,Nevada,057,99092,15936,15967,1188,17155,123
2022-03-27,Orange,059,3164182,546075,545644,41072,586716,6860
2022-03-27,Placer,061,380077,62690,62680,7319,69999,613
2022-03-27,Plumas,063,18699,2965,2760,360,3120,13
2022-03-27,Riverside,065,2383286,590787,590251,27687,617938,6395
2022-03-27,Sacramento,067,1510023,280384,275854,26388,302242,2941
2022-03-27,San Benito,069,59416,12870,12889,511,13400,97
2022-03-27,San Bernardino,071,2135413,568339,560853,24603,585456,6862
2022-03-27,San Diego,073,3302833,750252,750659,52499,803158,5155
2022-03-27,San Francisco,075,870044,124382,124619,8216,132835,839
2022-03-27,San Joaquin,077,732212,166212,166238,9833,176071,2196
2022-03-27,San Luis Obispo,079,281455,52361,52430,3737,56167,470
2022-03-27,San Mateo,081,765935,121526,120324,6916,127240,686
2022-03-27,Santa Barbara,083,443738,85649,85434,4686,90120,675
2022-03-27,Santa Clara,085,1922200,310650,311822,12302,324124,2257
2022-03-27,Santa Cruz,087,273765,47691,47321,2079,49400,259
2022-03-27,Shasta,089,179085,30535,30550,6084,36634,527
2022-03-27,Sierra,091,2930,271,273,48,321,4
2022-03-27,Siskiyou,093,43540,4446,4436,2716,7152,80
2022-03-27,Solano,095,438530,81324,81691,5537,87228,441
2022-03-27,Sonoma,097,501317,83384,83088,2565,85653,485
2022-03-27,Stanislaus,099,539301,117360,117778,17511,135289,1562
2022-03-27,Sutter,101,95872,20457,20545,2073,22618,221
2022-03-27,Tehama,103,63373,12028,12040,2572,14612,200
2022-03-27,Trinity,105,12862,1182,1173,287,1460,20
2022-03-27,Tulare,107,460477,106322,104582,27517,132099,1404
2022-03-27,Tuolumne,109,53932,12629,12628,554,13182,180
2022-03-27,Ventura,111,848112,173104,172831,9372,182203,1455
2022-03-27,Yolo,113,214977,36977,36232,3030,39262,312
2022-03-27,Yuba,115,75493,15829,15821,1188,17009,117
2022-03-26,Alameda,001,1643700,255714,254691,13866,268557,1803
2022-03-26,Alpine,003,1148,124,124,1,125,0
2022-03-26,Amador,005,37829,8519,8476,640,9116,86
2022-03-26,Butte,007,227075,33048,32929,6732,39661,391
2022-03-26,Calaveras,009,45235,7254,7240,346,7586,120
2022-03-26,Colusa,011,21464,3437,3445,1049,4494,21
2022-03-26,Contra Costa,013,1133247,188801,187990,13085,201075,1285
2022-03-26,Del Norte,015,27424,5803,5831,183,6014,50
2022-03-26,El Dorado,017,186661,26704,26674,3195,29869,200
2022-03-26,Fresno,019,978130,231114,229799,23515,253314,2710
2022-03-26,Glenn,021,27897,4975,4978,1593,6571,47
2022-03-26,Humboldt,023,135768,16858,16911,2948,19859,139
2022-03-26,Imperial,025,180216,55329,55230,10543,65773,913
2022-03-26,Inyo,027,18085,4066,4060,469,4529,56
2022-03-26,Kern,029,883053,191649,191288,45670,236958,2201
2022-03-26,Kings,031,150075,51435,51397,3499,54896,444
2022-03-26,Lake,033,64148,10686,10659,882,11541,136
2022-03-26,Lassen,035,31185,8958,8944,874,9818,63
2022-03-26,Los Angeles,037,10098052,2707390,2698028,123183,2821211,31291
2022-03-26,Madera,039,155013,37241,37321,6014,43335,354
2022-03-26,Marin,041,260295,33452,33317,2212,35529,287
2022-03-26,Mariposa,043,17540,2395,2386,198,2584,23
2022-03-26,Mendocino,045,87422,13050,13038,3008,16046,118
2022-03-26,Merced,047,269075,62101,62083,8573,70656,805
2022-03-26,Modoc,049,8938,734,736,250,986,7
2022-03-26,Mono,051,14174,2967,2966,121,3087,5
2022-03-26,Monterey,053,433212,79287,78688,13604,92292,724
2022-03-26,Napa,055,140530,25762,25701,946,26647,139
2022-03-26,Nevada,057,99092,15932,15960,1188,17148,123
2022-03-26,Orange,059,3164182,545998,545294,41061,586355,6853
2022-03-26,Placer,061,380077,62678,62634,7315,69949,613
2022-03-26,Plumas,063,18699,2965,2758,359,3117,13
2022-03-26,Riverside,065,2383286,590717,590060,27686,617746,6397
2022-03-26,Sacramento,067,1510023,280351,275529,26386,301915,2935
2022-03-26,San Benito,069,59416,12870,12885,511,13396,97
2022-03-26,San Bernardino,071,2135413,568280,560742,24599,585341,6840
2022-03-26,San Diego,073,3302833,750129,750170,52492,802662,5146
2022-03-26,San Francisco,075,870044,124276,124265,8210,132475,839
2022-03-26,San Joaquin,077,732212,166191,166079,9832,175911,2195
2022-03-26,San Luis Obispo,079,281455,52355,52369,3737,56106,469
2022-03-26,San Mateo,081,765935,121467,120165,6908,127073,684
2022-03-26,Santa Barbara,083,443738,85629,85477,4684,90161,674
2022-03-26,Santa Clara,085,1922200,310492,311189,12295,323484,2250
2022-03-26,Santa Cruz,087,273765,47680,47329,2079,49408,259
2022-03-26,Shasta,089,179085,30534,30542,6083,36625,527
2022-03-26,Sierra,091,2930,271,273,48,321,4
2022-03-26,Siskiyou,093,43540,4445,4433,2716,7149,80
2022-03-26,Solano,095,438530,81315,81659,5537,87196,441
2022-03-26,Sonoma,097,501317,83354,83113,2560,85673,485
2022-03-26,Stanislaus,099,539301,117353,117962,17510,135472,1565
2022-03-26,Sutter,101,95872,20455,20536,2073,22609,221
2022-03-26,Tehama,103,63373,12028,12036,2571,14607,195
2022-03-26,Trinity,105,12862,1182,1174,287,1461,20
2022-03-26,Tulare,107,460477,106315,104538,27516,132054,1400
2022-03-26,Tuolumne,109,53932,12627,12628,554,13182,180
2022-03-26,Ventura,111,848112,173063,172690,9368,182058,1455
2022-03-26,Yolo,113,214977,36968,36234,3030,39264,311
2022-03-26,Yuba,115,75493,15828,15807,1188,16995,117
2022-03-25,Alameda,001,1643700,255649,254691,13864,268555,1803
2022-03-25,Alpine,003,1148,124,124,1,125,0
2022-03-25,Amador,005,37829,8518,8476,640,9116,86
2022-03-25,Butte,007,227075,33043,32929,6732,39661,391
2022-03-25,Calaveras,009,45235,7253,7240,346,7586,120
2022-03-25,Colusa,011,21464,3437,3445,1049,4494,21
2022-03-25,Contra Costa,013,1133247,188753,187990,13081,201071,1285
2022-03-25,Del Norte,015,27424,5803,5831,183,6014,50
2022-03-25,El Dorado,017,186661,26700,26674,3195,29869,200
2022-03-25,Fresno,019,978130,231086,229799,23507,253306,2710
2022-03-25,Glenn,021,27897,4975,4978,1593,6571,47
2022-03-25,Humboldt,023,135768,16858,16911,2948,19859,139
2022-03-25,Imperial,025,180216,55324,55230,10542,65772,913
2022-03-25,Inyo,027,18085,4065,4060,469,4529,56
2022-03-25,Kern,029,883053,191639,191288,45669,236957,2201
2022-03-25,Kings,031,150075,51434,51397,3499,54896,444
2022-03-25,Lake,033,64148,10686,10659,882,11541,136
2022-03-25,Lassen,035,31185,8957,8944,874,9818,63
2022-03-25,Los Angeles,037,10098052,2706972,2698028,123152,2821180,31291
2022-03-25,Madera,039,155013,37240,37321,6013,43334,354
2022-03-25,Marin,041,260295,33437,33317,2203,35520,287
2022-03-25,Mariposa,043,17540,2395,2386,198,2584,23
2022-03-25,Mendocino,045,87422,13050,13038,3008,16046,118
2022-03-25,Merced,047,269075,62094,62083,8572,70655,805
2022-03-25,Modoc,049,8938,734,736,250,986,7
2022-03-25,Mono,051,14174,2966,2966,121,3087,5
2022-03-25,Monterey,053,433212,79276,78688,13601,92289,724
2022-03-25,Napa,055,140530,25755,25701,946,26647,139
2022-03-25,Nevada,057,99092,15931,15960,1188,17148,123
2022-03-25,Orange,059,3164182,545923,545294,41045,586339,6853
2022-03-25,Placer,061,380077,62672,62634,7312,69946,613
2022-03-25,Plumas,063,18699,2964,2758,359,3117,13
2022-03-25,Riverside,065,2383286,590658,590060,27675,617735,6397
2022-03-25,Sacramento,067,1510023,280309,275529,26384,301913,2935
2022-03-25,San Benito,069,59416,12870,12885,511,13396,97
2022-03-25,San Bernardino,071,2135413,568241,560742,24596,585338,6840
2022-03-25,San Diego,073,3302833,750007,750170,52481,802651,5146
2022-03-25,San Francisco,075,870044,124195,124265,8197,132462,839
2022-03-25,San Joaquin,077,732212,166177,166079,9829,175908,2195
2022-03-25,San Luis Obispo,079,281455,52352,52369,3736,56105,469
2022-03-25,San Mateo,081,765935,121415,120165,6908,127073,684
2022-03-25,Santa Barbara,083,443738,85614,85477,4682,90159,674
2022-03-25,Santa Clara,085,1922200,310341,311189,12290,323479,2250
2022-03-25,Santa Cruz,087,273765,47672,47329,2079,49408,259
2022-03-25,Shasta,089,179085,30530,30542,6082,36624,527
2022-03-25,Sierra,091,2930,271,273,48,321,4
2022-03-25,Siskiyou,093,43540,4443,4433,2714,7147,80
2022-03-25,Solano,095,438530,81301,81659,5535,87194,441
2022-03-25,Sonoma,097,501317,83317,83113,2560,85673,485
2022-03-25,Stanislaus,099,539301,117339,117962,17509,135471,1565
2022-03-25,Sutter,101,95872,20450,20536,2073,22609,221
2022-03-25,Tehama,103,63373,12026,12036,2571,14607,195
2022-03-25,Trinity,105,12862,1182,1174,287,1461,20
2022-03-25,Tulare,107,460477,106311,104538,27516,132054,1400
2022-03-25,Tuolumne,109,53932,12626,12628,554,13182,180
2022-03-25,Ventura,111,848112,173025,172690,9368,182058,1455
2022-03-25,Yolo,113,214977,36956,36234,3030,39264,311
2022-03-25,Yuba,115,75493,15823,15807,1187,16994,117
2022-03-24,Alameda,001,1643700,255532,254691,13848,268539,1803
2022-03-24,Alpine,003,1148,124,124,1,125,0
2022-03-24,Amador,005,37829,8518,8476,640,9116,86
2022-03-24,Butte,007,227075,33036,32929,6732,39661,391
2022-03-24,Calaveras,009,45235,7250,7240,346,7586,120
2022-03-24,Colusa,011,21464,3437,3445,1049,4494,21
2022-03-24,Contra Costa,013,1133247,188674,187990,13078,201068,1285
2022-03-24,Del Norte,015,27424,5799,5831,183,6014,50
2022-03-24,El Dorado,017,186661,26689,26674,3195,29869,200
2022-03-24,Fresno,019,978130,231045,229799,23498,253297,2710
2022-03-24,Glenn,021,27897,4974,4978,1593,6571,47
2022-03-24,Humboldt,023,135768,16853,16911,2946,19857,139
2022-03-24,Imperial,025,180216,55317,55230,10542,65772,913
2022-03-24,Inyo,027,18085,4064,4060,469,4529,56
2022-03-24,Kern,029,883053,191629,191288,45667,236955,2201
2022-03-24,Kings,031,150075,51425,51397,3497,54894,444
2022-03-24,Lake,033,64148,10685,10659,882,11541,136
2022-03-24,Lassen,035,31185,8956,8944,874,9818,63
2022-03-24,Los Angeles,037,10098052,2706410,2698028,123107,2821135,31291
2022-03-24,Madera,039,155013,37238,37321,6011,43332,354
2022-03-24,Marin,041,260295,33415,33317,2194,35511,287
2022-03-24,Mariposa,043,17540,2395,2386,198,2584,23
2022-03-24,Mendocino,045,87422,13044,13038,3005,16043,118
2022-03-24,Merced,047,269075,62087,62083,8571,70654,805
2022-03-24,Modoc,049,8938,734,736,250,986,7
2022-03-24,Mono,051,14174,2966,2966,121,3087,5
2022-03-24,Monterey,053,433212,79250,78688,13587,92275,724
2022-03-24,Napa,055,140530,25746,25701,946,26647,139
2022-03-24,Nevada,057,99092,15927,15960,1187,17147,123
2022-03-24,Orange,059,3164182,545821,545294,41030,586324,6853
2022-03-24,Placer,061,380077,62652,62634,7311,69945,613
2022-03-24,Plumas,063,18699,2964,2758,359,3117,13
2022-03-24,Riverside,065,2383286,590582,590060,27667,617727,6397
2022-03-24,Sacramento,067,1510023,280240,275529,26379,301908,2935
2022-03-24,San Benito,069,59416,12869,12885,510,13395,97
2022-03-24,San Bernardino,071,2135413,568159,560742,24592,585334,6840
2022-03-24,San Diego,073,3302833,749798,750170,52468,802638,5146
2022-03-24,San Francisco,075,870044,124113,124265,8191,132456,839
2022-03-24,San Joaquin,077,732212,166149,166079,9829,175908,2195
2022-03-24,San Luis Obispo,079,281455,52337,52369,3735,56104,469
2022-03-24,San Mateo,081,765935,121367,120165,6904,127069,684
2022-03-24,Santa Barbara,083,443738,85599,85477,4679,90156,674
2022-03-24,Santa Clara,085,1922200,310195,311189,12273,323462,2250
2022-03-24,Santa Cruz,087,273765,47655,47329,2078,49407,259
2022-03-24,Shasta,089,179085,30522,30542,6082,36624,527
2022-03-24,Sierra,091,2930,271,273,48,321,4
2022-03-24,Siskiyou,093,43540,4440,4433,2714,7147,80
2022-03-24,Solano,095,438530,81282,81659,5534,87193,441
2022-03-24,Sonoma,097,501317,83282,83113,2558,85671,485
2022-03-24,Stanislaus,099,539301,117331,117962,17506,135468,1565
2022-03-24,Sutter,101,95872,20445,20536,2073,22609,221
2022-03-24,Tehama,103,63373,12024,12036,2570,14606,195
2022-03-24,Trinity,105,12862,1182,1174,287,1461,20
2022-03-24,Tulare,107,460477,106300,104538,27511,132049,1400
2022-03-24,Tuolumne,109,53932,12624,12628,554,13182,180
2022-03-24,Ventura,111,848112,172982,172690,9367,182057,1455
2022-03-24,Yolo,113,214977,36950,36234,3026,39260,311
2022-03-24,Yuba,115,75493,15819,15807,1185,16992,117
2022-03-23,Alameda,001,1643700,255397,254559,13837,268396,1802
2022-03-23,Alpine,003,1148,124,124,1,125,0
2022-03-23,Amador,005,37829,8518,8475,640,9115,86
2022-03-23,Butte,007,227075,33022,32920,6731,39651,387
2022-03-23,Calaveras,009,45235,7245,7237,346,7583,120
2022-03-23,Colusa,011,21464,3436,3444,1049,4493,21
2022-03-23,Contra Costa,013,1133247,188575,187898,13067,200965,1279
2022-03-23,Del Norte,015,27424,5797,5830,183,6013,50
2022-03-23,El Dorado,017,186661,26683,26670,3195,29865,200
2022-03-23,Fresno,019,978130,231009,229656,23485,253141,2710
2022-03-23,Glenn,021,27897,4974,4975,1593,6568,47
2022-03-23,Humboldt,023,135768,16852,16908,2945,19853,139
2022-03-23,Imperial,025,180216,55311,55211,10541,65752,909
2022-03-23,Inyo,027,18085,4064,4060,469,4529,56
2022-03-23,Kern,029,883053,191612,191241,45662,236903,2196
2022-03-23,Kings,031,150075,51414,51384,3497,54881,442
2022-03-23,Lake,033,64148,10681,10658,881,11539,135
2022-03-23,Lassen,035,31185,8955,8944,873,9817,63
2022-03-23,Los Angeles,037,10098052,2705731,2697227,123077,2820304,31267
2022-03-23,Madera,039,155013,37233,37317,6008,43325,354
2022-03-23,Marin,041,260295,33389,33274,2189,35463,287
2022-03-23,Mariposa,043,17540,2393,2382,197,2579,11
2022-03-23,Mendocino,045,87422,13040,13033,3004,16037,118
2022-03-23,Merced,047,269075,62077,62056,8568,70624,805
2022-03-23,Modoc,049,8938,734,736,250,986,7
2022-03-23,Mono,051,14174,2966,2966,121,3087,5
2022-03-23,Monterey,053,433212,79233,78655,13563,92218,724
2022-03-23,Napa,055,140530,25733,25691,944,26635,139
2022-03-23,Nevada,057,99092,15925,15958,1187,17145,123
2022-03-23,Orange,059,3164182,545691,545158,41018,586176,6852
2022-03-23,Placer,061,380077,62633,62622,7309,69931,613
2022-03-23,Plumas,063,18699,2964,2747,359,3106,13
2022-03-23,Riverside,065,2383286,590509,589947,27662,617609,6388
2022-03-23,Sacramento,067,1510023,280177,275398,26372,301770,2934
2022-03-23,San Benito,069,59416,12868,12884,510,13394,97
2022-03-23,San Bernardino,071,2135413,568085,560550,24588,585138,6828
2022-03-23,San Diego,073,3302833,749604,749871,52445,802316,5143
2022-03-23,San Francisco,075,870044,124000,124110,8184,132294,838
2022-03-23,San Joaquin,077,732212,166111,166041,9822,175863,2187
2022-03-23,San Luis Obispo,079,281455,52320,52344,3730,56074,469
2022-03-23,San Mateo,081,765935,121283,120080,6894,126974,685
2022-03-23,Santa Barbara,083,443738,85582,85464,4678,90142,673
2022-03-23,Santa Clara,085,1922200,310031,310956,12261,323217,2250
2022-03-23,Santa Cruz,087,273765,47636,47314,2074,49388,259
2022-03-23,Shasta,089,179085,30518,30524,6081,36605,526
2022-03-23,Sierra,091,2930,271,273,48,321,4
2022-03-23,Siskiyou,093,43540,4439,4433,2714,7147,80
2022-03-23,Solano,095,438530,81248,81615,5533,87148,441
2022-03-23,Sonoma,097,501317,83248,83074,2555,85629,482
2022-03-23,Stanislaus,099,539301,117314,118041,17503,135544,1568
2022-03-23,Sutter,101,95872,20442,20532,2073,22605,218
2022-03-23,Tehama,103,63373,12021,12035,2570,14605,195
2022-03-23,Trinity,105,12862,1182,1174,287,1461,20
2022-03-23,Tulare,107,460477,106283,104489,27506,131995,1394
2022-03-23,Tuolumne,109,53932,12623,12629,554,13183,180
2022-03-23,Ventura,111,848112,172934,172647,9365,182012,1455
2022-03-23,Yolo,113,214977,36930,36197,3024,39221,308
2022-03-23,Yuba,115,75493,15812,15801,1184,16985,117
2022-03-22,Alameda,001,1643700,255274,254467,13528,267995,1802
2022-03-22,Alpine,003,1148,124,122,1,123,0
2022-03-22,Amador,005,37829,8517,8462,639,9101,86
2022-03-22,Butte,007,227075,33012,32907,6727,39634,387
2022-03-22,Calaveras,009,45235,7243,7237,346,7583,120
2022-03-22,Colusa,011,21464,3435,3445,1049,4494,21
2022-03-22,Contra Costa,013,1133247,188499,187813,13046,200859,1279
2022-03-22,Del Norte,015,27424,5791,5824,183,6007,50
2022-03-22,El Dorado,017,186661,26676,26661,3195,29856,200
2022-03-22,Fresno,019,978130,230960,229551,23476,253027,2708
2022-03-22,Glenn,021,27897,4971,4971,1593,6564,47
2022-03-22,Humboldt,023,135768,16849,16911,2945,19856,139
2022-03-22,Imperial,025,180216,55300,55170,10538,65708,908
2022-03-22,Inyo,027,18085,4064,4060,469,4529,56
2022-03-22,Kern,029,883053,191589,191213,45654,236867,2195
2022-03-22,Kings,031,150075,51402,51369,3496,54865,442
2022-03-22,Lake,033,64148,10679,10657,880,11537,135
2022-03-22,Lassen,035,31185,8955,8940,873,9813,63
2022-03-22,Los Angeles,037,10098052,2705068,2696746,123030,2819776,31250
2022-03-22,Madera,039,155013,37229,37304,6005,43309,354
2022-03-22,Marin,041,260295,33364,33253,2185,35438,287
2022-03-22,Mariposa,043,17540,2391,2382,197,2579,6
2022-03-22,Mendocino,045,87422,13035,13030,3002,16032,118
2022-03-22,Merced,047,269075,62067,62056,8564,70620,805
2022-03-22,Modoc,049,8938,734,735,250,985,7
2022-03-22,Mono,051,14174,2966,2963,121,3084,5
2022-03-22,Monterey,053,433212,79216,78614,13553,92167,724
2022-03-22,Napa,055,140530,25723,25688,943,26631,139
2022-03-22,Nevada,057,99092,15917,15950,1187,17137,123
2022-03-22,Orange,059,3164182,545547,545075,40999,586074,6843
2022-03-22,Placer,061,380077,62620,62604,7307,69911,610
2022-03-22,Plumas,063,18699,2963,2744,359,3103,13
2022-03-22,Riverside,065,2383286,590434,589816,27659,617475,6383
2022-03-22,Sacramento,067,1510023,280101,275374,26361,301735,2927
2022-03-22,San Benito,069,59416,12867,12884,509,13393,97
2022-03-22,San Bernardino,071,2135413,568003,560371,24568,584939,6811
2022-03-22,San Diego,073,3302833,749404,749647,52425,802072,5141
2022-03-22,San Francisco,075,870044,123893,123998,8178,132176,838
2022-03-22,San Joaquin,077,732212,166083,165992,9819,175811,2187
2022-03-22,San Luis Obispo,079,281455,52312,52257,3730,55987,465
2022-03-22,San Mateo,081,765935,121209,119975,6891,126866,686
2022-03-22,Santa Barbara,083,443738,85565,85457,4677,90134,672
2022-03-22,Santa Clara,085,1922200,309862,310787,12249,323036,2249
2022-03-22,Santa Cruz,087,273765,47616,47287,2073,49360,259
2022-03-22,Shasta,089,179085,30512,30528,6081,36609,525
2022-03-22,Sierra,091,2930,271,273,48,321,4
2022-03-22,Siskiyou,093,43540,4439,4429,2713,7142,80
2022-03-22,Solano,095,438530,81225,81587,5532,87119,440
2022-03-22,Sonoma,097,501317,83219,83042,2552,85594,482
2022-03-22,Stanislaus,099,539301,117297,118025,17500,135525,1568
2022-03-22,Sutter,101,95872,20441,20525,2070,22595,218
2022-03-22,Tehama,103,63373,12019,12034,2570,14604,162
2022-03-22,Trinity,105,12862,1182,1174,287,1461,20
2022-03-22,Tulare,107,460477,106272,104431,27498,131929,1391
2022-03-22,Tuolumne,109,53932,12623,12628,554,13182,180
2022-03-22,Ventura,111,848112,172885,172590,9363,181953,1455
2022-03-22,Yolo,113,214977,36910,36184,3023,39207,308
2022-03-22,Yuba,115,75493,15809,15795,1183,16978,117
2022-03-21,Alameda,001,1643700,255059,254354,13520,267874,1799
2022-03-21,Alpine,003,1148,124,122,1,123,0
2022-03-21,Amador,005,37829,8514,8461,638,9099,85
2022-03-21,Butte,007,227075,33001,32895,6724,39619,385
2022-03-21,Calaveras,009,45235,7242,7237,346,7583,119
2022-03-21,Colusa,011,21464,3435,3445,1049,4494,21
2022-03-21,Contra Costa,013,1133247,188435,187509,13031,200540,1276
2022-03-21,Del Norte,015,27424,5790,5824,183,6007,50
2022-03-21,El Dorado,017,186661,26665,26610,3195,29805,199
2022-03-21,Fresno,019,978130,230911,229374,23468,252842,2707
2022-03-21,Glenn,021,27897,4969,4972,1588,6560,46
2022-03-21,Humboldt,023,135768,16839,16912,2932,19844,139
2022-03-21,Imperial,025,180216,55287,55133,10537,65670,908
2022-03-21,Inyo,027,18085,4063,4060,469,4529,56
2022-03-21,Kern,029,883053,191556,191184,45648,236832,2187
2022-03-21,Kings,031,150075,51388,51366,3494,54860,441
2022-03-21,Lake,033,64148,10677,10655,880,11535,135
2022-03-21,Lassen,035,31185,8954,8939,873,9812,63
2022-03-21,Los Angeles,037,10098052,2704203,2694711,122981,2817692,31218
2022-03-21,Madera,039,155013,37224,37288,6002,43290,354
2022-03-21,Marin,041,260295,33320,33242,2180,35422,287
2022-03-21,Mariposa,043,17540,2390,2383,196,2579,6
2022-03-21,Mendocino,045,87422,13027,13028,3000,16028,118
2022-03-21,Merced,047,269075,62053,62048,8559,70607,803
2022-03-21,Modoc,049,8938,732,734,250,984,7
2022-03-21,Mono,051,14174,2966,2962,121,3083,5
2022-03-21,Monterey,053,433212,79167,78572,13540,92112,724
2022-03-21,Napa,055,140530,25715,25684,941,26625,138
2022-03-21,Nevada,057,99092,15913,15963,1186,17149,123
2022-03-21,Orange,059,3164182,545393,544943,40982,585925,6841
2022-03-21,Placer,061,380077,62601,62550,7306,69856,610
2022-03-21,Plumas,063,18699,2963,2744,359,3103,13
2022-03-21,Riverside,065,2383286,590353,589707,27655,617362,6376
2022-03-21,Sacramento,067,1510023,280011,275334,26347,301681,2925
2022-03-21,San Benito,069,59416,12861,12872,509,13381,97
2022-03-21,San Bernardino,071,2135413,567914,560210,24555,584765,6807
2022-03-21,San Diego,073,3302833,749180,748833,52405,801238,5138
2022-03-21,San Francisco,075,870044,123725,123912,8169,132081,835
2022-03-21,San Joaquin,077,732212,166057,165939,9816,175755,2185
2022-03-21,San Luis Obispo,079,281455,52287,52219,3725,55944,463
2022-03-21,San Mateo,081,765935,121050,119899,6889,126788,684
2022-03-21,Santa Barbara,083,443738,85550,85416,4675,90091,672
2022-03-21,Santa Clara,085,1922200,309602,310509,12246,322755,2245
2022-03-21,Santa Cruz,087,273765,47580,47267,2072,49339,259
2022-03-21,Shasta,089,179085,30506,30523,6079,36602,525
2022-03-21,Sierra,091,2930,271,273,48,321,4
2022-03-21,Siskiyou,093,43540,4439,4426,2713,7139,80
2022-03-21,Solano,095,438530,81197,81399,5532,86931,441
2022-03-21,Sonoma,097,501317,83181,82979,2547,85526,482
2022-03-21,Stanislaus,099,539301,117264,118144,17498,135642,1571
2022-03-21,Sutter,101,95872,20438,20523,2058,22581,218
2022-03-21,Tehama,103,63373,12015,12030,2570,14600,160
2022-03-21,Trinity,105,12862,1182,1174,287,1461,20
2022-03-21,Tulare,107,460477,106252,104350,27493,131843,1389
2022-03-21,Tuolumne,109,53932,12623,12620,554,13174,180
2022-03-21,Ventura,111,848112,172815,172537,9359,181896,1452
2022-03-21,Yolo,113,214977,36894,36141,3021,39162,307
2022-03-21,Yuba,115,75493,15806,15790,1182,16972,117
2022-03-20,Alameda,001,1643700,254924,254293,13510,267803,1801
2022-03-20,Alpine,003,1148,122,122,1,123,0
2022-03-20,Amador,005,37829,8511,8460,638,9098,85
2022-03-20,Butte,007,227075,32986,32892,6720,39612,385
2022-03-20,Calaveras,009,45235,7241,7233,343,7576,119
2022-03-20,Colusa,011,21464,3435,3446,1049,4495,21
2022-03-20,Contra Costa,013,1133247,188332,187467,13021,200488,1276
2022-03-20,Del Norte,015,27424,5788,5821,183,6004,50
2022-03-20,El Dorado,017,186661,26657,26608,3195,29803,199
2022-03-20,Fresno,019,978130,230834,229297,23457,252754,2707
2022-03-20,Glenn,021,27897,4968,4972,1588,6560,46
2022-03-20,Humboldt,023,135768,16837,16913,2930,19843,139
2022-03-20,Imperial,025,180216,55276,55133,10536,65669,908
2022-03-20,Inyo,027,18085,4063,4060,469,4529,56
2022-03-20,Kern,029,883053,191512,191170,45643,236813,2187
2022-03-20,Kings,031,150075,51377,51360,3494,54854,441
2022-03-20,Lake,033,64148,10673,10652,880,11532,135
2022-03-20,Lassen,035,31185,8952,8938,873,9811,63
2022-03-20,Los Angeles,037,10098052,2703408,2694698,122937,2817635,31219
2022-03-20,Madera,039,155013,37219,37284,5999,43283,354
2022-03-20,Marin,041,260295,33304,33232,2179,35411,275
2022-03-20,Mariposa,043,17540,2390,2383,196,2579,6
2022-03-20,Mendocino,045,87422,13020,13027,2995,16022,118
2022-03-20,Merced,047,269075,62042,62041,8556,70597,803
2022-03-20,Modoc,049,8938,732,734,250,984,7
2022-03-20,Mono,051,14174,2964,2962,121,3083,5
2022-03-20,Monterey,053,433212,79134,78566,13529,92095,723
2022-03-20,Napa,055,140530,25703,25682,940,26622,138
2022-03-20,Nevada,057,99092,15909,15964,1186,17150,123
2022-03-20,Orange,059,3164182,545272,544862,40964,585826,6841
2022-03-20,Placer,061,380077,62581,62525,7306,69831,610
2022-03-20,Plumas,063,18699,2963,2744,359,3103,13
2022-03-20,Riverside,065,2383286,590256,589657,27651,617308,6376
2022-03-20,Sacramento,067,1510023,279933,275317,26332,301649,2927
2022-03-20,San Benito,069,59416,12861,12869,508,13377,97
2022-03-20,San Bernardino,071,2135413,567833,560220,24546,584766,6805
2022-03-20,San Diego,073,3302833,748944,748833,52372,801205,5138
2022-03-20,San Francisco,075,870044,123575,123858,8157,132015,835
2022-03-20,San Joaquin,077,732212,166024,165927,9812,175739,2185
2022-03-20,San Luis Obispo,079,281455,52263,52217,3722,55939,463
2022-03-20,San Mateo,081,765935,120990,119901,6883,126784,684
2022-03-20,Santa Barbara,083,443738,85525,85412,4674,90086,672
2022-03-20,Santa Clara,085,1922200,309393,310412,12238,322650,2243
2022-03-20,Santa Cruz,087,273765,47553,47265,2071,49336,259
2022-03-20,Shasta,089,179085,30496,30522,6078,36600,525
2022-03-20,Sierra,091,2930,271,273,48,321,4
2022-03-20,Siskiyou,093,43540,4438,4426,2713,7139,80
2022-03-20,Solano,095,438530,81167,81393,5530,86923,441
2022-03-20,Sonoma,097,501317,83138,82965,2546,85511,481
2022-03-20,Stanislaus,099,539301,117238,118146,17495,135641,1572
2022-03-20,Sutter,101,95872,20431,20519,2050,22569,218
2022-03-20,Tehama,103,63373,12013,12030,2570,14600,160
2022-03-20,Trinity,105,12862,1182,1174,287,1461,20
2022-03-20,Tulare,107,460477,106231,104353,27480,131833,1389
2022-03-20,Tuolumne,109,53932,12618,12617,554,13171,180
2022-03-20,Ventura,111,848112,172765,172514,9354,181868,1451
2022-03-20,Yolo,113,214977,36875,36135,3020,39155,307
2022-03-20,Yuba,115,75493,15797,15787,1180,16967,117
2022-03-19,Alameda,001,1643700,254847,253936,13508,267444,1797
2022-03-19,Alpine,003,1148,122,122,1,123,0
2022-03-19,Amador,005,37829,8508,8456,638,9094,85
2022-03-19,Butte,007,227075,32978,32856,6720,39576,385
2022-03-19,Calaveras,009,45235,7241,7229,343,7572,119
2022-03-19,Colusa,011,21464,3433,3445,1049,4494,21
2022-03-19,Contra Costa,013,1133247,188296,187225,13020,200245,1276
2022-03-19,Del Norte,015,27424,5785,5815,183,5998,48
2022-03-19,El Dorado,017,186661,26653,26618,3195,29813,199
2022-03-19,Fresno,019,978130,230811,228965,23456,252421,2694
2022-03-19,Glenn,021,27897,4968,4971,1588,6559,44
2022-03-19,Humboldt,023,135768,16831,16901,2930,19831,138
2022-03-19,Imperial,025,180216,55275,55038,10535,65573,898
2022-03-19,Inyo,027,18085,4063,4061,469,4530,56
2022-03-19,Kern,029,883053,191497,190943,45635,236578,2184
2022-03-19,Kings,031,150075,51372,51334,3494,54828,441
2022-03-19,Lake,033,64148,10673,10641,880,11521,135
2022-03-19,Lassen,035,31185,8952,8925,873,9798,63
2022-03-19,Los Angeles,037,10098052,2703034,2686759,122903,2809662,31133
2022-03-19,Madera,039,155013,37219,37273,5999,43272,354
2022-03-19,Marin,041,260295,33286,33163,2175,35338,272
2022-03-19,Mariposa,043,17540,2389,2378,196,2574,6
2022-03-19,Mendocino,045,87422,13020,13012,2995,16007,117
2022-03-19,Merced,047,269075,62036,61985,8554,70539,800
2022-03-19,Modoc,049,8938,732,734,250,984,7
2022-03-19,Mono,051,14174,2964,2961,121,3082,5
2022-03-19,Monterey,053,433212,79123,78483,13522,92005,720
2022-03-19,Napa,055,140530,25700,25654,940,26594,138
2022-03-19,Nevada,057,99092,15907,15960,1186,17146,123
2022-03-19,Orange,059,3164182,545200,543907,40948,584855,6817
2022-03-19,Placer,061,380077,62567,62483,7306,69789,605
2022-03-19,Plumas,063,18699,2963,2724,359,3083,13
2022-03-19,Riverside,065,2383286,590205,589017,27644,616661,6359
2022-03-19,Sacramento,067,1510023,279892,274855,26328,301183,2913
2022-03-19,San Benito,069,59416,12860,12859,508,13367,97
2022-03-19,San Bernardino,071,2135413,567787,559935,24544,584479,6778
2022-03-19,San Diego,073,3302833,748844,747344,52360,799704,5133
2022-03-19,San Francisco,075,870044,123505,123587,8155,131742,833
2022-03-19,San Joaquin,077,732212,165999,165765,9809,175574,2181
2022-03-19,San Luis Obispo,079,281455,52257,52174,3722,55896,463
2022-03-19,San Mateo,081,765935,120953,119782,6882,126664,667
2022-03-19,Santa Barbara,083,443738,85511,85336,4673,90009,671
2022-03-19,Santa Clara,085,1922200,309271,309918,12229,322147,2225
2022-03-19,Santa Cruz,087,273765,47545,47203,2067,49270,256
2022-03-19,Shasta,089,179085,30492,30495,6078,36573,525
2022-03-19,Sierra,091,2930,271,273,48,321,4
2022-03-19,Siskiyou,093,43540,4437,4422,2713,7135,76
2022-03-19,Solano,095,438530,81158,81340,5527,86867,441
2022-03-19,Sonoma,097,501317,83121,82838,2543,85381,472
2022-03-19,Stanislaus,099,539301,117228,118138,17493,135631,1568
2022-03-19,Sutter,101,95872,20428,20503,2050,22553,218
2022-03-19,Tehama,103,63373,12013,12007,2570,14577,160
2022-03-19,Trinity,105,12862,1182,1173,287,1460,20
2022-03-19,Tulare,107,460477,106222,104290,27475,131765,1384
2022-03-19,Tuolumne,109,53932,12617,12617,554,13171,180
2022-03-19,Ventura,111,848112,172734,172380,9353,181733,1451
2022-03-19,Yolo,113,214977,36866,36086,3020,39106,306
2022-03-19,Yuba,115,75493,15793,15768,1179,16947,117
2022-03-18,Alameda,001,1643700,254788,253936,13505,267441,1797
2022-03-18,Alpine,003,1148,122,122,1,123,0
2022-03-18,Amador,005,37829,8508,8456,638,9094,85
2022-03-18,Butte,007,227075,32973,32856,6717,39573,385
2022-03-18,Calaveras,009,45235,7241,7229,343,7572,119
2022-03-18,Colusa,011,21464,3433,3445,1049,4494,21
2022-03-18,Contra Costa,013,1133247,188264,187225,13018,200243,1276
2022-03-18,Del Norte,015,27424,5783,5815,183,5998,48
2022-03-18,El Dorado,017,186661,26648,26618,3193,29811,199
2022-03-18,Fresno,019,978130,230779,228965,23456,252421,2694
2022-03-18,Glenn,021,27897,4968,4971,1588,6559,44
2022-03-18,Humboldt,023,135768,16828,16901,2929,19830,138
2022-03-18,Imperial,025,180216,55273,55038,10535,65573,898
2022-03-18,Inyo,027,18085,4063,4061,469,4530,56
2022-03-18,Kern,029,883053,191486,190943,45632,236575,2184
2022-03-18,Kings,031,150075,51364,51334,3494,54828,441
2022-03-18,Lake,033,64148,10671,10641,879,11520,135
2022-03-18,Lassen,035,31185,8951,8925,873,9798,63
2022-03-18,Los Angeles,037,10098052,2702684,2686759,122877,2809636,31133
2022-03-18,Madera,039,155013,37214,37273,5999,43272,354
2022-03-18,Marin,041,260295,33272,33163,2175,35338,272
2022-03-18,Mariposa,043,17540,2388,2378,196,2574,6
2022-03-18,Mendocino,045,87422,13016,13012,2995,16007,117
2022-03-18,Merced,047,269075,62025,61985,8554,70539,800
2022-03-18,Modoc,049,8938,732,734,250,984,7
2022-03-18,Mono,051,14174,2963,2961,121,3082,5
2022-03-18,Monterey,053,433212,79105,78483,13520,92003,720
2022-03-18,Napa,055,140530,25697,25654,940,26594,138
2022-03-18,Nevada,057,99092,15904,15960,1185,17145,123
2022-03-18,Orange,059,3164182,545133,543907,40939,584846,6817
2022-03-18,Placer,061,380077,62558,62483,7306,69789,605
2022-03-18,Plumas,063,18699,2963,2724,359,3083,13
2022-03-18,Riverside,065,2383286,590145,589017,27640,616657,6359
2022-03-18,Sacramento,067,1510023,279856,274855,26324,301179,2913
2022-03-18,San Benito,069,59416,12858,12859,508,13367,97
2022-03-18,San Bernardino,071,2135413,567749,559935,24542,584477,6778
2022-03-18,San Diego,073,3302833,748736,747344,52345,799689,5133
2022-03-18,San Francisco,075,870044,123426,123587,8150,131737,833
2022-03-18,San Joaquin,077,732212,165984,165765,9804,175569,2181
2022-03-18,San Luis Obispo,079,281455,52251,52174,3722,55896,463
2022-03-18,San Mateo,081,765935,120918,119782,6879,126661,667
2022-03-18,Santa Barbara,083,443738,85501,85336,4672,90008,671
2022-03-18,Santa Clara,085,1922200,309167,309918,12226,322144,2225
2022-03-18,Santa Cruz,087,273765,47533,47203,2066,49269,256
2022-03-18,Shasta,089,179085,30491,30495,6078,36573,525
2022-03-18,Sierra,091,2930,271,273,48,321,4
2022-03-18,Siskiyou,093,43540,4437,4422,2713,7135,76
2022-03-18,Solano,095,438530,81147,81340,5521,86861,441
2022-03-18,Sonoma,097,501317,83100,82838,2542,85380,472
2022-03-18,Stanislaus,099,539301,117215,118138,17493,135631,1568
2022-03-18,Sutter,101,95872,20425,20503,2050,22553,218
2022-03-18,Tehama,103,63373,12012,12007,2570,14577,160
2022-03-18,Trinity,105,12862,1182,1173,287,1460,20
2022-03-18,Tulare,107,460477,106216,104290,27470,131760,1384
2022-03-18,Tuolumne,109,53932,12616,12617,554,13171,180
2022-03-18,Ventura,111,848112,172714,172380,9348,181728,1451
2022-03-18,Yolo,113,214977,36855,36086,3020,39106,306
2022-03-18,Yuba,115,75493,15791,15768,1179,16947,117
2022-03-17,Alameda,001,1643700,254688,253936,13499,267435,1797
2022-03-17,Alpine,003,1148,122,122,1,123,0
2022-03-17,Amador,005,37829,8501,8456,638,9094,85
2022-03-17,Butte,007,227075,32960,32856,6715,39571,385
2022-03-17,Calaveras,009,45235,7238,7229,343,7572,119
2022-03-17,Colusa,011,21464,3433,3445,1049,4494,21
2022-03-17,Contra Costa,013,1133247,188200,187225,13007,200232,1276
2022-03-17,Del Norte,015,27424,5781,5815,183,5998,48
2022-03-17,El Dorado,017,186661,26642,26618,3193,29811,199
2022-03-17,Fresno,019,978130,230730,228965,23453,252418,2694
2022-03-17,Glenn,021,27897,4968,4971,1588,6559,44
2022-03-17,Humboldt,023,135768,16824,16901,2927,19828,138
2022-03-17,Imperial,025,180216,55262,55038,10535,65573,898
2022-03-17,Inyo,027,18085,4063,4061,469,4530,56
2022-03-17,Kern,029,883053,191457,190943,45629,236572,2184
2022-03-17,Kings,031,150075,51361,51334,3493,54827,441
2022-03-17,Lake,033,64148,10668,10641,879,11520,135
2022-03-17,Lassen,035,31185,8949,8925,873,9798,63
2022-03-17,Los Angeles,037,10098052,2702021,2686759,122841,2809600,31133
2022-03-17,Madera,039,155013,37210,37273,5999,43272,354
2022-03-17,Marin,041,260295,33260,33163,2174,35337,272
2022-03-17,Mariposa,043,17540,2388,2378,196,2574,6
2022-03-17,Mendocino,045,87422,13012,13012,2992,16004,117
2022-03-17,Merced,047,269075,62019,61985,8552,70537,800
2022-03-17,Modoc,049,8938,732,734,250,984,7
2022-03-17,Mono,051,14174,2963,2961,120,3081,5
2022-03-17,Monterey,053,433212,79082,78483,13514,91997,720
2022-03-17,Napa,055,140530,25692,25654,940,26594,138
2022-03-17,Nevada,057,99092,15901,15960,1185,17145,123
2022-03-17,Orange,059,3164182,545039,543907,40929,584836,6817
2022-03-17,Placer,061,380077,62542,62483,7304,69787,605
2022-03-17,Plumas,063,18699,2962,2724,359,3083,13
2022-03-17,Riverside,065,2383286,590065,589017,27633,616650,6359
2022-03-17,Sacramento,067,1510023,279790,274855,26318,301173,2913
2022-03-17,San Benito,069,59416,12857,12859,508,13367,97
2022-03-17,San Bernardino,071,2135413,567685,559935,24539,584474,6778
2022-03-17,San Diego,073,3302833,748560,747344,52331,799675,5133
2022-03-17,San Francisco,075,870044,123345,123587,8145,131732,833
2022-03-17,San Joaquin,077,732212,165964,165765,9802,175567,2181
2022-03-17,San Luis Obispo,079,281455,52237,52174,3720,55894,463
2022-03-17,San Mateo,081,765935,120870,119782,6875,126657,667
2022-03-17,Santa Barbara,083,443738,85485,85336,4672,90008,671
2022-03-17,Santa Clara,085,1922200,309047,309918,12221,322139,2225
2022-03-17,Santa Cruz,087,273765,47517,47203,2064,49267,256
2022-03-17,Shasta,089,179085,30487,30495,6076,36571,525
2022-03-17,Sierra,091,2930,271,273,48,321,4
2022-03-17,Siskiyou,093,43540,4436,4422,2713,7135,76
2022-03-17,Solano,095,438530,81118,81340,5518,86858,441
2022-03-17,Sonoma,097,501317,83071,82838,2540,85378,472
2022-03-17,Stanislaus,099,539301,117201,118138,17488,135626,1568
2022-03-17,Sutter,101,95872,20415,20503,2039,22542,218
2022-03-17,Tehama,103,63373,12012,12007,2570,14577,160
2022-03-17,Trinity,105,12862,1182,1173,287,1460,20
2022-03-17,Tulare,107,460477,106200,104290,27460,131750,1384
2022-03-17,Tuolumne,109,53932,12613,12617,553,13170,180
2022-03-17,Ventura,111,848112,172665,172380,9346,181726,1451
2022-03-17,Yolo,113,214977,36841,36086,3020,39106,306
2022-03-17,Yuba,115,75493,15789,15768,1178,16946,117
2022-03-16,Alameda,001,1643700,254589,253792,13496,267288,1794
2022-03-16,Alpine,003,1148,122,122,1,123,0
2022-03-16,Amador,005,37829,8493,8449,638,9087,85
2022-03-16,Butte,007,227075,32949,32837,6710,39547,385
2022-03-16,Calaveras,009,45235,7236,7229,343,7572,120
2022-03-16,Colusa,011,21464,3433,3445,1049,4494,22
2022-03-16,Contra Costa,013,1133247,188142,187100,12996,200096,1266
2022-03-16,Del Norte,015,27424,5780,5811,181,5992,48
2022-03-16,El Dorado,017,186661,26629,26602,3192,29794,199
2022-03-16,Fresno,019,978130,230683,228786,23442,252228,2689
2022-03-16,Glenn,021,27897,4968,4969,1588,6557,44
2022-03-16,Humboldt,023,135768,16821,16893,2927,19820,138
2022-03-16,Imperial,025,180216,55250,55002,10534,65536,897
2022-03-16,Inyo,027,18085,4062,4061,469,4530,56
2022-03-16,Kern,029,883053,191415,190835,45622,236457,2170
2022-03-16,Kings,031,150075,51346,51321,3493,54814,437
2022-03-16,Lake,033,64148,10666,10633,878,11511,133
2022-03-16,Lassen,035,31185,8946,8924,873,9797,62
2022-03-16,Los Angeles,037,10098052,2701393,2685789,122800,2808589,31102
2022-03-16,Madera,039,155013,37200,37262,5998,43260,354
2022-03-16,Marin,041,260295,33239,33136,2172,35308,272
2022-03-16,Mariposa,043,17540,2386,2376,196,2572,6
2022-03-16,Mendocino,045,87422,13009,13011,2991,16002,117
2022-03-16,Merced,047,269075,62004,61959,8548,70507,798
2022-03-16,Modoc,049,8938,731,734,250,984,7
2022-03-16,Mono,051,14174,2963,2960,120,3080,5
2022-03-16,Monterey,053,433212,79060,78416,13509,91925,720
2022-03-16,Napa,055,140530,25683,25638,940,26578,138
2022-03-16,Nevada,057,99092,15899,15960,1185,17145,123
2022-03-16,Orange,059,3164182,544916,543326,40906,584232,6791
2022-03-16,Placer,061,380077,62526,62435,7302,69737,605
2022-03-16,Plumas,063,18699,2962,2723,359,3082,13
2022-03-16,Riverside,065,2383286,589968,588761,27630,616391,6351
2022-03-16,Sacramento,067,1510023,279725,274709,26311,301020,2910
2022-03-16,San Benito,069,59416,12852,12854,508,13362,97
2022-03-16,San Bernardino,071,2135413,567605,559746,24532,584278,6775
2022-03-16,San Diego,073,3302833,748355,746970,52307,799277,5126
2022-03-16,San Francisco,075,870044,123245,123446,8138,131584,831
2022-03-16,San Joaquin,077,732212,165917,165703,9799,175502,2169
2022-03-16,San Luis Obispo,079,281455,52219,52132,3716,55848,462
2022-03-16,San Mateo,081,765935,120807,119680,6867,126547,660
2022-03-16,Santa Barbara,083,443738,85452,85322,4668,89990,670
2022-03-16,Santa Clara,085,1922200,308861,309689,12206,321895,2224
2022-03-16,Santa Cruz,087,273765,47488,47161,2064,49225,255
2022-03-16,Shasta,089,179085,30478,30489,6072,36561,527
2022-03-16,Sierra,091,2930,271,273,48,321,4
2022-03-16,Siskiyou,093,43540,4433,4419,2711,7130,76
2022-03-16,Solano,095,438530,81095,81277,5516,86793,440
2022-03-16,Sonoma,097,501317,83028,82791,2531,85322,472
2022-03-16,Stanislaus,099,539301,117175,118072,17486,135558,1567
2022-03-16,Sutter,101,95872,20413,20494,2038,22532,218
2022-03-16,Tehama,103,63373,12010,11999,2570,14569,160
2022-03-16,Trinity,105,12862,1182,1173,287,1460,20
2022-03-16,Tulare,107,460477,106187,104217,27454,131671,1377
2022-03-16,Tuolumne,109,53932,12608,12610,553,13163,180
2022-03-16,Ventura,111,848112,172624,172212,9342,181554,1451
2022-03-16,Yolo,113,214977,36818,36079,3019,39098,307
2022-03-16,Yuba,115,75493,15784,15758,1178,16936,117
2022-03-15,Alameda,001,1643700,254457,253694,13487,267181,1793
2022-03-15,Alpine,003,1148,122,122,1,123,0
2022-03-15,Amador,005,37829,8490,8448,638,9086,85
2022-03-15,Butte,007,227075,32936,32822,6709,39531,385
2022-03-15,Calaveras,009,45235,7234,7236,343,7579,118
2022-03-15,Colusa,011,21464,3433,3445,1049,4494,21
2022-03-15,Contra Costa,013,1133247,188061,187021,12989,200010,1265
2022-03-15,Del Norte,015,27424,5777,5806,178,5984,48
2022-03-15,El Dorado,017,186661,26626,26596,3192,29788,199
2022-03-15,Fresno,019,978130,230640,228631,23433,252064,2689
2022-03-15,Glenn,021,27897,4966,4966,1588,6554,44
2022-03-15,Humboldt,023,135768,16815,16889,2926,19815,138
2022-03-15,Imperial,025,180216,55240,54981,10530,65511,896
2022-03-15,Inyo,027,18085,4062,4062,468,4530,56
2022-03-15,Kern,029,883053,191386,190645,45612,236257,2168
2022-03-15,Kings,031,150075,51327,51317,3489,54806,437
2022-03-15,Lake,033,64148,10662,10631,878,11509,131
2022-03-15,Lassen,035,31185,8944,8926,873,9799,62
2022-03-15,Los Angeles,037,10098052,2700712,2685071,122744,2807815,31077
2022-03-15,Madera,039,155013,37191,37258,5997,43255,354
2022-03-15,Marin,041,260295,33216,33111,2171,35282,272
2022-03-15,Mariposa,043,17540,2384,2377,196,2573,6
2022-03-15,Mendocino,045,87422,13004,13005,2990,15995,117
2022-03-15,Merced,047,269075,61986,61916,8539,70455,798
2022-03-15,Modoc,049,8938,731,733,250,983,7
2022-03-15,Mono,051,14174,2963,2961,120,3081,5
2022-03-15,Monterey,053,433212,79030,78400,13501,91901,718
2022-03-15,Napa,055,140530,25675,25657,938,26595,138
2022-03-15,Nevada,057,99092,15897,15960,1183,17143,123
2022-03-15,Orange,059,3164182,544775,543197,40899,584096,6780
2022-03-15,Placer,061,380077,62509,62398,7298,69696,604
2022-03-15,Plumas,063,18699,2961,2722,359,3081,13
2022-03-15,Riverside,065,2383286,589868,588622,27622,616244,6333
2022-03-15,Sacramento,067,1510023,279639,274633,26305,300938,2907
2022-03-15,San Benito,069,59416,12848,12849,508,13357,95
2022-03-15,San Bernardino,071,2135413,567530,559605,24529,584134,6770
2022-03-15,San Diego,073,3302833,748111,746474,52285,798759,5116
2022-03-15,San Francisco,075,870044,123128,123526,8129,131655,831
2022-03-15,San Joaquin,077,732212,165874,165664,9793,175457,2161
2022-03-15,San Luis Obispo,079,281455,52209,52060,3712,55772,458
2022-03-15,San Mateo,081,765935,120756,119586,6861,126447,649
2022-03-15,Santa Barbara,083,443738,85427,85353,4664,90017,668
2022-03-15,Santa Clara,085,1922200,308700,309535,12194,321729,2224
2022-03-15,Santa Cruz,087,273765,47435,47117,2064,49181,255
2022-03-15,Shasta,089,179085,30469,30476,6069,36545,524
2022-03-15,Sierra,091,2930,271,273,48,321,4
2022-03-15,Siskiyou,093,43540,4433,4420,2711,7131,76
2022-03-15,Solano,095,438530,81060,81260,5515,86775,440
2022-03-15,Sonoma,097,501317,82988,82737,2531,85268,472
2022-03-15,Stanislaus,099,539301,117157,118085,17483,135568,1567
2022-03-15,Sutter,101,95872,20410,20480,2029,22509,217
2022-03-15,Tehama,103,63373,12007,11997,2570,14567,160
2022-03-15,Trinity,105,12862,1182,1173,287,1460,20
2022-03-15,Tulare,107,460477,106168,104153,27442,131595,1375
2022-03-15,Tuolumne,109,53932,12604,12602,553,13155,180
2022-03-15,Ventura,111,848112,172579,172150,9339,181489,1451
2022-03-15,Yolo,113,214977,36802,36079,3015,39094,308
2022-03-15,Yuba,115,75493,15776,15756,1178,16934,116
2022-03-14,Alameda,001,1643700,254345,253629,13483,267112,1791
2022-03-14,Alpine,003,1148,122,122,1,123,0
2022-03-14,Amador,005,37829,8485,8448,638,9086,85
2022-03-14,Butte,007,227075,32918,32812,6709,39521,385
2022-03-14,Calaveras,009,45235,7233,7245,343,7588,118
2022-03-14,Colusa,011,21464,3432,3445,1049,4494,21
2022-03-14,Contra Costa,013,1133247,187968,186969,12981,199950,1265
2022-03-14,Del Norte,015,27424,5771,5807,178,5985,48
2022-03-14,El Dorado,017,186661,26621,26570,3192,29762,199
2022-03-14,Fresno,019,978130,230566,228470,23423,251893,2682
2022-03-14,Glenn,021,27897,4964,4966,1588,6554,44
2022-03-14,Humboldt,023,135768,16808,16890,2924,19814,137
2022-03-14,Imperial,025,180216,55229,54933,10529,65462,897
2022-03-14,Inyo,027,18085,4062,4062,468,4530,56
2022-03-14,Kern,029,883053,191351,190526,45601,236127,2166
2022-03-14,Kings,031,150075,51309,51293,3488,54781,437
2022-03-14,Lake,033,64148,10659,10631,878,11509,131
2022-03-14,Lassen,035,31185,8944,8927,872,9799,62
2022-03-14,Los Angeles,037,10098052,2700081,2683369,122677,2806046,31034
2022-03-14,Madera,039,155013,37184,37255,5996,43251,354
2022-03-14,Marin,041,260295,33187,33099,2171,35270,272
2022-03-14,Mariposa,043,17540,2383,2376,196,2572,6
2022-03-14,Mendocino,045,87422,12999,12992,2983,15975,117
2022-03-14,Merced,047,269075,61967,61905,8537,70442,795
2022-03-14,Modoc,049,8938,730,731,250,981,7
2022-03-14,Mono,051,14174,2962,2961,120,3081,5
2022-03-14,Monterey,053,433212,79015,78376,13466,91842,718
2022-03-14,Napa,055,140530,25661,25649,938,26587,138
2022-03-14,Nevada,057,99092,15895,15954,1183,17137,123
2022-03-14,Orange,059,3164182,544637,543099,40891,583990,6775
2022-03-14,Placer,061,380077,62491,62389,7296,69685,601
2022-03-14,Plumas,063,18699,2961,2711,359,3070,13
2022-03-14,Riverside,065,2383286,589733,588531,27612,616143,6332
2022-03-14,Sacramento,067,1510023,279558,274682,26300,300982,2899
2022-03-14,San Benito,069,59416,12843,12846,507,13353,95
2022-03-14,San Bernardino,071,2135413,567443,559505,24524,584029,6767
2022-03-14,San Diego,073,3302833,747808,745515,52257,797772,5108
2022-03-14,San Francisco,075,870044,123037,123575,8123,131698,824
2022-03-14,San Joaquin,077,732212,165835,165662,9792,175454,2142
2022-03-14,San Luis Obispo,079,281455,52181,52046,3709,55755,458
2022-03-14,San Mateo,081,765935,120683,119564,6859,126423,649
2022-03-14,Santa Barbara,083,443738,85390,85396,4663,90059,667
2022-03-14,Santa Clara,085,1922200,308516,309600,12190,321790,2223
2022-03-14,Santa Cruz,087,273765,47397,47107,2062,49169,255
2022-03-14,Shasta,089,179085,30464,30462,6066,36528,520
2022-03-14,Sierra,091,2930,271,273,48,321,4
2022-03-14,Siskiyou,093,43540,4428,4419,2710,7129,76
2022-03-14,Solano,095,438530,81012,81233,5510,86743,440
2022-03-14,Sonoma,097,501317,82952,82731,2527,85258,473
2022-03-14,Stanislaus,099,539301,117121,118088,17479,135567,1567
2022-03-14,Sutter,101,95872,20403,20478,2029,22507,217
2022-03-14,Tehama,103,63373,12005,11996,2570,14566,160
2022-03-14,Trinity,105,12862,1182,1172,287,1459,20
2022-03-14,Tulare,107,460477,106139,104121,27435,131556,1365
2022-03-14,Tuolumne,109,53932,12603,12567,552,13119,180
2022-03-14,Ventura,111,848112,172526,172107,9337,181444,1442
2022-03-14,Yolo,113,214977,36786,36059,3013,39072,308
2022-03-14,Yuba,115,75493,15764,15748,1178,16926,116
2022-03-13,Alameda,001,1643700,254221,253547,13475,267022,1792
2022-03-13,Alpine,003,1148,122,122,1,123,0
2022-03-13,Amador,005,37829,8483,8444,638,9082,85
2022-03-13,Butte,007,227075,32898,32806,6706,39512,384
2022-03-13,Calaveras,009,45235,7228,7253,343,7596,118
2022-03-13,Colusa,011,21464,3432,3444,1047,4491,21
2022-03-13,Contra Costa,013,1133247,187871,186911,12968,199879,1265
2022-03-13,Del Norte,015,27424,5767,5808,178,5986,48
2022-03-13,El Dorado,017,186661,26616,26563,3191,29754,199
2022-03-13,Fresno,019,978130,230486,228421,23409,251830,2683
2022-03-13,Glenn,021,27897,4960,4966,1587,6553,44
2022-03-13,Humboldt,023,135768,16800,16883,2924,19807,137
2022-03-13,Imperial,025,180216,55218,54934,10527,65461,897
2022-03-13,Inyo,027,18085,4062,4062,467,4529,56
2022-03-13,Kern,029,883053,191297,190495,45589,236084,2166
2022-03-13,Kings,031,150075,51301,51273,3488,54761,437
2022-03-13,Lake,033,64148,10656,10626,878,11504,131
2022-03-13,Lassen,035,31185,8943,8929,871,9800,62
2022-03-13,Los Angeles,037,10098052,2699356,2683351,122634,2805985,31034
2022-03-13,Madera,039,155013,37176,37248,5996,43244,354
2022-03-13,Marin,041,260295,33163,33083,2169,35252,272
2022-03-13,Mariposa,043,17540,2381,2376,196,2572,6
2022-03-13,Mendocino,045,87422,12993,12987,2978,15965,117
2022-03-13,Merced,047,269075,61944,61895,8528,70423,795
2022-03-13,Modoc,049,8938,730,731,250,981,7
2022-03-13,Mono,051,14174,2962,2961,120,3081,5
2022-03-13,Monterey,053,433212,78979,78366,13418,91784,718
2022-03-13,Napa,055,140530,25647,25639,937,26576,138
2022-03-13,Nevada,057,99092,15888,15959,1183,17142,123
2022-03-13,Orange,059,3164182,544515,543036,40867,583903,6774
2022-03-13,Placer,061,380077,62464,62372,7293,69665,601
2022-03-13,Plumas,063,18699,2961,2711,359,3070,13
2022-03-13,Riverside,065,2383286,589600,588487,27606,616093,6332
2022-03-13,Sacramento,067,1510023,279460,274715,26288,301003,2899
2022-03-13,San Benito,069,59416,12837,12844,505,13349,95
2022-03-13,San Bernardino,071,2135413,567351,559450,24514,583964,6767
2022-03-13,San Diego,073,3302833,747466,745515,52223,797738,5108
2022-03-13,San Francisco,075,870044,122916,123622,8117,131739,824
2022-03-13,San Joaquin,077,732212,165786,165641,9790,175431,2142
2022-03-13,San Luis Obispo,079,281455,52152,52040,3706,55746,458
2022-03-13,San Mateo,081,765935,120605,119521,6850,126371,649
2022-03-13,Santa Barbara,083,443738,85350,85453,4661,90114,667
2022-03-13,Santa Clara,085,1922200,308345,309493,12182,321675,2225
2022-03-13,Santa Cruz,087,273765,47346,47087,2062,49149,255
2022-03-13,Shasta,089,179085,30447,30457,6064,36521,520
2022-03-13,Sierra,091,2930,271,273,48,321,4
2022-03-13,Siskiyou,093,43540,4428,4418,2710,7128,76
2022-03-13,Solano,095,438530,80977,81217,5506,86723,440
2022-03-13,Sonoma,097,501317,82917,82711,2524,85235,473
2022-03-13,Stanislaus,099,539301,117087,118075,17476,135551,1567
2022-03-13,Sutter,101,95872,20399,20474,2029,22503,217
2022-03-13,Tehama,103,63373,12004,11997,2569,14566,160
2022-03-13,Trinity,105,12862,1182,1172,287,1459,20
2022-03-13,Tulare,107,460477,106106,104119,27427,131546,1365
2022-03-13,Tuolumne,109,53932,12600,12565,552,13117,180
2022-03-13,Ventura,111,848112,172468,172080,9330,181410,1442
2022-03-13,Yolo,113,214977,36767,36019,3011,39030,308
2022-03-13,Yuba,115,75493,15759,15741,1178,16919,116
2022-03-12,Alameda,001,1643700,254154,253079,13470,266549,1783
2022-03-12,Alpine,003,1148,122,122,1,123,0
2022-03-12,Amador,005,37829,8479,8427,638,9065,84
2022-03-12,Butte,007,227075,32894,32774,6705,39479,380
2022-03-12,Calaveras,009,45235,7227,7253,343,7596,118
2022-03-12,Colusa,011,21464,3432,3440,1047,4487,21
2022-03-12,Contra Costa,013,1133247,187828,186618,12967,199585,1256
2022-03-12,Del Norte,015,27424,5766,5791,178,5969,48
2022-03-12,El Dorado,017,186661,26612,26538,3191,29729,199
2022-03-12,Fresno,019,978130,230464,228041,23409,251450,2653
2022-03-12,Glenn,021,27897,4960,4955,1587,6542,44
2022-03-12,Humboldt,023,135768,16796,16862,2923,19785,137
2022-03-12,Imperial,025,180216,55213,54837,10524,65361,896
2022-03-12,Inyo,027,18085,4062,4056,467,4523,56
2022-03-12,Kern,029,883053,191280,190330,45584,235914,2162
2022-03-12,Kings,031,150075,51295,51145,3488,54633,436
2022-03-12,Lake,033,64148,10654,10594,877,11471,131
2022-03-12,Lassen,035,31185,8942,8915,871,9786,62
2022-03-12,Los Angeles,037,10098052,2699030,2678858,122614,2801472,30901
2022-03-12,Madera,039,155013,37171,37223,5996,43219,354
2022-03-12,Marin,041,260295,33139,33015,2168,35183,272
2022-03-12,Mariposa,043,17540,2381,2372,196,2568,6
2022-03-12,Mendocino,045,87422,12989,12965,2978,15943,117
2022-03-12,Merced,047,269075,61937,61840,8527,70367,795
2022-03-12,Modoc,049,8938,730,730,250,980,7
2022-03-12,Mono,051,14174,2962,2960,119,3079,5
2022-03-12,Monterey,053,433212,78972,78285,13416,91701,716
2022-03-12,Napa,055,140530,25637,25584,936,26520,138
2022-03-12,Nevada,057,99092,15882,15947,1183,17130,123
2022-03-12,Orange,059,3164182,544449,542354,40858,583212,6718
2022-03-12,Placer,061,380077,62455,62282,7293,69575,598
2022-03-12,Plumas,063,18699,2961,2707,359,3066,13
2022-03-12,Riverside,065,2383286,589535,588022,27601,615623,6317
2022-03-12,Sacramento,067,1510023,279420,274519,26284,300803,2886
2022-03-12,San Benito,069,59416,12834,12868,505,13373,95
2022-03-12,San Bernardino,071,2135413,567307,559013,24513,583526,6734
2022-03-12,San Diego,073,3302833,747344,744386,52201,796587,5090
2022-03-12,San Francisco,075,870044,122851,123610,8111,131721,823
2022-03-12,San Joaquin,077,732212,165769,165516,9787,175303,2117
2022-03-12,San Luis Obispo,079,281455,52143,51947,3703,55650,457
2022-03-12,San Mateo,081,765935,120569,119288,6849,126137,641
2022-03-12,Santa Barbara,083,443738,85331,85421,4661,90082,664
2022-03-12,Santa Clara,085,1922200,308247,308989,12177,321166,2208
2022-03-12,Santa Cruz,087,273765,47333,46982,2061,49043,254
2022-03-12,Shasta,089,179085,30435,30419,6062,36481,517
2022-03-12,Sierra,091,2930,271,273,48,321,4
2022-03-12,Siskiyou,093,43540,4428,4405,2710,7115,75
2022-03-12,Solano,095,438530,80963,81058,5506,86564,436
2022-03-12,Sonoma,097,501317,82900,82622,2522,85144,473
2022-03-12,Stanislaus,099,539301,117073,117884,17475,135359,1564
2022-03-12,Sutter,101,95872,20398,20429,2029,22458,217
2022-03-12,Tehama,103,63373,12004,11983,2569,14552,159
2022-03-12,Trinity,105,12862,1181,1172,287,1459,20
2022-03-12,Tulare,107,460477,106101,103994,27423,131417,1358
2022-03-12,Tuolumne,109,53932,12599,12476,552,13028,180
2022-03-12,Ventura,111,848112,172443,171932,9329,181261,1442
2022-03-12,Yolo,113,214977,36760,35982,3009,38991,308
2022-03-12,Yuba,115,75493,15759,15722,1178,16900,116
2022-03-11,Alameda,001,1643700,254089,253079,13470,266549,1783
2022-03-11,Alpine,003,1148,122,122,1,123,0
2022-03-11,Amador,005,37829,8477,8427,638,9065,84
2022-03-11,Butte,007,227075,32890,32774,6704,39478,380
2022-03-11,Calaveras,009,45235,7227,7253,343,7596,118
2022-03-11,Colusa,011,21464,3432,3440,1047,4487,21
2022-03-11,Contra Costa,013,1133247,187780,186618,12965,199583,1256
2022-03-11,Del Norte,015,27424,5762,5791,178,5969,48
2022-03-11,El Dorado,017,186661,26608,26538,3191,29729,199
2022-03-11,Fresno,019,978130,230408,228041,23405,251446,2653
2022-03-11,Glenn,021,27897,4960,4955,1587,6542,44
2022-03-11,Humboldt,023,135768,16791,16862,2922,19784,137
2022-03-11,Imperial,025,180216,55207,54837,10523,65360,896
2022-03-11,Inyo,027,18085,4062,4056,467,4523,56
2022-03-11,Kern,029,883053,191259,190330,45579,235909,2162
2022-03-11,Kings,031,150075,51275,51145,3488,54633,436
2022-03-11,Lake,033,64148,10650,10594,877,11471,131
2022-03-11,Lassen,035,31185,8941,8915,871,9786,62
2022-03-11,Los Angeles,037,10098052,2698710,2678858,122589,2801447,30901
2022-03-11,Madera,039,155013,37166,37223,5996,43219,354
2022-03-11,Marin,041,260295,33123,33015,2167,35182,272
2022-03-11,Mariposa,043,17540,2380,2372,196,2568,6
2022-03-11,Mendocino,045,87422,12983,12965,2978,15943,117
2022-03-11,Merced,047,269075,61927,61840,8525,70365,795
2022-03-11,Modoc,049,8938,730,730,250,980,7
2022-03-11,Mono,051,14174,2961,2960,119,3079,5
2022-03-11,Monterey,053,433212,78959,78285,13409,91694,716
2022-03-11,Napa,055,140530,25626,25584,936,26520,138
2022-03-11,Nevada,057,99092,15879,15947,1183,17130,123
2022-03-11,Orange,059,3164182,544379,542354,40844,583198,6718
2022-03-11,Placer,061,380077,62444,62282,7292,69574,598
2022-03-11,Plumas,063,18699,2959,2707,359,3066,13
2022-03-11,Riverside,065,2383286,589457,588022,27597,615619,6317
2022-03-11,Sacramento,067,1510023,279352,274519,26281,300800,2886
2022-03-11,San Benito,069,59416,12833,12868,505,13373,95
2022-03-11,San Bernardino,071,2135413,567250,559013,24508,583521,6734
2022-03-11,San Diego,073,3302833,747178,744386,52187,796573,5090
2022-03-11,San Francisco,075,870044,122800,123610,8107,131717,823
2022-03-11,San Joaquin,077,732212,165735,165516,9784,175300,2117
2022-03-11,San Luis Obispo,079,281455,52135,51947,3702,55649,457
2022-03-11,San Mateo,081,765935,120520,119288,6846,126134,641
2022-03-11,Santa Barbara,083,443738,85311,85421,4660,90081,664
2022-03-11,Santa Clara,085,1922200,308147,308989,12174,321163,2208
2022-03-11,Santa Cruz,087,273765,47318,46982,2061,49043,254
2022-03-11,Shasta,089,179085,30430,30419,6059,36478,517
2022-03-11,Sierra,091,2930,271,273,48,321,4
2022-03-11,Siskiyou,093,43540,4426,4405,2708,7113,75
2022-03-11,Solano,095,438530,80949,81058,5505,86563,436
2022-03-11,Sonoma,097,501317,82875,82622,2520,85142,473
2022-03-11,Stanislaus,099,539301,117059,117884,17474,135358,1564
2022-03-11,Sutter,101,95872,20396,20429,2029,22458,217
2022-03-11,Tehama,103,63373,12002,11983,2569,14552,159
2022-03-11,Trinity,105,12862,1181,1172,287,1459,20
2022-03-11,Tulare,107,460477,106087,103994,27417,131411,1358
2022-03-11,Tuolumne,109,53932,12597,12476,552,13028,180
2022-03-11,Ventura,111,848112,172407,171932,9324,181256,1442
2022-03-11,Yolo,113,214977,36749,35982,3009,38991,308
2022-03-11,Yuba,115,75493,15756,15722,1178,16900,116
2022-03-10,Alameda,001,1643700,253979,253079,13464,266543,1783
2022-03-10,Alpine,003,1148,122,122,1,123,0
2022-03-10,Amador,005,37829,8476,8427,638,9065,84
2022-03-10,Butte,007,227075,32876,32774,6702,39476,380
2022-03-10,Calaveras,009,45235,7226,7253,342,7595,118
2022-03-10,Colusa,011,21464,3432,3440,1047,4487,21
2022-03-10,Contra Costa,013,1133247,187696,186618,12955,199573,1256
2022-03-10,Del Norte,015,27424,5753,5791,178,5969,48
2022-03-10,El Dorado,017,186661,26596,26538,3190,29728,199
2022-03-10,Fresno,019,978130,230334,228041,23395,251436,2653
2022-03-10,Glenn,021,27897,4958,4955,1587,6542,44
2022-03-10,Humboldt,023,135768,16782,16862,2921,19783,137
2022-03-10,Imperial,025,180216,55197,54837,10522,65359,896
2022-03-10,Inyo,027,18085,4061,4056,467,4523,56
2022-03-10,Kern,029,883053,191226,190330,45565,235895,2162
2022-03-10,Kings,031,150075,51246,51145,3487,54632,436
2022-03-10,Lake,033,64148,10640,10594,876,11470,131
2022-03-10,Lassen,035,31185,8941,8915,871,9786,62
2022-03-10,Los Angeles,037,10098052,2698156,2678858,122550,2801408,30901
2022-03-10,Madera,039,155013,37160,37223,5989,43212,354
2022-03-10,Marin,041,260295,33110,33015,2163,35178,272
2022-03-10,Mariposa,043,17540,2380,2372,196,2568,6
2022-03-10,Mendocino,045,87422,12980,12965,2978,15943,117
2022-03-10,Merced,047,269075,61911,61840,8520,70360,795
2022-03-10,Modoc,049,8938,729,730,250,980,7
2022-03-10,Mono,051,14174,2961,2960,119,3079,5
2022-03-10,Monterey,053,433212,78936,78285,13384,91669,716
2022-03-10,Napa,055,140530,25617,25584,935,26519,138
2022-03-10,Nevada,057,99092,15872,15947,1183,17130,123
2022-03-10,Orange,059,3164182,544254,542354,40827,583181,6718
2022-03-10,Placer,061,380077,62422,62282,7287,69569,598
2022-03-10,Plumas,063,18699,2958,2707,359,3066,13
2022-03-10,Riverside,065,2383286,589342,588022,27592,615614,6317
2022-03-10,Sacramento,067,1510023,279275,274519,26275,300794,2886
2022-03-10,San Benito,069,59416,12832,12868,504,13372,95
2022-03-10,San Bernardino,071,2135413,567177,559013,24504,583517,6734
2022-03-10,San Diego,073,3302833,746920,744386,52156,796542,5090
2022-03-10,San Francisco,075,870044,122732,123610,8101,131711,823
2022-03-10,San Joaquin,077,732212,165704,165516,9782,175298,2117
2022-03-10,San Luis Obispo,079,281455,52112,51947,3699,55646,457
2022-03-10,San Mateo,081,765935,120457,119288,6844,126132,641
2022-03-10,Santa Barbara,083,443738,85279,85421,4659,90080,664
2022-03-10,Santa Clara,085,1922200,308021,308989,12166,321155,2208
2022-03-10,Santa Cruz,087,273765,47286,46982,2061,49043,254
2022-03-10,Shasta,089,179085,30421,30419,6057,36476,517
2022-03-10,Sierra,091,2930,271,273,48,321,4
2022-03-10,Siskiyou,093,43540,4426,4405,2708,7113,75
2022-03-10,Solano,095,438530,80913,81058,5500,86558,436
2022-03-10,Sonoma,097,501317,82848,82622,2520,85142,473
2022-03-10,Stanislaus,099,539301,117024,117884,17472,135356,1564
2022-03-10,Sutter,101,95872,20392,20429,2029,22458,217
2022-03-10,Tehama,103,63373,12001,11983,2569,14552,159
2022-03-10,Trinity,105,12862,1181,1172,287,1459,20
2022-03-10,Tulare,107,460477,106068,103994,27411,131405,1358
2022-03-10,Tuolumne,109,53932,12594,12476,552,13028,180
2022-03-10,Ventura,111,848112,172366,171932,9321,181253,1442
2022-03-10,Yolo,113,214977,36736,35982,3008,38990,308
2022-03-10,Yuba,115,75493,15746,15722,1177,16899,116
2022-03-09,Alameda,001,1643700,253856,252893,13459,266352,1781
2022-03-09,Alpine,003,1148,122,125,1,126,0
2022-03-09,Amador,005,37829,8470,8409,638,9047,84
2022-03-09,Butte,007,227075,32867,32767,6698,39465,380
2022-03-09,Calaveras,009,45235,7224,7249,342,7591,117
2022-03-09,Colusa,011,21464,3431,3439,1047,4486,21
2022-03-09,Contra Costa,013,1133247,187601,186483,12940,199423,1256
2022-03-09,Del Norte,015,27424,5749,5765,178,5943,48
2022-03-09,El Dorado,017,186661,26591,26515,3190,29705,198
2022-03-09,Fresno,019,978130,230236,227885,23388,251273,2653
2022-03-09,Glenn,021,27897,4956,4953,1586,6539,44
2022-03-09,Humboldt,023,135768,16777,16854,2918,19772,137
2022-03-09,Imperial,025,180216,55192,54764,10520,65284,894
2022-03-09,Inyo,027,18085,4061,4056,467,4523,56
2022-03-09,Kern,029,883053,191178,190254,45553,235807,2159
2022-03-09,Kings,031,150075,51225,51122,3487,54609,435
2022-03-09,Lake,033,64148,10633,10586,876,11462,130
2022-03-09,Lassen,035,31185,8941,8901,871,9772,62
2022-03-09,Los Angeles,037,10098052,2697507,2677901,122511,2800412,30842
2022-03-09,Madera,039,155013,37153,37207,5988,43195,354
2022-03-09,Marin,041,260295,33092,32967,2163,35130,272
2022-03-09,Mariposa,043,17540,2377,2372,196,2568,6
2022-03-09,Mendocino,045,87422,12976,12957,2973,15930,117
2022-03-09,Merced,047,269075,61896,61792,8514,70306,792
2022-03-09,Modoc,049,8938,728,730,249,979,7
2022-03-09,Mono,051,14174,2961,2962,119,3081,5
2022-03-09,Monterey,053,433212,78914,78258,13341,91599,716
2022-03-09,Napa,055,140530,25596,25561,934,26495,138
2022-03-09,Nevada,057,99092,15863,15938,1182,17120,123
2022-03-09,Orange,059,3164182,544123,542278,40815,583093,6700
2022-03-09,Placer,061,380077,62401,62242,7283,69525,598
2022-03-09,Plumas,063,18699,2957,2708,359,3067,13
2022-03-09,Riverside,065,2383286,589246,587833,27582,615415,6305
2022-03-09,Sacramento,067,1510023,279190,274373,26259,300632,2877
2022-03-09,San Benito,069,59416,12829,12864,504,13368,95
2022-03-09,San Bernardino,071,2135413,567084,558795,24493,583288,6723
2022-03-09,San Diego,073,3302833,746649,743956,52129,796085,5083
2022-03-09,San Francisco,075,870044,122642,123676,8097,131773,812
2022-03-09,San Joaquin,077,732212,165664,165444,9776,175220,2113
2022-03-09,San Luis Obispo,079,281455,52093,51923,3697,55620,457
2022-03-09,San Mateo,081,765935,120399,119194,6832,126026,639
2022-03-09,Santa Barbara,083,443738,85264,85382,4657,90039,661
2022-03-09,Santa Clara,085,1922200,307884,308765,12156,320921,2206
2022-03-09,Santa Cruz,087,273765,47246,46917,2060,48977,254
2022-03-09,Shasta,089,179085,30399,30407,6056,36463,493
2022-03-09,Sierra,091,2930,271,273,48,321,4
2022-03-09,Siskiyou,093,43540,4424,4403,2707,7110,75
2022-03-09,Solano,095,438530,80877,80984,5499,86483,436
2022-03-09,Sonoma,097,501317,82815,82574,2518,85092,473
2022-03-09,Stanislaus,099,539301,116987,117827,17467,135294,1541
2022-03-09,Sutter,101,95872,20381,20409,2025,22434,217
2022-03-09,Tehama,103,63373,11997,11980,2569,14549,159
2022-03-09,Trinity,105,12862,1181,1174,287,1461,20
2022-03-09,Tulare,107,460477,106040,103932,27398,131330,1350
2022-03-09,Tuolumne,109,53932,12592,12444,552,12996,180
2022-03-09,Ventura,111,848112,172316,171852,9318,181170,1448
2022-03-09,Yolo,113,214977,36717,35973,2996,38969,308
2022-03-09,Yuba,115,75493,15741,15714,1176,16890,115
2022-03-08,Alameda,001,1643700,253703,252744,13447,266191,1769
2022-03-08,Alpine,003,1148,122,125,1,126,0
2022-03-08,Amador,005,37829,8456,8407,638,9045,84
2022-03-08,Butte,007,227075,32854,32759,6694,39453,380
2022-03-08,Calaveras,009,45235,7220,7245,342,7587,117
2022-03-08,Colusa,011,21464,3428,3439,1046,4485,21
2022-03-08,Contra Costa,013,1133247,187514,186396,12927,199323,1256
2022-03-08,Del Norte,015,27424,5744,5763,178,5941,48
2022-03-08,El Dorado,017,186661,26581,26503,3184,29687,197
2022-03-08,Fresno,019,978130,230137,227808,23379,251187,2653
2022-03-08,Glenn,021,27897,4955,4944,1585,6529,43
2022-03-08,Humboldt,023,135768,16765,16837,2905,19742,137
2022-03-08,Imperial,025,180216,55177,54721,10518,65239,890
2022-03-08,Inyo,027,18085,4058,4056,467,4523,56
2022-03-08,Kern,029,883053,191114,190208,45539,235747,2154
2022-03-08,Kings,031,150075,51183,51089,3485,54574,434
2022-03-08,Lake,033,64148,10623,10571,876,11447,130
2022-03-08,Lassen,035,31185,8940,8897,871,9768,62
2022-03-08,Los Angeles,037,10098052,2696813,2677166,122473,2799639,30803
2022-03-08,Madera,039,155013,37143,37185,5987,43172,354
2022-03-08,Marin,041,260295,33055,32943,2162,35105,272
2022-03-08,Mariposa,043,17540,2375,2371,196,2567,6
2022-03-08,Mendocino,045,87422,12972,12950,2972,15922,117
2022-03-08,Merced,047,269075,61876,61767,8504,70271,791
2022-03-08,Modoc,049,8938,727,729,249,978,7
2022-03-08,Mono,051,14174,2960,2961,119,3080,5
2022-03-08,Monterey,053,433212,78894,78247,13304,91551,711
2022-03-08,Napa,055,140530,25570,25528,933,26461,137
2022-03-08,Nevada,057,99092,15852,15939,1181,17120,122
2022-03-08,Orange,059,3164182,543973,542164,40795,582959,6692
2022-03-08,Placer,061,380077,62374,62221,7282,69503,594
2022-03-08,Plumas,063,18699,2957,2703,359,3062,13
2022-03-08,Riverside,065,2383286,589137,587686,27575,615261,6294
2022-03-08,Sacramento,067,1510023,279096,274276,26240,300516,2872
2022-03-08,San Benito,069,59416,12827,12855,504,13359,94
2022-03-08,San Bernardino,071,2135413,566990,558512,24484,582996,6715
2022-03-08,San Diego,073,3302833,746305,743604,52112,795716,5077
2022-03-08,San Francisco,075,870044,122553,123675,8092,131767,807
2022-03-08,San Joaquin,077,732212,165629,165381,9772,175153,2104
2022-03-08,San Luis Obispo,079,281455,52066,51900,3694,55594,451
2022-03-08,San Mateo,081,765935,120318,119103,6822,125925,638
2022-03-08,Santa Barbara,083,443738,85232,85363,4657,90020,659
2022-03-08,Santa Clara,085,1922200,307675,308528,12148,320676,2206
2022-03-08,Santa Cruz,087,273765,47210,46875,2059,48934,254
2022-03-08,Shasta,089,179085,30380,30372,6053,36425,493
2022-03-08,Sierra,091,2930,271,273,48,321,4
2022-03-08,Siskiyou,093,43540,4420,4404,2707,7111,74
2022-03-08,Solano,095,438530,80849,80924,5496,86420,434
2022-03-08,Sonoma,097,501317,82767,82571,2517,85088,473
2022-03-08,Stanislaus,099,539301,116943,117782,17458,135240,1541
2022-03-08,Sutter,101,95872,20373,20403,2025,22428,217
2022-03-08,Tehama,103,63373,11993,11972,2568,14540,158
2022-03-08,Trinity,105,12862,1181,1174,287,1461,20
2022-03-08,Tulare,107,460477,106001,103893,27387,131280,1334
2022-03-08,Tuolumne,109,53932,12587,12427,550,12977,180
2022-03-08,Ventura,111,848112,172252,171806,9311,181117,1447
2022-03-08,Yolo,113,214977,36691,35946,2995,38941,306
2022-03-08,Yuba,115,75493,15735,15705,1175,16880,115
2022-03-07,Alameda,001,1643700,253501,252578,13432,266010,1766
2022-03-07,Alpine,003,1148,122,125,1,126,0
2022-03-07,Amador,005,37829,8453,8368,638,9006,84
2022-03-07,Butte,007,227075,32839,32734,6691,39425,378
2022-03-07,Calaveras,009,45235,7216,7242,342,7584,116
2022-03-07,Colusa,011,21464,3426,3437,1046,4483,21
2022-03-07,Contra Costa,013,1133247,187415,186087,12906,198993,1256
2022-03-07,Del Norte,015,27424,5740,5758,178,5936,48
2022-03-07,El Dorado,017,186661,26575,26487,3183,29670,196
2022-03-07,Fresno,019,978130,230047,227670,23356,251026,2653
2022-03-07,Glenn,021,27897,4949,4939,1585,6524,43
2022-03-07,Humboldt,023,135768,16752,16829,2900,19729,137
2022-03-07,Imperial,025,180216,55155,54712,10513,65225,890
2022-03-07,Inyo,027,18085,4056,4054,467,4521,56
2022-03-07,Kern,029,883053,191056,190163,45516,235679,2152
2022-03-07,Kings,031,150075,51153,51065,3480,54545,433
2022-03-07,Lake,033,64148,10611,10562,875,11437,130
2022-03-07,Lassen,035,31185,8939,8896,871,9767,62
2022-03-07,Los Angeles,037,10098052,2696000,2675497,122434,2797931,30759
2022-03-07,Madera,039,155013,37133,37164,5985,43149,354
2022-03-07,Marin,041,260295,33017,32919,2159,35078,272
2022-03-07,Mariposa,043,17540,2374,2369,196,2565,6
2022-03-07,Mendocino,045,87422,12965,12940,2971,15911,117
2022-03-07,Merced,047,269075,61836,61751,8497,70248,791
2022-03-07,Modoc,049,8938,727,729,249,978,7
2022-03-07,Mono,051,14174,2960,2960,119,3079,5
2022-03-07,Monterey,053,433212,78860,78161,13256,91417,706
2022-03-07,Napa,055,140530,25540,25500,933,26433,136
2022-03-07,Nevada,057,99092,15845,15935,1175,17110,122
2022-03-07,Orange,059,3164182,543798,542028,40769,582797,6687
2022-03-07,Placer,061,380077,62345,62215,7281,69496,591
2022-03-07,Plumas,063,18699,2957,2702,359,3061,13
2022-03-07,Riverside,065,2383286,589006,587537,27567,615104,6279
2022-03-07,Sacramento,067,1510023,278995,274079,26227,300306,2866
2022-03-07,San Benito,069,59416,12821,12843,504,13347,94
2022-03-07,San Bernardino,071,2135413,566885,558265,24474,582739,6703
2022-03-07,San Diego,073,3302833,745963,742287,52069,794356,5068
2022-03-07,San Francisco,075,870044,122450,123655,8086,131741,807
2022-03-07,San Joaquin,077,732212,165578,165343,9765,175108,2091
2022-03-07,San Luis Obispo,079,281455,52024,51874,3691,55565,448
2022-03-07,San Mateo,081,765935,120242,119035,6815,125850,630
2022-03-07,Santa Barbara,083,443738,85194,85345,4656,90001,659
2022-03-07,Santa Clara,085,1922200,307488,308517,12142,320659,2202
2022-03-07,Santa Cruz,087,273765,47160,46823,2058,48881,254
2022-03-07,Shasta,089,179085,30367,30352,6050,36402,493
2022-03-07,Sierra,091,2930,271,273,48,321,4
2022-03-07,Siskiyou,093,43540,4416,4398,2706,7104,74
2022-03-07,Solano,095,438530,80792,80886,5494,86380,435
2022-03-07,Sonoma,097,501317,82724,82530,2516,85046,473
2022-03-07,Stanislaus,099,539301,116904,117713,17451,135164,1537
2022-03-07,Sutter,101,95872,20362,20400,2024,22424,217
2022-03-07,Tehama,103,63373,11987,11966,2567,14533,158
2022-03-07,Trinity,105,12862,1179,1173,287,1460,20
2022-03-07,Tulare,107,460477,105965,103834,27377,131211,1316
2022-03-07,Tuolumne,109,53932,12581,12408,549,12957,179
2022-03-07,Ventura,111,848112,172201,171886,9309,181195,1436
2022-03-07,Yolo,113,214977,36668,35934,2989,38923,306
2022-03-07,Yuba,115,75493,15728,15701,1174,16875,115
2022-03-06,Alameda,001,1643700,253314,252460,13423,265883,1766
2022-03-06,Alpine,003,1148,122,125,1,126,0
2022-03-06,Amador,005,37829,8450,8367,636,9003,84
2022-03-06,Butte,007,227075,32829,32714,6687,39401,376
2022-03-06,Calaveras,009,45235,7214,7236,341,7577,116
2022-03-06,Colusa,011,21464,3426,3435,1045,4480,21
2022-03-06,Contra Costa,013,1133247,187301,185974,12881,198855,1256
2022-03-06,Del Norte,015,27424,5724,5744,177,5921,48
2022-03-06,El Dorado,017,186661,26566,26478,3181,29659,196
2022-03-06,Fresno,019,978130,229904,227514,23346,250860,2653
2022-03-06,Glenn,021,27897,4945,4939,1585,6524,43
2022-03-06,Humboldt,023,135768,16742,16813,2897,19710,137
2022-03-06,Imperial,025,180216,55137,54719,10503,65222,890
2022-03-06,Inyo,027,18085,4054,4053,467,4520,56
2022-03-06,Kern,029,883053,191001,190088,45496,235584,2152
2022-03-06,Kings,031,150075,51084,51050,3478,54528,432
2022-03-06,Lake,033,64148,10597,10539,874,11413,130
2022-03-06,Lassen,035,31185,8926,8887,870,9757,62
2022-03-06,Los Angeles,037,10098052,2695067,2675456,122376,2797832,30759
2022-03-06,Madera,039,155013,37103,37135,5978,43113,354
2022-03-06,Marin,041,260295,32991,32879,2158,35037,272
2022-03-06,Mariposa,043,17540,2373,2365,195,2560,6
2022-03-06,Mendocino,045,87422,12953,12923,2967,15890,116
2022-03-06,Merced,047,269075,61804,61722,8480,70202,791
2022-03-06,Modoc,049,8938,727,729,249,978,7
2022-03-06,Mono,051,14174,2960,2959,119,3078,5
2022-03-06,Monterey,053,433212,78814,78154,13225,91379,706
2022-03-06,Napa,055,140530,25505,25457,931,26388,136
2022-03-06,Nevada,057,99092,15834,15924,1174,17098,122
2022-03-06,Orange,059,3164182,543639,541903,40723,582626,6688
2022-03-06,Placer,061,380077,62312,62185,7277,69462,591
2022-03-06,Plumas,063,18699,2952,2704,359,3063,13
2022-03-06,Riverside,065,2383286,588844,587388,27547,614935,6279
2022-03-06,Sacramento,067,1510023,278860,273935,26204,300139,2869
2022-03-06,San Benito,069,59416,12810,12835,503,13338,94
2022-03-06,San Bernardino,071,2135413,566762,558139,24462,582601,6701
2022-03-06,San Diego,073,3302833,745568,742287,52020,794307,5068
2022-03-06,San Francisco,075,870044,122329,123742,8083,131825,806
2022-03-06,San Joaquin,077,732212,165496,165252,9759,175011,2091
2022-03-06,San Luis Obispo,079,281455,51986,51828,3689,55517,448
2022-03-06,San Mateo,081,765935,120159,118916,6806,125722,630
2022-03-06,Santa Barbara,083,443738,85154,85317,4651,89968,659
2022-03-06,Santa Clara,085,1922200,307229,308250,12140,320390,2201
2022-03-06,Santa Cruz,087,273765,47109,46755,2057,48812,254
2022-03-06,Shasta,089,179085,30344,30332,6034,36366,493
2022-03-06,Sierra,091,2930,271,273,48,321,4
2022-03-06,Siskiyou,093,43540,4412,4398,2704,7102,74
2022-03-06,Solano,095,438530,80736,80833,5488,86321,435
2022-03-06,Sonoma,097,501317,82689,82458,2512,84970,473
2022-03-06,Stanislaus,099,539301,116858,117680,17441,135121,1536
2022-03-06,Sutter,101,95872,20351,20390,2020,22410,217
2022-03-06,Tehama,103,63373,11979,11963,2567,14530,158
2022-03-06,Trinity,105,12862,1179,1172,286,1458,20
2022-03-06,Tulare,107,460477,105907,103794,27365,131159,1316
2022-03-06,Tuolumne,109,53932,12575,12379,547,12926,179
2022-03-06,Ventura,111,848112,172132,171819,9307,181126,1436
2022-03-06,Yolo,113,214977,36642,35882,2986,38868,306
2022-03-06,Yuba,115,75493,15724,15694,1173,16867,115
2022-03-05,Alameda,001,1643700,253198,251988,13418,265406,1760
2022-03-05,Alpine,003,1148,122,125,1,126,0
2022-03-05,Amador,005,37829,8447,8344,636,8980,83
2022-03-05,Butte,007,227075,32821,32663,6683,39346,372
2022-03-05,Calaveras,009,45235,7211,7236,341,7577,116
2022-03-05,Colusa,011,21464,3426,3433,1045,4478,21
2022-03-05,Contra Costa,013,1133247,187238,185734,12876,198610,1235
2022-03-05,Del Norte,015,27424,5721,5725,177,5902,48
2022-03-05,El Dorado,017,186661,26560,26446,3178,29624,193
2022-03-05,Fresno,019,978130,229852,227154,23345,250499,2640
2022-03-05,Glenn,021,27897,4943,4927,1585,6512,43
2022-03-05,Humboldt,023,135768,16736,16781,2895,19676,136
2022-03-05,Imperial,025,180216,55127,54650,10501,65151,880
2022-03-05,Inyo,027,18085,4053,4043,466,4509,56
2022-03-05,Kern,029,883053,190969,189817,45478,235295,2141
2022-03-05,Kings,031,150075,51077,50926,3477,54403,431
2022-03-05,Lake,033,64148,10589,10512,873,11385,130
2022-03-05,Lassen,035,31185,8917,8818,870,9688,62
2022-03-05,Los Angeles,037,10098052,2694711,2671564,122339,2793903,30608
2022-03-05,Madera,039,155013,37088,37100,5978,43078,354
2022-03-05,Marin,041,260295,32979,32829,2158,34987,272
2022-03-05,Mariposa,043,17540,2373,2363,195,2558,6
2022-03-05,Mendocino,045,87422,12950,12845,2967,15812,113
2022-03-05,Merced,047,269075,61794,61653,8480,70133,789
2022-03-05,Modoc,049,8938,727,729,249,978,7
2022-03-05,Mono,051,14174,2960,2961,119,3080,5
2022-03-05,Monterey,053,433212,78795,78028,13218,91246,704
2022-03-05,Napa,055,140530,25487,25405,931,26336,134
2022-03-05,Nevada,057,99092,15830,15907,1174,17081,122
2022-03-05,Orange,059,3164182,543514,541463,40712,582175,6638
2022-03-05,Placer,061,380077,62298,62117,7270,69387,591
2022-03-05,Plumas,063,18699,2951,2701,359,3060,13
2022-03-05,Riverside,065,2383286,588753,586785,27543,614328,6239
2022-03-05,Sacramento,067,1510023,278796,273487,26199,299686,2847
2022-03-05,San Benito,069,59416,12808,12820,503,13323,94
2022-03-05,San Bernardino,071,2135413,566704,557421,24456,581877,6641
2022-03-05,San Diego,073,3302833,745378,740747,52009,792756,5045
2022-03-05,San Francisco,075,870044,122265,123537,8080,131617,798
2022-03-05,San Joaquin,077,732212,165455,165085,9751,174836,2069
2022-03-05,San Luis Obispo,079,281455,51978,51739,3688,55427,446
2022-03-05,San Mateo,081,765935,120104,118646,6802,125448,621
2022-03-05,Santa Barbara,083,443738,85139,85249,4651,89900,655
2022-03-05,Santa Clara,085,1922200,307112,307689,12137,319826,2195
2022-03-05,Santa Cruz,087,273765,47089,46622,2057,48679,253
2022-03-05,Shasta,089,179085,30332,30282,6034,36316,492
2022-03-05,Sierra,091,2930,271,273,47,320,4
2022-03-05,Siskiyou,093,43540,4411,4389,2703,7092,74
2022-03-05,Solano,095,438530,80719,80690,5488,86178,435
2022-03-05,Sonoma,097,501317,82667,82313,2512,84825,473
2022-03-05,Stanislaus,099,539301,116832,117501,17439,134940,1531
2022-03-05,Sutter,101,95872,20343,20346,2020,22366,217
2022-03-05,Tehama,103,63373,11977,11939,2567,14506,158
2022-03-05,Trinity,105,12862,1179,1170,284,1454,20
2022-03-05,Tulare,107,460477,105894,103534,27356,130890,1305
2022-03-05,Tuolumne,109,53932,12571,12325,546,12871,178
2022-03-05,Ventura,111,848112,172091,171666,9305,180971,1436
2022-03-05,Yolo,113,214977,36628,35856,2986,38842,306
2022-03-05,Yuba,115,75493,15716,15666,1173,16839,115
2022-03-04,Alameda,001,1643700,253103,251988,13410,265398,1760
2022-03-04,Alpine,003,1148,122,125,1,126,0
2022-03-04,Amador,005,37829,8446,8344,636,8980,83
2022-03-04,Butte,007,227075,32815,32663,6679,39342,372
2022-03-04,Calaveras,009,45235,7210,7236,341,7577,116
2022-03-04,Colusa,011,21464,3424,3433,1045,4478,21
2022-03-04,Contra Costa,013,1133247,187170,185734,12873,198607,1235
2022-03-04,Del Norte,015,27424,5711,5725,177,5902,48
2022-03-04,El Dorado,017,186661,26556,26446,3178,29624,193
2022-03-04,Fresno,019,978130,229789,227154,23338,250492,2640
2022-03-04,Glenn,021,27897,4942,4927,1585,6512,43
2022-03-04,Humboldt,023,135768,16732,16781,2895,19676,136
2022-03-04,Imperial,025,180216,55120,54650,10497,65147,880
2022-03-04,Inyo,027,18085,4053,4043,466,4509,56
2022-03-04,Kern,029,883053,190928,189817,45468,235285,2141
2022-03-04,Kings,031,150075,51064,50926,3477,54403,431
2022-03-04,Lake,033,64148,10588,10512,873,11385,130
2022-03-04,Lassen,035,31185,8915,8818,870,9688,62
2022-03-04,Los Angeles,037,10098052,2694186,2671564,122310,2793874,30608
2022-03-04,Madera,039,155013,37079,37100,5978,43078,354
2022-03-04,Marin,041,260295,32957,32829,2156,34985,272
2022-03-04,Mariposa,043,17540,2368,2363,195,2558,6
2022-03-04,Mendocino,045,87422,12944,12845,2967,15812,113
2022-03-04,Merced,047,269075,61782,61653,8478,70131,789
2022-03-04,Modoc,049,8938,727,729,249,978,7
2022-03-04,Mono,051,14174,2960,2961,119,3080,5
2022-03-04,Monterey,053,433212,78775,78028,13212,91240,704
2022-03-04,Napa,055,140530,25472,25405,930,26335,134
2022-03-04,Nevada,057,99092,15825,15907,1174,17081,122
2022-03-04,Orange,059,3164182,543395,541463,40694,582157,6638
2022-03-04,Placer,061,380077,62286,62117,7267,69384,591
2022-03-04,Plumas,063,18699,2951,2701,358,3059,13
2022-03-04,Riverside,065,2383286,588666,586785,27542,614327,6239
2022-03-04,Sacramento,067,1510023,278723,273487,26196,299683,2847
2022-03-04,San Benito,069,59416,12804,12820,503,13323,94
2022-03-04,San Bernardino,071,2135413,566621,557421,24455,581876,6641
2022-03-04,San Diego,073,3302833,745139,740747,51992,792739,5045
2022-03-04,San Francisco,075,870044,122205,123537,8073,131610,798
2022-03-04,San Joaquin,077,732212,165423,165085,9750,174835,2069
2022-03-04,San Luis Obispo,079,281455,51970,51739,3687,55426,446
2022-03-04,San Mateo,081,765935,120046,118646,6800,125446,621
2022-03-04,Santa Barbara,083,443738,85116,85249,4651,89900,655
2022-03-04,Santa Clara,085,1922200,306962,307689,12134,319823,2195
2022-03-04,Santa Cruz,087,273765,47067,46622,2057,48679,253
2022-03-04,Shasta,089,179085,30324,30282,6031,36313,492
2022-03-04,Sierra,091,2930,271,273,47,320,4
2022-03-04,Siskiyou,093,43540,4409,4389,2699,7088,74
2022-03-04,Solano,095,438530,80686,80690,5485,86175,435
2022-03-04,Sonoma,097,501317,82636,82313,2511,84824,473
2022-03-04,Stanislaus,099,539301,116813,117501,17437,134938,1531
2022-03-04,Sutter,101,95872,20339,20346,2020,22366,217
2022-03-04,Tehama,103,63373,11974,11939,2567,14506,158
2022-03-04,Trinity,105,12862,1179,1170,284,1454,20
2022-03-04,Tulare,107,460477,105875,103534,27351,130885,1305
2022-03-04,Tuolumne,109,53932,12566,12325,546,12871,178
2022-03-04,Ventura,111,848112,172044,171666,9302,180968,1436
2022-03-04,Yolo,113,214977,36611,35856,2986,38842,306
2022-03-04,Yuba,115,75493,15711,15666,1172,16838,115
2022-03-03,Alameda,001,1643700,252984,251988,13398,265386,1760
2022-03-03,Alpine,003,1148,122,125,1,126,0
2022-03-03,Amador,005,37829,8445,8344,636,8980,83
2022-03-03,Butte,007,227075,32798,32663,6673,39336,372
2022-03-03,Calaveras,009,45235,7197,7236,341,7577,116
2022-03-03,Colusa,011,21464,3424,3433,1045,4478,21
2022-03-03,Contra Costa,013,1133247,187095,185734,12858,198592,1235
2022-03-03,Del Norte,015,27424,5704,5725,177,5902,48
2022-03-03,El Dorado,017,186661,26538,26446,3177,29623,193
2022-03-03,Fresno,019,978130,229662,227154,23330,250484,2640
2022-03-03,Glenn,021,27897,4940,4927,1584,6511,43
2022-03-03,Humboldt,023,135768,16717,16781,2894,19675,136
2022-03-03,Imperial,025,180216,55103,54650,10495,65145,880
2022-03-03,Inyo,027,18085,4052,4043,466,4509,56
2022-03-03,Kern,029,883053,190860,189817,45450,235267,2141
2022-03-03,Kings,031,150075,51041,50926,3475,54401,431
2022-03-03,Lake,033,64148,10583,10512,871,11383,130
2022-03-03,Lassen,035,31185,8907,8818,870,9688,62
2022-03-03,Los Angeles,037,10098052,2693460,2671564,122269,2793833,30608
2022-03-03,Madera,039,155013,37063,37100,5973,43073,354
2022-03-03,Marin,041,260295,32931,32829,2155,34984,272
2022-03-03,Mariposa,043,17540,2367,2363,195,2558,6
2022-03-03,Mendocino,045,87422,12933,12845,2965,15810,113
2022-03-03,Merced,047,269075,61763,61653,8472,70125,789
2022-03-03,Modoc,049,8938,727,729,249,978,7
2022-03-03,Mono,051,14174,2959,2961,119,3080,5
2022-03-03,Monterey,053,433212,78745,78028,13195,91223,704
2022-03-03,Napa,055,140530,25448,25405,929,26334,134
2022-03-03,Nevada,057,99092,15820,15907,1169,17076,122
2022-03-03,Orange,059,3164182,543218,541463,40668,582131,6638
2022-03-03,Placer,061,380077,62264,62117,7264,69381,591
2022-03-03,Plumas,063,18699,2950,2701,358,3059,13
2022-03-03,Riverside,065,2383286,588533,586785,27537,614322,6239
2022-03-03,Sacramento,067,1510023,278614,273487,26179,299666,2847
2022-03-03,San Benito,069,59416,12801,12820,503,13323,94
2022-03-03,San Bernardino,071,2135413,566515,557421,24449,581870,6641
2022-03-03,San Diego,073,3302833,744795,740747,51974,792721,5045
2022-03-03,San Francisco,075,870044,122132,123537,8062,131599,798
2022-03-03,San Joaquin,077,732212,165349,165085,9747,174832,2069
2022-03-03,San Luis Obispo,079,281455,51915,51739,3679,55418,446
2022-03-03,San Mateo,081,765935,119971,118646,6790,125436,621
2022-03-03,Santa Barbara,083,443738,85097,85249,4642,89891,655
2022-03-03,Santa Clara,085,1922200,306780,307689,12119,319808,2195
2022-03-03,Santa Cruz,087,273765,47019,46622,2055,48677,253
2022-03-03,Shasta,089,179085,30306,30282,6029,36311,492
2022-03-03,Sierra,091,2930,271,273,47,320,4
2022-03-03,Siskiyou,093,43540,4406,4389,2699,7088,74
2022-03-03,Solano,095,438530,80637,80690,5483,86173,435
2022-03-03,Sonoma,097,501317,82589,82313,2506,84819,473
2022-03-03,Stanislaus,099,539301,116780,117501,17429,134930,1531
2022-03-03,Sutter,101,95872,20331,20346,2020,22366,217
2022-03-03,Tehama,103,63373,11971,11939,2567,14506,158
2022-03-03,Trinity,105,12862,1178,1170,284,1454,20
2022-03-03,Tulare,107,460477,105832,103534,27343,130877,1305
2022-03-03,Tuolumne,109,53932,12555,12325,546,12871,178
2022-03-03,Ventura,111,848112,171991,171666,9300,180966,1436
2022-03-03,Yolo,113,214977,36587,35856,2981,38837,306
2022-03-03,Yuba,115,75493,15705,15666,1167,16833,115
2022-03-02,Alameda,001,1643700,252806,251886,13381,265267,1759
2022-03-02,Alpine,003,1148,122,125,1,126,0
2022-03-02,Amador,005,37829,8433,8341,636,8977,83
2022-03-02,Butte,007,227075,32786,32636,6669,39305,372
2022-03-02,Calaveras,009,45235,7196,7225,341,7566,116
2022-03-02,Colusa,011,21464,3421,3428,1045,4473,21
2022-03-02,Contra Costa,013,1133247,187002,185589,12840,198429,1236
2022-03-02,Del Norte,015,27424,5697,5708,175,5883,47
2022-03-02,El Dorado,017,186661,26527,26433,3174,29607,192
2022-03-02,Fresno,019,978130,229530,226932,23320,250252,2629
2022-03-02,Glenn,021,27897,4940,4922,1583,6505,43
2022-03-02,Humboldt,023,135768,16707,16747,2887,19634,135
2022-03-02,Imperial,025,180216,55077,54629,10490,65119,878
2022-03-02,Inyo,027,18085,4050,4041,465,4506,56
2022-03-02,Kern,029,883053,190794,189656,45431,235087,2136
2022-03-02,Kings,031,150075,51015,50819,3472,54291,431
2022-03-02,Lake,033,64148,10570,10495,869,11364,130
2022-03-02,Lassen,035,31185,8904,8811,869,9680,62
2022-03-02,Los Angeles,037,10098052,2692578,2670287,122223,2792510,30535
2022-03-02,Madera,039,155013,37046,37077,5971,43048,354
2022-03-02,Marin,041,260295,32913,32794,2154,34948,272
2022-03-02,Mariposa,043,17540,2367,2359,195,2554,6
2022-03-02,Mendocino,045,87422,12920,12832,2960,15792,112
2022-03-02,Merced,047,269075,61737,61606,8462,70068,785
2022-03-02,Modoc,049,8938,727,729,249,978,7
2022-03-02,Mono,051,14174,2959,2961,119,3080,5
2022-03-02,Monterey,053,433212,78709,77963,13172,91135,703
2022-03-02,Napa,055,140530,25399,25382,928,26310,134
2022-03-02,Nevada,057,99092,15809,15920,1168,17088,122
2022-03-02,Orange,059,3164182,543013,541230,40642,581872,6623
2022-03-02,Placer,061,380077,62241,62066,7261,69327,589
2022-03-02,Plumas,063,18699,2950,2700,358,3058,13
2022-03-02,Riverside,065,2383286,588383,586513,27527,614040,6229
2022-03-02,Sacramento,067,1510023,278496,273291,26168,299459,2837
2022-03-02,San Benito,069,59416,12790,12814,503,13317,94
2022-03-02,San Bernardino,071,2135413,566406,557082,24443,581525,6619
2022-03-02,San Diego,073,3302833,744434,739803,51926,791729,5034
2022-03-02,San Francisco,075,870044,122037,123442,8060,131502,792
2022-03-02,San Joaquin,077,732212,165290,164968,9742,174710,2063
2022-03-02,San Luis Obispo,079,281455,51877,51686,3674,55360,446
2022-03-02,San Mateo,081,765935,119884,118518,6774,125292,617
2022-03-02,Santa Barbara,083,443738,85072,85183,4641,89824,655
2022-03-02,Santa Clara,085,1922200,306566,307354,12105,319459,2184
2022-03-02,Santa Cruz,087,273765,46949,46534,2054,48588,253
2022-03-02,Shasta,089,179085,30281,30253,6019,36272,490
2022-03-02,Sierra,091,2930,271,273,47,320,4
2022-03-02,Siskiyou,093,43540,4404,4384,2696,7080,74
2022-03-02,Solano,095,438530,80571,80626,5480,86106,433
2022-03-02,Sonoma,097,501317,82543,82208,2502,84710,473
2022-03-02,Stanislaus,099,539301,116744,117411,17404,134815,1519
2022-03-02,Sutter,101,95872,20309,20317,2003,22320,216
2022-03-02,Tehama,103,63373,11966,11930,2566,14496,158
2022-03-02,Trinity,105,12862,1176,1160,284,1444,20
2022-03-02,Tulare,107,460477,105791,103451,27328,130779,1302
2022-03-02,Tuolumne,109,53932,12550,12297,546,12843,179
2022-03-02,Ventura,111,848112,171938,171770,9296,181066,1427
2022-03-02,Yolo,113,214977,36569,35799,2976,38775,305
2022-03-02,Yuba,115,75493,15692,15653,1162,16815,115
2022-03-01,Alameda,001,1643700,252641,251830,13370,265200,1749
2022-03-01,Alpine,003,1148,122,125,1,126,0
2022-03-01,Amador,005,37829,8385,8334,634,8968,83
2022-03-01,Butte,007,227075,32762,32575,6665,39240,372
2022-03-01,Calaveras,009,45235,7193,7223,340,7563,116
2022-03-01,Colusa,011,21464,3420,3423,1045,4468,21
2022-03-01,Contra Costa,013,1133247,186891,185378,12825,198203,1231
2022-03-01,Del Norte,015,27424,5694,5701,174,5875,45
2022-03-01,El Dorado,017,186661,26508,26413,3172,29585,192
2022-03-01,Fresno,019,978130,229390,226594,23307,249901,2628
2022-03-01,Glenn,021,27897,4939,4919,1581,6500,40
2022-03-01,Humboldt,023,135768,16686,16727,2880,19607,135
2022-03-01,Imperial,025,180216,55060,54570,10484,65054,875
2022-03-01,Inyo,027,18085,4046,4041,464,4505,56
2022-03-01,Kern,029,883053,190720,189365,45407,234772,2120
2022-03-01,Kings,031,150075,50993,50763,3468,54231,427
2022-03-01,Lake,033,64148,10559,10471,867,11338,128
2022-03-01,Lassen,035,31185,8900,8801,869,9670,61
2022-03-01,Los Angeles,037,10098052,2691628,2669489,122165,2791654,30486
2022-03-01,Madera,039,155013,37026,37046,5965,43011,354
2022-03-01,Marin,041,260295,32888,32764,2153,34917,272
2022-03-01,Mariposa,043,17540,2366,2357,194,2551,6
2022-03-01,Mendocino,045,87422,12909,12818,2958,15776,112
2022-03-01,Merced,047,269075,61708,61549,8449,69998,781
2022-03-01,Modoc,049,8938,727,729,249,978,7
2022-03-01,Mono,051,14174,2958,2960,119,3079,6
2022-03-01,Monterey,053,433212,78683,77911,13162,91073,696
2022-03-01,Napa,055,140530,25368,25344,928,26272,134
2022-03-01,Nevada,057,99092,15801,15916,1165,17081,121
2022-03-01,Orange,059,3164182,542793,541054,40607,581661,6612
2022-03-01,Placer,061,380077,62213,62021,7256,69277,583
2022-03-01,Plumas,063,18699,2950,2694,358,3052,13
2022-03-01,Riverside,065,2383286,588217,586184,27526,613710,6198
2022-03-01,Sacramento,067,1510023,278365,273089,26155,299244,2831
2022-03-01,San Benito,069,59416,12786,12806,503,13309,94
2022-03-01,San Bernardino,071,2135413,566278,556743,24440,581183,6588
2022-03-01,San Diego,073,3302833,744008,739136,51884,791020,5029
2022-03-01,San Francisco,075,870044,121935,123481,8054,131535,792
2022-03-01,San Joaquin,077,732212,165223,164894,9738,174632,2062
2022-03-01,San Luis Obispo,079,281455,51841,51592,3670,55262,445
2022-03-01,San Mateo,081,765935,119807,118358,6767,125125,613
2022-03-01,Santa Barbara,083,443738,85034,85134,4637,89771,654
2022-03-01,Santa Clara,085,1922200,306315,306978,12093,319071,2190
2022-03-01,Santa Cruz,087,273765,46899,46471,2051,48522,253
2022-03-01,Shasta,089,179085,30252,30227,6016,36243,489
2022-03-01,Sierra,091,2930,271,274,47,321,5
2022-03-01,Siskiyou,093,43540,4400,4384,2691,7075,74
2022-03-01,Solano,095,438530,80509,80556,5477,86033,434
2022-03-01,Sonoma,097,501317,82473,82103,2496,84599,477
2022-03-01,Stanislaus,099,539301,116692,117308,17380,134688,1521
2022-03-01,Sutter,101,95872,20295,20288,1999,22287,217
2022-03-01,Tehama,103,63373,11960,11923,2563,14486,158
2022-03-01,Trinity,105,12862,1175,1159,284,1443,20
2022-03-01,Tulare,107,460477,105709,103371,27308,130679,1302
2022-03-01,Tuolumne,109,53932,12543,12276,544,12820,175
2022-03-01,Ventura,111,848112,171868,171672,9289,180961,1427
2022-03-01,Yolo,113,214977,36544,35801,2970,38771,299
2022-03-01,Yuba,115,75493,15684,15637,1162,16799,116
2022-02-28,Alameda,001,1643700,252423,251714,13355,265069,1742
2022-02-28,Alpine,003,1148,122,125,1,126,0
2022-02-28,Amador,005,37829,8379,8308,633,8941,83
2022-02-28,Butte,007,227075,32740,32550,6660,39210,368
2022-02-28,Calaveras,009,45235,7190,7220,339,7559,110
2022-02-28,Colusa,011,21464,3417,3422,1043,4465,21
2022-02-28,Contra Costa,013,1133247,186783,185272,12806,198078,1231
2022-02-28,Del Norte,015,27424,5689,5699,173,5872,45
2022-02-28,El Dorado,017,186661,26498,26409,3167,29576,191
2022-02-28,Fresno,019,978130,229189,226519,23286,249805,2622
2022-02-28,Glenn,021,27897,4935,4918,1581,6499,40
2022-02-28,Humboldt,023,135768,16671,16717,2876,19593,135
2022-02-28,Imperial,025,180216,55034,54517,10480,64997,875
2022-02-28,Inyo,027,18085,4046,4041,463,4504,56
2022-02-28,Kern,029,883053,190629,189245,45378,234623,2115
2022-02-28,Kings,031,150075,50954,50741,3467,54208,427
2022-02-28,Lake,033,64148,10547,10468,863,11331,128
2022-02-28,Lassen,035,31185,8843,8794,869,9663,55
2022-02-28,Los Angeles,037,10098052,2690454,2666804,122069,2788873,30410
2022-02-28,Madera,039,155013,36999,37023,5949,42972,354
2022-02-28,Marin,041,260295,32863,32775,2153,34928,272
2022-02-28,Mariposa,043,17540,2363,2354,192,2546,6
2022-02-28,Mendocino,045,87422,12900,12800,2950,15750,112
2022-02-28,Merced,047,269075,61664,61519,8432,69951,781
2022-02-28,Modoc,049,8938,727,727,249,976,7
2022-02-28,Mono,051,14174,2958,2961,119,3080,5
2022-02-28,Monterey,053,433212,78616,77865,13141,91006,693
2022-02-28,Napa,055,140530,25341,25317,928,26245,129
2022-02-28,Nevada,057,99092,15795,15908,1159,17067,121
2022-02-28,Orange,059,3164182,542540,540839,40593,581432,6605
2022-02-28,Placer,061,380077,62182,61976,7251,69227,577
2022-02-28,Plumas,063,18699,2950,2691,357,3048,13
2022-02-28,Riverside,065,2383286,588021,585891,27494,613385,6179
2022-02-28,Sacramento,067,1510023,278226,273038,26131,299169,2825
2022-02-28,San Benito,069,59416,12782,12798,503,13301,94
2022-02-28,San Bernardino,071,2135413,566091,556540,24426,580966,6576
2022-02-28,San Diego,073,3302833,743620,737760,51854,789614,5018
2022-02-28,San Francisco,075,870044,121775,123402,8047,131449,792
2022-02-28,San Joaquin,077,732212,165137,164833,9728,174561,2060
2022-02-28,San Luis Obispo,079,281455,51782,51565,3663,55228,440
2022-02-28,San Mateo,081,765935,119707,118301,6761,125062,611
2022-02-28,Santa Barbara,083,443738,84991,85076,4632,89708,653
2022-02-28,Santa Clara,085,1922200,306039,306930,12071,319001,2180
2022-02-28,Santa Cruz,087,273765,46829,46447,2050,48497,253
2022-02-28,Shasta,089,179085,30227,30213,6012,36225,488
2022-02-28,Sierra,091,2930,271,273,47,320,4
2022-02-28,Siskiyou,093,43540,4397,4382,2686,7068,74
2022-02-28,Solano,095,438530,80443,80544,5466,86010,430
2022-02-28,Sonoma,097,501317,82405,82058,2493,84551,477
2022-02-28,Stanislaus,099,539301,116628,117231,17364,134595,1521
2022-02-28,Sutter,101,95872,20282,20285,1996,22281,214
2022-02-28,Tehama,103,63373,11947,11917,2563,14480,158
2022-02-28,Trinity,105,12862,1175,1160,284,1444,20
2022-02-28,Tulare,107,460477,105660,103304,27292,130596,1300
2022-02-28,Tuolumne,109,53932,12533,12247,544,12791,175
2022-02-28,Ventura,111,848112,171784,171614,9288,180902,1423
2022-02-28,Yolo,113,214977,36508,35754,2963,38717,299
2022-02-28,Yuba,115,75493,15669,15625,1161,16786,115
2022-02-27,Alameda,001,1643700,252146,251624,13346,264970,1744
2022-02-27,Alpine,003,1148,122,125,1,126,0
2022-02-27,Amador,005,37829,8375,8305,630,8935,83
2022-02-27,Butte,007,227075,32703,32551,6647,39198,368
2022-02-27,Calaveras,009,45235,7183,7214,339,7553,110
2022-02-27,Colusa,011,21464,3416,3422,1043,4465,21
2022-02-27,Contra Costa,013,1133247,186657,185185,12786,197971,1230
2022-02-27,Del Norte,015,27424,5672,5691,171,5862,45
2022-02-27,El Dorado,017,186661,26480,26410,3165,29575,191
2022-02-27,Fresno,019,978130,228991,226397,23259,249656,2621
2022-02-27,Glenn,021,27897,4933,4915,1581,6496,40
2022-02-27,Humboldt,023,135768,16649,16713,2869,19582,135
2022-02-27,Imperial,025,180216,54986,54509,10463,64972,875
2022-02-27,Inyo,027,18085,4045,4041,459,4500,56
2022-02-27,Kern,029,883053,190510,189219,45340,234559,2115
2022-02-27,Kings,031,150075,50926,50733,3466,54199,428
2022-02-27,Lake,033,64148,10528,10463,863,11326,128
2022-02-27,Lassen,035,31185,8835,8786,869,9655,55
2022-02-27,Los Angeles,037,10098052,2689148,2666789,121986,2788775,30410
2022-02-27,Madera,039,155013,36973,37009,5941,42950,354
2022-02-27,Marin,041,260295,32825,32756,2151,34907,272
2022-02-27,Mariposa,043,17540,2360,2352,192,2544,6
2022-02-27,Mendocino,045,87422,12884,12798,2937,15735,112
2022-02-27,Merced,047,269075,61612,61491,8415,69906,779
2022-02-27,Modoc,049,8938,726,727,249,976,7
2022-02-27,Mono,051,14174,2957,2960,119,3079,5
2022-02-27,Monterey,053,433212,78558,77851,13117,90968,693
2022-02-27,Napa,055,140530,25303,25316,928,26244,129
2022-02-27,Nevada,057,99092,15787,15900,1155,17055,121
2022-02-27,Orange,059,3164182,542293,540659,40564,581223,6605
2022-02-27,Placer,061,380077,62140,61965,7247,69212,577
2022-02-27,Plumas,063,18699,2947,2691,357,3048,13
2022-02-27,Riverside,065,2383286,587780,585833,27470,613303,6179
2022-02-27,Sacramento,067,1510023,278040,272927,26102,299029,2822
2022-02-27,San Benito,069,59416,12775,12798,503,13301,94
2022-02-27,San Bernardino,071,2135413,565907,556457,24416,580873,6572
2022-02-27,San Diego,073,3302833,743147,737760,51809,789569,5018
2022-02-27,San Francisco,075,870044,121652,123327,8036,131363,791
2022-02-27,San Joaquin,077,732212,165033,164814,9724,174538,2060
2022-02-27,San Luis Obispo,079,281455,51690,51564,3656,55220,439
2022-02-27,San Mateo,081,765935,119594,118244,6756,125000,611
2022-02-27,Santa Barbara,083,443738,84953,85050,4628,89678,653
2022-02-27,Santa Clara,085,1922200,305751,306756,12043,318799,2180
2022-02-27,Santa Cruz,087,273765,46769,46411,2050,48461,253
2022-02-27,Shasta,089,179085,30195,30206,6007,36213,488
2022-02-27,Sierra,091,2930,271,273,47,320,4
2022-02-27,Siskiyou,093,43540,4392,4378,2674,7052,74
2022-02-27,Solano,095,438530,80367,80515,5453,85968,430
2022-02-27,Sonoma,097,501317,82323,82041,2487,84528,476
2022-02-27,Stanislaus,099,539301,116561,117200,17345,134545,1522
2022-02-27,Sutter,101,95872,20265,20280,1990,22270,214
2022-02-27,Tehama,103,63373,11934,11915,2562,14477,158
2022-02-27,Trinity,105,12862,1174,1158,284,1442,20
2022-02-27,Tulare,107,460477,105591,103270,27242,130512,1300
2022-02-27,Tuolumne,109,53932,12520,12243,543,12786,175
2022-02-27,Ventura,111,848112,171709,171660,9284,180944,1423
2022-02-27,Yolo,113,214977,36480,35744,2958,38702,299
2022-02-27,Yuba,115,75493,15659,15619,1159,16778,113
2022-02-26,Alameda,001,1643700,252038,250867,13341,264208,1716
2022-02-26,Alpine,003,1148,122,125,1,126,0
2022-02-26,Amador,005,37829,8373,8282,629,8911,83
2022-02-26,Butte,007,227075,32689,32466,6645,39111,368
2022-02-26,Calaveras,009,45235,7182,7192,339,7531,110
2022-02-26,Colusa,011,21464,3416,3414,1043,4457,21
2022-02-26,Contra Costa,013,1133247,186588,184686,12768,197454,1209
2022-02-26,Del Norte,015,27424,5667,5639,171,5810,45
2022-02-26,El Dorado,017,186661,26469,26355,3162,29517,191
2022-02-26,Fresno,019,978130,228901,225679,23259,248938,2597
2022-02-26,Glenn,021,27897,4931,4909,1580,6489,40
2022-02-26,Humboldt,023,135768,16624,16619,2868,19487,133
2022-02-26,Imperial,025,180216,54959,54367,10461,64828,871
2022-02-26,Inyo,027,18085,4044,4034,454,4488,56
2022-02-26,Kern,029,883053,190457,188584,45321,233905,2106
2022-02-26,Kings,031,150075,50913,50579,3466,54045,423
2022-02-26,Lake,033,64148,10523,10383,863,11246,128
2022-02-26,Lassen,035,31185,8834,8761,869,9630,55
2022-02-26,Los Angeles,037,10098052,2688574,2660973,121946,2782919,30202
2022-02-26,Madera,039,155013,36958,36933,5939,42872,330
2022-02-26,Marin,041,260295,32809,32651,2149,34800,267
2022-02-26,Mariposa,043,17540,2359,2332,192,2524,6
2022-02-26,Mendocino,045,87422,12877,12762,2937,15699,111
2022-02-26,Merced,047,269075,61591,61348,8414,69762,775
2022-02-26,Modoc,049,8938,726,726,249,975,7
2022-02-26,Mono,051,14174,2957,2959,118,3077,5
2022-02-26,Monterey,053,433212,78526,77610,13111,90721,692
2022-02-26,Napa,055,140530,25288,25221,927,26148,130
2022-02-26,Nevada,057,99092,15783,15850,1153,17003,121
2022-02-26,Orange,059,3164182,542182,539992,40547,580539,6540
2022-02-26,Placer,061,380077,62121,61803,7244,69047,573
2022-02-26,Plumas,063,18699,2947,2673,357,3030,13
2022-02-26,Riverside,065,2383286,587660,584835,27461,612296,6143
2022-02-26,Sacramento,067,1510023,277944,272339,26091,298430,2793
2022-02-26,San Benito,069,59416,12771,12770,503,13273,92
2022-02-26,San Bernardino,071,2135413,565816,555668,24410,580078,6505
2022-02-26,San Diego,073,3302833,742924,736049,51787,787836,5002
2022-02-26,San Francisco,075,870044,121582,123079,8028,131107,769
2022-02-26,San Joaquin,077,732212,164999,164418,9723,174141,2048
2022-02-26,San Luis Obispo,079,281455,51677,51358,3654,55012,438
2022-02-26,San Mateo,081,765935,119540,117860,6755,124615,603
2022-02-26,Santa Barbara,083,443738,84922,84830,4628,89458,652
2022-02-26,Santa Clara,085,1922200,305602,305895,12040,317935,2166
2022-02-26,Santa Cruz,087,273765,46746,46186,2050,48236,251
2022-02-26,Shasta,089,179085,30186,30108,6001,36109,485
2022-02-26,Sierra,091,2930,271,270,47,317,1
2022-02-26,Siskiyou,093,43540,4392,4359,2672,7031,72
2022-02-26,Solano,095,438530,80333,80225,5449,85674,428
2022-02-26,Sonoma,097,501317,82289,81702,2485,84187,432
2022-02-26,Stanislaus,099,539301,116523,116896,17340,134236,1503
2022-02-26,Sutter,101,95872,20256,20230,1990,22220,214
2022-02-26,Tehama,103,63373,11928,11878,2560,14438,158
2022-02-26,Trinity,105,12862,1173,1156,284,1440,20
2022-02-26,Tulare,107,460477,105555,102983,27227,130210,1295
2022-02-26,Tuolumne,109,53932,12517,12169,543,12712,175
2022-02-26,Ventura,111,848112,171677,171292,9281,180573,1411
2022-02-26,Yolo,113,214977,36459,35615,2955,38570,296
2022-02-26,Yuba,115,75493,15647,15587,1159,16746,113
2022-02-25,Alameda,001,1643700,251915,250867,13332,264199,1716
2022-02-25,Alpine,003,1148,122,125,1,126,0
2022-02-25,Amador,005,37829,8362,8282,629,8911,83
2022-02-25,Butte,007,227075,32677,32466,6642,39108,368
2022-02-25,Calaveras,009,45235,7180,7192,339,7531,110
2022-02-25,Colusa,011,21464,3416,3414,1043,4457,21
2022-02-25,Contra Costa,013,1133247,186504,184686,12747,197433,1209
2022-02-25,Del Norte,015,27424,5658,5639,171,5810,45
2022-02-25,El Dorado,017,186661,26460,26355,3162,29517,191
2022-02-25,Fresno,019,978130,228803,225679,23252,248931,2597
2022-02-25,Glenn,021,27897,4929,4909,1580,6489,40
2022-02-25,Humboldt,023,135768,16613,16619,2868,19487,133
2022-02-25,Imperial,025,180216,54941,54367,10460,64827,871
2022-02-25,Inyo,027,18085,4043,4034,454,4488,56
2022-02-25,Kern,029,883053,190392,188584,45308,233892,2106
2022-02-25,Kings,031,150075,50899,50579,3464,54043,423
2022-02-25,Lake,033,64148,10505,10383,863,11246,128
2022-02-25,Lassen,035,31185,8831,8761,869,9630,55
2022-02-25,Los Angeles,037,10098052,2687985,2660973,121915,2782888,30202
2022-02-25,Madera,039,155013,36938,36933,5938,42871,330
2022-02-25,Marin,041,260295,32795,32651,2149,34800,267
2022-02-25,Mariposa,043,17540,2356,2332,192,2524,6
2022-02-25,Mendocino,045,87422,12875,12762,2937,15699,111
2022-02-25,Merced,047,269075,61559,61348,8410,69758,775
2022-02-25,Modoc,049,8938,726,726,249,975,7
2022-02-25,Mono,051,14174,2956,2959,118,3077,5
2022-02-25,Monterey,053,433212,78498,77610,13105,90715,692
2022-02-25,Napa,055,140530,25279,25221,927,26148,130
2022-02-25,Nevada,057,99092,15772,15850,1150,17000,121
2022-02-25,Orange,059,3164182,542047,539992,40524,580516,6540
2022-02-25,Placer,061,380077,62105,61803,7238,69041,573
2022-02-25,Plumas,063,18699,2945,2673,357,3030,13
2022-02-25,Riverside,065,2383286,587505,584835,27449,612284,6143
2022-02-25,Sacramento,067,1510023,277842,272339,26086,298425,2793
2022-02-25,San Benito,069,59416,12769,12770,503,13273,92
2022-02-25,San Bernardino,071,2135413,565709,555668,24403,580071,6505
2022-02-25,San Diego,073,3302833,742642,736049,51768,787817,5002
2022-02-25,San Francisco,075,870044,121502,123079,8025,131104,769
2022-02-25,San Joaquin,077,732212,164958,164418,9718,174136,2048
2022-02-25,San Luis Obispo,079,281455,51673,51358,3645,55003,438
2022-02-25,San Mateo,081,765935,119478,117860,6751,124611,603
2022-02-25,Santa Barbara,083,443738,84885,84830,4628,89458,652
2022-02-25,Santa Clara,085,1922200,305417,305895,12037,317932,2166
2022-02-25,Santa Cruz,087,273765,46712,46186,2048,48234,251
2022-02-25,Shasta,089,179085,30177,30108,5999,36107,485
2022-02-25,Sierra,091,2930,271,270,47,317,1
2022-02-25,Siskiyou,093,43540,4392,4359,2671,7030,72
2022-02-25,Solano,095,438530,80304,80225,5448,85673,428
2022-02-25,Sonoma,097,501317,82238,81702,2483,84185,432
2022-02-25,Stanislaus,099,539301,116495,116896,17336,134232,1503
2022-02-25,Sutter,101,95872,20247,20230,1990,22220,214
2022-02-25,Tehama,103,63373,11926,11878,2560,14438,158
2022-02-25,Trinity,105,12862,1173,1156,284,1440,20
2022-02-25,Tulare,107,460477,105521,102983,27205,130188,1295
2022-02-25,Tuolumne,109,53932,12514,12169,543,12712,175
2022-02-25,Ventura,111,848112,171626,171292,9280,180572,1411
2022-02-25,Yolo,113,214977,36444,35615,2955,38570,296
2022-02-25,Yuba,115,75493,15640,15587,1159,16746,113
2022-02-24,Alameda,001,1643700,251710,250867,13323,264190,1716
2022-02-24,Alpine,003,1148,122,125,1,126,0
2022-02-24,Amador,005,37829,8357,8282,628,8910,83
2022-02-24,Butte,007,227075,32656,32466,6638,39104,368
2022-02-24,Calaveras,009,45235,7178,7192,337,7529,110
2022-02-24,Colusa,011,21464,3415,3414,1042,4456,21
2022-02-24,Contra Costa,013,1133247,186374,184686,12739,197425,1209
2022-02-24,Del Norte,015,27424,5643,5639,170,5809,45
2022-02-24,El Dorado,017,186661,26445,26355,3162,29517,191
2022-02-24,Fresno,019,978130,228607,225679,23237,248916,2597
2022-02-24,Glenn,021,27897,4927,4909,1579,6488,40
2022-02-24,Humboldt,023,135768,16596,16619,2867,19486,133
2022-02-24,Imperial,025,180216,54901,54367,10451,64818,871
2022-02-24,Inyo,027,18085,4042,4034,453,4487,56
2022-02-24,Kern,029,883053,190251,188584,45275,233859,2106
2022-02-24,Kings,031,150075,50869,50579,3459,54038,423
2022-02-24,Lake,033,64148,10488,10383,863,11246,128
2022-02-24,Lassen,035,31185,8827,8761,868,9629,55
2022-02-24,Los Angeles,037,10098052,2686824,2660973,121859,2782832,30202
2022-02-24,Madera,039,155013,36912,36933,5936,42869,330
2022-02-24,Marin,041,260295,32775,32651,2148,34799,267
2022-02-24,Mariposa,043,17540,2350,2332,191,2523,6
2022-02-24,Mendocino,045,87422,12868,12762,2933,15695,111
2022-02-24,Merced,047,269075,61529,61348,8402,69750,775
2022-02-24,Modoc,049,8938,725,726,249,975,7
2022-02-24,Mono,051,14174,2955,2959,118,3077,5
2022-02-24,Monterey,053,433212,78446,77610,13097,90707,692
2022-02-24,Napa,055,140530,25239,25221,923,26144,130
2022-02-24,Nevada,057,99092,15758,15850,1150,17000,121
2022-02-24,Orange,059,3164182,541797,539992,40490,580482,6540
2022-02-24,Placer,061,380077,62068,61803,7236,69039,573
2022-02-24,Plumas,063,18699,2940,2673,356,3029,13
2022-02-24,Riverside,065,2383286,587253,584835,27423,612258,6143
2022-02-24,Sacramento,067,1510023,277669,272339,26070,298409,2793
2022-02-24,San Benito,069,59416,12758,12770,503,13273,92
2022-02-24,San Bernardino,071,2135413,565517,555668,24391,580059,6505
2022-02-24,San Diego,073,3302833,742229,736049,51721,787770,5002
2022-02-24,San Francisco,075,870044,121380,123079,8018,131097,769
2022-02-24,San Joaquin,077,732212,164829,164418,9714,174132,2048
2022-02-24,San Luis Obispo,079,281455,51627,51358,3643,55001,438
2022-02-24,San Mateo,081,765935,119386,117860,6744,124604,603
2022-02-24,Santa Barbara,083,443738,84820,84830,4627,89457,652
2022-02-24,Santa Clara,085,1922200,305182,305895,12024,317919,2166
2022-02-24,Santa Cruz,087,273765,46632,46186,2046,48232,251
2022-02-24,Shasta,089,179085,30158,30108,5993,36101,485
2022-02-24,Sierra,091,2930,271,270,47,317,1
2022-02-24,Siskiyou,093,43540,4389,4359,2668,7027,72
2022-02-24,Solano,095,438530,80225,80225,5444,85669,428
2022-02-24,Sonoma,097,501317,82184,81702,2478,84180,432
2022-02-24,Stanislaus,099,539301,116419,116896,17327,134223,1503
2022-02-24,Sutter,101,95872,20233,20230,1974,22204,214
2022-02-24,Tehama,103,63373,11920,11878,2559,14437,158
2022-02-24,Trinity,105,12862,1171,1156,284,1440,20
2022-02-24,Tulare,107,460477,105465,102983,27175,130158,1295
2022-02-24,Tuolumne,109,53932,12504,12169,541,12710,175
2022-02-24,Ventura,111,848112,171547,171292,9277,180569,1411
2022-02-24,Yolo,113,214977,36418,35615,2953,38568,296
2022-02-24,Yuba,115,75493,15626,15587,1159,16746,113
2022-02-23,Alameda,001,1643700,251485,247686,13304,260990,1713
2022-02-23,Alpine,003,1148,122,125,1,126,0
2022-02-23,Amador,005,37829,8339,8274,628,8902,79
2022-02-23,Butte,007,227075,32629,32417,6635,39052,367
2022-02-23,Calaveras,009,45235,7168,7182,336,7518,107
2022-02-23,Colusa,011,21464,3411,3411,1042,4453,21
2022-02-23,Contra Costa,013,1133247,186230,184013,12726,196739,1209
2022-02-23,Del Norte,015,27424,5632,5625,169,5794,45
2022-02-23,El Dorado,017,186661,26429,26317,3158,29475,189
2022-02-23,Fresno,019,978130,228418,225308,23215,248523,2596
2022-02-23,Glenn,021,27897,4923,4909,1577,6486,40
2022-02-23,Humboldt,023,135768,16580,16601,2864,19465,132
2022-02-23,Imperial,025,180216,54862,54292,10439,64731,871
2022-02-23,Inyo,027,18085,4041,4031,450,4481,54
2022-02-23,Kern,029,883053,190148,188432,45228,233660,2106
2022-02-23,Kings,031,150075,50836,50416,3458,53874,423
2022-02-23,Lake,033,64148,10470,10368,862,11230,126
2022-02-23,Lassen,035,31185,8811,8749,868,9617,55
2022-02-23,Los Angeles,037,10098052,2685452,2659569,121813,2781382,30167
2022-02-23,Madera,039,155013,36880,36876,5926,42802,330
2022-02-23,Marin,041,260295,32752,32625,2147,34772,267
2022-02-23,Mariposa,043,17540,2345,2325,190,2515,6
2022-02-23,Mendocino,045,87422,12858,12747,2929,15676,111
2022-02-23,Merced,047,269075,61499,61295,8397,69692,772
2022-02-23,Modoc,049,8938,725,723,248,971,7
2022-02-23,Mono,051,14174,2954,2960,118,3078,5
2022-02-23,Monterey,053,433212,78408,77472,13074,90546,691
2022-02-23,Napa,055,140530,25215,25185,918,26103,128
2022-02-23,Nevada,057,99092,15752,15825,1147,16972,121
2022-02-23,Orange,059,3164182,541491,539631,40468,580099,6520
2022-02-23,Placer,061,380077,62021,61758,7229,68987,573
2022-02-23,Plumas,063,18699,2936,2663,356,3019,13
2022-02-23,Riverside,065,2383286,586962,584381,27387,611768,6119
2022-02-23,Sacramento,067,1510023,277511,272057,26050,298107,2796
2022-02-23,San Benito,069,59416,12751,12756,502,13258,92
2022-02-23,San Bernardino,071,2135413,565356,555238,24375,579613,6479
2022-02-23,San Diego,073,3302833,741726,735406,51671,787077,4988
2022-02-23,San Francisco,075,870044,121253,122127,8016,130143,769
2022-02-23,San Joaquin,077,732212,164736,164257,9709,173966,2042
2022-02-23,San Luis Obispo,079,281455,51579,51264,3641,54905,434
2022-02-23,San Mateo,081,765935,119295,117585,6735,124320,603
2022-02-23,Santa Barbara,083,443738,84759,84760,4623,89383,651
2022-02-23,Santa Clara,085,1922200,304926,305484,12015,317499,2157
2022-02-23,Santa Cruz,087,273765,46562,46059,2045,48104,251
2022-02-23,Shasta,089,179085,30131,30066,5990,36056,481
2022-02-23,Sierra,091,2930,271,270,47,317,1
2022-02-23,Siskiyou,093,43540,4386,4356,2666,7022,71
2022-02-23,Solano,095,438530,80135,80103,5442,85545,427
2022-02-23,Sonoma,097,501317,82130,81594,2476,84070,432
2022-02-23,Stanislaus,099,539301,116342,116789,17318,134107,1482
2022-02-23,Sutter,101,95872,20216,20194,1970,22164,213
2022-02-23,Tehama,103,63373,11910,11863,2559,14422,154
2022-02-23,Trinity,105,12862,1171,1156,284,1440,20
2022-02-23,Tulare,107,460477,105399,102812,27152,129964,1290
2022-02-23,Tuolumne,109,53932,12495,12158,540,12698,175
2022-02-23,Ventura,111,848112,171459,171163,9270,180433,1401
2022-02-23,Yolo,113,214977,36381,35590,2946,38536,296
2022-02-23,Yuba,115,75493,15623,15571,1157,16728,113
2022-02-22,Alameda,001,1643700,251241,247434,13290,260724,1706
2022-02-22,Alpine,003,1148,122,124,1,125,0
2022-02-22,Amador,005,37829,8329,8243,628,8871,79
2022-02-22,Butte,007,227075,32595,32359,6628,38987,366
2022-02-22,Calaveras,009,45235,7159,7178,336,7514,107
2022-02-22,Colusa,011,21464,3411,3402,1040,4442,21
2022-02-22,Contra Costa,013,1133247,186077,183812,12707,196519,1201
2022-02-22,Del Norte,015,27424,5623,5611,168,5779,45
2022-02-22,El Dorado,017,186661,26419,26289,3158,29447,189
2022-02-22,Fresno,019,978130,228191,225104,23189,248293,2592
2022-02-22,Glenn,021,27897,4922,4900,1576,6476,40
2022-02-22,Humboldt,023,135768,16558,16559,2860,19419,132
2022-02-22,Imperial,025,180216,54830,54227,10435,64662,864
2022-02-22,Inyo,027,18085,4039,4026,448,4474,54
2022-02-22,Kern,029,883053,190027,188237,45192,233429,2102
2022-02-22,Kings,031,150075,50774,50359,3456,53815,423
2022-02-22,Lake,033,64148,10459,10353,860,11213,126
2022-02-22,Lassen,035,31185,8807,8730,868,9598,55
2022-02-22,Los Angeles,037,10098052,2683986,2658230,121726,2779956,30129
2022-02-22,Madera,039,155013,36847,36833,5916,42749,330
2022-02-22,Marin,041,260295,32727,32591,2146,34737,267
2022-02-22,Mariposa,043,17540,2337,2322,190,2512,6
2022-02-22,Mendocino,045,87422,12844,12714,2919,15633,110
2022-02-22,Merced,047,269075,61438,61241,8391,69632,770
2022-02-22,Modoc,049,8938,722,720,248,968,6
2022-02-22,Mono,051,14174,2954,2961,118,3079,5
2022-02-22,Monterey,053,433212,78354,77359,13055,90414,690
2022-02-22,Napa,055,140530,25186,25151,917,26068,128
2022-02-22,Nevada,057,99092,15735,15815,1146,16961,121
2022-02-22,Orange,059,3164182,541203,539390,40435,579825,6502
2022-02-22,Placer,061,380077,61983,61709,7224,68933,572
2022-02-22,Plumas,063,18699,2930,2659,355,3014,13
2022-02-22,Riverside,065,2383286,586706,583969,27367,611336,6097
2022-02-22,Sacramento,067,1510023,277322,271789,26027,297816,2775
2022-02-22,San Benito,069,59416,12740,12742,501,13243,92
2022-02-22,San Bernardino,071,2135413,565153,554903,24356,579259,6451
2022-02-22,San Diego,073,3302833,741201,734536,51616,786152,4974
2022-02-22,San Francisco,075,870044,121124,121954,8012,129966,769
2022-02-22,San Joaquin,077,732212,164612,164111,9699,173810,2040
2022-02-22,San Luis Obispo,079,281455,51494,51193,3635,54828,431
2022-02-22,San Mateo,081,765935,119201,117418,6730,124148,603
2022-02-22,Santa Barbara,083,443738,84696,84701,4619,89320,650
2022-02-22,Santa Clara,085,1922200,304644,305045,12009,317054,2155
2022-02-22,Santa Cruz,087,273765,46497,45958,2045,48003,251
2022-02-22,Shasta,089,179085,30106,30024,5985,36009,479
2022-02-22,Sierra,091,2930,271,269,46,315,0
2022-02-22,Siskiyou,093,43540,4383,4350,2661,7011,70
2022-02-22,Solano,095,438530,80059,79968,5440,85408,425
2022-02-22,Sonoma,097,501317,82064,81412,2472,83884,431
2022-02-22,Stanislaus,099,539301,116261,116676,17300,133976,1475
2022-02-22,Sutter,101,95872,20200,20164,1968,22132,210
2022-02-22,Tehama,103,63373,11901,11852,2558,14410,152
2022-02-22,Trinity,105,12862,1171,1147,283,1430,20
2022-02-22,Tulare,107,460477,105293,102717,27122,129839,1287
2022-02-22,Tuolumne,109,53932,12477,12136,539,12675,175
2022-02-22,Ventura,111,848112,171374,171064,9264,180328,1401
2022-02-22,Yolo,113,214977,36344,35527,2941,38468,292
2022-02-22,Yuba,115,75493,15613,15550,1156,16706,110
2022-02-21,Alameda,001,1643700,250955,247434,13274,260708,1704
2022-02-21,Alpine,003,1148,122,124,1,125,0
2022-02-21,Amador,005,37829,8323,8246,628,8874,79
2022-02-21,Butte,007,227075,32554,32356,6604,38960,366
2022-02-21,Calaveras,009,45235,7151,7175,336,7511,107
2022-02-21,Colusa,011,21464,3409,3401,1038,4439,21
2022-02-21,Contra Costa,013,1133247,185851,183701,12693,196394,1201
2022-02-21,Del Norte,015,27424,5605,5601,167,5768,45
2022-02-21,El Dorado,017,186661,26391,26273,3153,29426,189
2022-02-21,Fresno,019,978130,227878,224923,23133,248056,2592
2022-02-21,Glenn,021,27897,4917,4897,1576,6473,40
2022-02-21,Humboldt,023,135768,16514,16548,2852,19400,132
2022-02-21,Imperial,025,180216,54770,54208,10422,64630,864
2022-02-21,Inyo,027,18085,4036,4023,448,4471,54
2022-02-21,Kern,029,883053,189834,188188,45140,233328,2102
2022-02-21,Kings,031,150075,50708,50188,3453,53641,422
2022-02-21,Lake,033,64148,10437,10334,858,11192,126
2022-02-21,Lassen,035,31185,8799,8705,863,9568,55
2022-02-21,Los Angeles,037,10098052,2682205,2656873,121630,2778503,30108
2022-02-21,Madera,039,155013,36809,36796,5895,42691,330
2022-02-21,Marin,041,260295,32704,32570,2146,34716,258
2022-02-21,Mariposa,043,17540,2334,2321,190,2511,6
2022-02-21,Mendocino,045,87422,12818,12706,2907,15613,110
2022-02-21,Merced,047,269075,61381,61209,8374,69583,770
2022-02-21,Modoc,049,8938,721,718,248,966,6
2022-02-21,Mono,051,14174,2953,2960,118,3078,5
2022-02-21,Monterey,053,433212,78260,77354,13014,90368,690
2022-02-21,Napa,055,140530,25147,25126,917,26043,128
2022-02-21,Nevada,057,99092,15724,15810,1143,16953,121
2022-02-21,Orange,059,3164182,540852,539068,40410,579478,6502
2022-02-21,Placer,061,380077,61929,61727,7220,68947,572
2022-02-21,Plumas,063,18699,2926,2657,350,3007,13
2022-02-21,Riverside,065,2383286,586338,583712,27320,611032,6097
2022-02-21,Sacramento,067,1510023,277067,271588,25994,297582,2769
2022-02-21,San Benito,069,59416,12727,12731,501,13232,92
2022-02-21,San Bernardino,071,2135413,564915,554662,24335,578997,6441
2022-02-21,San Diego,073,3302833,740583,732298,51538,783836,4974
2022-02-21,San Francisco,075,870044,120943,121865,8008,129873,769
2022-02-21,San Joaquin,077,732212,164468,164036,9688,173724,2040
2022-02-21,San Luis Obispo,079,281455,51403,51184,3628,54812,429
2022-02-21,San Mateo,081,765935,119108,117259,6722,123981,605
2022-02-21,Santa Barbara,083,443738,84619,84626,4611,89237,650
2022-02-21,Santa Clara,085,1922200,304316,304858,12003,316861,2158
2022-02-21,Santa Cruz,087,273765,46371,45941,2044,47985,251
2022-02-21,Shasta,089,179085,30060,30004,5977,35981,479
2022-02-21,Sierra,091,2930,271,269,46,315,0
2022-02-21,Siskiyou,093,43540,4371,4337,2656,6993,70
2022-02-21,Solano,095,438530,79967,79906,5435,85341,425
2022-02-21,Sonoma,097,501317,81950,81361,2466,83827,431
2022-02-21,Stanislaus,099,539301,116149,116597,17276,133873,1475
2022-02-21,Sutter,101,95872,20175,20152,1966,22118,210
2022-02-21,Tehama,103,63373,11888,11842,2557,14399,152
2022-02-21,Trinity,105,12862,1170,1147,283,1430,20
2022-02-21,Tulare,107,460477,105197,102614,27077,129691,1287
2022-02-21,Tuolumne,109,53932,12466,12126,536,12662,175
2022-02-21,Ventura,111,848112,171235,170939,9255,180194,1401
2022-02-21,Yolo,113,214977,36301,35518,2932,38450,292
2022-02-21,Yuba,115,75493,15594,15546,1147,16693,110
2022-02-20,Alameda,001,1643700,250725,246028,13266,259294,1700
2022-02-20,Alpine,003,1148,122,124,1,125,0
2022-02-20,Amador,005,37829,8312,8203,628,8831,79
2022-02-20,Butte,007,227075,32525,32173,6599,38772,364
2022-02-20,Calaveras,009,45235,7148,7136,335,7471,107
2022-02-20,Colusa,011,21464,3406,3389,1037,4426,21
2022-02-20,Contra Costa,013,1133247,185723,182797,12688,195485,1190
2022-02-20,Del Norte,015,27424,5590,5511,167,5678,45
2022-02-20,El Dorado,017,186661,26370,26101,3152,29253,189
2022-02-20,Fresno,019,978130,227687,223594,23118,246712,2544
2022-02-20,Glenn,021,27897,4914,4881,1576,6457,39
2022-02-20,Humboldt,023,135768,16502,16393,2848,19241,132
2022-02-20,Imperial,025,180216,54705,53967,10412,64379,862
2022-02-20,Inyo,027,18085,4036,4018,447,4465,52
2022-02-20,Kern,029,883053,189699,187158,45096,232254,2095
2022-02-20,Kings,031,150075,50680,49724,3450,53174,421
2022-02-20,Lake,033,64148,10404,10184,857,11041,126
2022-02-20,Lassen,035,31185,8787,8640,863,9503,55
2022-02-20,Los Angeles,037,10098052,2680878,2642878,121545,2764423,29842
2022-02-20,Madera,039,155013,36778,36526,5891,42417,330
2022-02-20,Marin,041,260295,32687,32441,2146,34587,258
2022-02-20,Mariposa,043,17540,2328,2310,188,2498,6
2022-02-20,Mendocino,045,87422,12808,12625,2904,15529,110
2022-02-20,Merced,047,269075,61352,60886,8373,69259,769
2022-02-20,Modoc,049,8938,720,714,248,962,6
2022-02-20,Mono,051,14174,2953,2956,118,3074,5
2022-02-20,Monterey,053,433212,78200,76765,13001,89766,682
2022-02-20,Napa,055,140530,25125,24970,915,25885,127
2022-02-20,Nevada,057,99092,15713,15715,1142,16857,121
2022-02-20,Orange,059,3164182,540533,538019,40374,578393,6416
2022-02-20,Placer,061,380077,61897,61417,7212,68629,560
2022-02-20,Plumas,063,18699,2922,2646,348,2994,13
2022-02-20,Riverside,065,2383286,586071,581788,27294,609082,6087
2022-02-20,Sacramento,067,1510023,276887,270080,25970,296050,2747
2022-02-20,San Benito,069,59416,12724,12665,501,13166,92
2022-02-20,San Bernardino,071,2135413,564707,553151,24318,577469,6400
2022-02-20,San Diego,073,3302833,740012,729549,51475,781024,4947
2022-02-20,San Francisco,075,870044,120803,121197,7998,129195,756
2022-02-20,San Joaquin,077,732212,164349,163083,9677,172760,2033
2022-02-20,San Luis Obispo,079,281455,51374,50823,3624,54447,424
2022-02-20,San Mateo,081,765935,119034,116648,6715,123363,598
2022-02-20,Santa Barbara,083,443738,84575,83988,4609,88597,642
2022-02-20,Santa Clara,085,1922200,304036,303077,11995,315072,2138
2022-02-20,Santa Cruz,087,273765,46305,45532,2041,47573,250
2022-02-20,Shasta,089,179085,30030,29847,5970,35817,479
2022-02-20,Sierra,091,2930,271,269,46,315,0
2022-02-20,Siskiyou,093,43540,4366,4307,2655,6962,70
2022-02-20,Solano,095,438530,79892,78914,5431,84345,424
2022-02-20,Sonoma,097,501317,81875,80843,2463,83306,431
2022-02-20,Stanislaus,099,539301,116083,115976,17259,133235,1454
2022-02-20,Sutter,101,95872,20163,20060,1963,22023,210
2022-02-20,Tehama,103,63373,11876,11760,2554,14314,152
2022-02-20,Trinity,105,12862,1169,1130,283,1413,20
2022-02-20,Tulare,107,460477,105110,101996,27051,129047,1286
2022-02-20,Tuolumne,109,53932,12445,12036,536,12572,175
2022-02-20,Ventura,111,848112,171139,170331,9248,179579,1384
2022-02-20,Yolo,113,214977,36275,35363,2929,38292,293
2022-02-20,Yuba,115,75493,15579,15449,1146,16595,112
2022-02-19,Alameda,001,1643700,250550,246028,13262,259290,1700
2022-02-19,Alpine,003,1148,122,124,1,125,0
2022-02-19,Amador,005,37829,8308,8203,628,8831,79
2022-02-19,Butte,007,227075,32501,32173,6596,38769,364
2022-02-19,Calaveras,009,45235,7148,7136,335,7471,107
2022-02-19,Colusa,011,21464,3405,3389,1035,4424,21
2022-02-19,Contra Costa,013,1133247,185626,182797,12687,195484,1190
2022-02-19,Del Norte,015,27424,5580,5511,167,5678,45
2022-02-19,El Dorado,017,186661,26352,26101,3150,29251,189
2022-02-19,Fresno,019,978130,227571,223594,23110,246704,2544
2022-02-19,Glenn,021,27897,4910,4881,1576,6457,39
2022-02-19,Humboldt,023,135768,16487,16393,2848,19241,132
2022-02-19,Imperial,025,180216,54689,53967,10407,64374,862
2022-02-19,Inyo,027,18085,4035,4018,446,4464,52
2022-02-19,Kern,029,883053,189596,187158,45072,232230,2095
2022-02-19,Kings,031,150075,50657,49724,3449,53173,421
2022-02-19,Lake,033,64148,10395,10184,857,11041,126
2022-02-19,Lassen,035,31185,8775,8640,862,9502,55
2022-02-19,Los Angeles,037,10098052,2680083,2642878,121504,2764382,29842
2022-02-19,Madera,039,155013,36756,36526,5889,42415,330
2022-02-19,Marin,041,260295,32664,32441,2145,34586,258
2022-02-19,Mariposa,043,17540,2325,2310,188,2498,6
2022-02-19,Mendocino,045,87422,12798,12625,2904,15529,110
2022-02-19,Merced,047,269075,61307,60886,8369,69255,769
2022-02-19,Modoc,049,8938,720,714,247,961,6
2022-02-19,Mono,051,14174,2952,2956,118,3074,5
2022-02-19,Monterey,053,433212,78111,76765,12990,89755,682
2022-02-19,Napa,055,140530,25115,24970,915,25885,127
2022-02-19,Nevada,057,99092,15705,15715,1142,16857,121
2022-02-19,Orange,059,3164182,540331,538019,40349,578368,6416
2022-02-19,Placer,061,380077,61850,61417,7212,68629,560
2022-02-19,Plumas,063,18699,2921,2646,348,2994,13
2022-02-19,Riverside,065,2383286,585888,581788,27282,609070,6087
2022-02-19,Sacramento,067,1510023,276744,270080,25959,296039,2747
2022-02-19,San Benito,069,59416,12711,12665,500,13165,92
2022-02-19,San Bernardino,071,2135413,564544,553151,24311,577462,6400
2022-02-19,San Diego,073,3302833,739667,729549,51428,780977,4947
2022-02-19,San Francisco,075,870044,120717,121197,7994,129191,756
2022-02-19,San Joaquin,077,732212,164275,163083,9666,172749,2033
2022-02-19,San Luis Obispo,079,281455,51361,50823,3620,54443,424
2022-02-19,San Mateo,081,765935,118993,116648,6714,123362,598
2022-02-19,Santa Barbara,083,443738,84508,83988,4608,88596,642
2022-02-19,Santa Clara,085,1922200,303842,303077,11993,315070,2138
2022-02-19,Santa Cruz,087,273765,46267,45532,2039,47571,250
2022-02-19,Shasta,089,179085,30016,29847,5967,35814,479
2022-02-19,Sierra,091,2930,271,269,46,315,0
2022-02-19,Siskiyou,093,43540,4363,4307,2655,6962,70
2022-02-19,Solano,095,438530,79850,78914,5430,84344,424
2022-02-19,Sonoma,097,501317,81833,80843,2463,83306,431
2022-02-19,Stanislaus,099,539301,116012,115976,17253,133229,1454
2022-02-19,Sutter,101,95872,20155,20060,1963,22023,210
2022-02-19,Tehama,103,63373,11869,11760,2554,14314,152
2022-02-19,Trinity,105,12862,1167,1130,283,1413,20
2022-02-19,Tulare,107,460477,105063,101996,27026,129022,1286
2022-02-19,Tuolumne,109,53932,12436,12036,536,12572,175
2022-02-19,Ventura,111,848112,171064,170331,9244,179575,1384
2022-02-19,Yolo,113,214977,36244,35363,2925,38288,293
2022-02-19,Yuba,115,75493,15570,15449,1146,16595,112
2022-02-18,Alameda,001,1643700,250383,246028,13254,259282,1700
2022-02-18,Alpine,003,1148,121,124,1,125,0
2022-02-18,Amador,005,37829,8301,8203,626,8829,79
2022-02-18,Butte,007,227075,32480,32173,6590,38763,364
2022-02-18,Calaveras,009,45235,7143,7136,334,7470,107
2022-02-18,Colusa,011,21464,3403,3389,1035,4424,21
2022-02-18,Contra Costa,013,1133247,185519,182797,12681,195478,1190
2022-02-18,Del Norte,015,27424,5569,5511,167,5678,45
2022-02-18,El Dorado,017,186661,26341,26101,3150,29251,189
2022-02-18,Fresno,019,978130,227383,223594,23099,246693,2544
2022-02-18,Glenn,021,27897,4909,4881,1575,6456,39
2022-02-18,Humboldt,023,135768,16470,16393,2843,19236,132
2022-02-18,Imperial,025,180216,54663,53967,10396,64363,862
2022-02-18,Inyo,027,18085,4033,4018,446,4464,52
2022-02-18,Kern,029,883053,189484,187158,45027,232185,2095
2022-02-18,Kings,031,150075,50570,49724,3449,53173,421
2022-02-18,Lake,033,64148,10377,10184,855,11039,126
2022-02-18,Lassen,035,31185,8755,8640,861,9501,55
2022-02-18,Los Angeles,037,10098052,2679097,2642878,121449,2764327,29842
2022-02-18,Madera,039,155013,36733,36526,5887,42413,330
2022-02-18,Marin,041,260295,32646,32441,2143,34584,258
2022-02-18,Mariposa,043,17540,2323,2310,188,2498,6
2022-02-18,Mendocino,045,87422,12788,12625,2904,15529,110
2022-02-18,Merced,047,269075,61264,60886,8359,69245,769
2022-02-18,Modoc,049,8938,720,714,247,961,6
2022-02-18,Mono,051,14174,2952,2956,118,3074,5
2022-02-18,Monterey,053,433212,78038,76765,12982,89747,682
2022-02-18,Napa,055,140530,25097,24970,915,25885,127
2022-02-18,Nevada,057,99092,15697,15715,1142,16857,121
2022-02-18,Orange,059,3164182,540095,538019,40310,578329,6416
2022-02-18,Placer,061,380077,61821,61417,7205,68622,560
2022-02-18,Plumas,063,18699,2918,2646,348,2994,13
2022-02-18,Riverside,065,2383286,585707,581788,27274,609062,6087
2022-02-18,Sacramento,067,1510023,276552,270080,25951,296031,2747
2022-02-18,San Benito,069,59416,12703,12665,500,13165,92
2022-02-18,San Bernardino,071,2135413,564366,553151,24306,577457,6400
2022-02-18,San Diego,073,3302833,739243,729549,51403,780952,4947
2022-02-18,San Francisco,075,870044,120629,121197,7986,129183,756
2022-02-18,San Joaquin,077,732212,164205,163083,9659,172742,2033
2022-02-18,San Luis Obispo,079,281455,51345,50823,3617,54440,424
2022-02-18,San Mateo,081,765935,118928,116648,6711,123359,598
2022-02-18,Santa Barbara,083,443738,84468,83988,4606,88594,642
2022-02-18,Santa Clara,085,1922200,303606,303077,11992,315069,2138
2022-02-18,Santa Cruz,087,273765,46233,45532,2038,47570,250
2022-02-18,Shasta,089,179085,30003,29847,5966,35813,479
2022-02-18,Sierra,091,2930,271,269,46,315,0
2022-02-18,Siskiyou,093,43540,4360,4307,2653,6960,70
2022-02-18,Solano,095,438530,79780,78914,5429,84343,424
2022-02-18,Sonoma,097,501317,81777,80843,2462,83305,431
2022-02-18,Stanislaus,099,539301,115962,115976,17239,133215,1454
2022-02-18,Sutter,101,95872,20143,20060,1963,22023,210
2022-02-18,Tehama,103,63373,11858,11760,2554,14314,152
2022-02-18,Trinity,105,12862,1166,1130,282,1412,20
2022-02-18,Tulare,107,460477,105012,101996,26985,128981,1286
2022-02-18,Tuolumne,109,53932,12430,12036,535,12571,175
2022-02-18,Ventura,111,848112,170974,170331,9239,179570,1384
2022-02-18,Yolo,113,214977,36216,35363,2923,38286,293
2022-02-18,Yuba,115,75493,15555,15449,1146,16595,112
2022-02-17,Alameda,001,1643700,250121,246028,13234,259262,1700
2022-02-17,Alpine,003,1148,121,124,1,125,0
2022-02-17,Amador,005,37829,8297,8203,624,8827,79
2022-02-17,Butte,007,227075,32442,32173,6586,38759,364
2022-02-17,Calaveras,009,45235,7134,7136,331,7467,107
2022-02-17,Colusa,011,21464,3400,3389,1035,4424,21
2022-02-17,Contra Costa,013,1133247,185323,182797,12649,195446,1190
2022-02-17,Del Norte,015,27424,5548,5511,167,5678,45
2022-02-17,El Dorado,017,186661,26316,26101,3140,29241,189
2022-02-17,Fresno,019,978130,227090,223594,23069,246663,2544
2022-02-17,Glenn,021,27897,4907,4881,1572,6453,39
2022-02-17,Humboldt,023,135768,16430,16393,2842,19235,132
2022-02-17,Imperial,025,180216,54592,53967,10380,64347,862
2022-02-17,Inyo,027,18085,4031,4018,445,4463,52
2022-02-17,Kern,029,883053,189330,187158,44978,232136,2095
2022-02-17,Kings,031,150075,50506,49724,3444,53168,421
2022-02-17,Lake,033,64148,10347,10184,851,11035,126
2022-02-17,Lassen,035,31185,8745,8640,859,9499,55
2022-02-17,Los Angeles,037,10098052,2677257,2642878,121368,2764246,29842
2022-02-17,Madera,039,155013,36690,36526,5880,42406,330
2022-02-17,Marin,041,260295,32620,32441,2142,34583,258
2022-02-17,Mariposa,043,17540,2321,2310,187,2497,6
2022-02-17,Mendocino,045,87422,12771,12625,2901,15526,110
2022-02-17,Merced,047,269075,61189,60886,8343,69229,769
2022-02-17,Modoc,049,8938,719,714,247,961,6
2022-02-17,Mono,051,14174,2950,2956,118,3074,5
2022-02-17,Monterey,053,433212,77926,76765,12940,89705,682
2022-02-17,Napa,055,140530,25065,24970,913,25883,127
2022-02-17,Nevada,057,99092,15685,15715,1141,16856,121
2022-02-17,Orange,059,3164182,539756,538019,40283,578302,6416
2022-02-17,Placer,061,380077,61779,61417,7197,68614,560
2022-02-17,Plumas,063,18699,2915,2646,348,2994,13
2022-02-17,Riverside,065,2383286,585330,581788,27247,609035,6087
2022-02-17,Sacramento,067,1510023,276267,270080,25903,295983,2747
2022-02-17,San Benito,069,59416,12692,12665,500,13165,92
2022-02-17,San Bernardino,071,2135413,564066,553151,24292,577443,6400
2022-02-17,San Diego,073,3302833,738647,729549,51353,780902,4947
2022-02-17,San Francisco,075,870044,120495,121197,7976,129173,756
2022-02-17,San Joaquin,077,732212,164041,163083,9645,172728,2033
2022-02-17,San Luis Obispo,079,281455,51240,50823,3609,54432,424
2022-02-17,San Mateo,081,765935,118834,116648,6702,123350,598
2022-02-17,Santa Barbara,083,443738,84368,83988,4599,88587,642
2022-02-17,Santa Clara,085,1922200,303241,303077,11978,315055,2138
2022-02-17,Santa Cruz,087,273765,46152,45532,2036,47568,250
2022-02-17,Shasta,089,179085,29976,29847,5963,35810,479
2022-02-17,Sierra,091,2930,271,269,46,315,0
2022-02-17,Siskiyou,093,43540,4351,4307,2649,6956,70
2022-02-17,Solano,095,438530,79699,78914,5422,84336,424
2022-02-17,Sonoma,097,501317,81711,80843,2455,83298,431
2022-02-17,Stanislaus,099,539301,115859,115976,17222,133198,1454
2022-02-17,Sutter,101,95872,20128,20060,1955,22015,210
2022-02-17,Tehama,103,63373,11850,11760,2553,14313,152
2022-02-17,Trinity,105,12862,1164,1130,280,1410,20
2022-02-17,Tulare,107,460477,104899,101996,26961,128957,1286
2022-02-17,Tuolumne,109,53932,12419,12036,535,12571,175
2022-02-17,Ventura,111,848112,170834,170331,9238,179569,1384
2022-02-17,Yolo,113,214977,36178,35363,2922,38285,293
2022-02-17,Yuba,115,75493,15540,15449,1146,16595,112
2022-02-16,Alameda,001,1643700,249810,245662,13195,258857,1691
2022-02-16,Alpine,003,1148,121,124,1,125,0
2022-02-16,Amador,005,37829,8279,8197,623,8820,77
2022-02-16,Butte,007,227075,32399,32095,6574,38669,363
2022-02-16,Calaveras,009,45235,7130,7129,328,7457,107
2022-02-16,Colusa,011,21464,3395,3384,1035,4419,21
2022-02-16,Contra Costa,013,1133247,185087,182423,12613,195036,1179
2022-02-16,Del Norte,015,27424,5528,5473,164,5637,45
2022-02-16,El Dorado,017,186661,26289,26061,3136,29197,189
2022-02-16,Fresno,019,978130,226729,223056,23020,246076,2542
2022-02-16,Glenn,021,27897,4903,4873,1567,6440,39
2022-02-16,Humboldt,023,135768,16406,16342,2832,19174,132
2022-02-16,Imperial,025,180216,54514,53901,10352,64253,861
2022-02-16,Inyo,027,18085,4028,4013,444,4457,52
2022-02-16,Kern,029,883053,189113,186740,44893,231633,2084
2022-02-16,Kings,031,150075,50453,49575,3436,53011,420
2022-02-16,Lake,033,64148,10321,10145,851,10996,125
2022-02-16,Lassen,035,31185,8712,8618,859,9477,55
2022-02-16,Los Angeles,037,10098052,2675165,2640005,121258,2761263,29749
2022-02-16,Madera,039,155013,36622,36382,5866,42248,330
2022-02-16,Marin,041,260295,32584,32381,2140,34521,257
2022-02-16,Mariposa,043,17540,2319,2305,187,2492,6
2022-02-16,Mendocino,045,87422,12749,12605,2891,15496,108
2022-02-16,Merced,047,269075,61123,60776,8311,69087,767
2022-02-16,Modoc,049,8938,719,711,243,954,6
2022-02-16,Mono,051,14174,2948,2953,118,3071,5
2022-02-16,Monterey,053,433212,77778,76624,12899,89523,682
2022-02-16,Napa,055,140530,25026,24897,910,25807,128
2022-02-16,Nevada,057,99092,15668,15677,1137,16814,121
2022-02-16,Orange,059,3164182,539354,537934,40239,578173,6392
2022-02-16,Placer,061,380077,61736,61278,7185,68463,556
2022-02-16,Plumas,063,18699,2912,2644,346,2990,13
2022-02-16,Riverside,065,2383286,584931,580828,27201,608029,6064
2022-02-16,Sacramento,067,1510023,275942,269416,25847,295263,2736
2022-02-16,San Benito,069,59416,12665,12644,500,13144,92
2022-02-16,San Bernardino,071,2135413,563794,552353,24270,576623,6379
2022-02-16,San Diego,073,3302833,737887,728610,51278,779888,4931
2022-02-16,San Francisco,075,870044,120322,120987,7973,128960,756
2022-02-16,San Joaquin,077,732212,163872,162752,9635,172387,2032
2022-02-16,San Luis Obispo,079,281455,51168,50704,3597,54301,425
2022-02-16,San Mateo,081,765935,118716,116438,6684,123122,595
2022-02-16,Santa Barbara,083,443738,84292,83968,4587,88555,642
2022-02-16,Santa Clara,085,1922200,302856,302439,11945,314384,2130
2022-02-16,Santa Cruz,087,273765,46062,45274,2034,47308,250
2022-02-16,Shasta,089,179085,29938,29767,5951,35718,477
2022-02-16,Sierra,091,2930,270,269,46,315,0
2022-02-16,Siskiyou,093,43540,4344,4302,2643,6945,71
2022-02-16,Solano,095,438530,79584,78742,5416,84158,422
2022-02-16,Sonoma,097,501317,81583,80642,2445,83087,431
2022-02-16,Stanislaus,099,539301,115740,115751,17191,132942,1443
2022-02-16,Sutter,101,95872,20111,20020,1952,21972,210
2022-02-16,Tehama,103,63373,11833,11738,2551,14289,152
2022-02-16,Trinity,105,12862,1164,1130,279,1409,20
2022-02-16,Tulare,107,460477,104779,101817,26911,128728,1281
2022-02-16,Tuolumne,109,53932,12407,11991,534,12525,171
2022-02-16,Ventura,111,848112,170697,170117,9230,179347,1372
2022-02-16,Yolo,113,214977,36127,35284,2920,38204,292
2022-02-16,Yuba,115,75493,15518,15405,1143,16548,110
2022-02-15,Alameda,001,1643700,249458,245265,13167,258432,1683
2022-02-15,Alpine,003,1148,121,124,1,125,0
2022-02-15,Amador,005,37829,8269,8183,622,8805,77
2022-02-15,Butte,007,227075,32349,32011,6560,38571,361
2022-02-15,Calaveras,009,45235,7120,7115,328,7443,106
2022-02-15,Colusa,011,21464,3387,3374,1034,4408,21
2022-02-15,Contra Costa,013,1133247,184829,182041,12583,194624,1179
2022-02-15,Del Norte,015,27424,5500,5439,163,5602,45
2022-02-15,El Dorado,017,186661,26270,25988,3131,29119,189
2022-02-15,Fresno,019,978130,226353,222673,22961,245634,2543
2022-02-15,Glenn,021,27897,4894,4862,1566,6428,39
2022-02-15,Humboldt,023,135768,16362,16297,2817,19114,132
2022-02-15,Imperial,025,180216,54451,53813,10337,64150,860
2022-02-15,Inyo,027,18085,4027,4009,443,4452,52
2022-02-15,Kern,029,883053,188893,186324,44803,231127,2072
2022-02-15,Kings,031,150075,50360,49473,3427,52900,418
2022-02-15,Lake,033,64148,10289,10112,845,10957,123
2022-02-15,Lassen,035,31185,8698,8587,857,9444,55
2022-02-15,Los Angeles,037,10098052,2672906,2638266,121126,2759392,29691
2022-02-15,Madera,039,155013,36555,36260,5846,42106,330
2022-02-15,Marin,041,260295,32542,32355,2138,34493,255
2022-02-15,Mariposa,043,17540,2318,2302,187,2489,6
2022-02-15,Mendocino,045,87422,12732,12580,2872,15452,108
2022-02-15,Merced,047,269075,61040,60674,8280,68954,763
2022-02-15,Modoc,049,8938,717,710,240,950,6
2022-02-15,Mono,051,14174,2947,2952,118,3070,5
2022-02-15,Monterey,053,433212,77652,75530,12841,88371,682
2022-02-15,Napa,055,140530,24976,24832,903,25735,127
2022-02-15,Nevada,057,99092,15642,15643,1136,16779,121
2022-02-15,Orange,059,3164182,538896,537478,40197,577675,6374
2022-02-15,Placer,061,380077,61675,61170,7174,68344,554
2022-02-15,Plumas,063,18699,2908,2638,346,2984,13
2022-02-15,Riverside,065,2383286,584444,579940,27142,607082,6049
2022-02-15,Sacramento,067,1510023,275554,268950,25769,294719,2721
2022-02-15,San Benito,069,59416,12646,12616,500,13116,91
2022-02-15,San Bernardino,071,2135413,563431,551803,24250,576053,6372
2022-02-15,San Diego,073,3302833,736925,727486,51180,778666,4914
2022-02-15,San Francisco,075,870044,120151,120759,7962,128721,756
2022-02-15,San Joaquin,077,732212,163652,162518,9622,172140,2021
2022-02-15,San Luis Obispo,079,281455,51071,50534,3582,54116,419
2022-02-15,San Mateo,081,765935,118580,116253,6664,122917,595
2022-02-15,Santa Barbara,083,443738,84157,83734,4573,88307,640
2022-02-15,Santa Clara,085,1922200,302364,301831,11908,313739,2130
2022-02-15,Santa Cruz,087,273765,45958,45171,2029,47200,250
2022-02-15,Shasta,089,179085,29887,29684,5937,35621,477
2022-02-15,Sierra,091,2930,270,269,46,315,0
2022-02-15,Siskiyou,093,43540,4337,4288,2636,6924,70
2022-02-15,Solano,095,438530,79450,78626,5411,84037,426
2022-02-15,Sonoma,097,501317,81462,80433,2439,82872,431
2022-02-15,Stanislaus,099,539301,115599,115549,17160,132709,1429
2022-02-15,Sutter,101,95872,20083,19980,1947,21927,208
2022-02-15,Tehama,103,63373,11815,11717,2549,14266,151
2022-02-15,Trinity,105,12862,1158,1125,276,1401,20
2022-02-15,Tulare,107,460477,104626,101645,26856,128501,1278
2022-02-15,Tuolumne,109,53932,12388,11945,532,12477,171
2022-02-15,Ventura,111,848112,170523,169942,9223,179165,1372
2022-02-15,Yolo,113,214977,36076,35241,2912,38153,289
2022-02-15,Yuba,115,75493,15490,15372,1138,16510,109
2022-02-14,Alameda,001,1643700,249024,244315,13135,257450,1677
2022-02-14,Alpine,003,1148,121,125,1,126,0
2022-02-14,Amador,005,37829,8254,8164,619,8783,77
2022-02-14,Butte,007,227075,32292,31946,6545,38491,360
2022-02-14,Calaveras,009,45235,7107,7097,326,7423,106
2022-02-14,Colusa,011,21464,3384,3367,1030,4397,21
2022-02-14,Contra Costa,013,1133247,184545,181753,12545,194298,1167
2022-02-14,Del Norte,015,27424,5477,5426,162,5588,45
2022-02-14,El Dorado,017,186661,26235,25915,3122,29037,188
2022-02-14,Fresno,019,978130,225873,222360,22873,245233,2538
2022-02-14,Glenn,021,27897,4888,4854,1566,6420,39
2022-02-14,Humboldt,023,135768,16322,16264,2792,19056,132
2022-02-14,Imperial,025,180216,54380,53765,10311,64076,860
2022-02-14,Inyo,027,18085,4026,4010,442,4452,52
2022-02-14,Kern,029,883053,188549,186037,44695,230732,2063
2022-02-14,Kings,031,150075,50254,49395,3418,52813,419
2022-02-14,Lake,033,64148,10252,10090,842,10932,123
2022-02-14,Lassen,035,31185,8688,8539,855,9394,55
2022-02-14,Los Angeles,037,10098052,2670325,2636064,120998,2757062,29650
2022-02-14,Madera,039,155013,36490,36194,5823,42017,330
2022-02-14,Marin,041,260295,32506,32304,2135,34439,255
2022-02-14,Mariposa,043,17540,2311,2295,187,2482,6
2022-02-14,Mendocino,045,87422,12705,12541,2840,15381,108
2022-02-14,Merced,047,269075,60951,60591,8238,68829,758
2022-02-14,Modoc,049,8938,712,707,240,947,6
2022-02-14,Mono,051,14174,2946,2954,118,3072,5
2022-02-14,Monterey,053,433212,77481,75407,12761,88168,678
2022-02-14,Napa,055,140530,24917,24776,903,25679,127
2022-02-14,Nevada,057,99092,15623,15629,1135,16764,121
2022-02-14,Orange,059,3164182,538390,536924,40132,577056,6355
2022-02-14,Placer,061,380077,61605,61123,7159,68282,554
2022-02-14,Plumas,063,18699,2906,2631,346,2977,13
2022-02-14,Riverside,065,2383286,583899,579174,27074,606248,5994
2022-02-14,Sacramento,067,1510023,275115,268547,25658,294205,2717
2022-02-14,San Benito,069,59416,12622,12598,499,13097,91
2022-02-14,San Bernardino,071,2135413,563016,551338,24230,575568,6372
2022-02-14,San Diego,073,3302833,735957,723902,51081,774983,4894
2022-02-14,San Francisco,075,870044,119960,120581,7952,128533,756
2022-02-14,San Joaquin,077,732212,163412,162363,9599,171962,2018
2022-02-14,San Luis Obispo,079,281455,50963,50465,3572,54037,416
2022-02-14,San Mateo,081,765935,118416,116129,6656,122785,592
2022-02-14,Santa Barbara,083,443738,84010,83697,4563,88260,636
2022-02-14,Santa Clara,085,1922200,301830,301319,11884,313203,2127
2022-02-14,Santa Cruz,087,273765,45795,45042,2025,47067,250
2022-02-14,Shasta,089,179085,29801,29595,5920,35515,474
2022-02-14,Sierra,091,2930,270,269,46,315,0
2022-02-14,Siskiyou,093,43540,4324,4278,2622,6900,69
2022-02-14,Solano,095,438530,79271,78533,5399,83932,427
2022-02-14,Sonoma,097,501317,81321,80336,2428,82764,431
2022-02-14,Stanislaus,099,539301,115422,115426,17119,132545,1406
2022-02-14,Sutter,101,95872,20055,19957,1941,21898,209
2022-02-14,Tehama,103,63373,11792,11686,2548,14234,151
2022-02-14,Trinity,105,12862,1155,1123,276,1399,20
2022-02-14,Tulare,107,460477,104419,101448,26761,128209,1276
2022-02-14,Tuolumne,109,53932,12359,11920,529,12449,170
2022-02-14,Ventura,111,848112,170346,169725,9211,178936,1361
2022-02-14,Yolo,113,214977,36017,35112,2902,38014,286
2022-02-14,Yuba,115,75493,15460,15375,1134,16509,108
2022-02-13,Alameda,001,1643700,248535,243681,13101,256782,1677
2022-02-13,Alpine,003,1148,121,125,1,126,0
2022-02-13,Amador,005,37829,8225,8146,616,8762,77
2022-02-13,Butte,007,227075,32219,31865,6523,38388,360
2022-02-13,Calaveras,009,45235,7100,7083,323,7406,106
2022-02-13,Colusa,011,21464,3381,3366,1028,4394,21
2022-02-13,Contra Costa,013,1133247,184179,181313,12481,193794,1159
2022-02-13,Del Norte,015,27424,5444,5379,162,5541,45
2022-02-13,El Dorado,017,186661,26198,25871,3114,28985,188
2022-02-13,Fresno,019,978130,225333,221686,22811,244497,2537
2022-02-13,Glenn,021,27897,4878,4847,1563,6410,39
2022-02-13,Humboldt,023,135768,16275,16210,2764,18974,132
2022-02-13,Imperial,025,180216,54282,53658,10276,63934,860
2022-02-13,Inyo,027,18085,4023,4006,440,4446,52
2022-02-13,Kern,029,883053,188297,185640,44610,230250,2063
2022-02-13,Kings,031,150075,50127,49243,3407,52650,416
2022-02-13,Lake,033,64148,10189,10042,835,10877,123
2022-02-13,Lassen,035,31185,8663,8503,853,9356,55
2022-02-13,Los Angeles,037,10098052,2667157,2631267,120857,2752124,29595
2022-02-13,Madera,039,155013,36372,36054,5795,41849,330
2022-02-13,Marin,041,260295,32435,32222,2128,34350,255
2022-02-13,Mariposa,043,17540,2305,2292,185,2477,6
2022-02-13,Mendocino,045,87422,12676,12521,2801,15322,108
2022-02-13,Merced,047,269075,60809,60460,8185,68645,758
2022-02-13,Modoc,049,8938,710,704,233,937,6
2022-02-13,Mono,051,14174,2945,2949,118,3067,5
2022-02-13,Monterey,053,433212,77274,75295,12687,87982,678
2022-02-13,Napa,055,140530,24840,24743,900,25643,127
2022-02-13,Nevada,057,99092,15589,15590,1128,16718,121
2022-02-13,Orange,059,3164182,537762,536134,40070,576204,6355
2022-02-13,Placer,061,380077,61528,61020,7138,68158,554
2022-02-13,Plumas,063,18699,2898,2626,343,2969,13
2022-02-13,Riverside,065,2383286,583307,578363,27033,605396,5995
2022-02-13,Sacramento,067,1510023,274605,267947,25529,293476,2699
2022-02-13,San Benito,069,59416,12589,12578,498,13076,91
2022-02-13,San Bernardino,071,2135413,562527,550632,24197,574829,6367
2022-02-13,San Diego,073,3302833,734818,723902,50962,774864,4894
2022-02-13,San Francisco,075,870044,119707,120295,7940,128235,756
2022-02-13,San Joaquin,077,732212,163105,162028,9571,171599,2018
2022-02-13,San Luis Obispo,079,281455,50818,50384,3564,53948,415
2022-02-13,San Mateo,081,765935,118195,115876,6631,122507,592
2022-02-13,Santa Barbara,083,443738,83846,83547,4556,88103,635
2022-02-13,Santa Clara,085,1922200,301190,300412,11847,312259,2114
2022-02-13,Santa Cruz,087,273765,45639,44887,2023,46910,240
2022-02-13,Shasta,089,179085,29722,29531,5897,35428,474
2022-02-13,Sierra,091,2930,270,269,46,315,0
2022-02-13,Siskiyou,093,43540,4317,4264,2606,6870,69
2022-02-13,Solano,095,438530,79115,78424,5375,83799,426
2022-02-13,Sonoma,097,501317,81155,80172,2416,82588,431
2022-02-13,Stanislaus,099,539301,115226,115156,17079,132235,1406
2022-02-13,Sutter,101,95872,20016,19900,1941,21841,209
2022-02-13,Tehama,103,63373,11766,11644,2545,14189,151
2022-02-13,Trinity,105,12862,1152,1120,273,1393,20
2022-02-13,Tulare,107,460477,104202,101135,26673,127808,1276
2022-02-13,Tuolumne,109,53932,12334,11891,524,12415,170
2022-02-13,Ventura,111,848112,170152,169422,9191,178613,1361
2022-02-13,Yolo,113,214977,35950,35057,2890,37947,286
2022-02-13,Yuba,115,75493,15426,15346,1133,16479,107
2022-02-12,Alameda,001,1643700,248313,242137,13087,255224,1668
2022-02-12,Alpine,003,1148,121,124,1,125,0
2022-02-12,Amador,005,37829,8219,8091,616,8707,76
2022-02-12,Butte,007,227075,32192,31601,6517,38118,360
2022-02-12,Calaveras,009,45235,7097,7022,322,7344,106
2022-02-12,Colusa,011,21464,3378,3345,1028,4373,21
2022-02-12,Contra Costa,013,1133247,183988,180270,12474,192744,1141
2022-02-12,Del Norte,015,27424,5425,5262,162,5424,45
2022-02-12,El Dorado,017,186661,26182,25692,3114,28806,188
2022-02-12,Fresno,019,978130,225120,219909,22796,242705,2509
2022-02-12,Glenn,021,27897,4877,4818,1562,6380,39
2022-02-12,Humboldt,023,135768,16251,16058,2761,18819,132
2022-02-12,Imperial,025,180216,54238,53304,10266,63570,860
2022-02-12,Inyo,027,18085,4021,3991,440,4431,52
2022-02-12,Kern,029,883053,188186,184639,44573,229212,2037
2022-02-12,Kings,031,150075,50087,48893,3400,52293,415
2022-02-12,Lake,033,64148,10168,9926,831,10757,123
2022-02-12,Lassen,035,31185,8640,8477,852,9329,55
2022-02-12,Los Angeles,037,10098052,2665994,2616426,120782,2737208,29364
2022-02-12,Madera,039,155013,36338,35710,5788,41498,330
2022-02-12,Marin,041,260295,32403,32048,2125,34173,255
2022-02-12,Mariposa,043,17540,2305,2286,185,2471,6
2022-02-12,Mendocino,045,87422,12660,12439,2801,15240,107
2022-02-12,Merced,047,269075,60755,60187,8180,68367,758
2022-02-12,Modoc,049,8938,710,697,233,930,6
2022-02-12,Mono,051,14174,2944,2939,118,3057,5
2022-02-12,Monterey,053,433212,77213,74842,12665,87507,672
2022-02-12,Napa,055,140530,24812,24530,900,25430,124
2022-02-12,Nevada,057,99092,15576,15499,1127,16626,119
2022-02-12,Orange,059,3164182,537473,534503,40034,574537,6305
2022-02-12,Placer,061,380077,61471,60636,7135,67771,554
2022-02-12,Plumas,063,18699,2897,2617,342,2959,13
2022-02-12,Riverside,065,2383286,582945,575566,27010,602576,5961
2022-02-12,Sacramento,067,1510023,274370,266347,25520,291867,2686
2022-02-12,San Benito,069,59416,12577,12526,498,13024,91
2022-02-12,San Bernardino,071,2135413,562294,548822,24185,573007,6360
2022-02-12,San Diego,073,3302833,734318,720287,50913,771200,4854
2022-02-12,San Francisco,075,870044,119585,119113,7929,127042,740
2022-02-12,San Joaquin,077,732212,162974,161234,9565,170799,2014
2022-02-12,San Luis Obispo,079,281455,50782,50064,3561,53625,416
2022-02-12,San Mateo,081,765935,118107,115235,6624,121859,589
2022-02-12,Santa Barbara,083,443738,83760,83390,4549,87939,631
2022-02-12,Santa Clara,085,1922200,300851,298176,11839,310015,2093
2022-02-12,Santa Cruz,087,273765,45603,44447,2021,46468,239
2022-02-12,Shasta,089,179085,29693,29370,5893,35263,473
2022-02-12,Sierra,091,2930,270,268,46,314,0
2022-02-12,Siskiyou,093,43540,4310,4231,2603,6834,68
2022-02-12,Solano,095,438530,79073,77865,5370,83235,424
2022-02-12,Sonoma,097,501317,81051,79533,2414,81947,431
2022-02-12,Stanislaus,099,539301,115101,114531,17067,131598,1406
2022-02-12,Sutter,101,95872,20001,19800,1941,21741,211
2022-02-12,Tehama,103,63373,11751,11580,2545,14125,151
2022-02-12,Trinity,105,12862,1151,1115,273,1388,20
2022-02-12,Tulare,107,460477,104106,100434,26636,127070,1273
2022-02-12,Tuolumne,109,53932,12316,11754,524,12278,125
2022-02-12,Ventura,111,848112,170044,168736,9186,177922,1340
2022-02-12,Yolo,113,214977,35909,34773,2887,37660,286
2022-02-12,Yuba,115,75493,15412,15242,1132,16374,107
2022-02-11,Alameda,001,1643700,248032,242137,13072,255209,1668
2022-02-11,Alpine,003,1148,121,124,1,125,0
2022-02-11,Amador,005,37829,8207,8091,616,8707,76
2022-02-11,Butte,007,227075,32148,31601,6507,38108,360
2022-02-11,Calaveras,009,45235,7094,7022,322,7344,106
2022-02-11,Colusa,011,21464,3376,3345,1027,4372,21
2022-02-11,Contra Costa,013,1133247,183783,180270,12455,192725,1141
2022-02-11,Del Norte,015,27424,5409,5262,161,5423,45
2022-02-11,El Dorado,017,186661,26163,25692,3113,28805,188
2022-02-11,Fresno,019,978130,224825,219909,22778,242687,2509
2022-02-11,Glenn,021,27897,4873,4818,1562,6380,39
2022-02-11,Humboldt,023,135768,16222,16058,2756,18814,132
2022-02-11,Imperial,025,180216,54208,53304,10255,63559,860
2022-02-11,Inyo,027,18085,4017,3991,436,4427,52
2022-02-11,Kern,029,883053,188028,184639,44522,229161,2037
2022-02-11,Kings,031,150075,50047,48893,3399,52292,415
2022-02-11,Lake,033,64148,10143,9926,829,10755,123
2022-02-11,Lassen,035,31185,8600,8477,852,9329,55
2022-02-11,Los Angeles,037,10098052,2664363,2616426,120693,2737119,29364
2022-02-11,Madera,039,155013,36296,35710,5782,41492,330
2022-02-11,Marin,041,260295,32371,32048,2122,34170,255
2022-02-11,Mariposa,043,17540,2300,2286,185,2471,6
2022-02-11,Mendocino,045,87422,12644,12439,2801,15240,107
2022-02-11,Merced,047,269075,60705,60187,8173,68360,758
2022-02-11,Modoc,049,8938,708,697,233,930,6
2022-02-11,Mono,051,14174,2943,2939,118,3057,5
2022-02-11,Monterey,053,433212,77097,74842,12652,87494,672
2022-02-11,Napa,055,140530,24785,24530,900,25430,124
2022-02-11,Nevada,057,99092,15562,15499,1124,16623,119
2022-02-11,Orange,059,3164182,537122,534503,39974,574477,6305
2022-02-11,Placer,061,380077,61419,60636,7133,67769,554
2022-02-11,Plumas,063,18699,2893,2617,340,2957,13
2022-02-11,Riverside,065,2383286,582526,575566,26994,602560,5961
2022-02-11,Sacramento,067,1510023,274106,266347,25508,291855,2686
2022-02-11,San Benito,069,59416,12572,12526,498,13024,91
2022-02-11,San Bernardino,071,2135413,561980,548822,24171,572993,6360
2022-02-11,San Diego,073,3302833,733615,720287,50854,771141,4854
2022-02-11,San Francisco,075,870044,119464,119113,7913,127026,740
2022-02-11,San Joaquin,077,732212,162806,161234,9553,170787,2014
2022-02-11,San Luis Obispo,079,281455,50745,50064,3557,53621,416
2022-02-11,San Mateo,081,765935,117989,115235,6615,121850,589
2022-02-11,Santa Barbara,083,443738,83676,83390,4548,87938,631
2022-02-11,Santa Clara,085,1922200,300426,298176,11822,309998,2093
2022-02-11,Santa Cruz,087,273765,45512,44447,2021,46468,239
2022-02-11,Shasta,089,179085,29662,29370,5885,35255,473
2022-02-11,Sierra,091,2930,269,268,45,313,0
2022-02-11,Siskiyou,093,43540,4299,4231,2597,6828,68
2022-02-11,Solano,095,438530,78948,77865,5364,83229,424
2022-02-11,Sonoma,097,501317,80964,79533,2409,81942,431
2022-02-11,Stanislaus,099,539301,114999,114531,17053,131584,1406
2022-02-11,Sutter,101,95872,19978,19800,1939,21739,211
2022-02-11,Tehama,103,63373,11738,11580,2545,14125,151
2022-02-11,Trinity,105,12862,1150,1115,272,1387,20
2022-02-11,Tulare,107,460477,103988,100434,26585,127019,1273
2022-02-11,Tuolumne,109,53932,12301,11754,522,12276,125
2022-02-11,Ventura,111,848112,169905,168736,9181,177917,1340
2022-02-11,Yolo,113,214977,35876,34773,2885,37658,286
2022-02-11,Yuba,115,75493,15395,15242,1131,16373,107
2022-02-10,Alameda,001,1643700,247507,242137,13025,255162,1668
2022-02-10,Alpine,003,1148,121,124,1,125,0
2022-02-10,Amador,005,37829,8195,8091,610,8701,76
2022-02-10,Butte,007,227075,32096,31601,6494,38095,360
2022-02-10,Calaveras,009,45235,7082,7022,320,7342,106
2022-02-10,Colusa,011,21464,3370,3345,1025,4370,21
2022-02-10,Contra Costa,013,1133247,183421,180270,12391,192661,1141
2022-02-10,Del Norte,015,27424,5380,5262,159,5421,45
2022-02-10,El Dorado,017,186661,26118,25692,3106,28798,188
2022-02-10,Fresno,019,978130,224245,219909,22692,242601,2509
2022-02-10,Glenn,021,27897,4869,4818,1560,6378,39
2022-02-10,Humboldt,023,135768,16172,16058,2734,18792,132
2022-02-10,Imperial,025,180216,54139,53304,10212,63516,860
2022-02-10,Inyo,027,18085,4013,3991,436,4427,52
2022-02-10,Kern,029,883053,187720,184639,44413,229052,2037
2022-02-10,Kings,031,150075,49936,48893,3388,52281,415
2022-02-10,Lake,033,64148,10112,9926,827,10753,123
2022-02-10,Lassen,035,31185,8586,8477,850,9327,55
2022-02-10,Los Angeles,037,10098052,2661208,2616426,120507,2736933,29364
2022-02-10,Madera,039,155013,36199,35710,5751,41461,330
2022-02-10,Marin,041,260295,32313,32048,2110,34158,255
2022-02-10,Mariposa,043,17540,2296,2286,184,2470,6
2022-02-10,Mendocino,045,87422,12622,12439,2778,15217,107
2022-02-10,Merced,047,269075,60580,60187,8120,68307,758
2022-02-10,Modoc,049,8938,707,697,232,929,6
2022-02-10,Mono,051,14174,2941,2939,117,3056,5
2022-02-10,Monterey,053,433212,76915,74842,12572,87414,672
2022-02-10,Napa,055,140530,24720,24530,898,25428,124
2022-02-10,Nevada,057,99092,15537,15499,1123,16622,119
2022-02-10,Orange,059,3164182,536472,534503,39907,574410,6305
2022-02-10,Placer,061,380077,61338,60636,7124,67760,554
2022-02-10,Plumas,063,18699,2890,2617,333,2950,13
2022-02-10,Riverside,065,2383286,581799,575566,26938,602504,5961
2022-02-10,Sacramento,067,1510023,273624,266347,25420,291767,2686
2022-02-10,San Benito,069,59416,12551,12526,496,13022,91
2022-02-10,San Bernardino,071,2135413,561437,548822,24141,572963,6360
2022-02-10,San Diego,073,3302833,732508,720287,50734,771021,4854
2022-02-10,San Francisco,075,870044,119251,119113,7896,127009,740
2022-02-10,San Joaquin,077,732212,162493,161234,9545,170779,2014
2022-02-10,San Luis Obispo,079,281455,50646,50064,3546,53610,416
2022-02-10,San Mateo,081,765935,117764,115235,6598,121833,589
2022-02-10,Santa Barbara,083,443738,83492,83390,4542,87932,631
2022-02-10,Santa Clara,085,1922200,299759,298176,11766,309942,2093
2022-02-10,Santa Cruz,087,273765,45368,44447,2020,46467,239
2022-02-10,Shasta,089,179085,29600,29370,5865,35235,473
2022-02-10,Sierra,091,2930,269,268,45,313,0
2022-02-10,Siskiyou,093,43540,4294,4231,2584,6815,68
2022-02-10,Solano,095,438530,78755,77865,5345,83210,424
2022-02-10,Sonoma,097,501317,80828,79533,2394,81927,431
2022-02-10,Stanislaus,099,539301,114820,114531,17015,131546,1406
2022-02-10,Sutter,101,95872,19939,19800,1924,21724,211
2022-02-10,Tehama,103,63373,11708,11580,2542,14122,151
2022-02-10,Trinity,105,12862,1147,1115,271,1386,20
2022-02-10,Tulare,107,460477,103801,100434,26508,126942,1273
2022-02-10,Tuolumne,109,53932,12279,11754,517,12271,125
2022-02-10,Ventura,111,848112,169624,168736,9167,177903,1340
2022-02-10,Yolo,113,214977,35799,34773,2879,37652,286
2022-02-10,Yuba,115,75493,15363,15242,1126,16368,107
2022-02-09,Alameda,001,1643700,246974,241141,12969,254110,1668
2022-02-09,Alpine,003,1148,120,124,1,125,0
2022-02-09,Amador,005,37829,8181,8069,605,8674,76
2022-02-09,Butte,007,227075,32003,31433,6480,37913,359
2022-02-09,Calaveras,009,45235,7067,7005,316,7321,106
2022-02-09,Colusa,011,21464,3367,3331,1024,4355,21
2022-02-09,Contra Costa,013,1133247,183068,179695,12345,192040,1132
2022-02-09,Del Norte,015,27424,5333,5204,158,5362,45
2022-02-09,El Dorado,017,186661,26081,25572,3094,28666,186
2022-02-09,Fresno,019,978130,223632,218989,22604,241593,2502
2022-02-09,Glenn,021,27897,4856,4804,1559,6363,39
2022-02-09,Humboldt,023,135768,16125,15929,2709,18638,131
2022-02-09,Imperial,025,180216,54036,53102,10139,63241,858
2022-02-09,Inyo,027,18085,4007,3989,435,4424,52
2022-02-09,Kern,029,883053,187343,184068,44299,228367,2021
2022-02-09,Kings,031,150075,49825,48718,3382,52100,410
2022-02-09,Lake,033,64148,10072,9880,822,10702,124
2022-02-09,Lassen,035,31185,8561,8459,849,9308,55
2022-02-09,Los Angeles,037,10098052,2657523,2611611,120373,2731984,29263
2022-02-09,Madera,039,155013,36101,35559,5721,41280,330
2022-02-09,Marin,041,260295,32263,31965,2103,34068,255
2022-02-09,Mariposa,043,17540,2293,2279,184,2463,6
2022-02-09,Mendocino,045,87422,12588,12378,2749,15127,107
2022-02-09,Merced,047,269075,60450,59952,8069,68021,755
2022-02-09,Modoc,049,8938,704,691,231,922,6
2022-02-09,Mono,051,14174,2939,2937,117,3054,5
2022-02-09,Monterey,053,433212,76713,74500,12486,86986,670
2022-02-09,Napa,055,140530,24674,24429,893,25322,123
2022-02-09,Nevada,057,99092,15516,15446,1121,16567,119
2022-02-09,Orange,059,3164182,535842,534316,39828,574144,6263
2022-02-09,Placer,061,380077,61243,60490,7104,67594,553
2022-02-09,Plumas,063,18699,2885,2609,329,2938,13
2022-02-09,Riverside,065,2383286,581056,573907,26893,600800,5911
2022-02-09,Sacramento,067,1510023,273058,265624,25304,290928,2673
2022-02-09,San Benito,069,59416,12527,12492,496,12988,91
2022-02-09,San Bernardino,071,2135413,560830,547768,24115,571883,6349
2022-02-09,San Diego,073,3302833,731151,717896,50624,768520,4832
2022-02-09,San Francisco,075,870044,119002,118550,7885,126435,731
2022-02-09,San Joaquin,077,732212,162188,160618,9535,170153,2014
2022-02-09,San Luis Obispo,079,281455,50500,49833,3541,53374,414
2022-02-09,San Mateo,081,765935,117576,114890,6558,121448,589
2022-02-09,Santa Barbara,083,443738,83310,82830,4536,87366,629
2022-02-09,Santa Clara,085,1922200,299041,297157,11708,308865,2090
2022-02-09,Santa Cruz,087,273765,45187,44200,2013,46213,239
2022-02-09,Shasta,089,179085,29531,29215,5844,35059,471
2022-02-09,Sierra,091,2930,268,268,44,312,0
2022-02-09,Siskiyou,093,43540,4280,4217,2578,6795,68
2022-02-09,Solano,095,438530,78564,77299,5334,82633,423
2022-02-09,Sonoma,097,501317,80654,79165,2387,81552,431
2022-02-09,Stanislaus,099,539301,114571,114039,16783,130822,1406
2022-02-09,Sutter,101,95872,19897,19758,1911,21669,207
2022-02-09,Tehama,103,63373,11681,11542,2538,14080,149
2022-02-09,Trinity,105,12862,1143,1110,270,1380,20
2022-02-09,Tulare,107,460477,103587,100049,26422,126471,1271
2022-02-09,Tuolumne,109,53932,12241,11702,514,12216,95
2022-02-09,Ventura,111,848112,169387,168253,9154,177407,1325
2022-02-09,Yolo,113,214977,35729,34588,2863,37451,285
2022-02-09,Yuba,115,75493,15332,15187,1115,16302,105
2022-02-08,Alameda,001,1643700,246340,240587,12896,253483,1651
2022-02-08,Alpine,003,1148,120,124,1,125,0
2022-02-08,Amador,005,37829,8173,8050,598,8648,76
2022-02-08,Butte,007,227075,31919,31353,6456,37809,359
2022-02-08,Calaveras,009,45235,7050,6981,314,7295,101
2022-02-08,Colusa,011,21464,3359,3320,1023,4343,21
2022-02-08,Contra Costa,013,1133247,182638,179078,12268,191346,1132
2022-02-08,Del Norte,015,27424,5308,5156,153,5309,44
2022-02-08,El Dorado,017,186661,26036,25446,3083,28529,186
2022-02-08,Fresno,019,978130,222885,218416,22499,240915,2502
2022-02-08,Glenn,021,27897,4839,4784,1555,6339,39
2022-02-08,Humboldt,023,135768,16064,15865,2677,18542,130
2022-02-08,Imperial,025,180216,53907,52977,10095,63072,855
2022-02-08,Inyo,027,18085,4002,3983,435,4418,52
2022-02-08,Kern,029,883053,187007,183519,44169,227688,2010
2022-02-08,Kings,031,150075,49665,48479,3370,51849,411
2022-02-08,Lake,033,64148,10042,9806,816,10622,125
2022-02-08,Lassen,035,31185,8552,8423,845,9268,55
2022-02-08,Los Angeles,037,10098052,2653185,2611204,120185,2731389,29259
2022-02-08,Madera,039,155013,35994,35381,5665,41046,330
2022-02-08,Marin,041,260295,32189,31878,2098,33976,255
2022-02-08,Mariposa,043,17540,2291,2266,176,2442,6
2022-02-08,Mendocino,045,87422,12556,12336,2718,15054,107
2022-02-08,Merced,047,269075,60340,59789,8010,67799,751
2022-02-08,Modoc,049,8938,700,684,231,915,6
2022-02-08,Mono,051,14174,2938,2932,117,3049,5
2022-02-08,Monterey,053,433212,76506,74316,12400,86716,670
2022-02-08,Napa,055,140530,24601,24346,886,25232,121
2022-02-08,Nevada,057,99092,15489,15383,1118,16501,117
2022-02-08,Orange,059,3164182,535155,533507,39740,573247,6205
2022-02-08,Placer,061,380077,61135,60301,7092,67393,553
2022-02-08,Plumas,063,18699,2874,2596,322,2918,13
2022-02-08,Riverside,065,2383286,580226,571892,26821,598713,5908
2022-02-08,Sacramento,067,1510023,272388,264479,25129,289608,2664
2022-02-08,San Benito,069,59416,12503,12434,494,12928,91
2022-02-08,San Bernardino,071,2135413,560118,544658,24071,568729,6335
2022-02-08,San Diego,073,3302833,729578,717896,50494,768390,4832
2022-02-08,San Francisco,075,870044,118690,117942,7876,125818,731
2022-02-08,San Joaquin,077,732212,161805,160147,9517,169664,2005
2022-02-08,San Luis Obispo,079,281455,50335,49556,3511,53067,410
2022-02-08,San Mateo,081,765935,117358,114541,6529,121070,589
2022-02-08,Santa Barbara,083,443738,83142,82461,4511,86972,627
2022-02-08,Santa Clara,085,1922200,298160,295679,11661,307340,2091
2022-02-08,Santa Cruz,087,273765,45032,43884,2008,45892,239
2022-02-08,Shasta,089,179085,29448,29084,5816,34900,470
2022-02-08,Sierra,091,2930,268,267,44,311,0
2022-02-08,Siskiyou,093,43540,4270,4191,2569,6760,68
2022-02-08,Solano,095,438530,78334,77031,5319,82350,421
2022-02-08,Sonoma,097,501317,80440,78798,2365,81163,431
2022-02-08,Stanislaus,099,539301,114318,113733,16708,130441,1406
2022-02-08,Sutter,101,95872,19859,19717,1899,21616,203
2022-02-08,Tehama,103,63373,11654,11491,2531,14022,149
2022-02-08,Trinity,105,12862,1137,1110,270,1380,20
2022-02-08,Tulare,107,460477,103295,99694,26291,125985,1267
2022-02-08,Tuolumne,109,53932,12217,11665,512,12177,92
2022-02-08,Ventura,111,848112,169150,167830,9139,176969,1325
2022-02-08,Yolo,113,214977,35647,34462,2850,37312,281
2022-02-08,Yuba,115,75493,15287,15126,1093,16219,107
2022-02-07,Alameda,001,1643700,245628,238678,12830,251508,1643
2022-02-07,Alpine,003,1148,120,124,1,125,0
2022-02-07,Amador,005,37829,8145,7980,590,8570,75
2022-02-07,Butte,007,227075,31830,31184,6428,37612,355
2022-02-07,Calaveras,009,45235,7028,6910,313,7223,100
2022-02-07,Colusa,011,21464,3348,3283,1018,4301,21
2022-02-07,Contra Costa,013,1133247,182173,177767,12196,189963,1130
2022-02-07,Del Norte,015,27424,5267,5093,148,5241,44
2022-02-07,El Dorado,017,186661,25973,25257,3072,28329,185
2022-02-07,Fresno,019,978130,222032,216495,22354,238849,2493
2022-02-07,Glenn,021,27897,4832,4762,1551,6313,39
2022-02-07,Humboldt,023,135768,15989,15764,2652,18416,129
2022-02-07,Imperial,025,180216,53793,52689,10026,62715,853
2022-02-07,Inyo,027,18085,3997,3976,429,4405,51
2022-02-07,Kern,029,883053,186534,182047,44005,226052,1998
2022-02-07,Kings,031,150075,49481,48147,3353,51500,403
2022-02-07,Lake,033,64148,9996,9519,808,10327,125
2022-02-07,Lassen,035,31185,8534,8362,839,9201,55
2022-02-07,Los Angeles,037,10098052,2648721,2607438,119972,2727410,29210
2022-02-07,Madera,039,155013,35870,35083,5618,40701,330
2022-02-07,Marin,041,260295,32123,31670,2087,33757,255
2022-02-07,Mariposa,043,17540,2286,2253,172,2425,6
2022-02-07,Mendocino,045,87422,12498,12237,2680,14917,107
2022-02-07,Merced,047,269075,60213,59472,7917,67389,748
2022-02-07,Modoc,049,8938,696,679,231,910,6
2022-02-07,Mono,051,14174,2936,2917,117,3034,5
2022-02-07,Monterey,053,433212,76252,69433,12293,81726,670
2022-02-07,Napa,055,140530,24515,23237,877,24114,120
2022-02-07,Nevada,057,99092,15455,15268,1112,16380,113
2022-02-07,Orange,059,3164182,534392,531442,39659,571101,6179
2022-02-07,Placer,061,380077,61011,59894,7077,66971,546
2022-02-07,Plumas,063,18699,2863,2573,313,2886,13
2022-02-07,Riverside,065,2383286,579282,568874,26737,595611,5868
2022-02-07,Sacramento,067,1510023,271706,262834,24947,287781,2631
2022-02-07,San Benito,069,59416,12465,12285,492,12777,90
2022-02-07,San Bernardino,071,2135413,559323,542846,24033,566879,6335
2022-02-07,San Diego,073,3302833,727858,716244,50311,766555,4811
2022-02-07,San Francisco,075,870044,118351,113945,7851,121796,727
2022-02-07,San Joaquin,077,732212,161422,159358,9498,168856,1998
2022-02-07,San Luis Obispo,079,281455,50165,48994,3492,52486,406
2022-02-07,San Mateo,081,765935,117072,107060,6500,113560,589
2022-02-07,Santa Barbara,083,443738,82954,81608,4496,86104,624
2022-02-07,Santa Clara,085,1922200,297209,293360,11614,304974,2085
2022-02-07,Santa Cruz,087,273765,44816,43244,2004,45248,239
2022-02-07,Shasta,089,179085,29358,28900,5790,34690,468
2022-02-07,Sierra,091,2930,268,265,44,309,0
2022-02-07,Siskiyou,093,43540,4259,4157,2553,6710,68
2022-02-07,Solano,095,438530,78077,73934,5290,79224,420
2022-02-07,Sonoma,097,501317,80183,78296,2352,80648,431
2022-02-07,Stanislaus,099,539301,114060,113029,16566,129595,1406
2022-02-07,Sutter,101,95872,19827,19599,1871,21470,203
2022-02-07,Tehama,103,63373,11613,11418,2523,13941,146
2022-02-07,Trinity,105,12862,1133,1109,267,1376,20
2022-02-07,Tulare,107,460477,102936,98774,26161,124935,1263
2022-02-07,Tuolumne,109,53932,12169,11578,508,12086,92
2022-02-07,Ventura,111,848112,168832,166904,9124,176028,1324
2022-02-07,Yolo,113,214977,35536,34007,2836,36843,281
2022-02-07,Yuba,115,75493,15240,14998,1086,16084,105
2022-02-06,Alameda,001,1643700,244714,237188,12747,249935,1643
2022-02-06,Alpine,003,1148,120,123,1,124,0
2022-02-06,Amador,005,37829,8114,7922,578,8500,73
2022-02-06,Butte,007,227075,31705,31021,6382,37403,355
2022-02-06,Calaveras,009,45235,7001,6870,308,7178,99
2022-02-06,Colusa,011,21464,3338,3282,1017,4299,21
2022-02-06,Contra Costa,013,1133247,181544,176863,12041,188904,1128
2022-02-06,Del Norte,015,27424,5211,5038,146,5184,44
2022-02-06,El Dorado,017,186661,25910,25165,3060,28225,185
2022-02-06,Fresno,019,978130,221186,214726,22098,236824,2489
2022-02-06,Glenn,021,27897,4819,4738,1542,6280,39
2022-02-06,Humboldt,023,135768,15905,15658,2612,18270,128
2022-02-06,Imperial,025,180216,53606,52396,9980,62376,853
2022-02-06,Inyo,027,18085,3995,3970,426,4396,51
2022-02-06,Kern,029,883053,185982,181188,43765,224953,1996
2022-02-06,Kings,031,150075,49258,47669,3328,50997,401
2022-02-06,Lake,033,64148,9927,9468,791,10259,125
2022-02-06,Lassen,035,31185,8514,8326,834,9160,55
2022-02-06,Los Angeles,037,10098052,2643184,2602620,119712,2722332,29180
2022-02-06,Madera,039,155013,35686,34901,5526,40427,330
2022-02-06,Marin,041,260295,32026,31488,2074,33562,255
2022-02-06,Mariposa,043,17540,2278,2244,161,2405,6
2022-02-06,Mendocino,045,87422,12455,12169,2610,14779,107
2022-02-06,Merced,047,269075,59995,59112,7756,66868,748
2022-02-06,Modoc,049,8938,691,675,230,905,6
2022-02-06,Mono,051,14174,2931,2901,115,3016,5
2022-02-06,Monterey,053,433212,75886,67912,12136,80048,670
2022-02-06,Napa,055,140530,24396,23230,870,24100,120
2022-02-06,Nevada,057,99092,15390,15192,1099,16291,113
2022-02-06,Orange,059,3164182,533440,527906,39558,567464,6171
2022-02-06,Placer,061,380077,60835,59507,7051,66558,544
2022-02-06,Plumas,063,18699,2850,2559,304,2863,13
2022-02-06,Riverside,065,2383286,578141,568276,26660,594936,5865
2022-02-06,Sacramento,067,1510023,270838,261353,24687,286040,2631
2022-02-06,San Benito,069,59416,12410,12186,484,12670,90
2022-02-06,San Bernardino,071,2135413,558343,541103,23963,565066,6334
2022-02-06,San Diego,073,3302833,725797,709938,50072,760010,4786
2022-02-06,San Francisco,075,870044,117968,113115,7825,120940,728
2022-02-06,San Joaquin,077,732212,160857,158510,9459,167969,1997
2022-02-06,San Luis Obispo,079,281455,49940,48843,3435,52278,405
2022-02-06,San Mateo,081,765935,116733,105556,6461,112017,587
2022-02-06,Santa Barbara,083,443738,82636,81118,4459,85577,623
2022-02-06,Santa Clara,085,1922200,296101,291732,11498,303230,2075
2022-02-06,Santa Cruz,087,273765,44503,42952,1990,44942,239
2022-02-06,Shasta,089,179085,29235,28762,5741,34503,468
2022-02-06,Sierra,091,2930,268,265,44,309,0
2022-02-06,Siskiyou,093,43540,4238,4118,2527,6645,68
2022-02-06,Solano,095,438530,77779,73475,5247,78722,419
2022-02-06,Sonoma,097,501317,79847,77887,2337,80224,431
2022-02-06,Stanislaus,099,539301,113663,112521,16421,128942,1406
2022-02-06,Sutter,101,95872,19785,19523,1833,21356,203
2022-02-06,Tehama,103,63373,11573,11366,2503,13869,146
2022-02-06,Trinity,105,12862,1132,1102,266,1368,20
2022-02-06,Tulare,107,460477,102499,98260,25978,124238,1262
2022-02-06,Tuolumne,109,53932,12117,11507,491,11998,92
2022-02-06,Ventura,111,848112,168456,166235,9113,175348,1323
2022-02-06,Yolo,113,214977,35397,33784,2820,36604,281
2022-02-06,Yuba,115,75493,15195,14917,1077,15994,104
2022-02-05,Alameda,001,1643700,244299,235698,12738,248436,1638
2022-02-05,Alpine,003,1148,120,124,1,125,0
2022-02-05,Amador,005,37829,8105,7855,576,8431,71
2022-02-05,Butte,007,227075,31651,30733,6369,37102,355
2022-02-05,Calaveras,009,45235,6985,6789,308,7097,99
2022-02-05,Colusa,011,21464,3331,3234,1017,4251,21
2022-02-05,Contra Costa,013,1133247,181274,175871,12025,187896,1115
2022-02-05,Del Norte,015,27424,5169,4978,146,5124,44
2022-02-05,El Dorado,017,186661,25879,24813,3058,27871,185
2022-02-05,Fresno,019,978130,220842,213539,22077,235616,2477
2022-02-05,Glenn,021,27897,4817,4691,1535,6226,39
2022-02-05,Humboldt,023,135768,15857,15514,2609,18123,127
2022-02-05,Imperial,025,180216,53543,52153,9967,62120,853
2022-02-05,Inyo,027,18085,3992,3948,426,4374,51
2022-02-05,Kern,029,883053,185773,180296,43664,223960,1987
2022-02-05,Kings,031,150075,49171,47538,3321,50859,402
2022-02-05,Lake,033,64148,9908,9289,784,10073,124
2022-02-05,Lassen,035,31185,8503,8288,832,9120,55
2022-02-05,Los Angeles,037,10098052,2641000,2572702,119585,2692287,28947
2022-02-05,Madera,039,155013,35633,34471,5514,39985,329
2022-02-05,Marin,041,260295,31979,31299,2070,33369,255
2022-02-05,Mariposa,043,17540,2277,2222,160,2382,6
2022-02-05,Mendocino,045,87422,12427,12066,2608,14674,107
2022-02-05,Merced,047,269075,59902,58908,7749,66657,744
2022-02-05,Modoc,049,8938,690,664,230,894,6
2022-02-05,Mono,051,14174,2930,2904,115,3019,5
2022-02-05,Monterey,053,433212,75770,67342,12092,79434,666
2022-02-05,Napa,055,140530,24340,22973,869,23842,118
2022-02-05,Nevada,057,99092,15369,15002,1094,16096,113
2022-02-05,Orange,059,3164182,532998,527516,39468,566984,6134
2022-02-05,Placer,061,380077,60710,59043,7038,66081,533
2022-02-05,Plumas,063,18699,2849,2550,303,2853,13
2022-02-05,Riverside,065,2383286,577537,563991,26590,590581,5827
2022-02-05,Sacramento,067,1510023,270446,259437,24652,284089,2610
2022-02-05,San Benito,069,59416,12365,12142,484,12626,90
2022-02-05,San Bernardino,071,2135413,557831,539312,23943,563255,6322
2022-02-05,San Diego,073,3302833,724937,703957,49998,753955,4735
2022-02-05,San Francisco,075,870044,117759,112481,7798,120279,720
2022-02-05,San Joaquin,077,732212,160671,157420,9448,166868,1989
2022-02-05,San Luis Obispo,079,281455,49903,48361,3433,51794,404
2022-02-05,San Mateo,081,765935,116545,104810,6453,111263,587
2022-02-05,Santa Barbara,083,443738,82473,80478,4447,84925,617
2022-02-05,Santa Clara,085,1922200,295447,289262,11482,300744,2067
2022-02-05,Santa Cruz,087,273765,44429,42553,1987,44540,239
2022-02-05,Shasta,089,179085,29192,28604,5731,34335,466
2022-02-05,Sierra,091,2930,268,262,44,306,0
2022-02-05,Siskiyou,093,43540,4231,4106,2514,6620,67
2022-02-05,Solano,095,438530,77704,73112,5238,78350,415
2022-02-05,Sonoma,097,501317,79681,77213,2333,79546,431
2022-02-05,Stanislaus,099,539301,113460,111783,16398,128181,1406
2022-02-05,Sutter,101,95872,19755,19406,1827,21233,203
2022-02-05,Tehama,103,63373,11554,11259,2496,13755,146
2022-02-05,Trinity,105,12862,1130,1085,266,1351,20
2022-02-05,Tulare,107,460477,102330,97414,25897,123311,1254
2022-02-05,Tuolumne,109,53932,12092,11409,488,11897,91
2022-02-05,Ventura,111,848112,168230,165532,9097,174629,1308
2022-02-05,Yolo,113,214977,35312,33614,2806,36420,281
2022-02-05,Yuba,115,75493,15164,14801,1069,15870,105
2022-02-04,Alameda,001,1643700,243811,235698,12728,248426,1638
2022-02-04,Alpine,003,1148,120,124,1,125,0
2022-02-04,Amador,005,37829,8089,7855,572,8427,71
2022-02-04,Butte,007,227075,31591,30733,6358,37091,355
2022-02-04,Calaveras,009,45235,6975,6789,306,7095,99
2022-02-04,Colusa,011,21464,3326,3234,1015,4249,21
2022-02-04,Contra Costa,013,1133247,180948,175871,11997,187868,1115
2022-02-04,Del Norte,015,27424,5148,4978,146,5124,44
2022-02-04,El Dorado,017,186661,25843,24813,3055,27868,185
2022-02-04,Fresno,019,978130,220361,213539,22046,235585,2477
2022-02-04,Glenn,021,27897,4808,4691,1532,6223,39
2022-02-04,Humboldt,023,135768,15830,15514,2606,18120,127
2022-02-04,Imperial,025,180216,53466,52153,9950,62103,853
2022-02-04,Inyo,027,18085,3989,3948,426,4374,51
2022-02-04,Kern,029,883053,185548,180296,43540,223836,1987
2022-02-04,Kings,031,150075,49096,47538,3314,50852,402
2022-02-04,Lake,033,64148,9886,9289,781,10070,124
2022-02-04,Lassen,035,31185,8480,8288,832,9120,55
2022-02-04,Los Angeles,037,10098052,2638364,2572702,119456,2692158,28947
2022-02-04,Madera,039,155013,35550,34471,5506,39977,329
2022-02-04,Marin,041,260295,31915,31299,2061,33360,255
2022-02-04,Mariposa,043,17540,2275,2222,158,2380,6
2022-02-04,Mendocino,045,87422,12396,12066,2606,14672,107
2022-02-04,Merced,047,269075,59820,58908,7739,66647,744
2022-02-04,Modoc,049,8938,690,664,230,894,6
2022-02-04,Mono,051,14174,2928,2904,115,3019,5
2022-02-04,Monterey,053,433212,75580,67342,12049,79391,666
2022-02-04,Napa,055,140530,24293,22973,865,23838,118
2022-02-04,Nevada,057,99092,15335,15002,1090,16092,113
2022-02-04,Orange,059,3164182,532448,527516,39411,566927,6134
2022-02-04,Placer,061,380077,60606,59043,7027,66070,533
2022-02-04,Plumas,063,18699,2842,2550,302,2852,13
2022-02-04,Riverside,065,2383286,576825,563991,26578,590569,5827
2022-02-04,Sacramento,067,1510023,269943,259437,24629,284066,2610
2022-02-04,San Benito,069,59416,12346,12142,482,12624,90
2022-02-04,San Bernardino,071,2135413,557251,539312,23922,563234,6322
2022-02-04,San Diego,073,3302833,723803,703957,49924,753881,4735
2022-02-04,San Francisco,075,870044,117518,112481,7773,120254,720
2022-02-04,San Joaquin,077,732212,160441,157420,9437,166857,1989
2022-02-04,San Luis Obispo,079,281455,49842,48361,3426,51787,404
2022-02-04,San Mateo,081,765935,116315,104810,6439,111249,587
2022-02-04,Santa Barbara,083,443738,82323,80478,4446,84924,617
2022-02-04,Santa Clara,085,1922200,294779,289262,11461,300723,2067
2022-02-04,Santa Cruz,087,273765,44224,42553,1983,44536,239
2022-02-04,Shasta,089,179085,29139,28604,5720,34324,466
2022-02-04,Sierra,091,2930,268,262,44,306,0
2022-02-04,Siskiyou,093,43540,4223,4106,2507,6613,67
2022-02-04,Solano,095,438530,77512,73112,5200,78312,415
2022-02-04,Sonoma,097,501317,79522,77213,2252,79465,431
2022-02-04,Stanislaus,099,539301,113279,111783,16373,128156,1406
2022-02-04,Sutter,101,95872,19731,19406,1820,21226,203
2022-02-04,Tehama,103,63373,11539,11259,2495,13754,146
2022-02-04,Trinity,105,12862,1129,1085,265,1350,20
2022-02-04,Tulare,107,460477,102147,97414,25816,123230,1254
2022-02-04,Tuolumne,109,53932,12079,11409,487,11896,91
2022-02-04,Ventura,111,848112,167961,165532,9089,174621,1308
2022-02-04,Yolo,113,214977,35218,33614,2800,36414,281
2022-02-04,Yuba,115,75493,15146,14801,1069,15870,105
2022-02-03,Alameda,001,1643700,243042,235698,12666,248364,1638
2022-02-03,Alpine,003,1148,120,124,1,125,0
2022-02-03,Amador,005,37829,8069,7855,567,8422,71
2022-02-03,Butte,007,227075,31483,30733,6329,37062,355
2022-02-03,Calaveras,009,45235,6945,6789,303,7092,99
2022-02-03,Colusa,011,21464,3313,3234,1013,4247,21
2022-02-03,Contra Costa,013,1133247,180351,175871,11899,187770,1115
2022-02-03,Del Norte,015,27424,5104,4978,143,5121,44
2022-02-03,El Dorado,017,186661,25772,24813,3049,27862,185
2022-02-03,Fresno,019,978130,219431,213539,21880,235419,2477
2022-02-03,Glenn,021,27897,4791,4691,1515,6206,39
2022-02-03,Humboldt,023,135768,15754,15514,2570,18084,127
2022-02-03,Imperial,025,180216,53322,52153,9900,62053,853
2022-02-03,Inyo,027,18085,3986,3948,422,4370,51
2022-02-03,Kern,029,883053,185085,180296,43326,223622,1987
2022-02-03,Kings,031,150075,48939,47538,3307,50845,402
2022-02-03,Lake,033,64148,9832,9289,775,10064,124
2022-02-03,Lassen,035,31185,8456,8288,831,9119,55
2022-02-03,Los Angeles,037,10098052,2632926,2572702,119193,2691895,28947
2022-02-03,Madera,039,155013,35413,34471,5462,39933,329
2022-02-03,Marin,041,260295,31819,31299,2056,33355,255
2022-02-03,Mariposa,043,17540,2263,2222,155,2377,6
2022-02-03,Mendocino,045,87422,12352,12066,2583,14649,107
2022-02-03,Merced,047,269075,59670,58908,7643,66551,744
2022-02-03,Modoc,049,8938,687,664,230,894,6
2022-02-03,Mono,051,14174,2923,2904,114,3018,5
2022-02-03,Monterey,053,433212,75293,67342,11857,79199,666
2022-02-03,Napa,055,140530,24161,22973,865,23838,118
2022-02-03,Nevada,057,99092,15294,15002,1080,16082,113
2022-02-03,Orange,059,3164182,531524,527516,39319,566835,6134
2022-02-03,Placer,061,380077,60409,59043,7004,66047,533
2022-02-03,Plumas,063,18699,2828,2550,298,2848,13
2022-02-03,Riverside,065,2383286,575627,563991,26507,590498,5827
2022-02-03,Sacramento,067,1510023,268988,259437,24441,283878,2610
2022-02-03,San Benito,069,59416,12319,12142,479,12621,90
2022-02-03,San Bernardino,071,2135413,556235,539312,23883,563195,6322
2022-02-03,San Diego,073,3302833,721830,703957,49761,753718,4735
2022-02-03,San Francisco,075,870044,117182,112481,7743,120224,720
2022-02-03,San Joaquin,077,732212,159959,157420,9408,166828,1989
2022-02-03,San Luis Obispo,079,281455,49643,48361,3411,51772,404
2022-02-03,San Mateo,081,765935,115963,104810,6406,111216,587
2022-02-03,Santa Barbara,083,443738,81965,80478,4417,84895,617
2022-02-03,Santa Clara,085,1922200,293611,289262,11352,300614,2067
2022-02-03,Santa Cruz,087,273765,43884,42553,1976,44529,239
2022-02-03,Shasta,089,179085,29035,28604,5693,34297,466
2022-02-03,Sierra,091,2930,268,262,44,306,0
2022-02-03,Siskiyou,093,43540,4208,4106,2491,6597,67
2022-02-03,Solano,095,438530,77182,73112,5181,78293,415
2022-02-03,Sonoma,097,501317,79225,77213,2245,79458,431
2022-02-03,Stanislaus,099,539301,112901,111783,16289,128072,1406
2022-02-03,Sutter,101,95872,19679,19406,1804,21210,203
2022-02-03,Tehama,103,63373,11508,11259,2487,13746,146
2022-02-03,Trinity,105,12862,1127,1085,264,1349,20
2022-02-03,Tulare,107,460477,101743,97414,25677,123091,1254
2022-02-03,Tuolumne,109,53932,12038,11409,475,11884,91
2022-02-03,Ventura,111,848112,167576,165532,9077,174609,1308
2022-02-03,Yolo,113,214977,35109,33614,2786,36400,281
2022-02-03,Yuba,115,75493,15096,14801,1053,15854,105
2022-02-02,Alameda,001,1643700,242096,234300,12563,246863,1632
2022-02-02,Alpine,003,1148,120,123,1,124,0
2022-02-02,Amador,005,37829,8039,7781,558,8339,71
2022-02-02,Butte,007,227075,31373,30550,6298,36848,355
2022-02-02,Calaveras,009,45235,6919,6753,299,7052,99
2022-02-02,Colusa,011,21464,3298,3211,1012,4223,21
2022-02-02,Contra Costa,013,1133247,179759,174876,11808,186684,1113
2022-02-02,Del Norte,015,27424,5062,4924,139,5063,44
2022-02-02,El Dorado,017,186661,25705,24690,3031,27721,185
2022-02-02,Fresno,019,978130,218419,211976,21749,233725,2463
2022-02-02,Glenn,021,27897,4767,4667,1505,6172,39
2022-02-02,Humboldt,023,135768,15693,15392,2531,17923,127
2022-02-02,Imperial,025,180216,53127,51875,9773,61648,853
2022-02-02,Inyo,027,18085,3980,3944,421,4365,51
2022-02-02,Kern,029,883053,184489,179386,43112,222498,1974
2022-02-02,Kings,031,150075,48748,47061,3282,50343,401
2022-02-02,Lake,033,64148,9774,9235,768,10003,120
2022-02-02,Lassen,035,31185,8443,8258,822,9080,55
2022-02-02,Los Angeles,037,10098052,2626701,2561902,118806,2680708,28850
2022-02-02,Madera,039,155013,35245,34265,5390,39655,329
2022-02-02,Marin,041,260295,31716,31149,2046,33195,255
2022-02-02,Mariposa,043,17540,2252,2215,151,2366,6
2022-02-02,Mendocino,045,87422,12299,11996,2544,14540,105
2022-02-02,Merced,047,269075,59493,58532,7560,66092,744
2022-02-02,Modoc,049,8938,681,662,230,892,6
2022-02-02,Mono,051,14174,2912,2887,114,3001,5
2022-02-02,Monterey,053,433212,74902,66852,11677,78529,666
2022-02-02,Napa,055,140530,24040,22859,852,23711,117
2022-02-02,Nevada,057,99092,15236,14895,1058,15953,112
2022-02-02,Orange,059,3164182,530468,524418,39226,563644,6127
2022-02-02,Placer,061,380077,60217,58654,6975,65629,533
2022-02-02,Plumas,063,18699,2812,2540,295,2835,12
2022-02-02,Riverside,065,2383286,574348,561220,26460,587680,5827
2022-02-02,Sacramento,067,1510023,267984,258078,24236,282314,2602
2022-02-02,San Benito,069,59416,12280,12058,475,12533,90
2022-02-02,San Bernardino,071,2135413,555224,537485,23822,561307,6317
2022-02-02,San Diego,073,3302833,719628,703957,49580,753537,4735
2022-02-02,San Francisco,075,870044,116814,112008,7727,119735,714
2022-02-02,San Joaquin,077,732212,159383,156537,9385,165922,1986
2022-02-02,San Luis Obispo,079,281455,49445,48119,3398,51517,403
2022-02-02,San Mateo,081,765935,115588,104201,6342,110543,587
2022-02-02,Santa Barbara,083,443738,81622,79979,4386,84365,612
2022-02-02,Santa Clara,085,1922200,292465,287443,11239,298682,2051
2022-02-02,Santa Cruz,087,273765,43594,42127,1965,44092,239
2022-02-02,Shasta,089,179085,28933,28429,5648,34077,465
2022-02-02,Sierra,091,2930,268,262,44,306,0
2022-02-02,Siskiyou,093,43540,4198,4078,2464,6542,67
2022-02-02,Solano,095,438530,76825,72711,5156,77867,414
2022-02-02,Sonoma,097,501317,78912,76681,2232,78913,431
2022-02-02,Stanislaus,099,539301,112505,111167,16161,127328,1403
2022-02-02,Sutter,101,95872,19614,19290,1775,21065,203
2022-02-02,Tehama,103,63373,11452,11193,2468,13661,146
2022-02-02,Trinity,105,12862,1124,1074,262,1336,20
2022-02-02,Tulare,107,460477,101353,96820,25525,122345,1249
2022-02-02,Tuolumne,109,53932,11961,11342,472,11814,91
2022-02-02,Ventura,111,848112,167177,164905,9058,173963,1292
2022-02-02,Yolo,113,214977,34984,33332,2763,36095,281
2022-02-02,Yuba,115,75493,15031,14720,1045,15765,104
2022-02-01,Alameda,001,1643700,241019,233782,12460,246242,1620
2022-02-01,Alpine,003,1148,120,123,1,124,0
2022-02-01,Amador,005,37829,7993,7783,552,8335,73
2022-02-01,Butte,007,227075,31236,30496,6260,36756,355
2022-02-01,Calaveras,009,45235,6882,6749,295,7044,98
2022-02-01,Colusa,011,21464,3282,3202,993,4195,21
2022-02-01,Contra Costa,013,1133247,179022,174379,11669,186048,1115
2022-02-01,Del Norte,015,27424,5014,4907,136,5043,44
2022-02-01,El Dorado,017,186661,25646,24664,3014,27678,184
2022-02-01,Fresno,019,978130,217256,211352,21590,232942,2464
2022-02-01,Glenn,021,27897,4753,4649,1495,6144,39
2022-02-01,Humboldt,023,135768,15611,15354,2503,17857,127
2022-02-01,Imperial,025,180216,52912,51675,9708,61383,846
2022-02-01,Inyo,027,18085,3970,3928,418,4346,51
2022-02-01,Kern,029,883053,183842,178987,42867,221854,1967
2022-02-01,Kings,031,150075,48489,46959,3259,50218,400
2022-02-01,Lake,033,64148,9718,9211,761,9972,119
2022-02-01,Lassen,035,31185,8425,8231,818,9049,55
2022-02-01,Los Angeles,037,10098052,2619510,2548794,118432,2667226,28752
2022-02-01,Madera,039,155013,35024,34124,5309,39433,329
2022-02-01,Marin,041,260295,31594,31099,2030,33129,255
2022-02-01,Mariposa,043,17540,2245,2210,150,2360,6
2022-02-01,Mendocino,045,87422,12237,11978,2507,14485,105
2022-02-01,Merced,047,269075,59309,58362,7437,65799,743
2022-02-01,Modoc,049,8938,674,664,230,894,6
2022-02-01,Mono,051,14174,2906,2888,114,3002,5
2022-02-01,Monterey,053,433212,74481,66553,11482,78035,665
2022-02-01,Napa,055,140530,23941,22795,836,23631,116
2022-02-01,Nevada,057,99092,15175,14863,1045,15908,112
2022-02-01,Orange,059,3164182,529318,523741,39083,562824,6108
2022-02-01,Placer,061,380077,59969,58486,6937,65423,532
2022-02-01,Plumas,063,18699,2797,2526,292,2818,12
2022-02-01,Riverside,065,2383286,572959,560010,26412,586422,5825
2022-02-01,Sacramento,067,1510023,266933,257504,23972,281476,2593
2022-02-01,San Benito,069,59416,12214,12053,472,12525,90
2022-02-01,San Bernardino,071,2135413,553957,536591,23758,560349,6311
2022-02-01,San Diego,073,3302833,717108,701009,49362,750371,4710
2022-02-01,San Francisco,075,870044,116348,111606,7708,119314,713
2022-02-01,San Joaquin,077,732212,158853,156300,9362,165662,1987
2022-02-01,San Luis Obispo,079,281455,49216,47842,3336,51178,403
2022-02-01,San Mateo,081,765935,115120,103868,6300,110168,589
2022-02-01,Santa Barbara,083,443738,81177,79659,4350,84009,608
2022-02-01,Santa Clara,085,1922200,290945,286109,11134,297243,2070
2022-02-01,Santa Cruz,087,273765,43295,41782,1949,43731,239
2022-02-01,Shasta,089,179085,28814,28382,5595,33977,465
2022-02-01,Sierra,091,2930,266,262,44,306,0
2022-02-01,Siskiyou,093,43540,4184,4072,2437,6509,66
2022-02-01,Solano,095,438530,76555,72494,5135,77629,415
2022-02-01,Sonoma,097,501317,78551,76379,2210,78589,431
2022-02-01,Stanislaus,099,539301,112094,110925,16061,126986,1403
2022-02-01,Sutter,101,95872,19546,19256,1742,20998,202
2022-02-01,Tehama,103,63373,11395,11165,2455,13620,146
2022-02-01,Trinity,105,12862,1120,1073,262,1335,19
2022-02-01,Tulare,107,460477,100861,96467,25327,121794,1247
2022-02-01,Tuolumne,109,53932,11911,11318,463,11781,91
2022-02-01,Ventura,111,848112,166672,164721,9033,173754,1293
2022-02-01,Yolo,113,214977,34834,33257,2737,35994,275
2022-02-01,Yuba,115,75493,14970,14693,1038,15731,103
2022-01-31,Alameda,001,1643700,239667,232743,12346,245089,1607
2022-01-31,Alpine,003,1148,119,123,1,124,0
2022-01-31,Amador,005,37829,7940,7682,535,8217,73
2022-01-31,Butte,007,227075,31070,30371,6216,36587,354
2022-01-31,Calaveras,009,45235,6846,6700,284,6984,96
2022-01-31,Colusa,011,21464,3270,3187,984,4171,21
2022-01-31,Contra Costa,013,1133247,178217,173466,11545,185011,1115
2022-01-31,Del Norte,015,27424,4980,4879,133,5012,43
2022-01-31,El Dorado,017,186661,25544,24545,2985,27530,184
2022-01-31,Fresno,019,978130,215770,210589,21395,231984,2464
2022-01-31,Glenn,021,27897,4717,4641,1483,6124,39
2022-01-31,Humboldt,023,135768,15522,15308,2470,17778,126
2022-01-31,Imperial,025,180216,52696,51472,9599,61071,846
2022-01-31,Inyo,027,18085,3959,3922,412,4334,50
2022-01-31,Kern,029,883053,183061,178375,42551,220926,1967
2022-01-31,Kings,031,150075,48132,46845,3225,50070,398
2022-01-31,Lake,033,64148,9645,9141,749,9890,119
2022-01-31,Lassen,035,31185,8394,8162,812,8974,55
2022-01-31,Los Angeles,037,10098052,2611271,2541189,118028,2659217,28718
2022-01-31,Madera,039,155013,34808,33886,5214,39100,329
2022-01-31,Marin,041,260295,31469,31023,2013,33036,253
2022-01-31,Mariposa,043,17540,2235,2203,141,2344,6
2022-01-31,Mendocino,045,87422,12171,11896,2466,14362,104
2022-01-31,Merced,047,269075,59030,58198,7248,65446,740
2022-01-31,Modoc,049,8938,671,661,230,891,6
2022-01-31,Mono,051,14174,2892,2889,114,3003,5
2022-01-31,Monterey,053,433212,74030,66117,11269,77386,661
2022-01-31,Napa,055,140530,23773,22707,819,23526,113
2022-01-31,Nevada,057,99092,15099,14813,1032,15845,112
2022-01-31,Orange,059,3164182,527994,522358,38948,561306,6098
2022-01-31,Placer,061,380077,59721,58252,6906,65158,523
2022-01-31,Plumas,063,18699,2784,2513,290,2803,12
2022-01-31,Riverside,065,2383286,571142,558166,26348,584514,5785
2022-01-31,Sacramento,067,1510023,265639,256594,23718,280312,2571
2022-01-31,San Benito,069,59416,12155,11976,471,12447,90
2022-01-31,San Bernardino,071,2135413,552321,535276,23677,558953,6302
2022-01-31,San Diego,073,3302833,714200,698571,49101,747672,4686
2022-01-31,San Francisco,075,870044,115940,111119,7674,118793,712
2022-01-31,San Joaquin,077,732212,158095,155736,9331,165067,1985
2022-01-31,San Luis Obispo,079,281455,48962,47656,3279,50935,395
2022-01-31,San Mateo,081,765935,114610,103313,6242,109555,589
2022-01-31,Santa Barbara,083,443738,80669,79267,4308,83575,606
2022-01-31,Santa Clara,085,1922200,289271,284562,11027,295589,2041
2022-01-31,Santa Cruz,087,273765,42916,41630,1942,43572,239
2022-01-31,Shasta,089,179085,28683,28190,5554,33744,462
2022-01-31,Sierra,091,2930,266,261,44,305,0
2022-01-31,Siskiyou,093,43540,4168,4054,2421,6475,66
2022-01-31,Solano,095,438530,75853,72258,5088,77346,414
2022-01-31,Sonoma,097,501317,78096,76199,2180,78379,431
2022-01-31,Stanislaus,099,539301,111566,110493,15893,126386,1403
2022-01-31,Sutter,101,95872,19466,19189,1692,20881,202
2022-01-31,Tehama,103,63373,11333,11112,2426,13538,145
2022-01-31,Trinity,105,12862,1115,1071,259,1330,19
2022-01-31,Tulare,107,460477,100219,96053,25094,121147,1245
2022-01-31,Tuolumne,109,53932,11820,11278,456,11734,91
2022-01-31,Ventura,111,848112,166136,164060,9008,173068,1286
2022-01-31,Yolo,113,214977,34672,33175,2711,35886,274
2022-01-31,Yuba,115,75493,14907,14652,1018,15670,103
2022-01-30,Alameda,001,1643700,238114,231838,12195,244033,1607
2022-01-30,Alpine,003,1148,119,123,1,124,0
2022-01-30,Amador,005,37829,7889,7644,512,8156,73
2022-01-30,Butte,007,227075,30867,30255,6147,36402,354
2022-01-30,Calaveras,009,45235,6791,6676,273,6949,96
2022-01-30,Colusa,011,21464,3250,3168,975,4143,21
2022-01-30,Contra Costa,013,1133247,177262,172902,11346,184248,1102
2022-01-30,Del Norte,015,27424,4939,4833,130,4963,43
2022-01-30,El Dorado,017,186661,25423,24491,2958,27449,184
2022-01-30,Fresno,019,978130,214209,209645,21140,230785,2463
2022-01-30,Glenn,021,27897,4686,4619,1474,6093,39
2022-01-30,Humboldt,023,135768,15410,15247,2414,17661,126
2022-01-30,Imperial,025,180216,52370,51415,9429,60844,846
2022-01-30,Inyo,027,18085,3942,3921,409,4330,50
2022-01-30,Kern,029,883053,182196,177924,42230,220154,1967
2022-01-30,Kings,031,150075,47780,46654,3168,49822,398
2022-01-30,Lake,033,64148,9556,9080,728,9808,119
2022-01-30,Lassen,035,31185,8370,8158,804,8962,55
2022-01-30,Los Angeles,037,10098052,2601194,2530739,117554,2648293,28678
2022-01-30,Madera,039,155013,34509,33752,5030,38782,329
2022-01-30,Marin,041,260295,31321,30875,1999,32874,253
2022-01-30,Mariposa,043,17540,2223,2177,136,2313,6
2022-01-30,Mendocino,045,87422,12098,11860,2360,14220,104
2022-01-30,Merced,047,269075,58665,58006,6957,64963,740
2022-01-30,Modoc,049,8938,668,661,230,891,6
2022-01-30,Mono,051,14174,2886,2888,114,3002,5
2022-01-30,Monterey,053,433212,73442,65996,10990,76986,661
2022-01-30,Napa,055,140530,23605,22588,802,23390,114
2022-01-30,Nevada,057,99092,15011,14741,1016,15757,112
2022-01-30,Orange,059,3164182,526361,521334,38800,560134,6098
2022-01-30,Placer,061,380077,59391,58030,6866,64896,523
2022-01-30,Plumas,063,18699,2759,2510,276,2786,12
2022-01-30,Riverside,065,2383286,569076,557088,26248,583336,5767
2022-01-30,Sacramento,067,1510023,264179,255715,23226,278941,2572
2022-01-30,San Benito,069,59416,12089,11945,466,12411,90
2022-01-30,San Bernardino,071,2135413,550581,534050,23571,557621,6302
2022-01-30,San Diego,073,3302833,710660,687145,48676,735821,4665
2022-01-30,San Francisco,075,870044,115392,110772,7640,118412,712
2022-01-30,San Joaquin,077,732212,157109,155165,9296,164461,1985
2022-01-30,San Luis Obispo,079,281455,48565,47599,3243,50842,394
2022-01-30,San Mateo,081,765935,114036,102979,6197,109176,589
2022-01-30,Santa Barbara,083,443738,79992,79072,4247,83319,606
2022-01-30,Santa Clara,085,1922200,287307,282846,10896,293742,2035
2022-01-30,Santa Cruz,087,273765,42457,41330,1934,43264,239
2022-01-30,Shasta,089,179085,28523,28105,5470,33575,462
2022-01-30,Sierra,091,2930,266,261,44,305,0
2022-01-30,Siskiyou,093,43540,4138,4039,2374,6413,66
2022-01-30,Solano,095,438530,75328,71857,5037,76894,414
2022-01-30,Sonoma,097,501317,77578,75890,2152,78042,431
2022-01-30,Stanislaus,099,539301,110910,110111,15696,125807,1403
2022-01-30,Sutter,101,95872,19374,19108,1595,20703,202
2022-01-30,Tehama,103,63373,11261,11071,2396,13467,145
2022-01-30,Trinity,105,12862,1109,1068,259,1327,19
2022-01-30,Tulare,107,460477,99473,95676,24834,120510,1245
2022-01-30,Tuolumne,109,53932,11713,11242,419,11661,91
2022-01-30,Ventura,111,848112,165556,163521,8978,172499,1286
2022-01-30,Yolo,113,214977,34453,33043,2678,35721,274
2022-01-30,Yuba,115,75493,14817,14584,998,15582,103
2022-01-29,Alameda,001,1643700,237438,225602,12178,237780,1605
2022-01-29,Alpine,003,1148,119,123,1,124,0
2022-01-29,Amador,005,37829,7867,7505,509,8014,73
2022-01-29,Butte,007,227075,30781,29557,6121,35678,353
2022-01-29,Calaveras,009,45235,6772,6484,273,6757,96
2022-01-29,Colusa,011,21464,3245,3107,971,4078,21
2022-01-29,Contra Costa,013,1133247,176738,168003,11316,179319,1101
2022-01-29,Del Norte,015,27424,4921,4589,128,4717,43
2022-01-29,El Dorado,017,186661,25380,24008,2951,26959,184
2022-01-29,Fresno,019,978130,213752,202691,21099,223790,2457
2022-01-29,Glenn,021,27897,4679,4516,1467,5983,39
2022-01-29,Humboldt,023,135768,15363,14812,2407,17219,126
2022-01-29,Imperial,025,180216,52254,50153,9373,59526,845
2022-01-29,Inyo,027,18085,3940,3895,401,4296,50
2022-01-29,Kern,029,883053,181856,174456,42068,216524,1962
2022-01-29,Kings,031,150075,47662,45047,3161,48208,397
2022-01-29,Lake,033,64148,9523,8747,724,9471,119
2022-01-29,Lassen,035,31185,8349,7961,801,8762,55
2022-01-29,Los Angeles,037,10098052,2597291,2473332,117288,2590620,28467
2022-01-29,Madera,039,155013,34399,32753,5002,37755,329
2022-01-29,Marin,041,260295,31256,30137,1997,32134,253
2022-01-29,Mariposa,043,17540,2221,2117,134,2251,6
2022-01-29,Mendocino,045,87422,12074,11591,2344,13935,104
2022-01-29,Merced,047,269075,58558,56472,6952,63424,735
2022-01-29,Modoc,049,8938,668,654,230,884,6
2022-01-29,Mono,051,14174,2884,2860,114,2974,5
2022-01-29,Monterey,053,433212,73287,64090,10928,75018,658
2022-01-29,Napa,055,140530,23548,22121,800,22921,113
2022-01-29,Nevada,057,99092,14977,14337,1013,15350,112
2022-01-29,Orange,059,3164182,525658,511255,38694,549949,6038
2022-01-29,Placer,061,380077,59198,56562,6850,63412,523
2022-01-29,Plumas,063,18699,2749,2463,272,2735,12
2022-01-29,Riverside,065,2383286,568054,548121,26206,574327,5726
2022-01-29,Sacramento,067,1510023,263534,249130,23180,272310,2558
2022-01-29,San Benito,069,59416,12032,11670,465,12135,90
2022-01-29,San Bernardino,071,2135413,549833,525249,23529,548778,6297
2022-01-29,San Diego,073,3302833,709324,683027,48578,731605,4643
2022-01-29,San Francisco,075,870044,115117,108265,7592,115857,712
2022-01-29,San Joaquin,077,732212,156864,150849,9274,160123,1971
2022-01-29,San Luis Obispo,079,281455,48475,46374,3240,49614,391
2022-01-29,San Mateo,081,765935,113699,100306,6174,106480,586
2022-01-29,Santa Barbara,083,443738,79770,76546,4241,80787,604
2022-01-29,Santa Clara,085,1922200,286371,273879,10868,284747,2019
2022-01-29,Santa Cruz,087,273765,42326,39228,1932,41160,240
2022-01-29,Shasta,089,179085,28463,27504,5457,32961,452
2022-01-29,Sierra,091,2930,266,260,43,303,0
2022-01-29,Siskiyou,093,43540,4128,3987,2367,6354,66
2022-01-29,Solano,095,438530,75183,69862,5024,74886,407
2022-01-29,Sonoma,097,501317,77364,73439,2147,75586,427
2022-01-29,Stanislaus,099,539301,110661,107668,15649,123317,1403
2022-01-29,Sutter,101,95872,19326,18797,1579,20376,202
2022-01-29,Tehama,103,63373,11226,10880,2387,13267,145
2022-01-29,Trinity,105,12862,1106,1033,258,1291,19
2022-01-29,Tulare,107,460477,99217,93154,24762,117916,1237
2022-01-29,Tuolumne,109,53932,11688,10806,411,11217,91
2022-01-29,Ventura,111,848112,165226,160466,8959,169425,1271
2022-01-29,Yolo,113,214977,34338,32123,2662,34785,275
2022-01-29,Yuba,115,75493,14776,14295,996,15291,103
2022-01-28,Alameda,001,1643700,236492,225602,12161,237763,1605
2022-01-28,Alpine,003,1148,119,123,1,124,0
2022-01-28,Amador,005,37829,7841,7505,508,8013,73
2022-01-28,Butte,007,227075,30705,29557,6102,35659,353
2022-01-28,Calaveras,009,45235,6754,6484,272,6756,96
2022-01-28,Colusa,011,21464,3240,3107,970,4077,21
2022-01-28,Contra Costa,013,1133247,176214,168003,11279,179282,1101
2022-01-28,Del Norte,015,27424,4897,4589,127,4716,43
2022-01-28,El Dorado,017,186661,25333,24008,2945,26953,184
2022-01-28,Fresno,019,978130,212882,202691,21044,223735,2457
2022-01-28,Glenn,021,27897,4666,4516,1465,5981,39
2022-01-28,Humboldt,023,135768,15327,14812,2397,17209,126
2022-01-28,Imperial,025,180216,52125,50153,9343,59496,845
2022-01-28,Inyo,027,18085,3936,3895,398,4293,50
2022-01-28,Kern,029,883053,181445,174456,41910,216366,1962
2022-01-28,Kings,031,150075,47531,45047,3151,48198,397
2022-01-28,Lake,033,64148,9491,8747,722,9469,119
2022-01-28,Lassen,035,31185,8279,7961,799,8760,55
2022-01-28,Los Angeles,037,10098052,2591566,2473332,117074,2590406,28467
2022-01-28,Madera,039,155013,34271,32753,4986,37739,329
2022-01-28,Marin,041,260295,31163,30137,1977,32114,253
2022-01-28,Mariposa,043,17540,2211,2117,132,2249,6
2022-01-28,Mendocino,045,87422,12031,11591,2342,13933,104
2022-01-28,Merced,047,269075,58462,56472,6938,63410,735
2022-01-28,Modoc,049,8938,667,654,230,884,6
2022-01-28,Mono,051,14174,2879,2860,113,2973,5
2022-01-28,Monterey,053,433212,73085,64090,10879,74969,658
2022-01-28,Napa,055,140530,23470,22121,798,22919,113
2022-01-28,Nevada,057,99092,14940,14337,1011,15348,112
2022-01-28,Orange,059,3164182,524589,511255,38605,549860,6038
2022-01-28,Placer,061,380077,58994,56562,6827,63389,523
2022-01-28,Plumas,063,18699,2741,2463,270,2733,12
2022-01-28,Riverside,065,2383286,566731,548121,26165,574286,5726
2022-01-28,Sacramento,067,1510023,262753,249130,23127,272257,2558
2022-01-28,San Benito,069,59416,12010,11670,460,12130,90
2022-01-28,San Bernardino,071,2135413,548794,525249,23492,548741,6297
2022-01-28,San Diego,073,3302833,707499,683027,48501,731528,4643
2022-01-28,San Francisco,075,870044,114761,108265,7543,115808,712
2022-01-28,San Joaquin,077,732212,156575,150849,9260,160109,1971
2022-01-28,San Luis Obispo,079,281455,48391,46374,3233,49607,391
2022-01-28,San Mateo,081,765935,113347,100306,6153,106459,586
2022-01-28,Santa Barbara,083,443738,79521,76546,4239,80785,604
2022-01-28,Santa Clara,085,1922200,285187,273879,10819,284698,2019
2022-01-28,Santa Cruz,087,273765,42134,39228,1921,41149,240
2022-01-28,Shasta,089,179085,28403,27504,5443,32947,452
2022-01-28,Sierra,091,2930,266,260,43,303,0
2022-01-28,Siskiyou,093,43540,4118,3987,2363,6350,66
2022-01-28,Solano,095,438530,74631,69862,4958,74820,407
2022-01-28,Sonoma,097,501317,77158,73439,2140,75579,427
2022-01-28,Stanislaus,099,539301,110388,107668,15607,123275,1403
2022-01-28,Sutter,101,95872,19281,18797,1577,20374,202
2022-01-28,Tehama,103,63373,11194,10880,2380,13260,145
2022-01-28,Trinity,105,12862,1097,1033,258,1291,19
2022-01-28,Tulare,107,460477,98941,93154,24656,117810,1237
2022-01-28,Tuolumne,109,53932,11655,10806,407,11213,91
2022-01-28,Ventura,111,848112,164771,160466,8940,169406,1271
2022-01-28,Yolo,113,214977,34233,32123,2656,34779,275
2022-01-28,Yuba,115,75493,14737,14295,992,15287,103
2022-01-27,Alameda,001,1643700,234912,225602,12027,237629,1605
2022-01-27,Alpine,003,1148,119,123,1,124,0
2022-01-27,Amador,005,37829,7794,7505,497,8002,73
2022-01-27,Butte,007,227075,30553,29557,6051,35608,353
2022-01-27,Calaveras,009,45235,6728,6484,256,6740,96
2022-01-27,Colusa,011,21464,3225,3107,966,4073,21
2022-01-27,Contra Costa,013,1133247,175204,168003,11109,179112,1101
2022-01-27,Del Norte,015,27424,4853,4589,123,4712,43
2022-01-27,El Dorado,017,186661,25222,24008,2925,26933,184
2022-01-27,Fresno,019,978130,211253,202691,20830,223521,2457
2022-01-27,Glenn,021,27897,4635,4516,1457,5973,39
2022-01-27,Humboldt,023,135768,15239,14812,2360,17172,126
2022-01-27,Imperial,025,180216,51856,50153,9231,59384,845
2022-01-27,Inyo,027,18085,3929,3895,388,4283,50
2022-01-27,Kern,029,883053,180665,174456,41550,216006,1962
2022-01-27,Kings,031,150075,47188,45047,3113,48160,397
2022-01-27,Lake,033,64148,9438,8747,705,9452,119
2022-01-27,Lassen,035,31185,8238,7961,793,8754,55
2022-01-27,Los Angeles,037,10098052,2580415,2473332,116564,2589896,28467
2022-01-27,Madera,039,155013,34061,32753,4884,37637,329
2022-01-27,Marin,041,260295,31000,30137,1962,32099,253
2022-01-27,Mariposa,043,17540,2188,2117,129,2246,6
2022-01-27,Mendocino,045,87422,11980,11591,2293,13884,104
2022-01-27,Merced,047,269075,58200,56472,6775,63247,735
2022-01-27,Modoc,049,8938,665,654,229,883,6
2022-01-27,Mono,051,14174,2874,2860,113,2973,5
2022-01-27,Monterey,053,433212,72464,64090,10634,74724,658
2022-01-27,Napa,055,140530,23313,22121,771,22892,113
2022-01-27,Nevada,057,99092,14867,14337,984,15321,112
2022-01-27,Orange,059,3164182,522863,511255,38469,549724,6038
2022-01-27,Placer,061,380077,58677,56562,6775,63337,523
2022-01-27,Plumas,063,18699,2730,2463,258,2721,12
2022-01-27,Riverside,065,2383286,564557,548121,26096,574217,5726
2022-01-27,Sacramento,067,1510023,261473,249130,22801,271931,2558
2022-01-27,San Benito,069,59416,11955,11670,455,12125,90
2022-01-27,San Bernardino,071,2135413,546904,525249,23393,548642,6297
2022-01-27,San Diego,073,3302833,704152,683027,48144,731171,4643
2022-01-27,San Francisco,075,870044,114254,108265,7484,115749,712
2022-01-27,San Joaquin,077,732212,155716,150849,9194,160043,1971
2022-01-27,San Luis Obispo,079,281455,48120,46374,3198,49572,391
2022-01-27,San Mateo,081,765935,112763,100306,6084,106390,586
2022-01-27,Santa Barbara,083,443738,79042,76546,4184,80730,604
2022-01-27,Santa Clara,085,1922200,283126,273879,10672,284551,2019
2022-01-27,Santa Cruz,087,273765,41470,39228,1903,41131,240
2022-01-27,Shasta,089,179085,28277,27504,5394,32898,452
2022-01-27,Sierra,091,2930,265,260,42,302,0
2022-01-27,Siskiyou,093,43540,4097,3987,2326,6313,66
2022-01-27,Solano,095,438530,73992,69862,4902,74764,407
2022-01-27,Sonoma,097,501317,76691,73439,2127,75566,427
2022-01-27,Stanislaus,099,539301,109861,107668,15464,123132,1403
2022-01-27,Sutter,101,95872,19176,18797,1552,20349,202
2022-01-27,Tehama,103,63373,11142,10880,2364,13244,145
2022-01-27,Trinity,105,12862,1093,1033,257,1290,19
2022-01-27,Tulare,107,460477,98276,93154,24394,117548,1237
2022-01-27,Tuolumne,109,53932,11602,10806,398,11204,91
2022-01-27,Ventura,111,848112,164120,160466,8904,169370,1271
2022-01-27,Yolo,113,214977,34088,32123,2641,34764,275
2022-01-27,Yuba,115,75493,14659,14295,976,15271,103
2022-01-26,Alameda,001,1643700,233011,222680,11858,234538,1596
2022-01-26,Alpine,003,1148,119,123,1,124,0
2022-01-26,Amador,005,37829,7720,7427,482,7909,73
2022-01-26,Butte,007,227075,30354,29229,5994,35223,353
2022-01-26,Calaveras,009,45235,6690,6387,250,6637,96
2022-01-26,Colusa,011,21464,3207,3094,961,4055,21
2022-01-26,Contra Costa,013,1133247,174065,165972,10943,176915,1095
2022-01-26,Del Norte,015,27424,4795,4542,122,4664,43
2022-01-26,El Dorado,017,186661,25103,23819,2902,26721,181
2022-01-26,Fresno,019,978130,209401,199689,20617,220306,2452
2022-01-26,Glenn,021,27897,4602,4472,1452,5924,39
2022-01-26,Humboldt,023,135768,15140,14715,2317,17032,126
2022-01-26,Imperial,025,180216,51499,49477,9087,58564,839
2022-01-26,Inyo,027,18085,3926,3889,358,4247,50
2022-01-26,Kern,029,883053,179727,173052,41211,214263,1953
2022-01-26,Kings,031,150075,46783,44367,3084,47451,396
2022-01-26,Lake,033,64148,9356,8645,695,9340,119
2022-01-26,Lassen,035,31185,8198,7888,793,8681,55
2022-01-26,Los Angeles,037,10098052,2568216,2450620,116116,2566736,28382
2022-01-26,Madera,039,155013,33823,32323,4747,37070,329
2022-01-26,Marin,041,260295,30818,29813,1945,31758,253
2022-01-26,Mariposa,043,17540,2171,2108,122,2230,6
2022-01-26,Mendocino,045,87422,11933,11453,2242,13695,103
2022-01-26,Merced,047,269075,57831,56060,6599,62659,733
2022-01-26,Modoc,049,8938,664,652,228,880,6
2022-01-26,Mono,051,14174,2871,2852,113,2965,4
2022-01-26,Monterey,053,433212,71908,63264,10345,73609,659
2022-01-26,Napa,055,140530,23157,21864,761,22625,112
2022-01-26,Nevada,057,99092,14773,14128,973,15101,112
2022-01-26,Orange,059,3164182,520875,506419,38307,544726,6007
2022-01-26,Placer,061,380077,58338,55892,6713,62605,524
2022-01-26,Plumas,063,18699,2703,2425,256,2681,12
2022-01-26,Riverside,065,2383286,562032,543788,25980,569768,5701
2022-01-26,Sacramento,067,1510023,259780,246416,22473,268889,2559
2022-01-26,San Benito,069,59416,11884,11563,443,12006,90
2022-01-26,San Bernardino,071,2135413,544671,521699,23286,544985,6291
2022-01-26,San Diego,073,3302833,699931,676392,47786,724178,4622
2022-01-26,San Francisco,075,870044,113619,107174,7451,114625,704
2022-01-26,San Joaquin,077,732212,154726,148770,9140,157910,1971
2022-01-26,San Luis Obispo,079,281455,47816,45716,3171,48887,391
2022-01-26,San Mateo,081,765935,112097,99016,5959,104975,586
2022-01-26,Santa Barbara,083,443738,78513,75548,4124,79672,600
2022-01-26,Santa Clara,085,1922200,281037,270470,10502,280972,2015
2022-01-26,Santa Cruz,087,273765,40951,38298,1889,40187,239
2022-01-26,Shasta,089,179085,28129,27255,5348,32603,452
2022-01-26,Sierra,091,2930,264,260,41,301,0
2022-01-26,Siskiyou,093,43540,4081,3971,2301,6272,66
2022-01-26,Solano,095,438530,73297,69150,4835,73985,401
2022-01-26,Sonoma,097,501317,76131,72509,2092,74601,423
2022-01-26,Stanislaus,099,539301,109304,106582,15251,121833,1396
2022-01-26,Sutter,101,95872,19066,18670,1508,20178,202
2022-01-26,Tehama,103,63373,11088,10749,2350,13099,145
2022-01-26,Trinity,105,12862,1088,1008,257,1265,19
2022-01-26,Tulare,107,460477,97466,91904,24156,116060,1234
2022-01-26,Tuolumne,109,53932,11418,10699,387,11086,91
2022-01-26,Ventura,111,848112,163408,159077,8862,167939,1263
2022-01-26,Yolo,113,214977,33871,31913,2603,34516,275
2022-01-26,Yuba,115,75493,14574,14171,954,15125,103
2022-01-25,Alameda,001,1643700,231119,219753,11680,231433,1589
2022-01-25,Alpine,003,1148,119,122,1,123,0
2022-01-25,Amador,005,37829,7643,7352,471,7823,73
2022-01-25,Butte,007,227075,30146,28887,5921,34808,351
2022-01-25,Calaveras,009,45235,6632,6266,237,6503,95
2022-01-25,Colusa,011,21464,3187,3074,959,4033,21
2022-01-25,Contra Costa,013,1133247,172740,163792,10727,174519,1092
2022-01-25,Del Norte,015,27424,4725,4514,117,4631,43
2022-01-25,El Dorado,017,186661,24967,23339,2876,26215,179
2022-01-25,Fresno,019,978130,207257,198262,20334,218596,2434
2022-01-25,Glenn,021,27897,4570,4418,1436,5854,39
2022-01-25,Humboldt,023,135768,15048,14574,2291,16865,126
2022-01-25,Imperial,025,180216,51043,48913,8866,57779,832
2022-01-25,Inyo,027,18085,3911,3857,315,4172,50
2022-01-25,Kern,029,883053,178722,171695,40763,212458,1947
2022-01-25,Kings,031,150075,46313,43853,3039,46892,396
2022-01-25,Lake,033,64148,9277,8543,683,9226,118
2022-01-25,Lassen,035,31185,8167,7834,784,8618,55
2022-01-25,Los Angeles,037,10098052,2553283,2433516,115480,2548996,28293
2022-01-25,Madera,039,155013,33501,31794,4614,36408,329
2022-01-25,Marin,041,260295,30640,29589,1932,31521,253
2022-01-25,Mariposa,043,17540,2159,2069,116,2185,6
2022-01-25,Mendocino,045,87422,11813,11280,2139,13419,103
2022-01-25,Merced,047,269075,57449,55555,6462,62017,733
2022-01-25,Modoc,049,8938,662,652,228,880,6
2022-01-25,Mono,051,14174,2861,2826,112,2938,4
2022-01-25,Monterey,053,433212,71334,62498,9944,72442,654
2022-01-25,Napa,055,140530,22962,21668,727,22395,111
2022-01-25,Nevada,057,99092,14661,13944,951,14895,112
2022-01-25,Orange,059,3164182,518594,504274,38114,542388,5980
2022-01-25,Placer,061,380077,57936,55465,6640,62105,518
2022-01-25,Plumas,063,18699,2678,2397,252,2649,12
2022-01-25,Riverside,065,2383286,558940,540723,25816,566539,5686
2022-01-25,Sacramento,067,1510023,257841,244468,21946,266414,2545
2022-01-25,San Benito,069,59416,11784,11446,439,11885,88
2022-01-25,San Bernardino,071,2135413,542117,519150,23172,542322,6288
2022-01-25,San Diego,073,3302833,694934,670110,47335,717445,4604
2022-01-25,San Francisco,075,870044,112858,106254,7409,113663,703
2022-01-25,San Joaquin,077,732212,153734,147271,9076,156347,1972
2022-01-25,San Luis Obispo,079,281455,47455,45130,3123,48253,391
2022-01-25,San Mateo,081,765935,111263,98010,5848,103858,586
2022-01-25,Santa Barbara,083,443738,77845,74686,4045,78731,594
2022-01-25,Santa Clara,085,1922200,278424,268031,10300,278331,2006
2022-01-25,Santa Cruz,087,273765,40280,37850,1874,39724,237
2022-01-25,Shasta,089,179085,27967,27090,5282,32372,452
2022-01-25,Sierra,091,2930,264,260,37,297,0
2022-01-25,Siskiyou,093,43540,4057,3958,2266,6224,65
2022-01-25,Solano,095,438530,72728,68657,4776,73433,399
2022-01-25,Sonoma,097,501317,75441,71633,2052,73685,423
2022-01-25,Stanislaus,099,539301,108634,105965,15033,120998,1396
2022-01-25,Sutter,101,95872,18963,18508,1468,19976,200
2022-01-25,Tehama,103,63373,11025,10669,2326,12995,145
2022-01-25,Trinity,105,12862,1081,999,255,1254,19
2022-01-25,Tulare,107,460477,96596,91237,23837,115074,1229
2022-01-25,Tuolumne,109,53932,11236,10516,364,10880,91
2022-01-25,Ventura,111,848112,162554,157971,8813,166784,1263
2022-01-25,Yolo,113,214977,33612,31677,2559,34236,274
2022-01-25,Yuba,115,75493,14489,14038,927,14965,103
2022-01-24,Alameda,001,1643700,228661,216252,11413,227665,1581
2022-01-24,Alpine,003,1148,119,120,1,121,0
2022-01-24,Amador,005,37829,7592,7166,434,7600,73
2022-01-24,Butte,007,227075,29921,28607,5859,34466,350
2022-01-24,Calaveras,009,45235,6584,6172,223,6395,95
2022-01-24,Colusa,011,21464,3168,3052,943,3995,21
2022-01-24,Contra Costa,013,1133247,171245,162161,10513,172674,1092
2022-01-24,Del Norte,015,27424,4665,4460,117,4577,43
2022-01-24,El Dorado,017,186661,24800,23128,2847,25975,179
2022-01-24,Fresno,019,978130,204955,196092,20030,216122,2430
2022-01-24,Glenn,021,27897,4529,4367,1427,5794,39
2022-01-24,Humboldt,023,135768,14936,14416,2246,16662,126
2022-01-24,Imperial,025,180216,50500,48228,8584,56812,824
2022-01-24,Inyo,027,18085,3905,3805,291,4096,50
2022-01-24,Kern,029,883053,177416,169892,40294,210186,1946
2022-01-24,Kings,031,150075,45740,43260,2968,46228,396
2022-01-24,Lake,033,64148,9168,8423,668,9091,118
2022-01-24,Lassen,035,31185,8083,7732,765,8497,55
2022-01-24,Los Angeles,037,10098052,2536761,2391045,114703,2505748,28230
2022-01-24,Madera,039,155013,33065,31339,4429,35768,329
2022-01-24,Marin,041,260295,30409,29301,1895,31196,253
2022-01-24,Mariposa,043,17540,2134,2033,112,2145,6
2022-01-24,Mendocino,045,87422,11709,11002,2060,13062,103
2022-01-24,Merced,047,269075,56957,54970,6181,61151,730
2022-01-24,Modoc,049,8938,659,648,227,875,6
2022-01-24,Mono,051,14174,2851,2802,111,2913,4
2022-01-24,Monterey,053,433212,70473,61975,9589,71564,654
2022-01-24,Napa,055,140530,22782,21494,715,22209,111
2022-01-24,Nevada,057,99092,14534,13774,928,14702,112
2022-01-24,Orange,059,3164182,516020,501634,37851,539485,5969
2022-01-24,Placer,061,380077,57455,54933,6591,61524,518
2022-01-24,Plumas,063,18699,2647,2370,238,2608,12
2022-01-24,Riverside,065,2383286,555212,535962,25608,561570,5661
2022-01-24,Sacramento,067,1510023,255476,241522,21389,262911,2526
2022-01-24,San Benito,069,59416,11687,11331,426,11757,88
2022-01-24,San Bernardino,071,2135413,539195,515604,23012,538616,6285
2022-01-24,San Diego,073,3302833,689277,663580,46785,710365,4586
2022-01-24,San Francisco,075,870044,111898,105418,7313,112731,703
2022-01-24,San Joaquin,077,732212,152422,145984,9001,154985,1959
2022-01-24,San Luis Obispo,079,281455,46984,44616,3069,47685,387
2022-01-24,San Mateo,081,765935,110300,96968,5735,102703,586
2022-01-24,Santa Barbara,083,443738,77034,73866,3952,77818,591
2022-01-24,Santa Clara,085,1922200,275552,265341,10089,275430,2006
2022-01-24,Santa Cruz,087,273765,39482,37188,1856,39044,237
2022-01-24,Shasta,089,179085,27784,26871,5194,32065,452
2022-01-24,Sierra,091,2930,264,258,37,295,0
2022-01-24,Siskiyou,093,43540,4048,3934,2227,6161,64
2022-01-24,Solano,095,438530,72046,68094,4699,72793,400
2022-01-24,Sonoma,097,501317,74526,70733,2021,72754,423
2022-01-24,Stanislaus,099,539301,107877,104933,14762,119695,1395
2022-01-24,Sutter,101,95872,18847,18336,1382,19718,200
2022-01-24,Tehama,103,63373,10955,10567,2306,12873,145
2022-01-24,Trinity,105,12862,1072,978,253,1231,19
2022-01-24,Tulare,107,460477,95528,90089,23477,113566,1219
2022-01-24,Tuolumne,109,53932,11115,10374,356,10730,91
2022-01-24,Ventura,111,848112,161531,156551,8768,165319,1261
2022-01-24,Yolo,113,214977,33319,31480,2530,34010,273
2022-01-24,Yuba,115,75493,14382,13862,888,14750,103
2022-01-23,Alameda,001,1643700,225958,214003,11086,225089,1583
2022-01-23,Alpine,003,1148,119,120,1,121,0
2022-01-23,Amador,005,37829,7536,7090,394,7484,73
2022-01-23,Butte,007,227075,29625,28340,5745,34085,350
2022-01-23,Calaveras,009,45235,6519,6095,202,6297,95
2022-01-23,Colusa,011,21464,3144,3040,936,3976,21
2022-01-23,Contra Costa,013,1133247,169393,160798,10158,170956,1092
2022-01-23,Del Norte,015,27424,4597,4419,111,4530,43
2022-01-23,El Dorado,017,186661,24609,22925,2800,25725,179
2022-01-23,Fresno,019,978130,202485,193642,19563,213205,2430
2022-01-23,Glenn,021,27897,4478,4340,1405,5745,39
2022-01-23,Humboldt,023,135768,14814,14296,2164,16460,126
2022-01-23,Imperial,025,180216,49902,47935,8300,56235,824
2022-01-23,Inyo,027,18085,3878,3781,277,4058,50
2022-01-23,Kern,029,883053,176053,168585,39769,208354,1946
2022-01-23,Kings,031,150075,45105,42622,2866,45488,397
2022-01-23,Lake,033,64148,8998,8363,642,9005,118
2022-01-23,Lassen,035,31185,8034,7710,741,8451,55
2022-01-23,Los Angeles,037,10098052,2516456,2390590,113559,2504149,28231
2022-01-23,Madera,039,155013,32706,30962,4193,35155,329
2022-01-23,Marin,041,260295,30156,29025,1857,30882,253
2022-01-23,Mariposa,043,17540,2119,2011,109,2120,6
2022-01-23,Mendocino,045,87422,11584,10889,1932,12821,103
2022-01-23,Merced,047,269075,56404,54644,5735,60379,730
2022-01-23,Modoc,049,8938,657,645,224,869,6
2022-01-23,Mono,051,14174,2843,2788,109,2897,4
2022-01-23,Monterey,053,433212,69636,61522,9157,70679,654
2022-01-23,Napa,055,140530,22520,21281,702,21983,111
2022-01-23,Nevada,057,99092,14372,13629,899,14528,112
2022-01-23,Orange,059,3164182,512922,498968,37560,536528,5970
2022-01-23,Placer,061,380077,56884,54568,6503,61071,518
2022-01-23,Plumas,063,18699,2614,2368,209,2577,12
2022-01-23,Riverside,065,2383286,550770,532273,25306,557579,5661
2022-01-23,Sacramento,067,1510023,252837,239589,20450,260039,2530
2022-01-23,San Benito,069,59416,11565,11225,415,11640,88
2022-01-23,San Bernardino,071,2135413,535749,512657,22739,535396,6281
2022-01-23,San Diego,073,3302833,682667,640215,45984,686199,4566
2022-01-23,San Francisco,075,870044,110832,104485,7206,111691,704
2022-01-23,San Joaquin,077,732212,150806,144621,8919,153540,1959
2022-01-23,San Luis Obispo,079,281455,46288,44183,2995,47178,386
2022-01-23,San Mateo,081,765935,109184,95940,5591,101531,586
2022-01-23,Santa Barbara,083,443738,75911,73041,3829,76870,590
2022-01-23,Santa Clara,085,1922200,272254,261991,9770,271761,2005
2022-01-23,Santa Cruz,087,273765,38951,36547,1825,38372,237
2022-01-23,Shasta,089,179085,27504,26732,5074,31806,452
2022-01-23,Sierra,091,2930,263,252,37,289,0
2022-01-23,Siskiyou,093,43540,4023,3916,2170,6086,64
2022-01-23,Solano,095,438530,71249,67457,4605,72062,400
2022-01-23,Sonoma,097,501317,73571,69791,1966,71757,423
2022-01-23,Stanislaus,099,539301,107018,104067,14482,118549,1395
2022-01-23,Sutter,101,95872,18690,18175,1269,19444,200
2022-01-23,Tehama,103,63373,10857,10481,2274,12755,145
2022-01-23,Trinity,105,12862,1069,961,251,1212,19
2022-01-23,Tulare,107,460477,94269,89120,23065,112185,1219
2022-01-23,Tuolumne,109,53932,10923,10243,339,10582,91
2022-01-23,Ventura,111,848112,160349,155052,8691,163743,1261
2022-01-23,Yolo,113,214977,32941,30908,2490,33398,273
2022-01-23,Yuba,115,75493,14258,13762,835,14597,103
2022-01-22,Alameda,001,1643700,224867,203927,11055,214982,1575
2022-01-22,Alpine,003,1148,118,119,1,120,0
2022-01-22,Amador,005,37829,7502,6845,389,7234,73
2022-01-22,Butte,007,227075,29506,27232,5718,32950,350
2022-01-22,Calaveras,009,45235,6489,5835,201,6036,95
2022-01-22,Colusa,011,21464,3127,2954,933,3887,21
2022-01-22,Contra Costa,013,1133247,168460,154111,10128,164239,1091
2022-01-22,Del Norte,015,27424,4558,4269,107,4376,43
2022-01-22,El Dorado,017,186661,24540,22273,2790,25063,179
2022-01-22,Fresno,019,978130,201667,185292,19497,204789,2429
2022-01-22,Glenn,021,27897,4472,4174,1402,5576,39
2022-01-22,Humboldt,023,135768,14747,13628,2151,15779,125
2022-01-22,Imperial,025,180216,49712,45741,8241,53982,820
2022-01-22,Inyo,027,18085,3874,3706,253,3959,50
2022-01-22,Kern,029,883053,175427,162902,39469,202371,1946
2022-01-22,Kings,031,150075,44897,40580,2853,43433,396
2022-01-22,Lake,033,64148,8964,8056,634,8690,118
2022-01-22,Lassen,035,31185,8000,7545,734,8279,55
2022-01-22,Los Angeles,037,10098052,2509053,2286280,113049,2399329,28038
2022-01-22,Madera,039,155013,32587,29595,4178,33773,329
2022-01-22,Marin,041,260295,30030,27893,1852,29745,253
2022-01-22,Mariposa,043,17540,2115,1920,109,2029,6
2022-01-22,Mendocino,045,87422,11534,10395,1910,12305,103
2022-01-22,Merced,047,269075,56251,53025,5728,58753,727
2022-01-22,Modoc,049,8938,656,639,224,863,6
2022-01-22,Mono,051,14174,2842,2723,105,2828,4
2022-01-22,Monterey,053,433212,69429,59038,9115,68153,651
2022-01-22,Napa,055,140530,22425,20402,692,21094,111
2022-01-22,Nevada,057,99092,14304,12957,891,13848,112
2022-01-22,Orange,059,3164182,511315,480329,37312,517641,5946
2022-01-22,Placer,061,380077,56614,52557,6466,59023,512
2022-01-22,Plumas,063,18699,2597,2289,205,2494,12
2022-01-22,Riverside,065,2383286,548854,513567,25233,538800,5623
2022-01-22,Sacramento,067,1510023,251788,230206,20350,250556,2510
2022-01-22,San Benito,069,59416,11507,10743,410,11153,88
2022-01-22,San Bernardino,071,2135413,534234,495209,22647,517856,6267
2022-01-22,San Diego,073,3302833,680175,628904,45770,674674,4559
2022-01-22,San Francisco,075,870044,110176,100238,7058,107296,702
2022-01-22,San Joaquin,077,732212,150366,138264,8878,147142,1960
2022-01-22,San Luis Obispo,079,281455,46169,42154,2989,45143,385
2022-01-22,San Mateo,081,765935,108599,91440,5529,96969,585
2022-01-22,Santa Barbara,083,443738,75489,69555,3823,73378,589
2022-01-22,Santa Clara,085,1922200,270575,249205,9704,258909,1993
2022-01-22,Santa Cruz,087,273765,38769,33741,1819,35560,237
2022-01-22,Shasta,089,179085,27408,25919,5052,30971,450
2022-01-22,Sierra,091,2930,263,248,36,284,0
2022-01-22,Siskiyou,093,43540,4005,3845,2149,5994,62
2022-01-22,Solano,095,438530,71026,63882,4567,68449,391
2022-01-22,Sonoma,097,501317,73150,66013,1956,67969,422
2022-01-22,Stanislaus,099,539301,106560,100092,14391,114483,1393
2022-01-22,Sutter,101,95872,18622,17616,1256,18872,199
2022-01-22,Tehama,103,63373,10822,10171,2264,12435,142
2022-01-22,Trinity,105,12862,1067,925,251,1176,19
2022-01-22,Tulare,107,460477,93889,85223,22943,108166,1211
2022-01-22,Tuolumne,109,53932,10855,9731,333,10064,91
2022-01-22,Ventura,111,848112,159658,148742,8651,157393,1250
2022-01-22,Yolo,113,214977,32763,30061,2473,32534,273
2022-01-22,Yuba,115,75493,14169,13288,831,14119,103
2022-01-21,Alameda,001,1643700,223290,203927,11024,214951,1575
2022-01-21,Alpine,003,1148,118,119,1,120,0
2022-01-21,Amador,005,37829,7445,6845,386,7231,73
2022-01-21,Butte,007,227075,29379,27232,5675,32907,350
2022-01-21,Calaveras,009,45235,6443,5835,201,6036,95
2022-01-21,Colusa,011,21464,3120,2954,928,3882,21
2022-01-21,Contra Costa,013,1133247,167404,154111,10051,164162,1091
2022-01-21,Del Norte,015,27424,4518,4269,107,4376,43
2022-01-21,El Dorado,017,186661,24457,22273,2776,25049,179
2022-01-21,Fresno,019,978130,200423,185292,19402,204694,2429
2022-01-21,Glenn,021,27897,4453,4174,1397,5571,39
2022-01-21,Humboldt,023,135768,14678,13628,2132,15760,125
2022-01-21,Imperial,025,180216,49522,45741,8166,53907,820
2022-01-21,Inyo,027,18085,3861,3706,248,3954,50
2022-01-21,Kern,029,883053,174709,162902,39099,202001,1946
2022-01-21,Kings,031,150075,44700,40580,2845,43425,396
2022-01-21,Lake,033,64148,8907,8056,622,8678,118
2022-01-21,Lassen,035,31185,7951,7545,730,8275,55
2022-01-21,Los Angeles,037,10098052,2497750,2286280,112590,2398870,28038
2022-01-21,Madera,039,155013,32296,29595,4150,33745,329
2022-01-21,Marin,041,260295,29853,27893,1833,29726,253
2022-01-21,Mariposa,043,17540,2103,1920,108,2028,6
2022-01-21,Mendocino,045,87422,11453,10395,1907,12302,103
2022-01-21,Merced,047,269075,56092,53025,5724,58749,727
2022-01-21,Modoc,049,8938,655,639,224,863,6
2022-01-21,Mono,051,14174,2828,2723,102,2825,4
2022-01-21,Monterey,053,433212,68958,59038,8989,68027,651
2022-01-21,Napa,055,140530,22305,20402,684,21086,111
2022-01-21,Nevada,057,99092,14206,12957,887,13844,112
2022-01-21,Orange,059,3164182,509077,480329,37067,517396,5946
2022-01-21,Placer,061,380077,56221,52557,6404,58961,512
2022-01-21,Plumas,063,18699,2585,2289,200,2489,12
2022-01-21,Riverside,065,2383286,546198,513567,25154,538721,5623
2022-01-21,Sacramento,067,1510023,250343,230206,20249,250455,2510
2022-01-21,San Benito,069,59416,11471,10743,407,11150,88
2022-01-21,San Bernardino,071,2135413,532194,495209,22574,517783,6267
2022-01-21,San Diego,073,3302833,676006,628904,45593,674497,4559
2022-01-21,San Francisco,075,870044,109418,100238,6970,107208,702
2022-01-21,San Joaquin,077,732212,149769,138264,8823,147087,1960
2022-01-21,San Luis Obispo,079,281455,46043,42154,2986,45140,385
2022-01-21,San Mateo,081,765935,107927,91440,5491,96931,585
2022-01-21,Santa Barbara,083,443738,74987,69555,3814,73369,589
2022-01-21,Santa Clara,085,1922200,268750,249205,9596,258801,1993
2022-01-21,Santa Cruz,087,273765,38050,33741,1806,35547,237
2022-01-21,Shasta,089,179085,27319,25919,5005,30924,450
2022-01-21,Sierra,091,2930,261,248,35,283,0
2022-01-21,Siskiyou,093,43540,3996,3845,2131,5976,62
2022-01-21,Solano,095,438530,70615,63882,4485,68367,391
2022-01-21,Sonoma,097,501317,72625,66013,1946,67959,422
2022-01-21,Stanislaus,099,539301,106057,100092,14330,114422,1393
2022-01-21,Sutter,101,95872,18536,17616,1242,18858,199
2022-01-21,Tehama,103,63373,10786,10171,2262,12433,142
2022-01-21,Trinity,105,12862,1061,925,250,1175,19
2022-01-21,Tulare,107,460477,93411,85223,22789,108012,1211
2022-01-21,Tuolumne,109,53932,10772,9731,326,10057,91
2022-01-21,Ventura,111,848112,158849,148742,8620,157362,1250
2022-01-21,Yolo,113,214977,32600,30061,2452,32513,273
2022-01-21,Yuba,115,75493,14097,13288,824,14112,103
2022-01-20,Alameda,001,1643700,220220,203927,10788,214715,1575
2022-01-20,Alpine,003,1148,118,119,1,120,0
2022-01-20,Amador,005,37829,7381,6845,368,7213,73
2022-01-20,Butte,007,227075,29124,27232,5600,32832,350
2022-01-20,Calaveras,009,45235,6339,5835,192,6027,95
2022-01-20,Colusa,011,21464,3090,2954,916,3870,21
2022-01-20,Contra Costa,013,1133247,165440,154111,9787,163898,1091
2022-01-20,Del Norte,015,27424,4478,4269,104,4373,43
2022-01-20,El Dorado,017,186661,24253,22273,2733,25006,179
2022-01-20,Fresno,019,978130,197824,185292,19040,204332,2429
2022-01-20,Glenn,021,27897,4418,4174,1388,5562,39
2022-01-20,Humboldt,023,135768,14549,13628,2081,15709,125
2022-01-20,Imperial,025,180216,49005,45741,7990,53731,820
2022-01-20,Inyo,027,18085,3849,3706,237,3943,50
2022-01-20,Kern,029,883053,173185,162902,38561,201463,1946
2022-01-20,Kings,031,150075,44144,40580,2805,43385,396
2022-01-20,Lake,033,64148,8811,8056,594,8650,118
2022-01-20,Lassen,035,31185,7898,7545,715,8260,55
2022-01-20,Los Angeles,037,10098052,2473027,2286280,111612,2397892,28038
2022-01-20,Madera,039,155013,31908,29595,4025,33620,329
2022-01-20,Marin,041,260295,29560,27893,1797,29690,253
2022-01-20,Mariposa,043,17540,2076,1920,105,2025,6
2022-01-20,Mendocino,045,87422,11354,10395,1829,12224,103
2022-01-20,Merced,047,269075,55662,53025,5495,58520,727
2022-01-20,Modoc,049,8938,653,639,224,863,6
2022-01-20,Mono,051,14174,2820,2723,101,2824,4
2022-01-20,Monterey,053,433212,68192,59038,8576,67614,651
2022-01-20,Napa,055,140530,22039,20402,645,21047,111
2022-01-20,Nevada,057,99092,14058,12957,865,13822,112
2022-01-20,Orange,059,3164182,505137,480329,36699,517028,5946
2022-01-20,Placer,061,380077,55733,52557,6344,58901,512
2022-01-20,Plumas,063,18699,2558,2289,196,2485,12
2022-01-20,Riverside,065,2383286,541626,513567,24923,538490,5623
2022-01-20,Sacramento,067,1510023,248057,230206,19619,249825,2510
2022-01-20,San Benito,069,59416,11360,10743,394,11137,88
2022-01-20,San Bernardino,071,2135413,528041,495209,22299,517508,6267
2022-01-20,San Diego,073,3302833,668906,628904,44889,673793,4559
2022-01-20,San Francisco,075,870044,108267,100238,6830,107068,702
2022-01-20,San Joaquin,077,732212,148133,138264,8698,146962,1960
2022-01-20,San Luis Obispo,079,281455,45532,42154,2952,45106,385
2022-01-20,San Mateo,081,765935,106702,91440,5288,96728,585
2022-01-20,Santa Barbara,083,443738,74089,69555,3702,73257,589
2022-01-20,Santa Clara,085,1922200,265441,249205,9269,258474,1993
2022-01-20,Santa Cruz,087,273765,37166,33741,1783,35524,237
2022-01-20,Shasta,089,179085,27129,25919,4938,30857,450
2022-01-20,Sierra,091,2930,261,248,33,281,0
2022-01-20,Siskiyou,093,43540,3984,3845,2098,5943,62
2022-01-20,Solano,095,438530,69668,63882,4396,68278,391
2022-01-20,Sonoma,097,501317,71599,66013,1896,67909,422
2022-01-20,Stanislaus,099,539301,105100,100092,14126,114218,1393
2022-01-20,Sutter,101,95872,18371,17616,1214,18830,199
2022-01-20,Tehama,103,63373,10713,10171,2244,12415,142
2022-01-20,Trinity,105,12862,1047,925,249,1174,19
2022-01-20,Tulare,107,460477,92361,85223,22505,107728,1211
2022-01-20,Tuolumne,109,53932,10630,9731,316,10047,91
2022-01-20,Ventura,111,848112,157464,148742,8543,157285,1250
2022-01-20,Yolo,113,214977,32311,30061,2419,32480,273
2022-01-20,Yuba,115,75493,13991,13288,791,14079,103
2022-01-19,Alameda,001,1643700,216827,199739,10458,210197,1571
2022-01-19,Alpine,003,1148,117,119,1,120,0
2022-01-19,Amador,005,37829,7300,6789,326,7115,73
2022-01-19,Butte,007,227075,28822,26839,5523,32362,351
2022-01-19,Calaveras,009,45235,6249,5765,183,5948,95
2022-01-19,Colusa,011,21464,3065,2938,909,3847,21
2022-01-19,Contra Costa,013,1133247,163113,151543,9548,161091,1091
2022-01-19,Del Norte,015,27424,4439,4240,103,4343,43
2022-01-19,El Dorado,017,186661,23998,21953,2691,24644,177
2022-01-19,Fresno,019,978130,194923,181526,18724,200250,2430
2022-01-19,Glenn,021,27897,4367,4127,1378,5505,39
2022-01-19,Humboldt,023,135768,14391,13391,2029,15420,125
2022-01-19,Imperial,025,180216,48271,45156,7790,52946,820
2022-01-19,Inyo,027,18085,3826,3680,198,3878,49
2022-01-19,Kern,029,883053,171422,160747,37884,198631,1946
2022-01-19,Kings,031,150075,43448,40027,2737,42764,395
2022-01-19,Lake,033,64148,8684,7972,581,8553,118
2022-01-19,Lassen,035,31185,7841,7507,693,8200,55
2022-01-19,Los Angeles,037,10098052,2444643,2251718,110186,2361904,27934
2022-01-19,Madera,039,155013,31527,29021,3855,32876,329
2022-01-19,Marin,041,260295,29264,27375,1754,29129,251
2022-01-19,Mariposa,043,17540,2051,1896,99,1995,6
2022-01-19,Mendocino,045,87422,11183,10252,1736,11988,103
2022-01-19,Merced,047,269075,55117,52355,5139,57494,724
2022-01-19,Modoc,049,8938,651,635,223,858,6
2022-01-19,Mono,051,14174,2798,2677,99,2776,4
2022-01-19,Monterey,053,433212,67283,58426,8121,66547,651
2022-01-19,Napa,055,140530,21786,20090,618,20708,110
2022-01-19,Nevada,057,99092,13901,12703,838,13541,112
2022-01-19,Orange,059,3164182,500654,468460,36330,504790,5943
2022-01-19,Placer,061,380077,55169,51545,6276,57821,511
2022-01-19,Plumas,063,18699,2518,2239,190,2429,12
2022-01-19,Riverside,065,2383286,536101,503575,24688,528263,5604
2022-01-19,Sacramento,067,1510023,245165,226035,18903,244938,2512
2022-01-19,San Benito,069,59416,11219,10639,382,11021,88
2022-01-19,San Bernardino,071,2135413,523408,487846,21927,509773,6265
2022-01-19,San Diego,073,3302833,660128,614709,44156,658865,4553
2022-01-19,San Francisco,075,870044,106895,98652,6751,105403,694
2022-01-19,San Joaquin,077,732212,146239,135953,8575,144528,1959
2022-01-19,San Luis Obispo,079,281455,44933,41374,2886,44260,382
2022-01-19,San Mateo,081,765935,105290,89715,5024,94739,585
2022-01-19,Santa Barbara,083,443738,73092,68531,3603,72134,586
2022-01-19,Santa Clara,085,1922200,261714,244922,8909,253831,1991
2022-01-19,Santa Cruz,087,273765,35864,33026,1759,34785,237
2022-01-19,Shasta,089,179085,26862,25355,4866,30221,450
2022-01-19,Sierra,091,2930,261,245,32,277,0
2022-01-19,Siskiyou,093,43540,3960,3821,2045,5866,62
2022-01-19,Solano,095,438530,68826,63003,4266,67269,392
2022-01-19,Sonoma,097,501317,70500,64689,1851,66540,420
2022-01-19,Stanislaus,099,539301,104049,98952,13844,112796,1381
2022-01-19,Sutter,101,95872,18204,17436,1125,18561,199
2022-01-19,Tehama,103,63373,10599,10064,2196,12260,142
2022-01-19,Trinity,105,12862,1035,916,248,1164,19
2022-01-19,Tulare,107,460477,91071,83743,22038,105781,1200
2022-01-19,Tuolumne,109,53932,10471,9613,292,9905,91
2022-01-19,Ventura,111,848112,155948,144738,8468,153206,1234
2022-01-19,Yolo,113,214977,31947,29392,2383,31775,273
2022-01-19,Yuba,115,75493,13828,13114,778,13892,104
2022-01-18,Alameda,001,1643700,213465,195728,10148,205876,1566
2022-01-18,Alpine,003,1148,117,118,1,119,0
2022-01-18,Amador,005,37829,7162,6691,290,6981,73
2022-01-18,Butte,007,227075,28431,26514,5446,31960,347
2022-01-18,Calaveras,009,45235,6160,5684,168,5852,94
2022-01-18,Colusa,011,21464,3021,2903,904,3807,21
2022-01-18,Contra Costa,013,1133247,161089,149446,9179,158625,1085
2022-01-18,Del Norte,015,27424,4369,4229,98,4327,43
2022-01-18,El Dorado,017,186661,23618,21707,2646,24353,175
2022-01-18,Fresno,019,978130,191418,178922,18300,197222,2425
2022-01-18,Glenn,021,27897,4334,4070,1366,5436,39
2022-01-18,Humboldt,023,135768,14224,13218,1957,15175,125
2022-01-18,Imperial,025,180216,47575,44742,7608,52350,819
2022-01-18,Inyo,027,18085,3785,3654,188,3842,49
2022-01-18,Kern,029,883053,169399,158864,37133,195997,1943
2022-01-18,Kings,031,150075,42574,39440,2659,42099,392
2022-01-18,Lake,033,64148,8571,7919,562,8481,117
2022-01-18,Lassen,035,31185,7758,7461,654,8115,55
2022-01-18,Los Angeles,037,10098052,2411230,2227360,108756,2336116,27871
2022-01-18,Madera,039,155013,31005,28717,3666,32383,329
2022-01-18,Marin,041,260295,28961,27036,1711,28747,251
2022-01-18,Mariposa,043,17540,2026,1872,95,1967,6
2022-01-18,Mendocino,045,87422,11014,10114,1651,11765,103
2022-01-18,Merced,047,269075,54505,51746,4854,56600,718
2022-01-18,Modoc,049,8938,649,633,218,851,6
2022-01-18,Mono,051,14174,2777,2643,98,2741,4
2022-01-18,Monterey,053,433212,66507,57846,7642,65488,650
2022-01-18,Napa,055,140530,21453,19911,603,20514,109
2022-01-18,Nevada,057,99092,13717,12584,796,13380,111
2022-01-18,Orange,059,3164182,495310,461324,35826,497150,5938
2022-01-18,Placer,061,380077,54526,50983,6203,57186,508
2022-01-18,Plumas,063,18699,2480,2218,184,2402,12
2022-01-18,Riverside,065,2383286,530124,497278,24381,521659,5599
2022-01-18,Sacramento,067,1510023,242078,223745,17923,241668,2496
2022-01-18,San Benito,069,59416,11078,10520,368,10888,88
2022-01-18,San Bernardino,071,2135413,518043,483753,21507,505260,6258
2022-01-18,San Diego,073,3302833,649923,605137,43117,648254,4547
2022-01-18,San Francisco,075,870044,105430,96505,6635,103140,694
2022-01-18,San Joaquin,077,732212,144298,134365,8368,142733,1957
2022-01-18,San Luis Obispo,079,281455,44251,40848,2800,43648,381
2022-01-18,San Mateo,081,765935,103778,88225,4827,93052,585
2022-01-18,Santa Barbara,083,443738,71874,67216,3430,70646,581
2022-01-18,Santa Clara,085,1922200,257599,240281,8512,248793,1986
2022-01-18,Santa Cruz,087,273765,35213,32203,1724,33927,237
2022-01-18,Shasta,089,179085,26580,25162,4772,29934,448
2022-01-18,Sierra,091,2930,257,244,32,276,0
2022-01-18,Siskiyou,093,43540,3927,3799,1992,5791,62
2022-01-18,Solano,095,438530,67976,62204,4156,66360,391
2022-01-18,Sonoma,097,501317,69112,63714,1796,65510,419
2022-01-18,Stanislaus,099,539301,102832,98000,13480,111480,1379
2022-01-18,Sutter,101,95872,18013,17295,1054,18349,198
2022-01-18,Tehama,103,63373,10503,9975,2144,12119,142
2022-01-18,Trinity,105,12862,1022,907,247,1154,19
2022-01-18,Tulare,107,460477,89608,82667,21635,104302,1196
2022-01-18,Tuolumne,109,53932,10303,9528,281,9809,91
2022-01-18,Ventura,111,848112,154234,143384,8382,151766,1233
2022-01-18,Yolo,113,214977,31549,28786,2333,31119,270
2022-01-18,Yuba,115,75493,13667,12971,753,13724,101
2022-01-17,Alameda,001,1643700,208758,193276,9562,202838,1565
2022-01-17,Alpine,003,1148,116,118,0,118,0
2022-01-17,Amador,005,37829,7047,6640,232,6872,73
2022-01-17,Butte,007,227075,28047,26303,5343,31646,348
2022-01-17,Calaveras,009,45235,6029,5584,140,5724,94
2022-01-17,Colusa,011,21464,2997,2905,897,3802,21
2022-01-17,Contra Costa,013,1133247,158314,147993,8695,156688,1086
2022-01-17,Del Norte,015,27424,4318,4209,91,4300,43
2022-01-17,El Dorado,017,186661,23371,21540,2564,24104,175
2022-01-17,Fresno,019,978130,187711,176959,17807,194766,2426
2022-01-17,Glenn,021,27897,4281,4055,1353,5408,39
2022-01-17,Humboldt,023,135768,14020,13120,1791,14911,125
2022-01-17,Imperial,025,180216,46888,44412,7445,51857,821
2022-01-17,Inyo,027,18085,3763,3650,162,3812,49
2022-01-17,Kern,029,883053,166854,157645,36258,193903,1944
2022-01-17,Kings,031,150075,41441,39143,2539,41682,392
2022-01-17,Lake,033,64148,8422,7864,522,8386,117
2022-01-17,Lassen,035,31185,7665,7417,617,8034,55
2022-01-17,Los Angeles,037,10098052,2372040,2205740,106795,2312535,27832
2022-01-17,Madera,039,155013,30353,28568,3486,32054,329
2022-01-17,Marin,041,260295,28555,26633,1656,28289,251
2022-01-17,Mariposa,043,17540,2000,1862,89,1951,6
2022-01-17,Mendocino,045,87422,10791,10030,1511,11541,103
2022-01-17,Merced,047,269075,53826,51227,4293,55520,718
2022-01-17,Modoc,049,8938,645,630,218,848,6
2022-01-17,Mono,051,14174,2754,2642,97,2739,4
2022-01-17,Monterey,053,433212,65388,57318,7226,64544,647
2022-01-17,Napa,055,140530,21108,19647,580,20227,109
2022-01-17,Nevada,057,99092,13531,12414,759,13173,111
2022-01-17,Orange,059,3164182,489350,457418,35351,492769,5933
2022-01-17,Placer,061,380077,53793,50511,6060,56571,508
2022-01-17,Plumas,063,18699,2434,2205,152,2357,12
2022-01-17,Riverside,065,2383286,523314,491322,23929,515251,5600
2022-01-17,Sacramento,067,1510023,237998,221143,16579,237722,2497
2022-01-17,San Benito,069,59416,10911,10432,340,10772,88
2022-01-17,San Bernardino,071,2135413,511716,480243,20972,501215,6259
2022-01-17,San Diego,073,3302833,637705,569241,41910,611151,4545
2022-01-17,San Francisco,075,870044,103801,95292,6440,101732,694
2022-01-17,San Joaquin,077,732212,141464,133414,8179,141593,1958
2022-01-17,San Luis Obispo,079,281455,43422,40425,2699,43124,379
2022-01-17,San Mateo,081,765935,101808,87013,4573,91586,585
2022-01-17,Santa Barbara,083,443738,70552,66704,3231,69935,581
2022-01-17,Santa Clara,085,1922200,253110,237934,8077,246011,1985
2022-01-17,Santa Cruz,087,273765,34444,31714,1687,33401,237
2022-01-17,Shasta,089,179085,26300,25025,4651,29676,448
2022-01-17,Sierra,091,2930,256,242,32,274,0
2022-01-17,Siskiyou,093,43540,3888,3764,1912,5676,62
2022-01-17,Solano,095,438530,66938,61497,3897,65394,391
2022-01-17,Sonoma,097,501317,67609,62763,1734,64497,419
2022-01-17,Stanislaus,099,539301,101520,96951,13002,109953,1379
2022-01-17,Sutter,101,95872,17804,17159,918,18077,198
2022-01-17,Tehama,103,63373,10380,9912,2086,11998,142
2022-01-17,Trinity,105,12862,1009,906,243,1149,19
2022-01-17,Tulare,107,460477,87855,81741,21085,102826,1199
2022-01-17,Tuolumne,109,53932,10168,9416,249,9665,91
2022-01-17,Ventura,111,848112,152118,142070,8265,150335,1234
2022-01-17,Yolo,113,214977,31022,28638,2267,30905,270
2022-01-17,Yuba,115,75493,13471,12871,697,13568,101
2022-01-16,Alameda,001,1643700,205688,190691,9305,199996,1564
2022-01-16,Alpine,003,1148,116,118,0,118,0
2022-01-16,Amador,005,37829,6974,6618,224,6842,73
2022-01-16,Butte,007,227075,27703,26139,5295,31434,348
2022-01-16,Calaveras,009,45235,5928,5537,136,5673,94
2022-01-16,Colusa,011,21464,2980,2886,885,3771,21
2022-01-16,Contra Costa,013,1133247,156396,146307,8493,154800,1086
2022-01-16,Del Norte,015,27424,4276,4177,89,4266,43
2022-01-16,El Dorado,017,186661,23096,21303,2525,23828,175
2022-01-16,Fresno,019,978130,184998,174818,17456,192274,2425
2022-01-16,Glenn,021,27897,4226,4049,1331,5380,39
2022-01-16,Humboldt,023,135768,13873,13075,1772,14847,125
2022-01-16,Imperial,025,180216,46316,44035,7280,51315,821
2022-01-16,Inyo,027,18085,3726,3602,140,3742,49
2022-01-16,Kern,029,883053,165583,156655,35472,192127,1944
2022-01-16,Kings,031,150075,41068,38861,2519,41380,392
2022-01-16,Lake,033,64148,8318,7823,488,8311,117
2022-01-16,Lassen,035,31185,7620,7391,605,7996,55
2022-01-16,Los Angeles,037,10098052,2348864,2174403,105268,2279671,27805
2022-01-16,Madera,039,155013,29983,28313,3436,31749,329
2022-01-16,Marin,041,260295,28261,26292,1642,27934,251
2022-01-16,Mariposa,043,17540,1973,1851,84,1935,6
2022-01-16,Mendocino,045,87422,10644,9992,1395,11387,102
2022-01-16,Merced,047,269075,53235,50882,4268,55150,718
2022-01-16,Modoc,049,8938,642,629,218,847,6
2022-01-16,Mono,051,14174,2750,2614,95,2709,4
2022-01-16,Monterey,053,433212,64622,57012,7081,64093,647
2022-01-16,Napa,055,140530,20841,19521,569,20090,109
2022-01-16,Nevada,057,99092,13317,12307,741,13048,111
2022-01-16,Orange,059,3164182,483955,451962,34804,486766,5932
2022-01-16,Placer,061,380077,53086,50076,5948,56024,508
2022-01-16,Plumas,063,18699,2399,2204,142,2346,12
2022-01-16,Riverside,065,2383286,517811,485191,23709,508900,5600
2022-01-16,Sacramento,067,1510023,235040,218819,15862,234681,2491
2022-01-16,San Benito,069,59416,10753,10377,338,10715,88
2022-01-16,San Bernardino,071,2135413,507802,474425,20722,495147,6259
2022-01-16,San Diego,073,3302833,630116,569241,41473,610714,4545
2022-01-16,San Francisco,075,870044,102285,94139,6302,100441,694
2022-01-16,San Joaquin,077,732212,139680,132214,8038,140252,1958
2022-01-16,San Luis Obispo,079,281455,42765,40113,2660,42773,379
2022-01-16,San Mateo,081,765935,100281,85966,4480,90446,585
2022-01-16,Santa Barbara,083,443738,69525,66111,3191,69302,582
2022-01-16,Santa Clara,085,1922200,249445,234293,7923,242216,1984
2022-01-16,Santa Cruz,087,273765,33815,31469,1665,33134,237
2022-01-16,Shasta,089,179085,26045,24980,4583,29563,449
2022-01-16,Sierra,091,2930,252,238,31,269,0
2022-01-16,Siskiyou,093,43540,3860,3748,1873,5621,62
2022-01-16,Solano,095,438530,66262,60885,3767,64652,391
2022-01-16,Sonoma,097,501317,66531,61842,1717,63559,419
2022-01-16,Stanislaus,099,539301,100456,96370,12850,109220,1379
2022-01-16,Sutter,101,95872,17604,16996,896,17892,198
2022-01-16,Tehama,103,63373,10296,9868,2065,11933,142
2022-01-16,Trinity,105,12862,1004,889,241,1130,19
2022-01-16,Tulare,107,460477,86540,80867,20831,101698,1199
2022-01-16,Tuolumne,109,53932,10063,9369,241,9610,91
2022-01-16,Ventura,111,848112,150543,140715,8186,148901,1234
2022-01-16,Yolo,113,214977,30629,28481,2214,30695,270
2022-01-16,Yuba,115,75493,13293,12760,691,13451,101
2022-01-15,Alameda,001,1643700,204318,177768,9252,187020,1561
2022-01-15,Alpine,003,1148,116,117,0,117,0
2022-01-15,Amador,005,37829,6942,6434,210,6644,72
2022-01-15,Butte,007,227075,27548,25032,5246,30278,348
2022-01-15,Calaveras,009,45235,5896,5258,136,5394,93
2022-01-15,Colusa,011,21464,2966,2796,878,3674,21
2022-01-15,Contra Costa,013,1133247,155184,137643,8449,146092,1082
2022-01-15,Del Norte,015,27424,4261,4065,87,4152,43
2022-01-15,El Dorado,017,186661,22997,20434,2508,22942,175
2022-01-15,Fresno,019,978130,184069,167361,17371,184732,2415
2022-01-15,Glenn,021,27897,4219,3906,1324,5230,39
2022-01-15,Humboldt,023,135768,13769,12419,1756,14175,123
2022-01-15,Imperial,025,180216,46178,42508,7171,49679,817
2022-01-15,Inyo,027,18085,3716,3395,140,3535,49
2022-01-15,Kern,029,883053,164739,150085,35083,185168,1938
2022-01-15,Kings,031,150075,40819,37221,2507,39728,391
2022-01-15,Lake,033,64148,8279,7641,475,8116,117
2022-01-15,Lassen,035,31185,7579,7274,599,7873,55
2022-01-15,Los Angeles,037,10098052,2337335,2047927,104318,2152245,27641
2022-01-15,Madera,039,155013,29837,27294,3413,30707,329
2022-01-15,Marin,041,260295,28075,25248,1635,26883,251
2022-01-15,Mariposa,043,17540,1966,1762,84,1846,6
2022-01-15,Mendocino,045,87422,10571,9534,1389,10923,102
2022-01-15,Merced,047,269075,53068,48904,4257,53161,715
2022-01-15,Modoc,049,8938,640,628,218,846,6
2022-01-15,Mono,051,14174,2745,2508,94,2602,4
2022-01-15,Monterey,053,433212,64108,55315,7017,62332,647
2022-01-15,Napa,055,140530,20720,17648,565,18213,109
2022-01-15,Nevada,057,99092,13258,11773,728,12501,111
2022-01-15,Orange,059,3164182,481364,433141,34532,467673,5914
2022-01-15,Placer,061,380077,52795,47780,5912,53692,501
2022-01-15,Plumas,063,18699,2378,2158,136,2294,12
2022-01-15,Riverside,065,2383286,515128,466381,23574,489955,5578
2022-01-15,Sacramento,067,1510023,233883,208156,15762,223918,2491
2022-01-15,San Benito,069,59416,10654,9868,333,10201,87
2022-01-15,San Bernardino,071,2135413,505483,454395,20574,474969,6233
2022-01-15,San Diego,073,3302833,626327,559385,41217,600602,4540
2022-01-15,San Francisco,075,870044,101289,88004,6168,94172,692
2022-01-15,San Joaquin,077,732212,139115,125136,7941,133077,1954
2022-01-15,San Luis Obispo,079,281455,42576,38231,2647,40878,374
2022-01-15,San Mateo,081,765935,99325,80494,4439,84933,582
2022-01-15,Santa Barbara,083,443738,68929,62312,3180,65492,579
2022-01-15,Santa Clara,085,1922200,247241,218986,7803,226789,1974
2022-01-15,Santa Cruz,087,273765,33461,29414,1657,31071,235
2022-01-15,Shasta,089,179085,25954,24482,4551,29033,445
2022-01-15,Sierra,091,2930,251,232,30,262,0
2022-01-15,Siskiyou,093,43540,3848,3661,1863,5524,62
2022-01-15,Solano,095,438530,65983,58061,3718,61779,389
2022-01-15,Sonoma,097,501317,65945,58181,1711,59892,418
2022-01-15,Stanislaus,099,539301,99874,92986,12752,105738,1379
2022-01-15,Sutter,101,95872,17513,16345,886,17231,197
2022-01-15,Tehama,103,63373,10246,9572,2047,11619,141
2022-01-15,Trinity,105,12862,1001,872,241,1113,19
2022-01-15,Tulare,107,460477,86094,77769,20720,98489,1192
2022-01-15,Tuolumne,109,53932,9964,9042,236,9278,91
2022-01-15,Ventura,111,848112,149768,134736,8148,142884,1227
2022-01-15,Yolo,113,214977,30449,27311,2194,29505,270
2022-01-15,Yuba,115,75493,13230,12200,687,12887,101
2022-01-14,Alameda,001,1643700,202272,177768,9204,186972,1561
2022-01-14,Alpine,003,1148,116,117,0,117,0
2022-01-14,Amador,005,37829,6866,6434,201,6635,72
2022-01-14,Butte,007,227075,27367,25032,5215,30247,348
2022-01-14,Calaveras,009,45235,5859,5258,135,5393,93
2022-01-14,Colusa,011,21464,2957,2796,868,3664,21
2022-01-14,Contra Costa,013,1133247,153730,137643,8348,145991,1082
2022-01-14,Del Norte,015,27424,4236,4065,86,4151,43
2022-01-14,El Dorado,017,186661,22842,20434,2490,22924,175
2022-01-14,Fresno,019,978130,182415,167361,17295,184656,2415
2022-01-14,Glenn,021,27897,4197,3906,1316,5222,39
2022-01-14,Humboldt,023,135768,13662,12419,1723,14142,123
2022-01-14,Imperial,025,180216,46007,42508,7151,49659,817
2022-01-14,Inyo,027,18085,3691,3395,136,3531,49
2022-01-14,Kern,029,883053,163740,150085,34650,184735,1938
2022-01-14,Kings,031,150075,40568,37221,2499,39720,391
2022-01-14,Lake,033,64148,8222,7641,463,8104,117
2022-01-14,Lassen,035,31185,7545,7274,587,7861,55
2022-01-14,Los Angeles,037,10098052,2318014,2047927,103282,2151209,27641
2022-01-14,Madera,039,155013,29600,27294,3385,30679,329
2022-01-14,Marin,041,260295,27816,25248,1600,26848,251
2022-01-14,Mariposa,043,17540,1951,1762,84,1846,6
2022-01-14,Mendocino,045,87422,10459,9534,1376,10910,102
2022-01-14,Merced,047,269075,52885,48904,4242,53146,715
2022-01-14,Modoc,049,8938,639,628,218,846,6
2022-01-14,Mono,051,14174,2724,2508,92,2600,4
2022-01-14,Monterey,053,433212,63411,55315,6924,62239,647
2022-01-14,Napa,055,140530,20550,17648,560,18208,109
2022-01-14,Nevada,057,99092,13136,11773,715,12488,111
2022-01-14,Orange,059,3164182,477632,433141,34215,467356,5914
2022-01-14,Placer,061,380077,52358,47780,5826,53606,501
2022-01-14,Plumas,063,18699,2370,2158,129,2287,12
2022-01-14,Riverside,065,2383286,511602,466381,23431,489812,5578
2022-01-14,Sacramento,067,1510023,231937,208156,15613,223769,2491
2022-01-14,San Benito,069,59416,10602,9868,332,10200,87
2022-01-14,San Bernardino,071,2135413,502339,454395,20388,474783,6233
2022-01-14,San Diego,073,3302833,620675,559385,40908,600293,4540
2022-01-14,San Francisco,075,870044,100117,88004,5994,93998,692
2022-01-14,San Joaquin,077,732212,138266,125136,7861,132997,1954
2022-01-14,San Luis Obispo,079,281455,42409,38231,2626,40857,374
2022-01-14,San Mateo,081,765935,98097,80494,4410,84904,582
2022-01-14,Santa Barbara,083,443738,68410,62312,3170,65482,579
2022-01-14,Santa Clara,085,1922200,244666,218986,7697,226683,1974
2022-01-14,Santa Cruz,087,273765,33084,29414,1648,31062,235
2022-01-14,Shasta,089,179085,25833,24482,4518,29000,445
2022-01-14,Sierra,091,2930,249,232,28,260,0
2022-01-14,Siskiyou,093,43540,3837,3661,1850,5511,62
2022-01-14,Solano,095,438530,65138,58061,3630,61691,389
2022-01-14,Sonoma,097,501317,65405,58181,1685,59866,418
2022-01-14,Stanislaus,099,539301,99268,92986,12652,105638,1379
2022-01-14,Sutter,101,95872,17387,16345,878,17223,197
2022-01-14,Tehama,103,63373,10193,9572,2035,11607,141
2022-01-14,Trinity,105,12862,996,872,239,1111,19
2022-01-14,Tulare,107,460477,85563,77769,20559,98328,1192
2022-01-14,Tuolumne,109,53932,9841,9042,232,9274,91
2022-01-14,Ventura,111,848112,148661,134736,8089,142825,1227
2022-01-14,Yolo,113,214977,30208,27311,2166,29477,270
2022-01-14,Yuba,115,75493,13127,12200,682,12882,101
2022-01-13,Alameda,001,1643700,197948,177768,8853,186621,1561
2022-01-13,Alpine,003,1148,115,117,0,117,0
2022-01-13,Amador,005,37829,6806,6434,180,6614,72
2022-01-13,Butte,007,227075,27066,25032,5105,30137,348
2022-01-13,Calaveras,009,45235,5769,5258,132,5390,93
2022-01-13,Colusa,011,21464,2926,2796,858,3654,21
2022-01-13,Contra Costa,013,1133247,151196,137643,7895,145538,1082
2022-01-13,Del Norte,015,27424,4200,4065,85,4150,43
2022-01-13,El Dorado,017,186661,22593,20434,2444,22878,175
2022-01-13,Fresno,019,978130,179611,167361,16935,184296,2415
2022-01-13,Glenn,021,27897,4150,3906,1290,5196,39
2022-01-13,Humboldt,023,135768,13509,12419,1661,14080,123
2022-01-13,Imperial,025,180216,45463,42508,6938,49446,817
2022-01-13,Inyo,027,18085,3635,3395,119,3514,49
2022-01-13,Kern,029,883053,162155,150085,34061,184146,1938
2022-01-13,Kings,031,150075,40087,37221,2455,39676,391
2022-01-13,Lake,033,64148,8121,7641,442,8083,117
2022-01-13,Lassen,035,31185,7511,7274,571,7845,55
2022-01-13,Los Angeles,037,10098052,2281552,2047927,101496,2149423,27641
2022-01-13,Madera,039,155013,29133,27294,3292,30586,329
2022-01-13,Marin,041,260295,27472,25248,1557,26805,251
2022-01-13,Mariposa,043,17540,1928,1762,81,1843,6
2022-01-13,Mendocino,045,87422,10368,9534,1308,10842,102
2022-01-13,Merced,047,269075,52227,48904,3983,52887,715
2022-01-13,Modoc,049,8938,636,628,218,846,6
2022-01-13,Mono,051,14174,2701,2508,89,2597,4
2022-01-13,Monterey,053,433212,62474,55315,6639,61954,647
2022-01-13,Napa,055,140530,20252,17648,550,18198,109
2022-01-13,Nevada,057,99092,12943,11773,685,12458,111
2022-01-13,Orange,059,3164182,471189,433141,33759,466900,5914
2022-01-13,Placer,061,380077,51728,47780,5711,53491,501
2022-01-13,Plumas,063,18699,2350,2158,119,2277,12
2022-01-13,Riverside,065,2383286,505306,466381,23104,489485,5578
2022-01-13,Sacramento,067,1510023,228841,208156,14828,222984,2491
2022-01-13,San Benito,069,59416,10498,9868,324,10192,87
2022-01-13,San Bernardino,071,2135413,496612,454395,19930,474325,6233
2022-01-13,San Diego,073,3302833,612156,559385,40033,599418,4540
2022-01-13,San Francisco,075,870044,98381,88004,5800,93804,692
2022-01-13,San Joaquin,077,732212,136200,125136,7714,132850,1954
2022-01-13,San Luis Obispo,079,281455,41807,38231,2521,40752,374
2022-01-13,San Mateo,081,765935,96315,80494,4174,84668,582
2022-01-13,Santa Barbara,083,443738,67413,62312,2994,65306,579
2022-01-13,Santa Clara,085,1922200,240414,218986,7367,226353,1974
2022-01-13,Santa Cruz,087,273765,32269,29414,1626,31040,235
2022-01-13,Shasta,089,179085,25624,24482,4446,28928,445
2022-01-13,Sierra,091,2930,248,232,28,260,0
2022-01-13,Siskiyou,093,43540,3815,3661,1810,5471,62
2022-01-13,Solano,095,438530,64007,58061,3519,61580,389
2022-01-13,Sonoma,097,501317,64340,58181,1629,59810,418
2022-01-13,Stanislaus,099,539301,98151,92986,12375,105361,1379
2022-01-13,Sutter,101,95872,17191,16345,815,17160,197
2022-01-13,Tehama,103,63373,10094,9572,1986,11558,141
2022-01-13,Trinity,105,12862,988,872,239,1111,19
2022-01-13,Tulare,107,460477,84281,77769,20269,98038,1192
2022-01-13,Tuolumne,109,53932,9702,9042,214,9256,91
2022-01-13,Ventura,111,848112,146878,134736,7995,142731,1227
2022-01-13,Yolo,113,214977,29792,27311,2122,29433,270
2022-01-13,Yuba,115,75493,12992,12200,653,12853,101
2022-01-12,Alameda,001,1643700,193322,173001,8394,181395,1563
2022-01-12,Alpine,003,1148,115,117,0,117,0
2022-01-12,Amador,005,37829,6758,6354,166,6520,71
2022-01-12,Butte,007,227075,26740,24631,5016,29647,348
2022-01-12,Calaveras,009,45235,5692,5151,126,5277,93
2022-01-12,Colusa,011,21464,2887,2772,845,3617,21
2022-01-12,Contra Costa,013,1133247,148639,134579,7533,142112,1077
2022-01-12,Del Norte,015,27424,4174,4019,83,4102,43
2022-01-12,El Dorado,017,186661,22270,20092,2404,22496,175
2022-01-12,Fresno,019,978130,176880,165316,16529,181845,2413
2022-01-12,Glenn,021,27897,4099,3859,1268,5127,39
2022-01-12,Humboldt,023,135768,13337,12081,1579,13660,122
2022-01-12,Imperial,025,180216,44807,41985,6636,48621,814
2022-01-12,Inyo,027,18085,3589,3334,103,3437,49
2022-01-12,Kern,029,883053,160016,148435,33339,181774,1933
2022-01-12,Kings,031,150075,39456,36780,2413,39193,391
2022-01-12,Lake,033,64148,8005,7535,398,7933,117
2022-01-12,Lassen,035,31185,7469,7223,544,7767,55
2022-01-12,Los Angeles,037,10098052,2241822,2005065,99256,2104321,27601
2022-01-12,Madera,039,155013,28816,26952,3192,30144,329
2022-01-12,Marin,041,260295,26982,24704,1506,26210,251
2022-01-12,Mariposa,043,17540,1899,1725,79,1804,6
2022-01-12,Mendocino,045,87422,10204,9379,1210,10589,103
2022-01-12,Merced,047,269075,51527,48441,3710,52151,710
2022-01-12,Modoc,049,8938,634,627,218,845,6
2022-01-12,Mono,051,14174,2665,2466,85,2551,4
2022-01-12,Monterey,053,433212,61488,54524,6278,60802,647
2022-01-12,Napa,055,140530,19994,17347,527,17874,109
2022-01-12,Nevada,057,99092,12730,11552,639,12191,111
2022-01-12,Orange,059,3164182,464405,425737,33174,458911,5912
2022-01-12,Placer,061,380077,51068,47004,5596,52600,501
2022-01-12,Plumas,063,18699,2310,2135,108,2243,12
2022-01-12,Riverside,065,2383286,498095,458881,22764,481645,5565
2022-01-12,Sacramento,067,1510023,225264,204696,13955,218651,2479
2022-01-12,San Benito,069,59416,10367,9737,312,10049,87
2022-01-12,San Bernardino,071,2135413,490272,447869,19318,467187,6222
2022-01-12,San Diego,073,3302833,601652,551669,39175,590844,4529
2022-01-12,San Francisco,075,870044,96546,85700,5687,91387,691
2022-01-12,San Joaquin,077,732212,133917,122850,7587,130437,1948
2022-01-12,San Luis Obispo,079,281455,41080,37727,2438,40165,373
2022-01-12,San Mateo,081,765935,94282,78476,3800,82276,582
2022-01-12,Santa Barbara,083,443738,66270,60815,2892,63707,578
2022-01-12,Santa Clara,085,1922200,235919,213177,6988,220165,1971
2022-01-12,Santa Cruz,087,273765,31614,28463,1578,30041,235
2022-01-12,Shasta,089,179085,25411,24324,4381,28705,446
2022-01-12,Sierra,091,2930,247,228,28,256,0
2022-01-12,Siskiyou,093,43540,3787,3639,1763,5402,62
2022-01-12,Solano,095,438530,62960,57052,3398,60450,386
2022-01-12,Sonoma,097,501317,63056,56394,1546,57940,417
2022-01-12,Stanislaus,099,539301,96919,91738,12035,103773,1373
2022-01-12,Sutter,101,95872,16996,16135,782,16917,197
2022-01-12,Tehama,103,63373,10005,9475,1925,11400,141
2022-01-12,Trinity,105,12862,984,868,238,1106,19
2022-01-12,Tulare,107,460477,83160,76943,19890,96833,1192
2022-01-12,Tuolumne,109,53932,9571,8870,197,9067,91
2022-01-12,Ventura,111,848112,144967,132180,7909,140089,1220
2022-01-12,Yolo,113,214977,29377,26888,2049,28937,270
2022-01-12,Yuba,115,75493,12832,12015,626,12641,101
2022-01-11,Alameda,001,1643700,188795,169181,7998,177179,1561
2022-01-11,Alpine,003,1148,115,116,0,116,0
2022-01-11,Amador,005,37829,6674,6317,151,6468,71
2022-01-11,Butte,007,227075,26349,24479,4923,29402,347
2022-01-11,Calaveras,009,45235,5563,5083,112,5195,93
2022-01-11,Colusa,011,21464,2864,2766,832,3598,21
2022-01-11,Contra Costa,013,1133247,145643,132410,7053,139463,1077
2022-01-11,Del Norte,015,27424,4141,4006,81,4087,43
2022-01-11,El Dorado,017,186661,21924,19842,2331,22173,174
2022-01-11,Fresno,019,978130,173836,163509,16191,179700,2404
2022-01-11,Glenn,021,27897,4037,3844,1224,5068,39
2022-01-11,Humboldt,023,135768,13116,11960,1486,13446,122
2022-01-11,Imperial,025,180216,44202,41444,6436,47880,813
2022-01-11,Inyo,027,18085,3491,3278,96,3374,49
2022-01-11,Kern,029,883053,157734,146942,32517,179459,1929
2022-01-11,Kings,031,150075,38868,36524,2382,38906,389
2022-01-11,Lake,033,64148,7927,7494,382,7876,117
2022-01-11,Lassen,035,31185,7419,7210,530,7740,55
2022-01-11,Los Angeles,037,10098052,2199386,1966319,97039,2063358,27563
2022-01-11,Madera,039,155013,28400,26688,3113,29801,329
2022-01-11,Marin,041,260295,26625,24387,1461,25848,251
2022-01-11,Mariposa,043,17540,1877,1718,75,1793,6
2022-01-11,Mendocino,045,87422,10043,9301,1112,10413,102
2022-01-11,Merced,047,269075,50761,48068,3529,51597,708
2022-01-11,Modoc,049,8938,633,626,217,843,6
2022-01-11,Mono,051,14174,2622,2425,84,2509,4
2022-01-11,Monterey,053,433212,60445,53911,5930,59841,646
2022-01-11,Napa,055,140530,19554,17020,480,17500,109
2022-01-11,Nevada,057,99092,12504,11467,604,12071,110
2022-01-11,Orange,059,3164182,456727,417703,32542,450245,5909
2022-01-11,Placer,061,380077,50313,46459,5452,51911,500
2022-01-11,Plumas,063,18699,2275,2099,100,2199,12
2022-01-11,Riverside,065,2383286,490369,453766,22450,476216,5551
2022-01-11,Sacramento,067,1510023,221086,201058,12932,213990,2489
2022-01-11,San Benito,069,59416,10231,9624,299,9923,83
2022-01-11,San Bernardino,071,2135413,482518,442960,18727,461687,6198
2022-01-11,San Diego,073,3302833,589645,536954,38064,575018,4520
2022-01-11,San Francisco,075,870044,94343,83678,5528,89206,691
2022-01-11,San Joaquin,077,732212,131538,121139,7421,128560,1944
2022-01-11,San Luis Obispo,079,281455,40305,37183,2319,39502,372
2022-01-11,San Mateo,081,765935,91989,76756,3578,80334,582
2022-01-11,Santa Barbara,083,443738,64965,59758,2755,62513,578
2022-01-11,Santa Clara,085,1922200,230535,208425,6537,214962,1971
2022-01-11,Santa Cruz,087,273765,31106,27709,1528,29237,232
2022-01-11,Shasta,089,179085,25152,24132,4288,28420,446
2022-01-11,Sierra,091,2930,245,228,28,256,0
2022-01-11,Siskiyou,093,43540,3763,3621,1713,5334,62
2022-01-11,Solano,095,438530,61562,56349,3245,59594,388
2022-01-11,Sonoma,097,501317,61539,55411,1466,56877,416
2022-01-11,Stanislaus,099,539301,95552,90998,11668,102666,1372
2022-01-11,Sutter,101,95872,16795,15993,728,16721,197
2022-01-11,Tehama,103,63373,9877,9406,1877,11283,140
2022-01-11,Trinity,105,12862,972,858,236,1094,19
2022-01-11,Tulare,107,460477,81854,76267,19490,95757,1188
2022-01-11,Tuolumne,109,53932,9412,8811,190,9001,91
2022-01-11,Ventura,111,848112,142736,129548,7763,137311,1220
2022-01-11,Yolo,113,214977,28800,26482,1988,28470,270
2022-01-11,Yuba,115,75493,12658,11912,605,12517,101
2022-01-10,Alameda,001,1643700,183671,165657,7475,173132,1559
2022-01-10,Alpine,003,1148,115,116,0,116,0
2022-01-10,Amador,005,37829,6571,6279,136,6415,71
2022-01-10,Butte,007,227075,26011,24217,4829,29046,347
2022-01-10,Calaveras,009,45235,5465,5025,106,5131,93
2022-01-10,Colusa,011,21464,2835,2758,823,3581,21
2022-01-10,Contra Costa,013,1133247,142861,129951,6541,136492,1077
2022-01-10,Del Norte,015,27424,4118,3970,81,4051,43
2022-01-10,El Dorado,017,186661,21357,19606,2274,21880,172
2022-01-10,Fresno,019,978130,170792,161593,15804,177397,2404
2022-01-10,Glenn,021,27897,3978,3807,1210,5017,39
2022-01-10,Humboldt,023,135768,12873,11778,1353,13131,121
2022-01-10,Imperial,025,180216,43476,41080,6219,47299,811
2022-01-10,Inyo,027,18085,3436,3227,84,3311,49
2022-01-10,Kern,029,883053,155164,145744,31775,177519,1929
2022-01-10,Kings,031,150075,38252,36286,2356,38642,389
2022-01-10,Lake,033,64148,7838,7416,358,7774,117
2022-01-10,Lassen,035,31185,7381,7192,508,7700,55
2022-01-10,Los Angeles,037,10098052,2153861,1932475,94562,2027037,27546
2022-01-10,Madera,039,155013,27950,26501,3010,29511,328
2022-01-10,Marin,041,260295,26136,24023,1387,25410,251
2022-01-10,Mariposa,043,17540,1837,1684,70,1754,6
2022-01-10,Mendocino,045,87422,9870,9163,1025,10188,101
2022-01-10,Merced,047,269075,49953,47632,3247,50879,707
2022-01-10,Modoc,049,8938,632,622,215,837,6
2022-01-10,Mono,051,14174,2556,2415,79,2494,4
2022-01-10,Monterey,053,433212,59490,53485,5616,59101,645
2022-01-10,Napa,055,140530,19177,16775,466,17241,109
2022-01-10,Nevada,057,99092,12280,11300,566,11866,110
2022-01-10,Orange,059,3164182,448029,406170,31694,437864,5906
2022-01-10,Placer,061,380077,49466,45642,5290,50932,498
2022-01-10,Plumas,063,18699,2240,2086,98,2184,12
2022-01-10,Riverside,065,2383286,482117,445536,22001,467537,5546
2022-01-10,Sacramento,067,1510023,216578,198023,11887,209910,2474
2022-01-10,San Benito,069,59416,10060,9467,289,9756,83
2022-01-10,San Bernardino,071,2135413,474260,437207,18015,455222,6184
2022-01-10,San Diego,073,3302833,576951,530506,36926,567432,4500
2022-01-10,San Francisco,075,870044,92552,82209,5269,87478,690
2022-01-10,San Joaquin,077,732212,128873,119587,7138,126725,1927
2022-01-10,San Luis Obispo,079,281455,39489,36618,2224,38842,371
2022-01-10,San Mateo,081,765935,89342,75210,3322,78532,582
2022-01-10,Santa Barbara,083,443738,63704,58957,2566,61523,578
2022-01-10,Santa Clara,085,1922200,224753,203540,6058,209598,1971
2022-01-10,Santa Cruz,087,273765,30265,26906,1490,28396,232
2022-01-10,Shasta,089,179085,24955,23983,4211,28194,446
2022-01-10,Sierra,091,2930,242,223,28,251,0
2022-01-10,Siskiyou,093,43540,3730,3592,1669,5261,62
2022-01-10,Solano,095,438530,60522,55663,3048,58711,385
2022-01-10,Sonoma,097,501317,59991,54478,1420,55898,412
2022-01-10,Stanislaus,099,539301,94217,89997,11323,101320,1372
2022-01-10,Sutter,101,95872,16551,15823,682,16505,196
2022-01-10,Tehama,103,63373,9764,9360,1822,11182,140
2022-01-10,Trinity,105,12862,968,849,234,1083,19
2022-01-10,Tulare,107,460477,80360,75498,19104,94602,1186
2022-01-10,Tuolumne,109,53932,9286,8685,178,8863,91
2022-01-10,Ventura,111,848112,140128,126240,7613,133853,1217
2022-01-10,Yolo,113,214977,28204,26065,1935,28000,270
2022-01-10,Yuba,115,75493,12410,11776,571,12347,101
2022-01-09,Alameda,001,1643700,179157,162701,6805,169506,1561
2022-01-09,Alpine,003,1148,115,116,0,116,0
2022-01-09,Amador,005,37829,6483,6215,124,6339,71
2022-01-09,Butte,007,227075,25623,24018,4713,28731,347
2022-01-09,Calaveras,009,45235,5335,4976,97,5073,93
2022-01-09,Colusa,011,21464,2808,2750,800,3550,21
2022-01-09,Contra Costa,013,1133247,139948,128050,5884,133934,1077
2022-01-09,Del Norte,015,27424,4078,3950,77,4027,43
2022-01-09,El Dorado,017,186661,20995,19430,2208,21638,172
2022-01-09,Fresno,019,978130,168212,159989,15429,175418,2405
2022-01-09,Glenn,021,27897,3922,3797,1189,4986,39
2022-01-09,Humboldt,023,135768,12629,11582,1230,12812,121
2022-01-09,Imperial,025,180216,42637,40608,5959,46567,811
2022-01-09,Inyo,027,18085,3333,3149,75,3224,49
2022-01-09,Kern,029,883053,152708,144819,31036,175855,1927
2022-01-09,Kings,031,150075,37575,36041,2320,38361,389
2022-01-09,Lake,033,64148,7727,7393,314,7707,117
2022-01-09,Lassen,035,31185,7317,7172,479,7651,55
2022-01-09,Los Angeles,037,10098052,2105844,1887830,91567,1979397,27532
2022-01-09,Madera,039,155013,27571,26325,2913,29238,328
2022-01-09,Marin,041,260295,25686,23708,1296,25004,251
2022-01-09,Mariposa,043,17540,1787,1660,69,1729,6
2022-01-09,Mendocino,045,87422,9663,9097,913,10010,101
2022-01-09,Merced,047,269075,49082,47294,2976,50270,706
2022-01-09,Modoc,049,8938,630,619,215,834,6
2022-01-09,Mono,051,14174,2521,2390,72,2462,4
2022-01-09,Monterey,053,433212,58429,53251,5348,58599,645
2022-01-09,Napa,055,140530,18682,16614,450,17064,109
2022-01-09,Nevada,057,99092,12026,11152,505,11657,110
2022-01-09,Orange,059,3164182,438028,400563,30744,431307,5905
2022-01-09,Placer,061,380077,48473,45081,5140,50221,498
2022-01-09,Plumas,063,18699,2201,2081,78,2159,12
2022-01-09,Riverside,065,2383286,473133,440413,21459,461872,5546
2022-01-09,Sacramento,067,1510023,211786,195444,10774,206218,2475
2022-01-09,San Benito,069,59416,9874,9363,261,9624,83
2022-01-09,San Bernardino,071,2135413,466031,430257,17214,447471,6180
2022-01-09,San Diego,073,3302833,563810,478206,35067,513273,4500
2022-01-09,San Francisco,075,870044,90687,80463,5023,85486,690
2022-01-09,San Joaquin,077,732212,125795,118422,6971,125393,1927
2022-01-09,San Luis Obispo,079,281455,38684,36291,2118,38409,371
2022-01-09,San Mateo,081,765935,86832,73867,2995,76862,582
2022-01-09,Santa Barbara,083,443738,62020,58280,2304,60584,578
2022-01-09,Santa Clara,085,1922200,218703,199889,5523,205412,1976
2022-01-09,Santa Cruz,087,273765,29515,26513,1458,27971,232
2022-01-09,Shasta,089,179085,24715,23926,4124,28050,446
2022-01-09,Sierra,091,2930,239,223,26,249,0
2022-01-09,Siskiyou,093,43540,3701,3580,1610,5190,62
2022-01-09,Solano,095,438530,59367,54985,2767,57752,384
2022-01-09,Sonoma,097,501317,58316,53543,1383,54926,412
2022-01-09,Stanislaus,099,539301,92848,89248,11042,100290,1372
2022-01-09,Sutter,101,95872,16263,15695,602,16297,196
2022-01-09,Tehama,103,63373,9646,9306,1771,11077,140
2022-01-09,Trinity,105,12862,964,848,232,1080,19
2022-01-09,Tulare,107,460477,78950,75085,18735,93820,1186
2022-01-09,Tuolumne,109,53932,9129,8595,159,8754,91
2022-01-09,Ventura,111,848112,137075,124269,7370,131639,1217
2022-01-09,Yolo,113,214977,27596,25632,1890,27522,270
2022-01-09,Yuba,115,75493,12212,11666,540,12206,101
2022-01-08,Alameda,001,1643700,177265,148560,6665,155225,1558
2022-01-08,Alpine,003,1148,115,114,0,114,0
2022-01-08,Amador,005,37829,6452,6091,119,6210,71
2022-01-08,Butte,007,227075,25435,23429,4674,28103,347
2022-01-08,Calaveras,009,45235,5289,4823,93,4916,93
2022-01-08,Colusa,011,21464,2800,2713,797,3510,21
2022-01-08,Contra Costa,013,1133247,138423,119907,5803,125710,1077
2022-01-08,Del Norte,015,27424,4061,3902,77,3979,43
2022-01-08,El Dorado,017,186661,20814,18599,2175,20774,172
2022-01-08,Fresno,019,978130,167327,155394,15296,170690,2393
2022-01-08,Glenn,021,27897,3914,3732,1184,4916,39
2022-01-08,Humboldt,023,135768,12508,11149,1204,12353,121
2022-01-08,Imperial,025,180216,42449,39429,5817,45246,800
2022-01-08,Inyo,027,18085,3319,3020,72,3092,49
2022-01-08,Kern,029,883053,151571,140410,30608,171018,1921
2022-01-08,Kings,031,150075,37334,35275,2303,37578,390
2022-01-08,Lake,033,64148,7687,7209,306,7515,117
2022-01-08,Lassen,035,31185,7287,7127,463,7590,55
2022-01-08,Los Angeles,037,10098052,2087458,1765787,89834,1855621,27476
2022-01-08,Madera,039,155013,27404,25767,2875,28642,328
2022-01-08,Marin,041,260295,25402,22377,1285,23662,251
2022-01-08,Mariposa,043,17540,1777,1588,69,1657,6
2022-01-08,Mendocino,045,87422,9589,8792,911,9703,101
2022-01-08,Merced,047,269075,48909,46094,2952,49046,703
2022-01-08,Modoc,049,8938,630,610,215,825,6
2022-01-08,Mono,051,14174,2510,2240,67,2307,4
2022-01-08,Monterey,053,433212,58043,51721,5255,56976,644
2022-01-08,Napa,055,140530,18528,15819,424,16243,109
2022-01-08,Nevada,057,99092,11940,10765,492,11257,110
2022-01-08,Orange,059,3164182,434233,375124,29898,405022,5903
2022-01-08,Placer,061,380077,48029,43172,5098,48270,495
2022-01-08,Plumas,063,18699,2191,2053,73,2126,12
2022-01-08,Riverside,065,2383286,469618,422591,21192,443783,5535
2022-01-08,Sacramento,067,1510023,210352,185118,10617,195735,2470
2022-01-08,San Benito,069,59416,9713,9016,258,9274,83
2022-01-08,San Bernardino,071,2135413,462644,411724,16826,428550,6122
2022-01-08,San Diego,073,3302833,558910,472273,34523,506796,4495
2022-01-08,San Francisco,075,870044,89488,73660,4743,78403,690
2022-01-08,San Joaquin,077,732212,124826,112514,6870,119384,1916
2022-01-08,San Luis Obispo,079,281455,38482,34489,2075,36564,369
2022-01-08,San Mateo,081,765935,85449,67918,2908,70826,582
2022-01-08,Santa Barbara,083,443738,61325,54617,2270,56887,575
2022-01-08,Santa Clara,085,1922200,215663,183842,5315,189157,1966
2022-01-08,Santa Cruz,087,273765,29089,24678,1438,26116,230
2022-01-08,Shasta,089,179085,24624,23585,4093,27678,445
2022-01-08,Sierra,091,2930,235,215,25,240,0
2022-01-08,Siskiyou,093,43540,3689,3545,1596,5141,62
2022-01-08,Solano,095,438530,58959,52452,2695,55147,383
2022-01-08,Sonoma,097,501317,57793,50130,1349,51479,411
2022-01-08,Stanislaus,099,539301,92208,87049,10919,97968,1372
2022-01-08,Sutter,101,95872,16144,15261,589,15850,195
2022-01-08,Tehama,103,63373,9615,9109,1763,10872,140
2022-01-08,Trinity,105,12862,958,836,232,1068,19
2022-01-08,Tulare,107,460477,78557,73600,18601,92201,1185
2022-01-08,Tuolumne,109,53932,9023,8360,156,8516,91
2022-01-08,Ventura,111,848112,135905,117229,7236,124465,1216
2022-01-08,Yolo,113,214977,27302,24006,1862,25868,270
2022-01-08,Yuba,115,75493,12125,11277,537,11814,101
2022-01-07,Alameda,001,1643700,174574,148560,6552,155112,1558
2022-01-07,Alpine,003,1148,115,114,0,114,0
2022-01-07,Amador,005,37829,6403,6091,116,6207,71
2022-01-07,Butte,007,227075,25230,23429,4640,28069,347
2022-01-07,Calaveras,009,45235,5250,4823,93,4916,93
2022-01-07,Colusa,011,21464,2791,2713,786,3499,21
2022-01-07,Contra Costa,013,1133247,136527,119907,5682,125589,1077
2022-01-07,Del Norte,015,27424,4045,3902,76,3978,43
2022-01-07,El Dorado,017,186661,20651,18599,2162,20761,172
2022-01-07,Fresno,019,978130,165968,155394,15203,170597,2393
2022-01-07,Glenn,021,27897,3894,3732,1181,4913,39
2022-01-07,Humboldt,023,135768,12365,11149,1177,12326,121
2022-01-07,Imperial,025,180216,42290,39429,5733,45162,800
2022-01-07,Inyo,027,18085,3300,3020,70,3090,49
2022-01-07,Kern,029,883053,150601,140410,30166,170576,1921
2022-01-07,Kings,031,150075,37153,35275,2289,37564,390
2022-01-07,Lake,033,64148,7639,7209,281,7490,117
2022-01-07,Lassen,035,31185,7271,7127,460,7587,55
2022-01-07,Los Angeles,037,10098052,2056281,1765787,88371,1854158,27476
2022-01-07,Madera,039,155013,27222,25767,2839,28606,328
2022-01-07,Marin,041,260295,25021,22377,1267,23644,251
2022-01-07,Mariposa,043,17540,1761,1588,69,1657,6
2022-01-07,Mendocino,045,87422,9496,8792,910,9702,101
2022-01-07,Merced,047,269075,48743,46094,2928,49022,703
2022-01-07,Modoc,049,8938,629,610,215,825,6
2022-01-07,Mono,051,14174,2472,2240,61,2301,4
2022-01-07,Monterey,053,433212,57623,51721,5160,56881,644
2022-01-07,Napa,055,140530,18301,15819,403,16222,109
2022-01-07,Nevada,057,99092,11811,10765,471,11236,110
2022-01-07,Orange,059,3164182,429422,375124,29281,404405,5903
2022-01-07,Placer,061,380077,47524,43172,5048,48220,495
2022-01-07,Plumas,063,18699,2182,2053,72,2125,12
2022-01-07,Riverside,065,2383286,465790,422591,20963,443554,5535
2022-01-07,Sacramento,067,1510023,208082,185118,10464,195582,2470
2022-01-07,San Benito,069,59416,9668,9016,257,9273,83
2022-01-07,San Bernardino,071,2135413,458666,411724,16599,428323,6122
2022-01-07,San Diego,073,3302833,551790,472273,33975,506248,4495
2022-01-07,San Francisco,075,870044,88047,73660,4484,78144,690
2022-01-07,San Joaquin,077,732212,123875,112514,6809,119323,1916
2022-01-07,San Luis Obispo,079,281455,38267,34489,2020,36509,369
2022-01-07,San Mateo,081,765935,83983,67918,2849,70767,582
2022-01-07,Santa Barbara,083,443738,60629,54617,2249,56866,575
2022-01-07,Santa Clara,085,1922200,212416,183842,5206,189048,1966
2022-01-07,Santa Cruz,087,273765,28609,24678,1422,26100,230
2022-01-07,Shasta,089,179085,24525,23585,4059,27644,445
2022-01-07,Sierra,091,2930,232,215,25,240,0
2022-01-07,Siskiyou,093,43540,3678,3545,1584,5129,62
2022-01-07,Solano,095,438530,58277,52452,2650,55102,383
2022-01-07,Sonoma,097,501317,57191,50130,1264,51394,411
2022-01-07,Stanislaus,099,539301,91680,87049,10820,97869,1372
2022-01-07,Sutter,101,95872,15993,15261,576,15837,195
2022-01-07,Tehama,103,63373,9579,9109,1750,10859,140
2022-01-07,Trinity,105,12862,951,836,231,1067,19
2022-01-07,Tulare,107,460477,78130,73600,18462,92062,1185
2022-01-07,Tuolumne,109,53932,8934,8360,152,8512,91
2022-01-07,Ventura,111,848112,134276,117229,7101,124330,1216
2022-01-07,Yolo,113,214977,26927,24006,1843,25849,270
2022-01-07,Yuba,115,75493,12020,11277,532,11809,101
2022-01-06,Alameda,001,1643700,169203,148560,6148,154708,1558
2022-01-06,Alpine,003,1148,114,114,0,114,0
2022-01-06,Amador,005,37829,6352,6091,111,6202,71
2022-01-06,Butte,007,227075,24936,23429,4556,27985,347
2022-01-06,Calaveras,009,45235,5132,4823,91,4914,93
2022-01-06,Colusa,011,21464,2771,2713,777,3490,21
2022-01-06,Contra Costa,013,1133247,133602,119907,5267,125174,1077
2022-01-06,Del Norte,015,27424,4011,3902,74,3976,43
2022-01-06,El Dorado,017,186661,20318,18599,2122,20721,172
2022-01-06,Fresno,019,978130,163843,155394,14946,170340,2393
2022-01-06,Glenn,021,27897,3867,3732,1155,4887,39
2022-01-06,Humboldt,023,135768,12139,11149,1136,12285,121
2022-01-06,Imperial,025,180216,41705,39429,5533,44962,800
2022-01-06,Inyo,027,18085,3262,3020,70,3090,49
2022-01-06,Kern,029,883053,148932,140410,29500,169910,1921
2022-01-06,Kings,031,150075,36828,35275,2264,37539,390
2022-01-06,Lake,033,64148,7565,7209,270,7479,117
2022-01-06,Lassen,035,31185,7248,7127,454,7581,55
2022-01-06,Los Angeles,037,10098052,2002140,1765787,86024,1851811,27476
2022-01-06,Madera,039,155013,26917,25767,2781,28548,328
2022-01-06,Marin,041,260295,24619,22377,1234,23611,251
2022-01-06,Mariposa,043,17540,1742,1588,69,1657,6
2022-01-06,Mendocino,045,87422,9399,8792,871,9663,101
2022-01-06,Merced,047,269075,48194,46094,2790,48884,703
2022-01-06,Modoc,049,8938,628,610,215,825,6
2022-01-06,Mono,051,14174,2449,2240,58,2298,4
2022-01-06,Monterey,053,433212,56902,51721,4909,56630,644
2022-01-06,Napa,055,140530,17903,15819,394,16213,109
2022-01-06,Nevada,057,99092,11613,10765,459,11224,110
2022-01-06,Orange,059,3164182,419975,375124,28542,403666,5903
2022-01-06,Placer,061,380077,46787,43172,4960,48132,495
2022-01-06,Plumas,063,18699,2164,2053,64,2117,12
2022-01-06,Riverside,065,2383286,458316,422591,20675,443266,5535
2022-01-06,Sacramento,067,1510023,204027,185118,9728,194846,2470
2022-01-06,San Benito,069,59416,9567,9016,250,9266,83
2022-01-06,San Bernardino,071,2135413,451224,411724,16123,427847,6122
2022-01-06,San Diego,073,3302833,540149,472273,32972,505245,4495
2022-01-06,San Francisco,075,870044,85729,73660,4230,77890,690
2022-01-06,San Joaquin,077,732212,121709,112514,6722,119236,1916
2022-01-06,San Luis Obispo,079,281455,37568,34489,1950,36439,369
2022-01-06,San Mateo,081,765935,81560,67918,2669,70587,582
2022-01-06,Santa Barbara,083,443738,59461,54617,2190,56807,575
2022-01-06,Santa Clara,085,1922200,207524,183842,4820,188662,1966
2022-01-06,Santa Cruz,087,273765,28049,24678,1398,26076,230
2022-01-06,Shasta,089,179085,24378,23585,4009,27594,445
2022-01-06,Sierra,091,2930,229,215,25,240,0
2022-01-06,Siskiyou,093,43540,3662,3545,1538,5083,62
2022-01-06,Solano,095,438530,57265,52452,2465,54917,383
2022-01-06,Sonoma,097,501317,55799,50130,1231,51361,411
2022-01-06,Stanislaus,099,539301,90530,87049,10651,97700,1372
2022-01-06,Sutter,101,95872,15816,15261,548,15809,195
2022-01-06,Tehama,103,63373,9501,9109,1723,10832,140
2022-01-06,Trinity,105,12862,944,836,230,1066,19
2022-01-06,Tulare,107,460477,77423,73600,18286,91886,1185
2022-01-06,Tuolumne,109,53932,8825,8360,146,8506,91
2022-01-06,Ventura,111,848112,131580,117229,6941,124170,1216
2022-01-06,Yolo,113,214977,26370,24006,1800,25806,270
2022-01-06,Yuba,115,75493,11884,11277,515,11792,101
2022-01-05,Alameda,001,1643700,164053,144824,5734,150558,1548
2022-01-05,Alpine,003,1148,114,112,0,112,0
2022-01-05,Amador,005,37829,6309,6012,108,6120,70
2022-01-05,Butte,007,227075,24631,23134,4497,27631,343
2022-01-05,Calaveras,009,45235,5077,4758,89,4847,90
2022-01-05,Colusa,011,21464,2759,2704,766,3470,21
2022-01-05,Contra Costa,013,1133247,130542,117188,4823,122011,1071
2022-01-05,Del Norte,015,27424,3991,3862,72,3934,43
2022-01-05,El Dorado,017,186661,19932,18367,2092,20459,171
2022-01-05,Fresno,019,978130,161835,153033,14677,167710,2377
2022-01-05,Glenn,021,27897,3819,3700,1145,4845,39
2022-01-05,Humboldt,023,135768,11935,10938,1088,12026,120
2022-01-05,Imperial,025,180216,41076,38789,5380,44169,800
2022-01-05,Inyo,027,18085,3180,2939,66,3005,49
2022-01-05,Kern,029,883053,147155,138186,28930,167116,1913
2022-01-05,Kings,031,150075,36485,34893,2245,37138,387
2022-01-05,Lake,033,64148,7482,7129,254,7383,117
2022-01-05,Lassen,035,31185,7228,7077,446,7523,55
2022-01-05,Los Angeles,037,10098052,1945855,1729640,83641,1813281,27443
2022-01-05,Madera,039,155013,26677,25392,2689,28081,327
2022-01-05,Marin,041,260295,24273,21829,1184,23013,251
2022-01-05,Mariposa,043,17540,1716,1564,68,1632,6
2022-01-05,Mendocino,045,87422,9268,8625,836,9461,101
2022-01-05,Merced,047,269075,47618,45721,2656,48377,700
2022-01-05,Modoc,049,8938,625,603,215,818,6
2022-01-05,Mono,051,14174,2430,2201,54,2255,4
2022-01-05,Monterey,053,433212,56078,51241,4709,55950,639
2022-01-05,Napa,055,140530,17540,15494,362,15856,108
2022-01-05,Nevada,057,99092,11417,10624,442,11066,110
2022-01-05,Orange,059,3164182,409935,366139,27493,393632,5869
2022-01-05,Placer,061,380077,45904,42456,4867,47323,492
2022-01-05,Plumas,063,18699,2144,2020,62,2082,12
2022-01-05,Riverside,065,2383286,450861,415253,20324,435577,5502
2022-01-05,Sacramento,067,1510023,199258,181488,8779,190267,2455
2022-01-05,San Benito,069,59416,9373,8829,238,9067,83
2022-01-05,San Bernardino,071,2135413,442807,405323,15584,420907,6085
2022-01-05,San Diego,073,3302833,526554,466602,31991,498593,4495
2022-01-05,San Francisco,075,870044,83150,71405,4092,75497,686
2022-01-05,San Joaquin,077,732212,119179,110497,6642,117139,1903
2022-01-05,San Luis Obispo,079,281455,36771,34066,1873,35939,369
2022-01-05,San Mateo,081,765935,79389,66018,2471,68489,578
2022-01-05,Santa Barbara,083,443738,58155,53082,2111,55193,570
2022-01-05,Santa Clara,085,1922200,201764,178629,4403,183032,1961
2022-01-05,Santa Cruz,087,273765,27294,24394,1377,25771,229
2022-01-05,Shasta,089,179085,24222,23361,3980,27341,441
2022-01-05,Sierra,091,2930,226,210,23,233,0
2022-01-05,Siskiyou,093,43540,3652,3513,1509,5022,60
2022-01-05,Solano,095,438530,56219,51505,2330,53835,380
2022-01-05,Sonoma,097,501317,54535,49120,1074,50194,412
2022-01-05,Stanislaus,099,539301,89545,86248,10480,96728,1360
2022-01-05,Sutter,101,95872,15614,15117,509,15626,193
2022-01-05,Tehama,103,63373,9404,9011,1692,10703,140
2022-01-05,Trinity,105,12862,940,822,228,1050,19
2022-01-05,Tulare,107,460477,76643,72718,18111,90829,1173
2022-01-05,Tuolumne,109,53932,8733,8223,139,8362,90
2022-01-05,Ventura,111,848112,128828,114752,6733,121485,1211
2022-01-05,Yolo,113,214977,25759,23401,1761,25162,269
2022-01-05,Yuba,115,75493,11702,11138,489,11627,100
2022-01-04,Alameda,001,1643700,158543,143360,5332,148692,1532
2022-01-04,Alpine,003,1148,114,113,0,113,0
2022-01-04,Amador,005,37829,6242,6025,102,6127,71
2022-01-04,Butte,007,227075,24333,23094,4429,27523,346
2022-01-04,Calaveras,009,45235,5003,4767,86,4853,93
2022-01-04,Colusa,011,21464,2742,2689,760,3449,21
2022-01-04,Contra Costa,013,1133247,127416,116005,4465,120470,1075
2022-01-04,Del Norte,015,27424,3959,3882,69,3951,43
2022-01-04,El Dorado,017,186661,19574,18339,2072,20411,172
2022-01-04,Fresno,019,978130,159681,153244,14435,167679,2380
2022-01-04,Glenn,021,27897,3789,3705,1130,4835,39
2022-01-04,Humboldt,023,135768,11685,10865,1037,11902,120
2022-01-04,Imperial,025,180216,40474,38596,5119,43715,800
2022-01-04,Inyo,027,18085,3097,2870,65,2935,49
2022-01-04,Kern,029,883053,145226,138245,28349,166594,1916
2022-01-04,Kings,031,150075,36163,34931,2229,37160,388
2022-01-04,Lake,033,64148,7441,7152,245,7397,117
2022-01-04,Lassen,035,31185,7205,7111,442,7553,55
2022-01-04,Los Angeles,037,10098052,1885913,1705253,81306,1786559,27419
2022-01-04,Madera,039,155013,26333,25425,2618,28043,328
2022-01-04,Marin,041,260295,23792,21675,1125,22800,251
2022-01-04,Mariposa,043,17540,1680,1564,67,1631,6
2022-01-04,Mendocino,045,87422,9145,8636,812,9448,101
2022-01-04,Merced,047,269075,47007,45583,2527,48110,700
2022-01-04,Modoc,049,8938,622,611,215,826,6
2022-01-04,Mono,051,14174,2381,2190,44,2234,4
2022-01-04,Monterey,053,433212,55345,51176,4485,55661,643
2022-01-04,Napa,055,140530,17036,15370,332,15702,107
2022-01-04,Nevada,057,99092,11259,10608,429,11037,110
2022-01-04,Orange,059,3164182,399183,362051,26359,388410,5897
2022-01-04,Placer,061,380077,45068,42285,4751,47036,494
2022-01-04,Plumas,063,18699,2118,2014,60,2074,12
2022-01-04,Riverside,065,2383286,442332,413366,19976,433342,5504
2022-01-04,Sacramento,067,1510023,194283,181271,8059,189330,2453
2022-01-04,San Benito,069,59416,9186,8763,230,8993,79
2022-01-04,San Bernardino,071,2135413,433954,404409,15058,419467,6060
2022-01-04,San Diego,073,3302833,510205,458499,31024,489523,4487
2022-01-04,San Francisco,075,870044,80305,70666,3949,74615,688
2022-01-04,San Joaquin,077,732212,116764,110374,6488,116862,1911
2022-01-04,San Luis Obispo,079,281455,35964,33788,1786,35574,371
2022-01-04,San Mateo,081,765935,77082,65157,2284,67441,582
2022-01-04,Santa Barbara,083,443738,56631,52449,2034,54483,574
2022-01-04,Santa Clara,085,1922200,195799,176854,3936,180790,1964
2022-01-04,Santa Cruz,087,273765,26532,23904,1342,25246,228
2022-01-04,Shasta,089,179085,24077,23366,3926,27292,442
2022-01-04,Sierra,091,2930,225,214,22,236,0
2022-01-04,Siskiyou,093,43540,3636,3509,1490,4999,61
2022-01-04,Solano,095,438530,54914,51300,2133,53433,383
2022-01-04,Sonoma,097,501317,52826,48653,954,49607,410
2022-01-04,Stanislaus,099,539301,88484,86107,10311,96418,1361
2022-01-04,Sutter,101,95872,15461,15032,485,15517,193
2022-01-04,Tehama,103,63373,9326,9020,1670,10690,140
2022-01-04,Trinity,105,12862,935,833,224,1057,18
2022-01-04,Tulare,107,460477,75854,72893,17915,90808,1172
2022-01-04,Tuolumne,109,53932,8622,8235,134,8369,91
2022-01-04,Ventura,111,848112,125762,114079,6503,120582,1213
2022-01-04,Yolo,113,214977,25108,22938,1717,24655,270
2022-01-04,Yuba,115,75493,11522,11104,473,11577,101
2022-01-03,Alameda,001,1643700,152606,142090,4896,146986,1529
2022-01-03,Alpine,003,1148,113,113,0,113,0
2022-01-03,Amador,005,37829,6180,6004,97,6101,71
2022-01-03,Butte,007,227075,24039,22924,4375,27299,345
2022-01-03,Calaveras,009,45235,4941,4742,80,4822,93
2022-01-03,Colusa,011,21464,2733,2683,753,3436,21
2022-01-03,Contra Costa,013,1133247,124098,114966,3887,118853,1073
2022-01-03,Del Norte,015,27424,3939,3873,65,3938,43
2022-01-03,El Dorado,017,186661,19181,18183,2045,20228,172
2022-01-03,Fresno,019,978130,157701,152674,14242,166916,2379
2022-01-03,Glenn,021,27897,3760,3703,1095,4798,39
2022-01-03,Humboldt,023,135768,11477,10784,989,11773,119
2022-01-03,Imperial,025,180216,39842,38411,4943,43354,800
2022-01-03,Inyo,027,18085,3028,2845,61,2906,49
2022-01-03,Kern,029,883053,143231,137773,27754,165527,1916
2022-01-03,Kings,031,150075,35840,34817,2200,37017,387
2022-01-03,Lake,033,64148,7339,7134,227,7361,117
2022-01-03,Lassen,035,31185,7187,7103,439,7542,55
2022-01-03,Los Angeles,037,10098052,1825123,1686203,78557,1764760,27394
2022-01-03,Madera,039,155013,26040,25323,2574,27897,320
2022-01-03,Marin,041,260295,23199,21532,1086,22618,251
2022-01-03,Mariposa,043,17540,1638,1559,67,1626,6
2022-01-03,Mendocino,045,87422,8997,8573,762,9335,101
2022-01-03,Merced,047,269075,46412,45459,2417,47876,696
2022-01-03,Modoc,049,8938,619,602,215,817,6
2022-01-03,Mono,051,14174,2303,2172,39,2211,4
2022-01-03,Monterey,053,433212,54518,51047,4278,55325,644
2022-01-03,Napa,055,140530,16528,15260,299,15559,107
2022-01-03,Nevada,057,99092,11094,10572,420,10992,110
2022-01-03,Orange,059,3164182,388010,358052,25177,383229,5894
2022-01-03,Placer,061,380077,44244,42054,4690,46744,489
2022-01-03,Plumas,063,18699,2098,2005,60,2065,12
2022-01-03,Riverside,065,2383286,433857,410155,19482,429637,5504
2022-01-03,Sacramento,067,1510023,189124,179992,7506,187498,2452
2022-01-03,San Benito,069,59416,9023,8688,223,8911,79
2022-01-03,San Bernardino,071,2135413,425365,401938,14604,416542,6056
2022-01-03,San Diego,073,3302833,494113,451154,30056,481210,4476
2022-01-03,San Francisco,075,870044,77498,69315,3698,73013,686
2022-01-03,San Joaquin,077,732212,114448,109757,6362,116119,1903
2022-01-03,San Luis Obispo,079,281455,35154,33667,1693,35360,367
2022-01-03,San Mateo,081,765935,74364,64470,2127,66597,582
2022-01-03,Santa Barbara,083,443738,55170,51912,1941,53853,571
2022-01-03,Santa Clara,085,1922200,189862,174215,3463,177678,1963
2022-01-03,Santa Cruz,087,273765,25724,23765,1311,25076,228
2022-01-03,Shasta,089,179085,23900,23301,3899,27200,440
2022-01-03,Sierra,091,2930,218,213,21,234,0
2022-01-03,Siskiyou,093,43540,3610,3500,1468,4968,61
2022-01-03,Solano,095,438530,53616,51030,1948,52978,380
2022-01-03,Sonoma,097,501317,51127,48391,858,49249,410
2022-01-03,Stanislaus,099,539301,87493,85793,10127,95920,1332
2022-01-03,Sutter,101,95872,15304,14973,465,15438,193
2022-01-03,Tehama,103,63373,9251,9005,1644,10649,140
2022-01-03,Trinity,105,12862,930,833,223,1056,18
2022-01-03,Tulare,107,460477,75159,72664,17715,90379,1167
2022-01-03,Tuolumne,109,53932,8485,8179,130,8309,91
2022-01-03,Ventura,111,848112,122589,112762,6264,119026,1211
2022-01-03,Yolo,113,214977,24427,22563,1654,24217,270
2022-01-03,Yuba,115,75493,11389,11037,454,11491,99
2022-01-02,Alameda,001,1643700,148188,133486,4415,137901,1528
2022-01-02,Alpine,003,1148,111,113,0,113,0
2022-01-02,Amador,005,37829,6112,5913,92,6005,70
2022-01-02,Butte,007,227075,23704,22469,4314,26783,341
2022-01-02,Calaveras,009,45235,4871,4668,72,4740,93
2022-01-02,Colusa,011,21464,2727,2659,742,3401,21
2022-01-02,Contra Costa,013,1133247,120539,109593,3451,113044,1073
2022-01-02,Del Norte,015,27424,3907,3841,63,3904,43
2022-01-02,El Dorado,017,186661,18846,17621,1994,19615,172
2022-01-02,Fresno,019,978130,155982,149927,14020,163947,2379
2022-01-02,Glenn,021,27897,3741,3663,1086,4749,39
2022-01-02,Humboldt,023,135768,11234,10381,914,11295,119
2022-01-02,Imperial,025,180216,39186,37672,4734,42406,800
2022-01-02,Inyo,027,18085,2958,2726,50,2776,49
2022-01-02,Kern,029,883053,141312,136123,27162,163285,1917
2022-01-02,Kings,031,150075,35516,34318,2166,36484,386
2022-01-02,Lake,033,64148,7268,7060,213,7273,117
2022-01-02,Lassen,035,31185,7171,7089,437,7526,55
2022-01-02,Los Angeles,037,10098052,1773964,1596123,75686,1671809,27371
2022-01-02,Madera,039,155013,25787,25002,2521,27523,320
2022-01-02,Marin,041,260295,22635,20475,1015,21490,249
2022-01-02,Mariposa,043,17540,1607,1509,65,1574,6
2022-01-02,Mendocino,045,87422,8873,8422,744,9166,101
2022-01-02,Merced,047,269075,45873,44769,2321,47090,694
2022-01-02,Modoc,049,8938,617,601,214,815,6
2022-01-02,Mono,051,14174,2274,2101,34,2135,4
2022-01-02,Monterey,053,433212,53892,50251,4069,54320,643
2022-01-02,Napa,055,140530,15988,14439,288,14727,107
2022-01-02,Nevada,057,99092,10906,10299,405,10704,110
2022-01-02,Orange,059,3164182,376999,339526,24029,363555,5890
2022-01-02,Placer,061,380077,43518,40857,4603,45460,489
2022-01-02,Plumas,063,18699,2083,1994,56,2050,12
2022-01-02,Riverside,065,2383286,425516,397124,18966,416090,5501
2022-01-02,Sacramento,067,1510023,185046,173562,6674,180236,2448
2022-01-02,San Benito,069,59416,8842,8320,208,8528,79
2022-01-02,San Bernardino,071,2135413,417510,386278,14058,400336,6051
2022-01-02,San Diego,073,3302833,479087,427087,28877,455964,4469
2022-01-02,San Francisco,075,870044,74558,64498,3458,67956,682
2022-01-02,San Joaquin,077,732212,112569,106640,6218,112858,1902
2022-01-02,San Luis Obispo,079,281455,34419,32342,1610,33952,365
2022-01-02,San Mateo,081,765935,71794,60504,1887,62391,581
2022-01-02,Santa Barbara,083,443738,53736,49555,1880,51435,568
2022-01-02,Santa Clara,085,1922200,183716,164547,3063,167610,1969
2022-01-02,Santa Cruz,087,273765,25055,22980,1278,24258,228
2022-01-02,Shasta,089,179085,23708,23161,3850,27011,435
2022-01-02,Sierra,091,2930,217,206,21,227,0
2022-01-02,Siskiyou,093,43540,3585,3474,1445,4919,61
2022-01-02,Solano,095,438530,52673,48957,1784,50741,379
2022-01-02,Sonoma,097,501317,49808,46040,821,46861,410
2022-01-02,Stanislaus,099,539301,86638,84367,9990,94357,1332
2022-01-02,Sutter,101,95872,15131,14741,446,15187,193
2022-01-02,Tehama,103,63373,9188,8944,1621,10565,139
2022-01-02,Trinity,105,12862,928,832,222,1054,17
2022-01-02,Tulare,107,460477,74499,71941,17527,89468,1160
2022-01-02,Tuolumne,109,53932,8379,8044,125,8169,91
2022-01-02,Ventura,111,848112,119665,107992,6044,114036,1211
2022-01-02,Yolo,113,214977,23750,21747,1588,23335,270
2022-01-02,Yuba,115,75493,11264,10844,438,11282,99
2022-01-01,Alameda,001,1643700,146374,133486,4162,137648,1528
2022-01-01,Alpine,003,1148,111,113,0,113,0
2022-01-01,Amador,005,37829,6076,5913,87,6000,70
2022-01-01,Butte,007,227075,23509,22469,4279,26748,341
2022-01-01,Calaveras,009,45235,4832,4668,70,4738,93
2022-01-01,Colusa,011,21464,2723,2659,732,3391,21
2022-01-01,Contra Costa,013,1133247,119175,109593,3326,112919,1073
2022-01-01,Del Norte,015,27424,3902,3841,63,3904,43
2022-01-01,El Dorado,017,186661,18698,17621,1979,19600,172
2022-01-01,Fresno,019,978130,155319,149927,13941,163868,2379
2022-01-01,Glenn,021,27897,3734,3663,1086,4749,39
2022-01-01,Humboldt,023,135768,11097,10381,893,11274,119
2022-01-01,Imperial,025,180216,39038,37672,4686,42358,800
2022-01-01,Inyo,027,18085,2929,2726,48,2774,49
2022-01-01,Kern,029,883053,140612,136123,26857,162980,1917
2022-01-01,Kings,031,150075,35375,34318,2139,36457,386
2022-01-01,Lake,033,64148,7230,7060,208,7268,117
2022-01-01,Lassen,035,31185,7165,7089,432,7521,55
2022-01-01,Los Angeles,037,10098052,1753843,1596123,73736,1669859,27371
2022-01-01,Madera,039,155013,25703,25002,2506,27508,320
2022-01-01,Marin,041,260295,22322,20475,974,21449,249
2022-01-01,Mariposa,043,17540,1596,1509,65,1574,6
2022-01-01,Mendocino,045,87422,8781,8422,738,9160,101
2022-01-01,Merced,047,269075,45740,44769,2309,47078,694
2022-01-01,Modoc,049,8938,614,601,214,815,6
2022-01-01,Mono,051,14174,2250,2101,29,2130,4
2022-01-01,Monterey,053,433212,53582,50251,3982,54233,643
2022-01-01,Napa,055,140530,15838,14439,273,14712,107
2022-01-01,Nevada,057,99092,10831,10299,398,10697,110
2022-01-01,Orange,059,3164182,372778,339526,23321,362847,5890
2022-01-01,Placer,061,380077,43215,40857,4537,45394,489
2022-01-01,Plumas,063,18699,2071,1994,56,2050,12
2022-01-01,Riverside,065,2383286,422025,397124,18764,415888,5501
2022-01-01,Sacramento,067,1510023,183773,173562,6418,179980,2448
2022-01-01,San Benito,069,59416,8752,8320,208,8528,79
2022-01-01,San Bernardino,071,2135413,414321,386278,13780,400058,6051
2022-01-01,San Diego,073,3302833,473146,427087,28356,455443,4469
2022-01-01,San Francisco,075,870044,73160,64498,3247,67745,682
2022-01-01,San Joaquin,077,732212,111864,106640,6145,112785,1902
2022-01-01,San Luis Obispo,079,281455,34216,32342,1601,33943,365
2022-01-01,San Mateo,081,765935,70327,60504,1738,62242,581
2022-01-01,Santa Barbara,083,443738,52996,49555,1845,51400,568
2022-01-01,Santa Clara,085,1922200,180681,164547,2867,167414,1969
2022-01-01,Santa Cruz,087,273765,24735,22980,1260,24240,228
2022-01-01,Shasta,089,179085,23624,23161,3832,26993,435
2022-01-01,Sierra,091,2930,216,206,21,227,0
2022-01-01,Siskiyou,093,43540,3582,3474,1435,4909,61
2022-01-01,Solano,095,438530,52406,48957,1727,50684,379
2022-01-01,Sonoma,097,501317,49414,46040,791,46831,410
2022-01-01,Stanislaus,099,539301,86231,84367,9905,94272,1332
2022-01-01,Sutter,101,95872,15054,14741,444,15185,193
2022-01-01,Tehama,103,63373,9156,8944,1609,10553,139
2022-01-01,Trinity,105,12862,925,832,222,1054,17
2022-01-01,Tulare,107,460477,74254,71941,17428,89369,1160
2022-01-01,Tuolumne,109,53932,8319,8044,122,8166,91
2022-01-01,Ventura,111,848112,118278,107992,5915,113907,1211
2022-01-01,Yolo,113,214977,23329,21747,1548,23295,270
2022-01-01,Yuba,115,75493,11198,10844,432,11276,99
2021-12-31,Alameda,001,1643700,145616,133486,4066,137552,1528
2021-12-31,Alpine,003,1148,111,113,0,113,0
2021-12-31,Amador,005,37829,6052,5913,86,5999,70
2021-12-31,Butte,007,227075,23404,22469,4246,26715,341
2021-12-31,Calaveras,009,45235,4799,4668,70,4738,93
2021-12-31,Colusa,011,21464,2714,2659,726,3385,21
2021-12-31,Contra Costa,013,1133247,118295,109593,3247,112840,1073
2021-12-31,Del Norte,015,27424,3893,3841,61,3902,43
2021-12-31,El Dorado,017,186661,18616,17621,1961,19582,172
2021-12-31,Fresno,019,978130,155014,149927,13919,163846,2379
2021-12-31,Glenn,021,27897,3733,3663,1084,4747,39
2021-12-31,Humboldt,023,135768,11010,10381,874,11255,119
2021-12-31,Imperial,025,180216,38907,37672,4670,42342,800
2021-12-31,Inyo,027,18085,2902,2726,48,2774,49
2021-12-31,Kern,029,883053,140107,136123,26720,162843,1917
2021-12-31,Kings,031,150075,35265,34318,2129,36447,386
2021-12-31,Lake,033,64148,7207,7060,203,7263,117
2021-12-31,Lassen,035,31185,7151,7089,432,7521,55
2021-12-31,Los Angeles,037,10098052,1743076,1596123,72982,1669105,27371
2021-12-31,Madera,039,155013,25634,25002,2489,27491,320
2021-12-31,Marin,041,260295,22166,20475,943,21418,249
2021-12-31,Mariposa,043,17540,1589,1509,64,1573,6
2021-12-31,Mendocino,045,87422,8748,8422,735,9157,101
2021-12-31,Merced,047,269075,45656,44769,2291,47060,694
2021-12-31,Modoc,049,8938,610,601,212,813,6
2021-12-31,Mono,051,14174,2238,2101,28,2129,4
2021-12-31,Monterey,053,433212,53456,50251,3916,54167,643
2021-12-31,Napa,055,140530,15726,14439,263,14702,107
2021-12-31,Nevada,057,99092,10764,10299,392,10691,110
2021-12-31,Orange,059,3164182,370269,339526,22899,362425,5890
2021-12-31,Placer,061,380077,42982,40857,4471,45328,489
2021-12-31,Plumas,063,18699,2066,1994,56,2050,12
2021-12-31,Riverside,065,2383286,420337,397124,18609,415733,5501
2021-12-31,Sacramento,067,1510023,182909,173562,6312,179874,2448
2021-12-31,San Benito,069,59416,8738,8320,207,8527,79
2021-12-31,San Bernardino,071,2135413,412070,386278,13591,399869,6051
2021-12-31,San Diego,073,3302833,469930,427087,28036,455123,4469
2021-12-31,San Francisco,075,870044,72236,64498,3190,67688,682
2021-12-31,San Joaquin,077,732212,111237,106640,6079,112719,1902
2021-12-31,San Luis Obispo,079,281455,34108,32342,1589,33931,365
2021-12-31,San Mateo,081,765935,69449,60504,1686,62190,581
2021-12-31,Santa Barbara,083,443738,52597,49555,1833,51388,568
2021-12-31,Santa Clara,085,1922200,178728,164547,2728,167275,1969
2021-12-31,Santa Cruz,087,273765,24497,22980,1239,24219,228
2021-12-31,Shasta,089,179085,23561,23161,3811,26972,435
2021-12-31,Sierra,091,2930,216,206,21,227,0
2021-12-31,Siskiyou,093,43540,3575,3474,1424,4898,61
2021-12-31,Solano,095,438530,52248,48957,1701,50658,379
2021-12-31,Sonoma,097,501317,49161,46040,778,46818,410
2021-12-31,Stanislaus,099,539301,85903,84367,9845,94212,1332
2021-12-31,Sutter,101,95872,14993,14741,438,15179,193
2021-12-31,Tehama,103,63373,9124,8944,1600,10544,139
2021-12-31,Trinity,105,12862,924,832,222,1054,17
2021-12-31,Tulare,107,460477,74049,71941,17344,89285,1160
2021-12-31,Tuolumne,109,53932,8275,8044,121,8165,91
2021-12-31,Ventura,111,848112,117304,107992,5833,113825,1211
2021-12-31,Yolo,113,214977,23108,21747,1526,23273,270
2021-12-31,Yuba,115,75493,11141,10844,426,11270,99
2021-12-30,Alameda,001,1643700,144342,133486,3934,137420,1528
2021-12-30,Alpine,003,1148,110,113,0,113,0
2021-12-30,Amador,005,37829,6033,5913,85,5998,70
2021-12-30,Butte,007,227075,23273,22469,4222,26691,341
2021-12-30,Calaveras,009,45235,4780,4668,70,4738,93
2021-12-30,Colusa,011,21464,2713,2659,724,3383,21
2021-12-30,Contra Costa,013,1133247,117204,109593,3137,112730,1073
2021-12-30,Del Norte,015,27424,3882,3841,60,3901,43
2021-12-30,El Dorado,017,186661,18511,17621,1940,19561,172
2021-12-30,Fresno,019,978130,154486,149927,13849,163776,2379
2021-12-30,Glenn,021,27897,3728,3663,1081,4744,39
2021-12-30,Humboldt,023,135768,10941,10381,862,11243,119
2021-12-30,Imperial,025,180216,38739,37672,4558,42230,800
2021-12-30,Inyo,027,18085,2883,2726,46,2772,49
2021-12-30,Kern,029,883053,139573,136123,26420,162543,1917
2021-12-30,Kings,031,150075,35147,34318,2114,36432,386
2021-12-30,Lake,033,64148,7192,7060,198,7258,117
2021-12-30,Lassen,035,31185,7145,7089,432,7521,55
2021-12-30,Los Angeles,037,10098052,1719761,1596123,71727,1667850,27371
2021-12-30,Madera,039,155013,25557,25002,2469,27471,320
2021-12-30,Marin,041,260295,21988,20475,919,21394,249
2021-12-30,Mariposa,043,17540,1583,1509,64,1573,6
2021-12-30,Mendocino,045,87422,8731,8422,724,9146,101
2021-12-30,Merced,047,269075,45554,44769,2276,47045,694
2021-12-30,Modoc,049,8938,609,601,212,813,6
2021-12-30,Mono,051,14174,2233,2101,27,2128,4
2021-12-30,Monterey,053,433212,53144,50251,3856,54107,643
2021-12-30,Napa,055,140530,15582,14439,254,14693,107
2021-12-30,Nevada,057,99092,10700,10299,383,10682,110
2021-12-30,Orange,059,3164182,365181,339526,22348,361874,5890
2021-12-30,Placer,061,380077,42706,40857,4424,45281,489
2021-12-30,Plumas,063,18699,2062,1994,55,2049,12
2021-12-30,Riverside,065,2383286,417066,397124,18457,415581,5501
2021-12-30,Sacramento,067,1510023,181653,173562,6167,179729,2448
2021-12-30,San Benito,069,59416,8692,8320,205,8525,79
2021-12-30,San Bernardino,071,2135413,409521,386278,13447,399725,6051
2021-12-30,San Diego,073,3302833,464791,427087,27523,454610,4469
2021-12-30,San Francisco,075,870044,71148,64498,3118,67616,682
2021-12-30,San Joaquin,077,732212,110643,106640,6035,112675,1902
2021-12-30,San Luis Obispo,079,281455,33989,32342,1576,33918,365
2021-12-30,San Mateo,081,765935,68405,60504,1557,62061,581
2021-12-30,Santa Barbara,083,443738,52119,49555,1814,51369,568
2021-12-30,Santa Clara,085,1922200,176450,164547,2604,167151,1969
2021-12-30,Santa Cruz,087,273765,24259,22980,1205,24185,228
2021-12-30,Shasta,089,179085,23508,23161,3805,26966,435
2021-12-30,Sierra,091,2930,216,206,21,227,0
2021-12-30,Siskiyou,093,43540,3566,3474,1422,4896,61
2021-12-30,Solano,095,438530,51899,48957,1654,50611,379
2021-12-30,Sonoma,097,501317,48825,46040,769,46809,410
2021-12-30,Stanislaus,099,539301,85589,84367,9790,94157,1332
2021-12-30,Sutter,101,95872,14931,14741,437,15178,193
2021-12-30,Tehama,103,63373,9096,8944,1594,10538,139
2021-12-30,Trinity,105,12862,921,832,222,1054,17
2021-12-30,Tulare,107,460477,73864,71941,17267,89208,1160
2021-12-30,Tuolumne,109,53932,8236,8044,121,8165,91
2021-12-30,Ventura,111,848112,116045,107992,5730,113722,1211
2021-12-30,Yolo,113,214977,22969,21747,1500,23247,270
2021-12-30,Yuba,115,75493,11094,10844,424,11268,99
2021-12-29,Alameda,001,1643700,141165,131586,3784,135370,1529
2021-12-29,Alpine,003,1148,110,113,0,113,0
2021-12-29,Amador,005,37829,6010,5905,82,5987,70
2021-12-29,Butte,007,227075,23133,22353,4184,26537,338
2021-12-29,Calaveras,009,45235,4752,4646,68,4714,93
2021-12-29,Colusa,011,21464,2703,2657,719,3376,21
2021-12-29,Contra Costa,013,1133247,115111,108165,3014,111179,1072
2021-12-29,Del Norte,015,27424,3868,3826,58,3884,43
2021-12-29,El Dorado,017,186661,18288,17489,1922,19411,172
2021-12-29,Fresno,019,978130,153358,149318,13738,163056,2364
2021-12-29,Glenn,021,27897,3718,3653,1079,4732,39
2021-12-29,Humboldt,023,135768,10832,10249,840,11089,119
2021-12-29,Imperial,025,180216,38502,37460,4491,41951,800
2021-12-29,Inyo,027,18085,2850,2703,46,2749,49
2021-12-29,Kern,029,883053,138770,135648,26033,161681,1913
2021-12-29,Kings,031,150075,35032,34216,2108,36324,386
2021-12-29,Lake,033,64148,7161,7048,196,7244,117
2021-12-29,Lassen,035,31185,7141,7085,431,7516,55
2021-12-29,Los Angeles,037,10098052,1689772,1576414,70011,1646425,27349
2021-12-29,Madera,039,155013,25453,24923,2458,27381,320
2021-12-29,Marin,041,260295,21632,20025,898,20923,249
2021-12-29,Mariposa,043,17540,1561,1507,64,1571,6
2021-12-29,Mendocino,045,87422,8672,8386,720,9106,99
2021-12-29,Merced,047,269075,45338,44548,2262,46810,693
2021-12-29,Modoc,049,8938,606,600,212,812,6
2021-12-29,Mono,051,14174,2209,2056,26,2082,4
2021-12-29,Monterey,053,433212,52734,50097,3751,53848,641
2021-12-29,Napa,055,140530,15258,14247,235,14482,107
2021-12-29,Nevada,057,99092,10608,10274,382,10656,110
2021-12-29,Orange,059,3164182,357644,334557,21673,356230,5887
2021-12-29,Placer,061,380077,42219,40545,4349,44894,489
2021-12-29,Plumas,063,18699,2050,1990,55,2045,12
2021-12-29,Riverside,065,2383286,411645,392989,18250,411239,5486
2021-12-29,Sacramento,067,1510023,179323,172145,6009,178154,2437
2021-12-29,San Benito,069,59416,8549,8239,204,8443,79
2021-12-29,San Bernardino,071,2135413,404129,382872,13237,396109,6049
2021-12-29,San Diego,073,3302833,453964,421045,26800,447845,4461
2021-12-29,San Francisco,075,870044,69451,63117,3047,66164,684
2021-12-29,San Joaquin,077,732212,109460,106063,5964,112027,1891
2021-12-29,San Luis Obispo,079,281455,33595,31936,1527,33463,365
2021-12-29,San Mateo,081,765935,66776,59478,1449,60927,581
2021-12-29,Santa Barbara,083,443738,51278,49003,1789,50792,568
2021-12-29,Santa Clara,085,1922200,173298,162008,2473,164481,1962
2021-12-29,Santa Cruz,087,273765,23980,22669,1173,23842,228
2021-12-29,Shasta,089,179085,23433,23083,3793,26876,435
2021-12-29,Sierra,091,2930,215,206,21,227,0
2021-12-29,Siskiyou,093,43540,3554,3472,1411,4883,61
2021-12-29,Solano,095,438530,51194,48562,1601,50163,379
2021-12-29,Sonoma,097,501317,48023,45479,747,46226,410
2021-12-29,Stanislaus,099,539301,85107,84083,9734,93817,1332
2021-12-29,Sutter,101,95872,14862,14688,435,15123,193
2021-12-29,Tehama,103,63373,9071,8914,1581,10495,138
2021-12-29,Trinity,105,12862,919,832,222,1054,17
2021-12-29,Tulare,107,460477,73573,71752,17151,88903,1160
2021-12-29,Tuolumne,109,53932,8183,8012,120,8132,91
2021-12-29,Ventura,111,848112,114103,106974,5552,112526,1207
2021-12-29,Yolo,113,214977,22730,21564,1469,23033,270
2021-12-29,Yuba,115,75493,11033,10808,420,11228,99
2021-12-28,Alameda,001,1643700,138066,130427,3628,134055,1522
2021-12-28,Alpine,003,1148,110,113,0,113,0
2021-12-28,Amador,005,37829,5990,5900,81,5981,70
2021-12-28,Butte,007,227075,22990,22285,4167,26452,338
2021-12-28,Calaveras,009,45235,4734,4641,67,4708,91
2021-12-28,Colusa,011,21464,2697,2653,717,3370,21
2021-12-28,Contra Costa,013,1133247,112810,107160,2900,110060,1072
2021-12-28,Del Norte,015,27424,3862,3815,58,3873,43
2021-12-28,El Dorado,017,186661,18064,17419,1912,19331,172
2021-12-28,Fresno,019,978130,152278,148987,13657,162644,2365
2021-12-28,Glenn,021,27897,3692,3639,1075,4714,39
2021-12-28,Humboldt,023,135768,10711,10198,816,11014,119
2021-12-28,Imperial,025,180216,38204,37223,4390,41613,800
2021-12-28,Inyo,027,18085,2792,2676,45,2721,48
2021-12-28,Kern,029,883053,138049,135346,25683,161029,1909
2021-12-28,Kings,031,150075,34896,34165,2093,36258,386
2021-12-28,Lake,033,64148,7142,7044,191,7235,116
2021-12-28,Lassen,035,31185,7132,7083,431,7514,55
2021-12-28,Los Angeles,037,10098052,1657539,1561791,68355,1630146,27323
2021-12-28,Madera,039,155013,25327,24865,2438,27303,320
2021-12-28,Marin,041,260295,21221,19739,868,20607,249
2021-12-28,Mariposa,043,17540,1550,1499,63,1562,6
2021-12-28,Mendocino,045,87422,8612,8366,712,9078,98
2021-12-28,Merced,047,269075,45098,44434,2252,46686,691
2021-12-28,Modoc,049,8938,606,599,211,810,6
2021-12-28,Mono,051,14174,2186,2045,24,2069,4
2021-12-28,Monterey,053,433212,52359,49973,3678,53651,639
2021-12-28,Napa,055,140530,14941,14131,208,14339,107
2021-12-28,Nevada,057,99092,10517,10250,379,10629,110
2021-12-28,Orange,059,3164182,349977,331279,20938,352217,5882
2021-12-28,Placer,061,380077,41750,40410,4279,44689,489
2021-12-28,Plumas,063,18699,2047,1989,55,2044,12
2021-12-28,Riverside,065,2383286,406403,390343,18007,408350,5470
2021-12-28,Sacramento,067,1510023,177039,171290,5880,177170,2426
2021-12-28,San Benito,069,59416,8406,8170,202,8372,79
2021-12-28,San Bernardino,071,2135413,398476,381316,13027,394343,6047
2021-12-28,San Diego,073,3302833,443279,417383,26237,443620,4450
2021-12-28,San Francisco,075,870044,67829,61745,2989,64734,682
2021-12-28,San Joaquin,077,732212,108408,105572,5920,111492,1884
2021-12-28,San Luis Obispo,079,281455,33135,31759,1511,33270,365
2021-12-28,San Mateo,081,765935,65263,58712,1361,60073,582
2021-12-28,Santa Barbara,083,443738,50633,48493,1769,50262,568
2021-12-28,Santa Clara,085,1922200,170161,160811,2378,163189,1962
2021-12-28,Santa Cruz,087,273765,23607,22513,1134,23647,228
2021-12-28,Shasta,089,179085,23363,23035,3788,26823,434
2021-12-28,Sierra,091,2930,212,206,21,227,0
2021-12-28,Siskiyou,093,43540,3545,3468,1406,4874,60
2021-12-28,Solano,095,438530,50279,48318,1547,49865,378
2021-12-28,Sonoma,097,501317,47163,45086,722,45808,410
2021-12-28,Stanislaus,099,539301,84627,83946,9674,93620,1331
2021-12-28,Sutter,101,95872,14813,14662,432,15094,193
2021-12-28,Tehama,103,63373,9054,8893,1579,10472,138
2021-12-28,Trinity,105,12862,917,831,221,1052,17
2021-12-28,Tulare,107,460477,73293,71630,17034,88664,1156
2021-12-28,Tuolumne,109,53932,8141,8006,120,8126,91
2021-12-28,Ventura,111,848112,111993,105883,5422,111305,1207
2021-12-28,Yolo,113,214977,22393,21320,1420,22740,270
2021-12-28,Yuba,115,75493,10977,10778,417,11195,99
2021-12-27,Alameda,001,1643700,135488,129910,3497,133407,1530
2021-12-27,Alpine,003,1148,110,113,0,113,0
2021-12-27,Amador,005,37829,5962,5891,81,5972,70
2021-12-27,Butte,007,227075,22853,22234,4144,26378,335
2021-12-27,Calaveras,009,45235,4708,4630,66,4696,91
2021-12-27,Colusa,011,21464,2686,2652,711,3363,21
2021-12-27,Contra Costa,013,1133247,110646,106692,2819,109511,1071
2021-12-27,Del Norte,015,27424,3853,3802,57,3859,43
2021-12-27,El Dorado,017,186661,17905,17361,1900,19261,172
2021-12-27,Fresno,019,978130,151320,148826,13576,162402,2364
2021-12-27,Glenn,021,27897,3684,3634,1069,4703,39
2021-12-27,Humboldt,023,135768,10598,10164,794,10958,119
2021-12-27,Imperial,025,180216,37963,37180,4296,41476,800
2021-12-27,Inyo,027,18085,2763,2662,43,2705,48
2021-12-27,Kern,029,883053,137398,135119,25381,160500,1907
2021-12-27,Kings,031,150075,34747,34126,2080,36206,382
2021-12-27,Lake,033,64148,7119,7037,181,7218,116
2021-12-27,Lassen,035,31185,7126,7080,431,7511,55
2021-12-27,Los Angeles,037,10098052,1621211,1554074,66607,1620681,27300
2021-12-27,Madera,039,155013,25207,24840,2419,27259,320
2021-12-27,Marin,041,260295,20831,19601,841,20442,249
2021-12-27,Mariposa,043,17540,1535,1495,63,1558,6
2021-12-27,Mendocino,045,87422,8545,8351,707,9058,98
2021-12-27,Merced,047,269075,44868,44383,2235,46618,690
2021-12-27,Modoc,049,8938,604,599,211,810,6
2021-12-27,Mono,051,14174,2123,2026,24,2050,4
2021-12-27,Monterey,053,433212,52058,49918,3627,53545,639
2021-12-27,Napa,055,140530,14671,14083,199,14282,107
2021-12-27,Nevada,057,99092,10448,10239,371,10610,110
2021-12-27,Orange,059,3164182,342497,329222,20136,349358,5875
2021-12-27,Placer,061,380077,41373,40263,4231,44494,489
2021-12-27,Plumas,063,18699,2045,1988,53,2041,12
2021-12-27,Riverside,065,2383286,401817,389096,17751,406847,5470
2021-12-27,Sacramento,067,1510023,175013,170858,5711,176569,2422
2021-12-27,San Benito,069,59416,8288,8133,198,8331,79
2021-12-27,San Bernardino,071,2135413,392692,380526,12833,393359,6047
2021-12-27,San Diego,073,3302833,433078,414968,25747,440715,4445
2021-12-27,San Francisco,075,870044,66086,60920,2924,63844,682
2021-12-27,San Joaquin,077,732212,107489,105413,5856,111269,1876
2021-12-27,San Luis Obispo,079,281455,32693,31671,1490,33161,365
2021-12-27,San Mateo,081,765935,63738,58397,1262,59659,581
2021-12-27,Santa Barbara,083,443738,49847,48209,1749,49958,568
2021-12-27,Santa Clara,085,1922200,167189,159904,2253,162157,1961
2021-12-27,Santa Cruz,087,273765,23320,22456,1116,23572,228
2021-12-27,Shasta,089,179085,23301,23015,3777,26792,432
2021-12-27,Sierra,091,2930,212,206,21,227,0
2021-12-27,Siskiyou,093,43540,3536,3466,1401,4867,60
2021-12-27,Solano,095,438530,49546,48172,1500,49672,378
2021-12-27,Sonoma,097,501317,46587,44990,704,45694,410
2021-12-27,Stanislaus,099,539301,84178,83833,9633,93466,1331
2021-12-27,Sutter,101,95872,14757,14642,427,15069,191
2021-12-27,Tehama,103,63373,9039,8887,1572,10459,136
2021-12-27,Trinity,105,12862,917,827,221,1048,17
2021-12-27,Tulare,107,460477,73028,71562,16939,88501,1146
2021-12-27,Tuolumne,109,53932,8103,7978,119,8097,91
2021-12-27,Ventura,111,848112,109905,105212,5287,110499,1206
2021-12-27,Yolo,113,214977,22100,21300,1386,22686,270
2021-12-27,Yuba,115,75493,10916,10759,416,11175,98
2021-12-26,Alameda,001,1643700,133421,127221,3423,130644,1525
2021-12-26,Alpine,003,1148,110,113,0,113,0
2021-12-26,Amador,005,37829,5946,5861,79,5940,70
2021-12-26,Butte,007,227075,22698,22087,4116,26203,330
2021-12-26,Calaveras,009,45235,4686,4591,66,4657,91
2021-12-26,Colusa,011,21464,2675,2647,705,3352,21
2021-12-26,Contra Costa,013,1133247,108883,105022,2721,107743,1071
2021-12-26,Del Norte,015,27424,3848,3795,57,3852,43
2021-12-26,El Dorado,017,186661,17750,17188,1892,19080,172
2021-12-26,Fresno,019,978130,150617,148027,13497,161524,2358
2021-12-26,Glenn,021,27897,3676,3611,1057,4668,39
2021-12-26,Humboldt,023,135768,10455,10052,771,10823,119
2021-12-26,Imperial,025,180216,37661,36878,4206,41084,800
2021-12-26,Inyo,027,18085,2739,2636,40,2676,47
2021-12-26,Kern,029,883053,136676,134591,25126,159717,1908
2021-12-26,Kings,031,150075,34594,34009,2074,36083,379
2021-12-26,Lake,033,64148,7097,7019,178,7197,116
2021-12-26,Lassen,035,31185,7120,7072,430,7502,55
2021-12-26,Los Angeles,037,10098052,1591359,1515469,64815,1580284,27257
2021-12-26,Madera,039,155013,25088,24741,2403,27144,320
2021-12-26,Marin,041,260295,20452,19085,782,19867,249
2021-12-26,Mariposa,043,17540,1529,1480,63,1543,6
2021-12-26,Mendocino,045,87422,8494,8314,705,9019,98
2021-12-26,Merced,047,269075,44617,44208,2223,46431,690
2021-12-26,Modoc,049,8938,603,597,209,806,6
2021-12-26,Mono,051,14174,2097,2000,24,2024,4
2021-12-26,Monterey,053,433212,51777,49709,3578,53287,638
2021-12-26,Napa,055,140530,14434,13809,194,14003,107
2021-12-26,Nevada,057,99092,10388,10153,364,10517,110
2021-12-26,Orange,059,3164182,336161,322991,19340,342331,5863
2021-12-26,Placer,061,380077,41022,39852,4161,44013,489
2021-12-26,Plumas,063,18699,2037,1987,52,2039,12
2021-12-26,Riverside,065,2383286,397629,384567,17582,402149,5470
2021-12-26,Sacramento,067,1510023,173288,169144,5565,174709,2418
2021-12-26,San Benito,069,59416,8199,7991,194,8185,79
2021-12-26,San Bernardino,071,2135413,387997,376052,12658,388710,6043
2021-12-26,San Diego,073,3302833,424089,406616,25252,431868,4442
2021-12-26,San Francisco,075,870044,64507,58229,2862,61091,682
2021-12-26,San Joaquin,077,732212,106675,104590,5803,110393,1872
2021-12-26,San Luis Obispo,079,281455,32253,31290,1472,32762,365
2021-12-26,San Mateo,081,765935,62337,56973,1215,58188,581
2021-12-26,Santa Barbara,083,443738,49171,47553,1719,49272,567
2021-12-26,Santa Clara,085,1922200,164486,156872,2121,158993,1967
2021-12-26,Santa Cruz,087,273765,23036,22176,1102,23278,228
2021-12-26,Shasta,089,179085,23218,22959,3765,26724,432
2021-12-26,Sierra,091,2930,212,202,21,223,0
2021-12-26,Siskiyou,093,43540,3528,3460,1392,4852,60
2021-12-26,Solano,095,438530,49044,47646,1463,49109,377
2021-12-26,Sonoma,097,501317,46090,44358,672,45030,408
2021-12-26,Stanislaus,099,539301,83806,83368,9591,92959,1331
2021-12-26,Sutter,101,95872,14692,14533,424,14957,191
2021-12-26,Tehama,103,63373,9006,8861,1569,10430,136
2021-12-26,Trinity,105,12862,917,826,220,1046,17
2021-12-26,Tulare,107,460477,72780,71292,16832,88124,1137
2021-12-26,Tuolumne,109,53932,8066,7919,119,8038,91
2021-12-26,Ventura,111,848112,108068,103498,5139,108637,1206
2021-12-26,Yolo,113,214977,21814,21084,1347,22431,270
2021-12-26,Yuba,115,75493,10865,10694,414,11108,98
2021-12-25,Alameda,001,1643700,132346,127221,3359,130580,1525
2021-12-25,Alpine,003,1148,110,113,0,113,0
2021-12-25,Amador,005,37829,5927,5861,79,5940,70
2021-12-25,Butte,007,227075,22601,22087,4100,26187,330
2021-12-25,Calaveras,009,45235,4657,4591,65,4656,91
2021-12-25,Colusa,011,21464,2670,2647,699,3346,21
2021-12-25,Contra Costa,013,1133247,108061,105022,2668,107690,1071
2021-12-25,Del Norte,015,27424,3841,3795,56,3851,43
2021-12-25,El Dorado,017,186661,17697,17188,1881,19069,172
2021-12-25,Fresno,019,978130,150304,148027,13449,161476,2358
2021-12-25,Glenn,021,27897,3665,3611,1053,4664,39
2021-12-25,Humboldt,023,135768,10374,10052,764,10816,119
2021-12-25,Imperial,025,180216,37539,36878,4184,41062,800
2021-12-25,Inyo,027,18085,2719,2636,40,2676,47
2021-12-25,Kern,029,883053,136329,134591,25000,159591,1908
2021-12-25,Kings,031,150075,34504,34009,2067,36076,379
2021-12-25,Lake,033,64148,7085,7019,176,7195,116
2021-12-25,Lassen,035,31185,7118,7072,430,7502,55
2021-12-25,Los Angeles,037,10098052,1578548,1515469,63497,1578966,27257
2021-12-25,Madera,039,155013,25038,24741,2397,27138,320
2021-12-25,Marin,041,260295,20110,19085,733,19818,249
2021-12-25,Mariposa,043,17540,1523,1480,63,1543,6
2021-12-25,Mendocino,045,87422,8456,8314,705,9019,98
2021-12-25,Merced,047,269075,44517,44208,2221,46429,690
2021-12-25,Modoc,049,8938,603,597,209,806,6
2021-12-25,Mono,051,14174,2080,2000,24,2024,4
2021-12-25,Monterey,053,433212,51610,49709,3544,53253,638
2021-12-25,Napa,055,140530,14319,13809,186,13995,107
2021-12-25,Nevada,057,99092,10359,10153,364,10517,110
2021-12-25,Orange,059,3164182,333291,322991,18771,341762,5863
2021-12-25,Placer,061,380077,40839,39852,4127,43979,489
2021-12-25,Plumas,063,18699,2035,1987,52,2039,12
2021-12-25,Riverside,065,2383286,395349,384567,17463,402030,5470
2021-12-25,Sacramento,067,1510023,172472,169144,5460,174604,2418
2021-12-25,San Benito,069,59416,8134,7991,194,8185,79
2021-12-25,San Bernardino,071,2135413,385795,376052,12526,388578,6043
2021-12-25,San Diego,073,3302833,420021,406616,24982,431598,4442
2021-12-25,San Francisco,075,870044,63477,58229,2826,61055,682
2021-12-25,San Joaquin,077,732212,106338,104590,5771,110361,1872
2021-12-25,San Luis Obispo,079,281455,32100,31290,1463,32753,365
2021-12-25,San Mateo,081,765935,61306,56973,1172,58145,581
2021-12-25,Santa Barbara,083,443738,48807,47553,1707,49260,567
2021-12-25,Santa Clara,085,1922200,163008,156872,2054,158926,1967
2021-12-25,Santa Cruz,087,273765,22876,22176,1096,23272,228
2021-12-25,Shasta,089,179085,23185,22959,3759,26718,432
2021-12-25,Sierra,091,2930,212,202,21,223,0
2021-12-25,Siskiyou,093,43540,3525,3460,1386,4846,60
2021-12-25,Solano,095,438530,48919,47646,1445,49091,377
2021-12-25,Sonoma,097,501317,45705,44358,646,45004,408
2021-12-25,Stanislaus,099,539301,83593,83368,9565,92933,1331
2021-12-25,Sutter,101,95872,14651,14533,422,14955,191
2021-12-25,Tehama,103,63373,8986,8861,1565,10426,136
2021-12-25,Trinity,105,12862,916,826,220,1046,17
2021-12-25,Tulare,107,460477,72644,71292,16755,88047,1137
2021-12-25,Tuolumne,109,53932,8035,7919,119,8038,91
2021-12-25,Ventura,111,848112,106895,103498,5033,108531,1206
2021-12-25,Yolo,113,214977,21704,21084,1326,22410,270
2021-12-25,Yuba,115,75493,10838,10694,413,11107,98
2021-12-24,Alameda,001,1643700,131733,127221,3343,130564,1525
2021-12-24,Alpine,003,1148,110,113,0,113,0
2021-12-24,Amador,005,37829,5919,5861,78,5939,70
2021-12-24,Butte,007,227075,22546,22087,4086,26173,330
2021-12-24,Calaveras,009,45235,4651,4591,65,4656,91
2021-12-24,Colusa,011,21464,2668,2647,698,3345,21
2021-12-24,Contra Costa,013,1133247,107745,105022,2637,107659,1071
2021-12-24,Del Norte,015,27424,3834,3795,56,3851,43
2021-12-24,El Dorado,017,186661,17644,17188,1876,19064,172
2021-12-24,Fresno,019,978130,150138,148027,13436,161463,2358
2021-12-24,Glenn,021,27897,3664,3611,1053,4664,39
2021-12-24,Humboldt,023,135768,10318,10052,759,10811,119
2021-12-24,Imperial,025,180216,37456,36878,4180,41058,800
2021-12-24,Inyo,027,18085,2699,2636,40,2676,47
2021-12-24,Kern,029,883053,136206,134591,24958,159549,1908
2021-12-24,Kings,031,150075,34436,34009,2066,36075,379
2021-12-24,Lake,033,64148,7081,7019,176,7195,116
2021-12-24,Lassen,035,31185,7115,7072,430,7502,55
2021-12-24,Los Angeles,037,10098052,1573688,1515469,62971,1578440,27257
2021-12-24,Madera,039,155013,25003,24741,2392,27133,320
2021-12-24,Marin,041,260295,19964,19085,702,19787,249
2021-12-24,Mariposa,043,17540,1521,1480,63,1543,6
2021-12-24,Mendocino,045,87422,8439,8314,705,9019,98
2021-12-24,Merced,047,269075,44467,44208,2219,46427,690
2021-12-24,Modoc,049,8938,603,597,209,806,6
2021-12-24,Mono,051,14174,2067,2000,24,2024,4
2021-12-24,Monterey,053,433212,51513,49709,3518,53227,638
2021-12-24,Napa,055,140530,14253,13809,182,13991,107
2021-12-24,Nevada,057,99092,10333,10153,362,10515,110
2021-12-24,Orange,059,3164182,332239,322991,18613,341604,5863
2021-12-24,Placer,061,380077,40719,39852,4111,43963,489
2021-12-24,Plumas,063,18699,2034,1987,52,2039,12
2021-12-24,Riverside,065,2383286,394352,384567,17373,401940,5470
2021-12-24,Sacramento,067,1510023,172156,169144,5425,174569,2418
2021-12-24,San Benito,069,59416,8125,7991,193,8184,79
2021-12-24,San Bernardino,071,2135413,384673,376052,12454,388506,6043
2021-12-24,San Diego,073,3302833,418898,406616,24855,431471,4442
2021-12-24,San Francisco,075,870044,62968,58229,2809,61038,682
2021-12-24,San Joaquin,077,732212,106143,104590,5763,110353,1872
2021-12-24,San Luis Obispo,079,281455,32038,31290,1453,32743,365
2021-12-24,San Mateo,081,765935,60874,56973,1149,58122,581
2021-12-24,Santa Barbara,083,443738,48602,47553,1700,49253,567
2021-12-24,Santa Clara,085,1922200,162184,156872,2020,158892,1967
2021-12-24,Santa Cruz,087,273765,22793,22176,1093,23269,228
2021-12-24,Shasta,089,179085,23151,22959,3755,26714,432
2021-12-24,Sierra,091,2930,211,202,21,223,0
2021-12-24,Siskiyou,093,43540,3520,3460,1382,4842,60
2021-12-24,Solano,095,438530,48867,47646,1443,49089,377
2021-12-24,Sonoma,097,501317,45539,44358,638,44996,408
2021-12-24,Stanislaus,099,539301,83481,83368,9542,92910,1331
2021-12-24,Sutter,101,95872,14631,14533,419,14952,191
2021-12-24,Tehama,103,63373,8977,8861,1562,10423,136
2021-12-24,Trinity,105,12862,914,826,220,1046,17
2021-12-24,Tulare,107,460477,72577,71292,16712,88004,1137
2021-12-24,Tuolumne,109,53932,8010,7919,119,8038,91
2021-12-24,Ventura,111,848112,106448,103498,4977,108475,1206
2021-12-24,Yolo,113,214977,21630,21084,1308,22392,270
2021-12-24,Yuba,115,75493,10815,10694,412,11106,98
2021-12-23,Alameda,001,1643700,131032,127221,3309,130530,1525
2021-12-23,Alpine,003,1148,110,113,0,113,0
2021-12-23,Amador,005,37829,5907,5861,76,5937,70
2021-12-23,Butte,007,227075,22495,22087,4075,26162,330
2021-12-23,Calaveras,009,45235,4640,4591,65,4656,91
2021-12-23,Colusa,011,21464,2662,2647,694,3341,21
2021-12-23,Contra Costa,013,1133247,107316,105022,2593,107615,1071
2021-12-23,Del Norte,015,27424,3831,3795,56,3851,43
2021-12-23,El Dorado,017,186661,17581,17188,1870,19058,172
2021-12-23,Fresno,019,978130,149933,148027,13417,161444,2358
2021-12-23,Glenn,021,27897,3660,3611,1053,4664,39
2021-12-23,Humboldt,023,135768,10265,10052,756,10808,119
2021-12-23,Imperial,025,180216,37382,36878,4153,41031,800
2021-12-23,Inyo,027,18085,2686,2636,40,2676,47
2021-12-23,Kern,029,883053,136055,134591,24862,159453,1908
2021-12-23,Kings,031,150075,34395,34009,2065,36074,379
2021-12-23,Lake,033,64148,7069,7019,174,7193,116
2021-12-23,Lassen,035,31185,7114,7072,430,7502,55
2021-12-23,Los Angeles,037,10098052,1564148,1515469,61884,1577353,27257
2021-12-23,Madera,039,155013,24970,24741,2388,27129,320
2021-12-23,Marin,041,260295,19830,19085,685,19770,249
2021-12-23,Mariposa,043,17540,1516,1480,63,1543,6
2021-12-23,Mendocino,045,87422,8430,8314,705,9019,98
2021-12-23,Merced,047,269075,44418,44208,2217,46425,690
2021-12-23,Modoc,049,8938,603,597,209,806,6
2021-12-23,Mono,051,14174,2046,2000,23,2023,4
2021-12-23,Monterey,053,433212,51391,49709,3497,53206,638
2021-12-23,Napa,055,140530,14172,13809,177,13986,107
2021-12-23,Nevada,057,99092,10309,10153,361,10514,110
2021-12-23,Orange,059,3164182,330549,322991,18283,341274,5863
2021-12-23,Placer,061,380077,40596,39852,4095,43947,489
2021-12-23,Plumas,063,18699,2034,1987,52,2039,12
2021-12-23,Riverside,065,2383286,393135,384567,17304,401871,5470
2021-12-23,Sacramento,067,1510023,171700,169144,5378,174522,2418
2021-12-23,San Benito,069,59416,8106,7991,191,8182,79
2021-12-23,San Bernardino,071,2135413,383504,376052,12349,388401,6043
2021-12-23,San Diego,073,3302833,417050,406616,24654,431270,4442
2021-12-23,San Francisco,075,870044,62239,58229,2781,61010,682
2021-12-23,San Joaquin,077,732212,105925,104590,5750,110340,1872
2021-12-23,San Luis Obispo,079,281455,31966,31290,1449,32739,365
2021-12-23,San Mateo,081,765935,60311,56973,1129,58102,581
2021-12-23,Santa Barbara,083,443738,48403,47553,1698,49251,567
2021-12-23,Santa Clara,085,1922200,161277,156872,1961,158833,1967
2021-12-23,Santa Cruz,087,273765,22678,22176,1081,23257,228
2021-12-23,Shasta,089,179085,23121,22959,3752,26711,432
2021-12-23,Sierra,091,2930,208,202,21,223,0
2021-12-23,Siskiyou,093,43540,3520,3460,1380,4840,60
2021-12-23,Solano,095,438530,48760,47646,1427,49073,377
2021-12-23,Sonoma,097,501317,45362,44358,637,44995,408
2021-12-23,Stanislaus,099,539301,83352,83368,9522,92890,1331
2021-12-23,Sutter,101,95872,14614,14533,418,14951,191
2021-12-23,Tehama,103,63373,8965,8861,1558,10419,136
2021-12-23,Trinity,105,12862,914,826,220,1046,17
2021-12-23,Tulare,107,460477,72502,71292,16669,87961,1137
2021-12-23,Tuolumne,109,53932,7992,7919,118,8037,91
2021-12-23,Ventura,111,848112,105912,103498,4911,108409,1206
2021-12-23,Yolo,113,214977,21558,21084,1290,22374,270
2021-12-23,Yuba,115,75493,10802,10694,412,11106,98
2021-12-22,Alameda,001,1643700,130109,126533,3227,129760,1522
2021-12-22,Alpine,003,1148,110,112,0,112,0
2021-12-22,Amador,005,37829,5894,5850,75,5925,70
2021-12-22,Butte,007,227075,22445,22070,4063,26133,330
2021-12-22,Calaveras,009,45235,4631,4580,65,4645,91
2021-12-22,Colusa,011,21464,2662,2645,691,3336,21
2021-12-22,Contra Costa,013,1133247,106679,104559,2551,107110,1070
2021-12-22,Del Norte,015,27424,3831,3794,56,3850,43
2021-12-22,El Dorado,017,186661,17519,17140,1861,19001,172
2021-12-22,Fresno,019,978130,149652,147838,13386,161224,2349
2021-12-22,Glenn,021,27897,3655,3604,1053,4657,39
2021-12-22,Humboldt,023,135768,10204,10022,751,10773,119
2021-12-22,Imperial,025,180216,37296,36755,4116,40871,798
2021-12-22,Inyo,027,18085,2668,2632,40,2672,47
2021-12-22,Kern,029,883053,135820,134433,24780,159213,1900
2021-12-22,Kings,031,150075,34345,33953,2058,36011,376
2021-12-22,Lake,033,64148,7062,7008,172,7180,116
2021-12-22,Lassen,035,31185,7109,7069,429,7498,55
2021-12-22,Los Angeles,037,10098052,1550606,1507110,60718,1567828,27234
2021-12-22,Madera,039,155013,24932,24702,2384,27086,320
2021-12-22,Marin,041,260295,19609,18927,662,19589,249
2021-12-22,Mariposa,043,17540,1509,1480,63,1543,6
2021-12-22,Mendocino,045,87422,8421,8299,705,9004,99
2021-12-22,Merced,047,269075,44347,44137,2215,46352,689
2021-12-22,Modoc,049,8938,603,595,209,804,6
2021-12-22,Mono,051,14174,2042,1979,23,2002,4
2021-12-22,Monterey,053,433212,51234,49650,3480,53130,639
2021-12-22,Napa,055,140530,14045,13746,167,13913,107
2021-12-22,Nevada,057,99092,10281,10101,356,10457,110
2021-12-22,Orange,059,3164182,328255,321765,17855,339620,5858
2021-12-22,Placer,061,380077,40413,39758,4058,43816,489
2021-12-22,Plumas,063,18699,2030,1986,52,2038,12
2021-12-22,Riverside,065,2383286,391304,383319,17191,400510,5472
2021-12-22,Sacramento,067,1510023,171041,168695,5318,174013,2422
2021-12-22,San Benito,069,59416,8054,7971,189,8160,79
2021-12-22,San Bernardino,071,2135413,381834,375044,12266,387310,6039
2021-12-22,San Diego,073,3302833,412930,404269,24325,428594,4434
2021-12-22,San Francisco,075,870044,61252,57520,2738,60258,682
2021-12-22,San Joaquin,077,732212,105655,104385,5736,110121,1870
2021-12-22,San Luis Obispo,079,281455,31825,31175,1429,32604,365
2021-12-22,San Mateo,081,765935,59627,56604,1100,57704,581
2021-12-22,Santa Barbara,083,443738,48147,47372,1682,49054,566
2021-12-22,Santa Clara,085,1922200,160157,156258,1920,158178,1954
2021-12-22,Santa Cruz,087,273765,22571,22075,1076,23151,228
2021-12-22,Shasta,089,179085,23092,22937,3747,26684,432
2021-12-22,Sierra,091,2930,208,202,21,223,0
2021-12-22,Siskiyou,093,43540,3517,3458,1377,4835,59
2021-12-22,Solano,095,438530,48531,47531,1414,48945,375
2021-12-22,Sonoma,097,501317,45087,44201,626,44827,408
2021-12-22,Stanislaus,099,539301,83211,83245,9502,92747,1331
2021-12-22,Sutter,101,95872,14578,14513,415,14928,191
2021-12-22,Tehama,103,63373,8952,8853,1555,10408,136
2021-12-22,Trinity,105,12862,914,826,220,1046,17
2021-12-22,Tulare,107,460477,72402,71226,16620,87846,1137
2021-12-22,Tuolumne,109,53932,7971,7903,118,8021,91
2021-12-22,Ventura,111,848112,105306,103089,4806,107895,1206
2021-12-22,Yolo,113,214977,21482,21012,1276,22288,270
2021-12-22,Yuba,115,75493,10785,10681,412,11093,98
2021-12-21,Alameda,001,1643700,129110,126007,3172,129179,1518
2021-12-21,Alpine,003,1148,110,112,0,112,0
2021-12-21,Amador,005,37829,5884,5845,75,5920,70
2021-12-21,Butte,007,227075,22382,22041,4049,26090,330
2021-12-21,Calaveras,009,45235,4618,4575,65,4640,91
2021-12-21,Colusa,011,21464,2660,2643,690,3333,21
2021-12-21,Contra Costa,013,1133247,106049,104255,2487,106742,1068
2021-12-21,Del Norte,015,27424,3830,3793,56,3849,43
2021-12-21,El Dorado,017,186661,17454,17098,1849,18947,172
2021-12-21,Fresno,019,978130,149365,147707,13351,161058,2341
2021-12-21,Glenn,021,27897,3641,3602,1053,4655,39
2021-12-21,Humboldt,023,135768,10140,9989,746,10735,118
2021-12-21,Imperial,025,180216,37198,36580,4075,40655,792
2021-12-21,Inyo,027,18085,2657,2627,40,2667,47
2021-12-21,Kern,029,883053,135611,134321,24675,158996,1892
2021-12-21,Kings,031,150075,34285,33914,2057,35971,376
2021-12-21,Lake,033,64148,7057,7004,170,7174,116
2021-12-21,Lassen,035,31185,7107,7069,429,7498,55
2021-12-21,Los Angeles,037,10098052,1536717,1501169,59695,1560864,27220
2021-12-21,Madera,039,155013,24895,24688,2377,27065,320
2021-12-21,Marin,041,260295,19439,18828,627,19455,249
2021-12-21,Mariposa,043,17540,1508,1480,62,1542,6
2021-12-21,Mendocino,045,87422,8405,8282,703,8985,97
2021-12-21,Merced,047,269075,44275,44096,2212,46308,688
2021-12-21,Modoc,049,8938,601,595,207,802,6
2021-12-21,Mono,051,14174,2023,1979,23,2002,4
2021-12-21,Monterey,053,433212,51143,49586,3463,53049,638
2021-12-21,Napa,055,140530,13944,13703,156,13859,107
2021-12-21,Nevada,057,99092,10252,10095,356,10451,110
2021-12-21,Orange,059,3164182,326131,320705,17407,338112,5855
2021-12-21,Placer,061,380077,40272,39649,4029,43678,487
2021-12-21,Plumas,063,18699,2030,1975,52,2027,12
2021-12-21,Riverside,065,2383286,389579,382415,17072,399487,5465
2021-12-21,Sacramento,067,1510023,170391,168422,5263,173685,2419
2021-12-21,San Benito,069,59416,8015,7950,186,8136,79
2021-12-21,San Bernardino,071,2135413,380203,374219,12158,386377,6026
2021-12-21,San Diego,073,3302833,409203,402386,23988,426374,4424
2021-12-21,San Francisco,075,870044,60292,56950,2705,59655,681
2021-12-21,San Joaquin,077,732212,105369,104238,5717,109955,1870
2021-12-21,San Luis Obispo,079,281455,31661,31103,1417,32520,365
2021-12-21,San Mateo,081,765935,59010,56381,1077,57458,581
2021-12-21,Santa Barbara,083,443738,47919,47194,1667,48861,564
2021-12-21,Santa Clara,085,1922200,159132,155769,1878,157647,1951
2021-12-21,Santa Cruz,087,273765,22454,22028,1066,23094,228
2021-12-21,Shasta,089,179085,23061,22920,3743,26663,429
2021-12-21,Sierra,091,2930,206,201,21,222,0
2021-12-21,Siskiyou,093,43540,3516,3455,1377,4832,59
2021-12-21,Solano,095,438530,48377,47474,1407,48881,372
2021-12-21,Sonoma,097,501317,44864,44051,616,44667,408
2021-12-21,Stanislaus,099,539301,83056,83167,9471,92638,1331
2021-12-21,Sutter,101,95872,14555,14492,414,14906,190
2021-12-21,Tehama,103,63373,8944,8849,1550,10399,136
2021-12-21,Trinity,105,12862,913,826,220,1046,17
2021-12-21,Tulare,107,460477,72309,71166,16579,87745,1137
2021-12-21,Tuolumne,109,53932,7947,7893,118,8011,91
2021-12-21,Ventura,111,848112,104687,102631,4693,107324,1205
2021-12-21,Yolo,113,214977,21373,20944,1272,22216,267
2021-12-21,Yuba,115,75493,10768,10668,412,11080,98
2021-12-20,Alameda,001,1643700,128178,125762,3104,128866,1515
2021-12-20,Alpine,003,1148,110,112,0,112,0
2021-12-20,Amador,005,37829,5870,5838,75,5913,70
2021-12-20,Butte,007,227075,22320,22030,4040,26070,329
2021-12-20,Calaveras,009,45235,4608,4569,65,4634,91
2021-12-20,Colusa,011,21464,2659,2644,690,3334,21
2021-12-20,Contra Costa,013,1133247,105514,104051,2440,106491,1068
2021-12-20,Del Norte,015,27424,3828,3792,56,3848,43
2021-12-20,El Dorado,017,186661,17393,17083,1841,18924,172
2021-12-20,Fresno,019,978130,149122,147605,13322,160927,2341
2021-12-20,Glenn,021,27897,3635,3597,1053,4650,39
2021-12-20,Humboldt,023,135768,10098,9973,742,10715,118
2021-12-20,Imperial,025,180216,37082,36532,4045,40577,792
2021-12-20,Inyo,027,18085,2654,2615,40,2655,47
2021-12-20,Kern,029,883053,135412,134203,24615,158818,1883
2021-12-20,Kings,031,150075,34243,33898,2056,35954,376
2021-12-20,Lake,033,64148,7052,6999,170,7169,116
2021-12-20,Lassen,035,31185,7105,7065,428,7493,55
2021-12-20,Los Angeles,037,10098052,1525242,1495251,58969,1554220,27188
2021-12-20,Madera,039,155013,24866,24668,2373,27041,313
2021-12-20,Marin,041,260295,19225,18747,609,19356,249
2021-12-20,Mariposa,043,17540,1499,1479,62,1541,6
2021-12-20,Mendocino,045,87422,8393,8264,701,8965,96
2021-12-20,Merced,047,269075,44218,44071,2207,46278,687
2021-12-20,Modoc,049,8938,601,595,204,799,6
2021-12-20,Mono,051,14174,2000,1973,23,1996,4
2021-12-20,Monterey,053,433212,51047,49556,3443,52999,636
2021-12-20,Napa,055,140530,13859,13672,146,13818,107
2021-12-20,Nevada,057,99092,10212,10079,355,10434,109
2021-12-20,Orange,059,3164182,324526,320235,17092,337327,5852
2021-12-20,Placer,061,380077,40142,39579,3999,43578,485
2021-12-20,Plumas,063,18699,2027,1971,50,2021,12
2021-12-20,Riverside,065,2383286,388130,381841,16982,398823,5452
2021-12-20,Sacramento,067,1510023,169821,168153,5223,173376,2414
2021-12-20,San Benito,069,59416,7971,7934,184,8118,79
2021-12-20,San Bernardino,071,2135413,378707,373881,12074,385955,6023
2021-12-20,San Diego,073,3302833,405991,401483,23747,425230,4412
2021-12-20,San Francisco,075,870044,59233,56661,2648,59309,681
2021-12-20,San Joaquin,077,732212,105126,104188,5708,109896,1865
2021-12-20,San Luis Obispo,079,281455,31548,31075,1409,32484,365
2021-12-20,San Mateo,081,765935,58462,56247,1058,57305,581
2021-12-20,Santa Barbara,083,443738,47709,47131,1662,48793,562
2021-12-20,Santa Clara,085,1922200,158172,155427,1830,157257,1950
2021-12-20,Santa Cruz,087,273765,22374,21989,1061,23050,227
2021-12-20,Shasta,089,179085,23040,22888,3738,26626,429
2021-12-20,Sierra,091,2930,205,201,21,222,0
2021-12-20,Siskiyou,093,43540,3515,3453,1375,4828,59
2021-12-20,Solano,095,438530,48249,47394,1399,48793,370
2021-12-20,Sonoma,097,501317,44673,43982,608,44590,408
2021-12-20,Stanislaus,099,539301,82931,83110,9442,92552,1331
2021-12-20,Sutter,101,95872,14532,14480,414,14894,190
2021-12-20,Tehama,103,63373,8936,8840,1547,10387,136
2021-12-20,Trinity,105,12862,913,826,220,1046,17
2021-12-20,Tulare,107,460477,72215,71124,16521,87645,1129
2021-12-20,Tuolumne,109,53932,7933,7867,114,7981,91
2021-12-20,Ventura,111,848112,104179,102452,4617,107069,1203
2021-12-20,Yolo,113,214977,21280,20903,1260,22163,267
2021-12-20,Yuba,115,75493,10752,10656,409,11065,97
2021-12-19,Alameda,001,1643700,127292,125464,3064,128528,1519
2021-12-19,Alpine,003,1148,110,112,0,112,0
2021-12-19,Amador,005,37829,5858,5832,74,5906,70
2021-12-19,Butte,007,227075,22265,22022,4033,26055,329
2021-12-19,Calaveras,009,45235,4592,4563,64,4627,91
2021-12-19,Colusa,011,21464,2659,2643,687,3330,21
2021-12-19,Contra Costa,013,1133247,105023,103906,2406,106312,1068
2021-12-19,Del Norte,015,27424,3824,3797,56,3853,43
2021-12-19,El Dorado,017,186661,17336,17067,1839,18906,172
2021-12-19,Fresno,019,978130,148881,147505,13297,160802,2341
2021-12-19,Glenn,021,27897,3631,3596,1052,4648,39
2021-12-19,Humboldt,023,135768,10056,9957,737,10694,118
2021-12-19,Imperial,025,180216,36953,36501,4002,40503,792
2021-12-19,Inyo,027,18085,2645,2613,40,2653,47
2021-12-19,Kern,029,883053,135213,134136,24547,158683,1883
2021-12-19,Kings,031,150075,34185,33874,2052,35926,378
2021-12-19,Lake,033,64148,7043,6999,167,7166,116
2021-12-19,Lassen,035,31185,7101,7065,428,7493,55
2021-12-19,Los Angeles,037,10098052,1516251,1495082,58367,1553449,27189
2021-12-19,Madera,039,155013,24842,24642,2367,27009,313
2021-12-19,Marin,041,260295,19049,18707,586,19293,249
2021-12-19,Mariposa,043,17540,1493,1475,62,1537,6
2021-12-19,Mendocino,045,87422,8376,8257,698,8955,96
2021-12-19,Merced,047,269075,44123,44045,2200,46245,687
2021-12-19,Modoc,049,8938,600,595,204,799,6
2021-12-19,Mono,051,14174,1989,1968,22,1990,4
2021-12-19,Monterey,053,433212,50946,49516,3422,52938,636
2021-12-19,Napa,055,140530,13786,13659,137,13796,107
2021-12-19,Nevada,057,99092,10176,10057,352,10409,109
2021-12-19,Orange,059,3164182,323120,319615,16866,336481,5852
2021-12-19,Placer,061,380077,40021,39525,3983,43508,485
2021-12-19,Plumas,063,18699,2024,1971,50,2021,12
2021-12-19,Riverside,065,2383286,386686,381305,16907,398212,5452
2021-12-19,Sacramento,067,1510023,169327,167933,5194,173127,2415
2021-12-19,San Benito,069,59416,7946,7929,183,8112,79
2021-12-19,San Bernardino,071,2135413,377404,373480,12036,385516,6023
2021-12-19,San Diego,073,3302833,403513,398197,23549,421746,4406
2021-12-19,San Francisco,075,870044,58355,56358,2592,58950,681
2021-12-19,San Joaquin,077,732212,104869,104125,5694,109819,1865
2021-12-19,San Luis Obispo,079,281455,31425,31035,1397,32432,366
2021-12-19,San Mateo,081,765935,57997,56132,1043,57175,581
2021-12-19,Santa Barbara,083,443738,47486,47070,1655,48725,562
2021-12-19,Santa Clara,085,1922200,157285,155049,1804,156853,1950
2021-12-19,Santa Cruz,087,273765,22274,21960,1056,23016,227
2021-12-19,Shasta,089,179085,23003,22875,3734,26609,429
2021-12-19,Sierra,091,2930,204,201,21,222,0
2021-12-19,Siskiyou,093,43540,3512,3452,1375,4827,59
2021-12-19,Solano,095,438530,48127,47341,1393,48734,370
2021-12-19,Sonoma,097,501317,44489,43944,606,44550,408
2021-12-19,Stanislaus,099,539301,82793,83040,9410,92450,1331
2021-12-19,Sutter,101,95872,14492,14475,413,14888,190
2021-12-19,Tehama,103,63373,8928,8840,1547,10387,136
2021-12-19,Trinity,105,12862,913,826,220,1046,17
2021-12-19,Tulare,107,460477,72122,71085,16479,87564,1129
2021-12-19,Tuolumne,109,53932,7916,7865,113,7978,91
2021-12-19,Ventura,111,848112,103599,102170,4552,106722,1203
2021-12-19,Yolo,113,214977,21199,20887,1241,22128,267
2021-12-19,Yuba,115,75493,10735,10646,407,11053,97
2021-12-18,Alameda,001,1643700,126888,124583,3039,127622,1512
2021-12-18,Alpine,003,1148,110,110,0,110,0
2021-12-18,Amador,005,37829,5852,5821,74,5895,69
2021-12-18,Butte,007,227075,22249,21956,4028,25984,328
2021-12-18,Calaveras,009,45235,4585,4534,64,4598,91
2021-12-18,Colusa,011,21464,2655,2635,685,3320,21
2021-12-18,Contra Costa,013,1133247,104808,103380,2392,105772,1065
2021-12-18,Del Norte,015,27424,3821,3791,56,3847,43
2021-12-18,El Dorado,017,186661,17308,16968,1836,18804,171
2021-12-18,Fresno,019,978130,148778,147038,13284,160322,2335
2021-12-18,Glenn,021,27897,3628,3590,1052,4642,39
2021-12-18,Humboldt,023,135768,10040,9889,737,10626,118
2021-12-18,Imperial,025,180216,36880,36280,3990,40270,790
2021-12-18,Inyo,027,18085,2639,2607,40,2647,47
2021-12-18,Kern,029,883053,135123,133754,24502,158256,1873
2021-12-18,Kings,031,150075,34152,33783,2048,35831,374
2021-12-18,Lake,033,64148,7042,6976,167,7143,115
2021-12-18,Lassen,035,31185,7099,7061,427,7488,55
2021-12-18,Los Angeles,037,10098052,1512164,1484840,58054,1542894,27135
2021-12-18,Madera,039,155013,24827,24575,2365,26940,313
2021-12-18,Marin,041,260295,18948,18537,574,19111,249
2021-12-18,Mariposa,043,17540,1492,1468,62,1530,6
2021-12-18,Mendocino,045,87422,8370,8219,698,8917,95
2021-12-18,Merced,047,269075,44088,43929,2199,46128,686
2021-12-18,Modoc,049,8938,598,595,204,799,6
2021-12-18,Mono,051,14174,1987,1956,22,1978,4
2021-12-18,Monterey,053,433212,50888,49343,3417,52760,635
2021-12-18,Napa,055,140530,13760,13581,135,13716,107
2021-12-18,Nevada,057,99092,10154,9991,350,10341,108
2021-12-18,Orange,059,3164182,322456,318149,16730,334879,5844
2021-12-18,Placer,061,380077,39920,39336,3969,43305,485
2021-12-18,Plumas,063,18699,2024,1964,50,2014,13
2021-12-18,Riverside,065,2383286,385988,379354,16866,396220,5439
2021-12-18,Sacramento,067,1510023,169091,167046,5175,172221,2404
2021-12-18,San Benito,069,59416,7931,7894,183,8077,79
2021-12-18,San Bernardino,071,2135413,376744,371658,12008,383666,6017
2021-12-18,San Diego,073,3302833,402548,397130,23497,420627,4399
2021-12-18,San Francisco,075,870044,57860,55562,2562,58124,679
2021-12-18,San Joaquin,077,732212,104782,103698,5684,109382,1858
2021-12-18,San Luis Obispo,079,281455,31383,30873,1391,32264,365
2021-12-18,San Mateo,081,765935,57757,55730,1038,56768,580
2021-12-18,Santa Barbara,083,443738,47390,46776,1653,48429,562
2021-12-18,Santa Clara,085,1922200,156829,154243,1791,156034,1946
2021-12-18,Santa Cruz,087,273765,22222,21805,1054,22859,225
2021-12-18,Shasta,089,179085,22982,22811,3734,26545,429
2021-12-18,Sierra,091,2930,204,199,21,220,0
2021-12-18,Siskiyou,093,43540,3510,3441,1374,4815,58
2021-12-18,Solano,095,438530,48081,47174,1391,48565,369
2021-12-18,Sonoma,097,501317,44379,43658,602,44260,407
2021-12-18,Stanislaus,099,539301,82711,82736,9398,92134,1330
2021-12-18,Sutter,101,95872,14474,14435,413,14848,190
2021-12-18,Tehama,103,63373,8922,8814,1546,10360,136
2021-12-18,Trinity,105,12862,913,823,220,1043,17
2021-12-18,Tulare,107,460477,72084,70922,16454,87376,1120
2021-12-18,Tuolumne,109,53932,7902,7834,113,7947,91
2021-12-18,Ventura,111,848112,103314,101612,4530,106142,1201
2021-12-18,Yolo,113,214977,21159,20793,1235,22028,267
2021-12-18,Yuba,115,75493,10724,10599,407,11006,96
2021-12-17,Alameda,001,1643700,126554,124583,3019,127602,1512
2021-12-17,Alpine,003,1148,110,110,0,110,0
2021-12-17,Amador,005,37829,5845,5821,74,5895,69
2021-12-17,Butte,007,227075,22229,21956,4022,25978,328
2021-12-17,Calaveras,009,45235,4581,4534,64,4598,91
2021-12-17,Colusa,011,21464,2654,2635,684,3319,21
2021-12-17,Contra Costa,013,1133247,104606,103380,2388,105768,1065
2021-12-17,Del Norte,015,27424,3820,3791,56,3847,43
2021-12-17,El Dorado,017,186661,17280,16968,1833,18801,171
2021-12-17,Fresno,019,978130,148675,147038,13284,160322,2335
2021-12-17,Glenn,021,27897,3621,3590,1052,4642,39
2021-12-17,Humboldt,023,135768,10020,9889,735,10624,118
2021-12-17,Imperial,025,180216,36817,36280,3972,40252,790
2021-12-17,Inyo,027,18085,2634,2607,40,2647,47
2021-12-17,Kern,029,883053,135032,133754,24461,158215,1873
2021-12-17,Kings,031,150075,34133,33783,2048,35831,374
2021-12-17,Lake,033,64148,7038,6976,167,7143,115
2021-12-17,Lassen,035,31185,7099,7061,426,7487,55
2021-12-17,Los Angeles,037,10098052,1508223,1484840,57814,1542654,27135
2021-12-17,Madera,039,155013,24811,24575,2360,26935,313
2021-12-17,Marin,041,260295,18872,18537,570,19107,249
2021-12-17,Mariposa,043,17540,1488,1468,62,1530,6
2021-12-17,Mendocino,045,87422,8359,8219,698,8917,95
2021-12-17,Merced,047,269075,44062,43929,2198,46127,686
2021-12-17,Modoc,049,8938,598,595,204,799,6
2021-12-17,Mono,051,14174,1984,1956,22,1978,4
2021-12-17,Monterey,053,433212,50830,49343,3412,52755,635
2021-12-17,Napa,055,140530,13733,13581,134,13715,107
2021-12-17,Nevada,057,99092,10143,9991,350,10341,108
2021-12-17,Orange,059,3164182,321893,318149,16662,334811,5844
2021-12-17,Placer,061,380077,39865,39336,3963,43299,485
2021-12-17,Plumas,063,18699,2023,1964,50,2014,13
2021-12-17,Riverside,065,2383286,385336,379354,16856,396210,5439
2021-12-17,Sacramento,067,1510023,168858,167046,5162,172208,2404
2021-12-17,San Benito,069,59416,7929,7894,183,8077,79
2021-12-17,San Bernardino,071,2135413,376190,371658,11991,383649,6017
2021-12-17,San Diego,073,3302833,401619,397130,23449,420579,4399
2021-12-17,San Francisco,075,870044,57533,55562,2532,58094,679
2021-12-17,San Joaquin,077,732212,104707,103698,5667,109365,1858
2021-12-17,San Luis Obispo,079,281455,31354,30873,1387,32260,365
2021-12-17,San Mateo,081,765935,57569,55730,1031,56761,580
2021-12-17,Santa Barbara,083,443738,47313,46776,1647,48423,562
2021-12-17,Santa Clara,085,1922200,156457,154243,1777,156020,1946
2021-12-17,Santa Cruz,087,273765,22175,21805,1051,22856,225
2021-12-17,Shasta,089,179085,22970,22811,3732,26543,429
2021-12-17,Sierra,091,2930,203,199,21,220,0
2021-12-17,Siskiyou,093,43540,3506,3441,1372,4813,58
2021-12-17,Solano,095,438530,48013,47174,1387,48561,369
2021-12-17,Sonoma,097,501317,44282,43658,599,44257,407
2021-12-17,Stanislaus,099,539301,82660,82736,9391,92127,1330
2021-12-17,Sutter,101,95872,14462,14435,411,14846,190
2021-12-17,Tehama,103,63373,8915,8814,1545,10359,136
2021-12-17,Trinity,105,12862,913,823,220,1043,17
2021-12-17,Tulare,107,460477,72042,70922,16424,87346,1120
2021-12-17,Tuolumne,109,53932,7890,7834,113,7947,91
2021-12-17,Ventura,111,848112,103064,101612,4518,106130,1201
2021-12-17,Yolo,113,214977,21126,20793,1230,22023,267
2021-12-17,Yuba,115,75493,10713,10599,405,11004,96
2021-12-16,Alameda,001,1643700,126179,124583,3004,127587,1512
2021-12-16,Alpine,003,1148,108,110,0,110,0
2021-12-16,Amador,005,37829,5837,5821,74,5895,69
2021-12-16,Butte,007,227075,22209,21956,4019,25975,328
2021-12-16,Calaveras,009,45235,4574,4534,64,4598,91
2021-12-16,Colusa,011,21464,2654,2635,684,3319,21
2021-12-16,Contra Costa,013,1133247,104383,103380,2378,105758,1065
2021-12-16,Del Norte,015,27424,3817,3791,56,3847,43
2021-12-16,El Dorado,017,186661,17245,16968,1828,18796,171
2021-12-16,Fresno,019,978130,148516,147038,13277,160315,2335
2021-12-16,Glenn,021,27897,3620,3590,1049,4639,39
2021-12-16,Humboldt,023,135768,9996,9889,725,10614,118
2021-12-16,Imperial,025,180216,36733,36280,3944,40224,790
2021-12-16,Inyo,027,18085,2630,2607,39,2646,47
2021-12-16,Kern,029,883053,134888,133754,24412,158166,1873
2021-12-16,Kings,031,150075,34109,33783,2047,35830,374
2021-12-16,Lake,033,64148,7034,6976,167,7143,115
2021-12-16,Lassen,035,31185,7096,7061,425,7486,55
2021-12-16,Los Angeles,037,10098052,1504006,1484840,57547,1542387,27135
2021-12-16,Madera,039,155013,24782,24575,2356,26931,313
2021-12-16,Marin,041,260295,18826,18537,563,19100,249
2021-12-16,Mariposa,043,17540,1486,1468,62,1530,6
2021-12-16,Mendocino,045,87422,8348,8219,693,8912,95
2021-12-16,Merced,047,269075,44023,43929,2197,46126,686
2021-12-16,Modoc,049,8938,598,595,204,799,6
2021-12-16,Mono,051,14174,1981,1956,22,1978,4
2021-12-16,Monterey,053,433212,50759,49343,3395,52738,635
2021-12-16,Napa,055,140530,13701,13581,134,13715,107
2021-12-16,Nevada,057,99092,10117,9991,350,10341,108
2021-12-16,Orange,059,3164182,321285,318149,16584,334733,5844
2021-12-16,Placer,061,380077,39788,39336,3958,43294,485
2021-12-16,Plumas,063,18699,2023,1964,50,2014,13
2021-12-16,Riverside,065,2383286,384529,379354,16842,396196,5439
2021-12-16,Sacramento,067,1510023,168575,167046,5138,172184,2404
2021-12-16,San Benito,069,59416,7922,7894,183,8077,79
2021-12-16,San Bernardino,071,2135413,375536,371658,11972,383630,6017
2021-12-16,San Diego,073,3302833,400451,397130,23382,420512,4399
2021-12-16,San Francisco,075,870044,57157,55562,2510,58072,679
2021-12-16,San Joaquin,077,732212,104583,103698,5660,109358,1858
2021-12-16,San Luis Obispo,079,281455,31284,30873,1381,32254,365
2021-12-16,San Mateo,081,765935,57369,55730,1028,56758,580
2021-12-16,Santa Barbara,083,443738,47192,46776,1643,48419,562
2021-12-16,Santa Clara,085,1922200,156126,154243,1767,156010,1946
2021-12-16,Santa Cruz,087,273765,22129,21805,1050,22855,225
2021-12-16,Shasta,089,179085,22940,22811,3730,26541,429
2021-12-16,Sierra,091,2930,203,199,21,220,0
2021-12-16,Siskiyou,093,43540,3505,3441,1368,4809,58
2021-12-16,Solano,095,438530,47945,47174,1380,48554,369
2021-12-16,Sonoma,097,501317,44183,43658,597,44255,407
2021-12-16,Stanislaus,099,539301,82573,82736,9377,92113,1330
2021-12-16,Sutter,101,95872,14448,14435,410,14845,190
2021-12-16,Tehama,103,63373,8908,8814,1544,10358,136
2021-12-16,Trinity,105,12862,913,823,220,1043,17
2021-12-16,Tulare,107,460477,71994,70922,16399,87321,1120
2021-12-16,Tuolumne,109,53932,7871,7834,113,7947,91
2021-12-16,Ventura,111,848112,102796,101612,4511,106123,1201
2021-12-16,Yolo,113,214977,21075,20793,1225,22018,267
2021-12-16,Yuba,115,75493,10697,10599,404,11003,96
2021-12-15,Alameda,001,1643700,125854,124342,2992,127334,1509
2021-12-15,Alpine,003,1148,108,109,0,109,0
2021-12-15,Amador,005,37829,5831,5810,74,5884,69
2021-12-15,Butte,007,227075,22186,21922,4018,25940,327
2021-12-15,Calaveras,009,45235,4568,4523,64,4587,89
2021-12-15,Colusa,011,21464,2653,2632,683,3315,21
2021-12-15,Contra Costa,013,1133247,104164,103236,2375,105611,1064
2021-12-15,Del Norte,015,27424,3816,3789,55,3844,43
2021-12-15,El Dorado,017,186661,17214,16936,1822,18758,171
2021-12-15,Fresno,019,978130,148388,146859,13263,160122,2319
2021-12-15,Glenn,021,27897,3620,3589,1049,4638,39
2021-12-15,Humboldt,023,135768,9976,9854,724,10578,118
2021-12-15,Imperial,025,180216,36653,36187,3900,40087,789
2021-12-15,Inyo,027,18085,2625,2606,39,2645,47
2021-12-15,Kern,029,883053,134749,133590,24366,157956,1866
2021-12-15,Kings,031,150075,34080,33716,2043,35759,374
2021-12-15,Lake,033,64148,7026,6968,166,7134,115
2021-12-15,Lassen,035,31185,7096,7062,425,7487,55
2021-12-15,Los Angeles,037,10098052,1500116,1482735,57353,1540088,27116
2021-12-15,Madera,039,155013,24764,24549,2350,26899,313
2021-12-15,Marin,041,260295,18767,18514,558,19072,249
2021-12-15,Mariposa,043,17540,1483,1463,62,1525,6
2021-12-15,Mendocino,045,87422,8343,8209,690,8899,95
2021-12-15,Merced,047,269075,43981,43890,2185,46075,685
2021-12-15,Modoc,049,8938,598,595,204,799,6
2021-12-15,Mono,051,14174,1977,1955,22,1977,4
2021-12-15,Monterey,053,433212,50704,49279,3377,52656,635
2021-12-15,Napa,055,140530,13672,13557,132,13689,107
2021-12-15,Nevada,057,99092,10096,9958,350,10308,107
2021-12-15,Orange,059,3164182,320704,317808,16542,334350,5838
2021-12-15,Placer,061,380077,39732,39264,3948,43212,485
2021-12-15,Plumas,063,18699,2019,1957,50,2007,12
2021-12-15,Riverside,065,2383286,383808,378769,16831,395600,5438
2021-12-15,Sacramento,067,1510023,168267,166793,5118,171911,2401
2021-12-15,San Benito,069,59416,7907,7877,183,8060,79
2021-12-15,San Bernardino,071,2135413,374981,371122,11939,383061,6013
2021-12-15,San Diego,073,3302833,399257,396546,23312,419858,4395
2021-12-15,San Francisco,075,870044,56838,55414,2492,57906,679
2021-12-15,San Joaquin,077,732212,104426,103579,5650,109229,1853
2021-12-15,San Luis Obispo,079,281455,31235,30784,1374,32158,365
2021-12-15,San Mateo,081,765935,57227,55657,1018,56675,580
2021-12-15,Santa Barbara,083,443738,47111,46681,1641,48322,562
2021-12-15,Santa Clara,085,1922200,155815,153928,1747,155675,1944
2021-12-15,Santa Cruz,087,273765,22089,21753,1043,22796,225
2021-12-15,Shasta,089,179085,22925,22778,3726,26504,427
2021-12-15,Sierra,091,2930,203,199,21,220,0
2021-12-15,Siskiyou,093,43540,3504,3434,1367,4801,58
2021-12-15,Solano,095,438530,47874,47098,1374,48472,367
2021-12-15,Sonoma,097,501317,44101,43580,592,44172,407
2021-12-15,Stanislaus,099,539301,82467,82628,9369,91997,1298
2021-12-15,Sutter,101,95872,14428,14428,409,14837,189
2021-12-15,Tehama,103,63373,8901,8806,1543,10349,136
2021-12-15,Trinity,105,12862,912,822,220,1042,17
2021-12-15,Tulare,107,460477,71943,70846,16370,87216,1120
2021-12-15,Tuolumne,109,53932,7862,7818,112,7930,91
2021-12-15,Ventura,111,848112,102581,101447,4505,105952,1199
2021-12-15,Yolo,113,214977,21047,20749,1220,21969,267
2021-12-15,Yuba,115,75493,10686,10587,403,10990,96
2021-12-14,Alameda,001,1643700,125525,124272,2980,127252,1506
2021-12-14,Alpine,003,1148,107,109,0,109,0
2021-12-14,Amador,005,37829,5825,5808,73,5881,69
2021-12-14,Butte,007,227075,22153,21901,4016,25917,326
2021-12-14,Calaveras,009,45235,4556,4517,64,4581,89
2021-12-14,Colusa,011,21464,2651,2628,683,3311,21
2021-12-14,Contra Costa,013,1133247,103980,103135,2371,105506,1064
2021-12-14,Del Norte,015,27424,3813,3788,55,3843,43
2021-12-14,El Dorado,017,186661,17179,16915,1820,18735,170
2021-12-14,Fresno,019,978130,148218,146756,13255,160011,2316
2021-12-14,Glenn,021,27897,3619,3589,1049,4638,39
2021-12-14,Humboldt,023,135768,9964,9836,716,10552,118
2021-12-14,Imperial,025,180216,36580,36049,3857,39906,789
2021-12-14,Inyo,027,18085,2624,2601,39,2640,46
2021-12-14,Kern,029,883053,134611,133498,24317,157815,1863
2021-12-14,Kings,031,150075,34043,33693,2040,35733,373
2021-12-14,Lake,033,64148,7017,6961,166,7127,115
2021-12-14,Lassen,035,31185,7095,7061,425,7486,55
2021-12-14,Los Angeles,037,10098052,1496457,1481131,57173,1538304,27099
2021-12-14,Madera,039,155013,24737,24535,2342,26877,313
2021-12-14,Marin,041,260295,18719,18491,556,19047,249
2021-12-14,Mariposa,043,17540,1480,1463,61,1524,6
2021-12-14,Mendocino,045,87422,8315,8206,688,8894,95
2021-12-14,Merced,047,269075,43935,43870,2183,46053,684
2021-12-14,Modoc,049,8938,597,595,204,799,6
2021-12-14,Mono,051,14174,1970,1955,22,1977,4
2021-12-14,Monterey,053,433212,50620,49237,3366,52603,635
2021-12-14,Napa,055,140530,13643,13528,132,13660,107
2021-12-14,Nevada,057,99092,10070,9956,349,10305,106
2021-12-14,Orange,059,3164182,320151,317465,16488,333953,5827
2021-12-14,Placer,061,380077,39657,39221,3943,43164,482
2021-12-14,Plumas,063,18699,2015,1950,48,1998,12
2021-12-14,Riverside,065,2383286,383117,378227,16814,395041,5427
2021-12-14,Sacramento,067,1510023,167957,166605,5095,171700,2394
2021-12-14,San Benito,069,59416,7888,7871,183,8054,79
2021-12-14,San Bernardino,071,2135413,374354,370604,11909,382513,6013
2021-12-14,San Diego,073,3302833,398118,395876,23261,419137,4393
2021-12-14,San Francisco,075,870044,56523,55278,2481,57759,679
2021-12-14,San Joaquin,077,732212,104280,103488,5633,109121,1848
2021-12-14,San Luis Obispo,079,281455,31175,30753,1370,32123,363
2021-12-14,San Mateo,081,765935,57063,55601,1011,56612,580
2021-12-14,Santa Barbara,083,443738,47009,46648,1637,48285,560
2021-12-14,Santa Clara,085,1922200,155492,153814,1734,155548,1945
2021-12-14,Santa Cruz,087,273765,22024,21737,1038,22775,225
2021-12-14,Shasta,089,179085,22898,22756,3725,26481,427
2021-12-14,Sierra,091,2930,201,199,21,220,0
2021-12-14,Siskiyou,093,43540,3499,3430,1366,4796,58
2021-12-14,Solano,095,438530,47827,47065,1368,48433,367
2021-12-14,Sonoma,097,501317,44018,43538,590,44128,407
2021-12-14,Stanislaus,099,539301,82381,82581,9353,91934,1293
2021-12-14,Sutter,101,95872,14416,14421,408,14829,189
2021-12-14,Tehama,103,63373,8897,8805,1543,10348,134
2021-12-14,Trinity,105,12862,912,821,220,1041,17
2021-12-14,Tulare,107,460477,71871,70803,16340,87143,1120
2021-12-14,Tuolumne,109,53932,7849,7815,112,7927,91
2021-12-14,Ventura,111,848112,102356,101343,4498,105841,1199
2021-12-14,Yolo,113,214977,21013,20734,1207,21941,267
2021-12-14,Yuba,115,75493,10669,10574,403,10977,92
2021-12-13,Alameda,001,1643700,125241,124174,2963,127137,1501
2021-12-13,Alpine,003,1148,107,109,0,109,0
2021-12-13,Amador,005,37829,5821,5797,73,5870,69
2021-12-13,Butte,007,227075,22129,21889,4012,25901,326
2021-12-13,Calaveras,009,45235,4549,4507,63,4570,89
2021-12-13,Colusa,011,21464,2649,2627,683,3310,21
2021-12-13,Contra Costa,013,1133247,103829,103041,2360,105401,1064
2021-12-13,Del Norte,015,27424,3809,3787,55,3842,42
2021-12-13,El Dorado,017,186661,17156,16896,1818,18714,170
2021-12-13,Fresno,019,978130,148067,146641,13245,159886,2312
2021-12-13,Glenn,021,27897,3614,3589,1047,4636,37
2021-12-13,Humboldt,023,135768,9935,9821,712,10533,118
2021-12-13,Imperial,025,180216,36496,35974,3836,39810,787
2021-12-13,Inyo,027,18085,2623,2592,39,2631,46
2021-12-13,Kern,029,883053,134485,133381,24264,157645,1863
2021-12-13,Kings,031,150075,34000,33680,2035,35715,372
2021-12-13,Lake,033,64148,7015,6958,164,7122,115
2021-12-13,Lassen,035,31185,7094,7057,425,7482,55
2021-12-13,Los Angeles,037,10098052,1493674,1480195,57010,1537205,27085
2021-12-13,Madera,039,155013,24708,24527,2337,26864,311
2021-12-13,Marin,041,260295,18659,18471,553,19024,249
2021-12-13,Mariposa,043,17540,1478,1462,61,1523,6
2021-12-13,Mendocino,045,87422,8302,8196,686,8882,95
2021-12-13,Merced,047,269075,43896,43848,2179,46027,682
2021-12-13,Modoc,049,8938,596,595,204,799,6
2021-12-13,Mono,051,14174,1963,1952,22,1974,4
2021-12-13,Monterey,053,433212,50568,49222,3347,52569,631
2021-12-13,Napa,055,140530,13630,13518,132,13650,107
2021-12-13,Nevada,057,99092,10051,9946,348,10294,106
2021-12-13,Orange,059,3164182,319681,317112,16435,333547,5824
2021-12-13,Placer,061,380077,39596,39168,3932,43100,481
2021-12-13,Plumas,063,18699,2011,1943,48,1991,12
2021-12-13,Riverside,065,2383286,382534,377728,16799,394527,5414
2021-12-13,Sacramento,067,1510023,167679,166439,5063,171502,2392
2021-12-13,San Benito,069,59416,7879,7856,183,8039,79
2021-12-13,San Bernardino,071,2135413,373777,370274,11902,382176,6011
2021-12-13,San Diego,073,3302833,397313,395266,23208,418474,4389
2021-12-13,San Francisco,075,870044,56253,55245,2468,57713,678
2021-12-13,San Joaquin,077,732212,104164,103449,5624,109073,1846
2021-12-13,San Luis Obispo,079,281455,31125,30746,1366,32112,363
2021-12-13,San Mateo,081,765935,56904,55569,1002,56571,580
2021-12-13,Santa Barbara,083,443738,46921,46608,1632,48240,560
2021-12-13,Santa Clara,085,1922200,155227,153672,1723,155395,1944
2021-12-13,Santa Cruz,087,273765,21969,21698,1035,22733,225
2021-12-13,Shasta,089,179085,22877,22731,3723,26454,426
2021-12-13,Sierra,091,2930,201,199,21,220,0
2021-12-13,Siskiyou,093,43540,3495,3426,1363,4789,57
2021-12-13,Solano,095,438530,47753,47045,1363,48408,365
2021-12-13,Sonoma,097,501317,43922,43492,588,44080,407
2021-12-13,Stanislaus,099,539301,82265,82507,9330,91837,1282
2021-12-13,Sutter,101,95872,14409,14408,408,14816,188
2021-12-13,Tehama,103,63373,8884,8800,1543,10343,134
2021-12-13,Trinity,105,12862,912,820,220,1040,17
2021-12-13,Tulare,107,460477,71813,70758,16316,87074,1114
2021-12-13,Tuolumne,109,53932,7838,7804,112,7916,91
2021-12-13,Ventura,111,848112,102131,101180,4487,105667,1197
2021-12-13,Yolo,113,214977,20964,20706,1202,21908,267
2021-12-13,Yuba,115,75493,10652,10570,403,10973,92
2021-12-12,Alameda,001,1643700,124955,124075,2951,127026,1503
2021-12-12,Alpine,003,1148,107,109,0,109,0
2021-12-12,Amador,005,37829,5813,5797,72,5869,69
2021-12-12,Butte,007,227075,22105,21874,4006,25880,326
2021-12-12,Calaveras,009,45235,4538,4501,63,4564,89
2021-12-12,Colusa,011,21464,2644,2627,680,3307,21
2021-12-12,Contra Costa,013,1133247,103642,102976,2358,105334,1065
2021-12-12,Del Norte,015,27424,3806,3793,55,3848,42
2021-12-12,El Dorado,017,186661,17120,16890,1810,18700,170
2021-12-12,Fresno,019,978130,147905,146518,13230,159748,2310
2021-12-12,Glenn,021,27897,3611,3589,1047,4636,37
2021-12-12,Humboldt,023,135768,9910,9804,705,10509,118
2021-12-12,Imperial,025,180216,36362,35926,3805,39731,787
2021-12-12,Inyo,027,18085,2618,2592,39,2631,46
2021-12-12,Kern,029,883053,134319,133314,24223,157537,1861
2021-12-12,Kings,031,150075,33949,33661,2033,35694,372
2021-12-12,Lake,033,64148,7008,6955,162,7117,115
2021-12-12,Lassen,035,31185,7093,7057,425,7482,55
2021-12-12,Los Angeles,037,10098052,1490770,1479054,56828,1535882,27074
2021-12-12,Madera,039,155013,24679,24493,2330,26823,311
2021-12-12,Marin,041,260295,18606,18451,549,19000,249
2021-12-12,Mariposa,043,17540,1477,1461,61,1522,6
2021-12-12,Mendocino,045,87422,8289,8190,685,8875,95
2021-12-12,Merced,047,269075,43862,43821,2172,45993,682
2021-12-12,Modoc,049,8938,596,595,203,798,6
2021-12-12,Mono,051,14174,1959,1947,22,1969,4
2021-12-12,Monterey,053,433212,50515,49192,3321,52513,631
2021-12-12,Napa,055,140530,13587,13508,130,13638,107
2021-12-12,Nevada,057,99092,10024,9938,347,10285,106
2021-12-12,Orange,059,3164182,319175,316918,16370,333288,5825
2021-12-12,Placer,061,380077,39531,39139,3926,43065,481
2021-12-12,Plumas,063,18699,2007,1942,46,1988,12
2021-12-12,Riverside,065,2383286,381858,377467,16774,394241,5414
2021-12-12,Sacramento,067,1510023,167412,166291,5042,171333,2392
2021-12-12,San Benito,069,59416,7859,7853,183,8036,79
2021-12-12,San Bernardino,071,2135413,373135,369977,11878,381855,6011
2021-12-12,San Diego,073,3302833,396418,393307,23170,416477,4378
2021-12-12,San Francisco,075,870044,55997,55180,2456,57636,678
2021-12-12,San Joaquin,077,732212,104025,103405,5614,109019,1846
2021-12-12,San Luis Obispo,079,281455,31072,30719,1364,32083,363
2021-12-12,San Mateo,081,765935,56787,55505,998,56503,580
2021-12-12,Santa Barbara,083,443738,46846,46586,1630,48216,560
2021-12-12,Santa Clara,085,1922200,154947,153452,1709,155161,1945
2021-12-12,Santa Cruz,087,273765,21920,21671,1033,22704,225
2021-12-12,Shasta,089,179085,22849,22732,3722,26454,426
2021-12-12,Sierra,091,2930,201,199,21,220,0
2021-12-12,Siskiyou,093,43540,3495,3424,1363,4787,57
2021-12-12,Solano,095,438530,47687,47021,1360,48381,365
2021-12-12,Sonoma,097,501317,43829,43424,585,44009,407
2021-12-12,Stanislaus,099,539301,82167,82460,9317,91777,1282
2021-12-12,Sutter,101,95872,14398,14396,408,14804,189
2021-12-12,Tehama,103,63373,8873,8796,1541,10337,134
2021-12-12,Trinity,105,12862,910,820,220,1040,17
2021-12-12,Tulare,107,460477,71736,70733,16274,87007,1115
2021-12-12,Tuolumne,109,53932,7821,7794,112,7906,91
2021-12-12,Ventura,111,848112,101938,101105,4473,105578,1197
2021-12-12,Yolo,113,214977,20914,20685,1191,21876,267
2021-12-12,Yuba,115,75493,10638,10565,400,10965,92
2021-12-11,Alameda,001,1643700,124818,123572,2949,126521,1496
2021-12-11,Alpine,003,1148,107,109,0,109,0
2021-12-11,Amador,005,37829,5808,5787,72,5859,69
2021-12-11,Butte,007,227075,22091,21819,4005,25824,326
2021-12-11,Calaveras,009,45235,4530,4469,62,4531,89
2021-12-11,Colusa,011,21464,2640,2619,679,3298,21
2021-12-11,Contra Costa,013,1133247,103556,102618,2356,104974,1061
2021-12-11,Del Norte,015,27424,3806,3778,55,3833,42
2021-12-11,El Dorado,017,186661,17100,16796,1809,18605,170
2021-12-11,Fresno,019,978130,147818,145988,13221,159209,2294
2021-12-11,Glenn,021,27897,3610,3585,1047,4632,37
2021-12-11,Humboldt,023,135768,9893,9721,702,10423,118
2021-12-11,Imperial,025,180216,36304,35635,3796,39431,782
2021-12-11,Inyo,027,18085,2613,2576,39,2615,46
2021-12-11,Kern,029,883053,134250,132852,24189,157041,1854
2021-12-11,Kings,031,150075,33936,33530,2031,35561,371
2021-12-11,Lake,033,64148,7007,6932,160,7092,114
2021-12-11,Lassen,035,31185,7092,7049,425,7474,55
2021-12-11,Los Angeles,037,10098052,1489555,1474030,56736,1530766,27031
2021-12-11,Madera,039,155013,24673,24417,2329,26746,311
2021-12-11,Marin,041,260295,18573,18339,546,18885,249
2021-12-11,Mariposa,043,17540,1476,1450,61,1511,6
2021-12-11,Mendocino,045,87422,8282,8130,685,8815,95
2021-12-11,Merced,047,269075,43843,43690,2171,45861,681
2021-12-11,Modoc,049,8938,596,594,203,797,6
2021-12-11,Mono,051,14174,1955,1926,22,1948,4
2021-12-11,Monterey,053,433212,50487,49008,3318,52326,631
2021-12-11,Napa,055,140530,13570,13459,130,13589,107
2021-12-11,Nevada,057,99092,10011,9880,347,10227,106
2021-12-11,Orange,059,3164182,318924,315759,16343,332102,5805
2021-12-11,Placer,061,380077,39473,38959,3919,42878,481
2021-12-11,Plumas,063,18699,2001,1934,46,1980,12
2021-12-11,Riverside,065,2383286,381438,375649,16759,392408,5408
2021-12-11,Sacramento,067,1510023,167281,165530,5035,170565,2386
2021-12-11,San Benito,069,59416,7845,7808,183,7991,79
2021-12-11,San Bernardino,071,2135413,372772,368145,11868,380013,6007
2021-12-11,San Diego,073,3302833,395996,392274,23131,415405,4374
2021-12-11,San Francisco,075,870044,55844,54869,2451,57320,678
2021-12-11,San Joaquin,077,732212,103964,103013,5610,108623,1842
2021-12-11,San Luis Obispo,079,281455,31050,30567,1360,31927,362
2021-12-11,San Mateo,081,765935,56708,55284,996,56280,580
2021-12-11,Santa Barbara,083,443738,46811,46309,1630,47939,559
2021-12-11,Santa Clara,085,1922200,154749,152846,1697,154543,1941
2021-12-11,Santa Cruz,087,273765,21896,21557,1033,22590,225
2021-12-11,Shasta,089,179085,22834,22660,3718,26378,419
2021-12-11,Sierra,091,2930,201,199,21,220,0
2021-12-11,Siskiyou,093,43540,3489,3418,1360,4778,57
2021-12-11,Solano,095,438530,47658,46891,1356,48247,365
2021-12-11,Sonoma,097,501317,43781,43227,585,43812,407
2021-12-11,Stanislaus,099,539301,82118,82133,9308,91441,1264
2021-12-11,Sutter,101,95872,14389,14354,408,14762,187
2021-12-11,Tehama,103,63373,8870,8776,1539,10315,134
2021-12-11,Trinity,105,12862,910,819,220,1039,17
2021-12-11,Tulare,107,460477,71692,70523,16264,86787,1103
2021-12-11,Tuolumne,109,53932,7812,7760,112,7872,91
2021-12-11,Ventura,111,848112,101863,100711,4466,105177,1195
2021-12-11,Yolo,113,214977,20895,20608,1187,21795,267
2021-12-11,Yuba,115,75493,10626,10519,399,10918,92
2021-12-10,Alameda,001,1643700,124693,123572,2942,126514,1496
2021-12-10,Alpine,003,1148,106,109,0,109,0
2021-12-10,Amador,005,37829,5801,5787,72,5859,69
2021-12-10,Butte,007,227075,22078,21819,4003,25822,326
2021-12-10,Calaveras,009,45235,4527,4469,62,4531,89
2021-12-10,Colusa,011,21464,2639,2619,679,3298,21
2021-12-10,Contra Costa,013,1133247,103460,102618,2355,104973,1061
2021-12-10,Del Norte,015,27424,3806,3778,55,3833,42
2021-12-10,El Dorado,017,186661,17087,16796,1809,18605,170
2021-12-10,Fresno,019,978130,147730,145988,13210,159198,2294
2021-12-10,Glenn,021,27897,3610,3585,1047,4632,37
2021-12-10,Humboldt,023,135768,9876,9721,700,10421,118
2021-12-10,Imperial,025,180216,36249,35635,3781,39416,782
2021-12-10,Inyo,027,18085,2610,2576,39,2615,46
2021-12-10,Kern,029,883053,134161,132852,24165,157017,1854
2021-12-10,Kings,031,150075,33921,33530,2029,35559,371
2021-12-10,Lake,033,64148,7000,6932,160,7092,114
2021-12-10,Lassen,035,31185,7091,7049,425,7474,55
2021-12-10,Los Angeles,037,10098052,1488462,1474030,56649,1530679,27031
2021-12-10,Madera,039,155013,24655,24417,2327,26744,311
2021-12-10,Marin,041,260295,18551,18339,546,18885,249
2021-12-10,Mariposa,043,17540,1473,1450,61,1511,6
2021-12-10,Mendocino,045,87422,8275,8130,684,8814,95
2021-12-10,Merced,047,269075,43825,43690,2169,45859,681
2021-12-10,Modoc,049,8938,596,594,203,797,6
2021-12-10,Mono,051,14174,1952,1926,22,1948,4
2021-12-10,Monterey,053,433212,50450,49008,3312,52320,631
2021-12-10,Napa,055,140530,13558,13459,129,13588,107
2021-12-10,Nevada,057,99092,10002,9880,347,10227,106
2021-12-10,Orange,059,3164182,318652,315759,16311,332070,5805
2021-12-10,Placer,061,380077,39430,38959,3916,42875,481
2021-12-10,Plumas,063,18699,1999,1934,46,1980,12
2021-12-10,Riverside,065,2383286,381031,375649,16749,392398,5408
2021-12-10,Sacramento,067,1510023,167128,165530,5033,170563,2386
2021-12-10,San Benito,069,59416,7841,7808,183,7991,79
2021-12-10,San Bernardino,071,2135413,372401,368145,11845,379990,6007
2021-12-10,San Diego,073,3302833,395516,392274,23117,415391,4374
2021-12-10,San Francisco,075,870044,55759,54869,2445,57314,678
2021-12-10,San Joaquin,077,732212,103909,103013,5606,108619,1842
2021-12-10,San Luis Obispo,079,281455,31040,30567,1357,31924,362
2021-12-10,San Mateo,081,765935,56651,55284,993,56277,580
2021-12-10,Santa Barbara,083,443738,46775,46309,1629,47938,559
2021-12-10,Santa Clara,085,1922200,154579,152846,1684,154530,1941
2021-12-10,Santa Cruz,087,273765,21876,21557,1032,22589,225
2021-12-10,Shasta,089,179085,22823,22660,3715,26375,419
2021-12-10,Sierra,091,2930,201,199,21,220,0
2021-12-10,Siskiyou,093,43540,3482,3418,1360,4778,57
2021-12-10,Solano,095,438530,47616,46891,1352,48243,365
2021-12-10,Sonoma,097,501317,43747,43227,584,43811,407
2021-12-10,Stanislaus,099,539301,82052,82133,9302,91435,1264
2021-12-10,Sutter,101,95872,14381,14354,408,14762,187
2021-12-10,Tehama,103,63373,8868,8776,1537,10313,134
2021-12-10,Trinity,105,12862,910,819,220,1039,17
2021-12-10,Tulare,107,460477,71663,70523,16240,86763,1103
2021-12-10,Tuolumne,109,53932,7806,7760,112,7872,91
2021-12-10,Ventura,111,848112,101759,100711,4463,105174,1195
2021-12-10,Yolo,113,214977,20881,20608,1185,21793,267
2021-12-10,Yuba,115,75493,10614,10519,398,10917,92
2021-12-09,Alameda,001,1643700,124548,123572,2937,126509,1496
2021-12-09,Alpine,003,1148,106,109,0,109,0
2021-12-09,Amador,005,37829,5798,5787,71,5858,69
2021-12-09,Butte,007,227075,22058,21819,3999,25818,326
2021-12-09,Calaveras,009,45235,4518,4469,62,4531,89
2021-12-09,Colusa,011,21464,2637,2619,679,3298,21
2021-12-09,Contra Costa,013,1133247,103341,102618,2349,104967,1061
2021-12-09,Del Norte,015,27424,3805,3778,55,3833,42
2021-12-09,El Dorado,017,186661,17059,16796,1804,18600,170
2021-12-09,Fresno,019,978130,147584,145988,13198,159186,2294
2021-12-09,Glenn,021,27897,3610,3585,1047,4632,37
2021-12-09,Humboldt,023,135768,9853,9721,699,10420,118
2021-12-09,Imperial,025,180216,36178,35635,3752,39387,782
2021-12-09,Inyo,027,18085,2608,2576,39,2615,46
2021-12-09,Kern,029,883053,134035,132852,24132,156984,1854
2021-12-09,Kings,031,150075,33893,33530,2026,35556,371
2021-12-09,Lake,033,64148,6992,6932,160,7092,114
2021-12-09,Lassen,035,31185,7089,7049,425,7474,55
2021-12-09,Los Angeles,037,10098052,1486926,1474030,56563,1530593,27031
2021-12-09,Madera,039,155013,24630,24417,2324,26741,311
2021-12-09,Marin,041,260295,18537,18339,544,18883,249
2021-12-09,Mariposa,043,17540,1472,1450,61,1511,6
2021-12-09,Mendocino,045,87422,8262,8130,681,8811,95
2021-12-09,Merced,047,269075,43787,43690,2157,45847,681
2021-12-09,Modoc,049,8938,596,594,203,797,6
2021-12-09,Mono,051,14174,1948,1926,22,1948,4
2021-12-09,Monterey,053,433212,50403,49008,3301,52309,631
2021-12-09,Napa,055,140530,13538,13459,125,13584,107
2021-12-09,Nevada,057,99092,9983,9880,347,10227,106
2021-12-09,Orange,059,3164182,318319,315759,16272,332031,5805
2021-12-09,Placer,061,380077,39386,38959,3903,42862,481
2021-12-09,Plumas,063,18699,1991,1934,46,1980,12
2021-12-09,Riverside,065,2383286,380481,375649,16733,392382,5408
2021-12-09,Sacramento,067,1510023,166907,165530,5018,170548,2386
2021-12-09,San Benito,069,59416,7829,7808,182,7990,79
2021-12-09,San Bernardino,071,2135413,371891,368145,11821,379966,6007
2021-12-09,San Diego,073,3302833,394870,392274,23086,415360,4374
2021-12-09,San Francisco,075,870044,55674,54869,2438,57307,678
2021-12-09,San Joaquin,077,732212,103817,103013,5600,108613,1842
2021-12-09,San Luis Obispo,079,281455,31012,30567,1355,31922,362
2021-12-09,San Mateo,081,765935,56563,55284,991,56275,580
2021-12-09,Santa Barbara,083,443738,46695,46309,1623,47932,559
2021-12-09,Santa Clara,085,1922200,154364,152846,1673,154519,1941
2021-12-09,Santa Cruz,087,273765,21848,21557,1032,22589,225
2021-12-09,Shasta,089,179085,22807,22660,3714,26374,419
2021-12-09,Sierra,091,2930,201,199,21,220,0
2021-12-09,Siskiyou,093,43540,3478,3418,1359,4777,57
2021-12-09,Solano,095,438530,47579,46891,1350,48241,365
2021-12-09,Sonoma,097,501317,43690,43227,583,43810,407
2021-12-09,Stanislaus,099,539301,81982,82133,9287,91420,1264
2021-12-09,Sutter,101,95872,14366,14354,408,14762,187
2021-12-09,Tehama,103,63373,8861,8776,1535,10311,134
2021-12-09,Trinity,105,12862,910,819,220,1039,17
2021-12-09,Tulare,107,460477,71607,70523,16211,86734,1103
2021-12-09,Tuolumne,109,53932,7795,7760,112,7872,91
2021-12-09,Ventura,111,848112,101614,100711,4451,105162,1195
2021-12-09,Yolo,113,214977,20858,20608,1177,21785,267
2021-12-09,Yuba,115,75493,10606,10519,395,10914,92
2021-12-08,Alameda,001,1643700,124398,123438,2928,126366,1496
2021-12-08,Alpine,003,1148,106,108,0,108,0
2021-12-08,Amador,005,37829,5793,5781,71,5852,69
2021-12-08,Butte,007,227075,22041,21780,3996,25776,326
2021-12-08,Calaveras,009,45235,4510,4455,62,4517,89
2021-12-08,Colusa,011,21464,2634,2619,678,3297,21
2021-12-08,Contra Costa,013,1133247,103212,102506,2349,104855,1058
2021-12-08,Del Norte,015,27424,3804,3767,55,3822,42
2021-12-08,El Dorado,017,186661,17027,16757,1804,18561,170
2021-12-08,Fresno,019,978130,147423,145830,13184,159014,2293
2021-12-08,Glenn,021,27897,3610,3584,1043,4627,37
2021-12-08,Humboldt,023,135768,9831,9704,697,10401,117
2021-12-08,Imperial,025,180216,36098,35537,3721,39258,782
2021-12-08,Inyo,027,18085,2605,2570,39,2609,46
2021-12-08,Kern,029,883053,133912,132709,24084,156793,1846
2021-12-08,Kings,031,150075,33858,33468,2025,35493,371
2021-12-08,Lake,033,64148,6986,6927,159,7086,114
2021-12-08,Lassen,035,31185,7088,7041,423,7464,55
2021-12-08,Los Angeles,037,10098052,1485374,1472410,56452,1528862,27018
2021-12-08,Madera,039,155013,24609,24396,2317,26713,311
2021-12-08,Marin,041,260295,18516,18305,541,18846,249
2021-12-08,Mariposa,043,17540,1469,1447,61,1508,6
2021-12-08,Mendocino,045,87422,8249,8118,680,8798,95
2021-12-08,Merced,047,269075,43755,43631,2150,45781,680
2021-12-08,Modoc,049,8938,596,594,203,797,6
2021-12-08,Mono,051,14174,1942,1924,22,1946,4
2021-12-08,Monterey,053,433212,50338,48957,3286,52243,631
2021-12-08,Napa,055,140530,13524,13421,125,13546,107
2021-12-08,Nevada,057,99092,9967,9862,347,10209,106
2021-12-08,Orange,059,3164182,317969,315421,16235,331656,5795
2021-12-08,Placer,061,380077,39335,38934,3899,42833,478
2021-12-08,Plumas,063,18699,1989,1924,46,1970,12
2021-12-08,Riverside,065,2383286,379968,375099,16710,391809,5404
2021-12-08,Sacramento,067,1510023,166653,165278,4991,170269,2373
2021-12-08,San Benito,069,59416,7820,7793,182,7975,79
2021-12-08,San Bernardino,071,2135413,371414,367516,11796,379312,6006
2021-12-08,San Diego,073,3302833,394221,391676,23054,414730,4369
2021-12-08,San Francisco,075,870044,55586,54792,2430,57222,677
2021-12-08,San Joaquin,077,732212,103715,102877,5591,108468,1841
2021-12-08,San Luis Obispo,079,281455,30964,30519,1350,31869,361
2021-12-08,San Mateo,081,765935,56496,55220,985,56205,580
2021-12-08,Santa Barbara,083,443738,46640,46250,1620,47870,558
2021-12-08,Santa Clara,085,1922200,154200,152674,1662,154336,1937
2021-12-08,Santa Cruz,087,273765,21802,21505,1030,22535,224
2021-12-08,Shasta,089,179085,22787,22616,3708,26324,419
2021-12-08,Sierra,091,2930,201,199,21,220,0
2021-12-08,Siskiyou,093,43540,3477,3415,1357,4772,57
2021-12-08,Solano,095,438530,47549,46837,1349,48186,365
2021-12-08,Sonoma,097,501317,43628,43179,582,43761,405
2021-12-08,Stanislaus,099,539301,81900,82038,9274,91312,1264
2021-12-08,Sutter,101,95872,14350,14336,406,14742,187
2021-12-08,Tehama,103,63373,8852,8768,1535,10303,133
2021-12-08,Trinity,105,12862,910,818,220,1038,17
2021-12-08,Tulare,107,460477,71544,70472,16186,86658,1102
2021-12-08,Tuolumne,109,53932,7782,7749,112,7861,91
2021-12-08,Ventura,111,848112,101485,100647,4448,105095,1194
2021-12-08,Yolo,113,214977,20832,20575,1171,21746,267
2021-12-08,Yuba,115,75493,10592,10499,392,10891,92
2021-12-07,Alameda,001,1643700,124223,123325,2920,126245,1497
2021-12-07,Alpine,003,1148,106,108,0,108,0
2021-12-07,Amador,005,37829,5790,5778,70,5848,69
2021-12-07,Butte,007,227075,22016,21761,3990,25751,324
2021-12-07,Calaveras,009,45235,4493,4445,62,4507,88
2021-12-07,Colusa,011,21464,2632,2619,678,3297,21
2021-12-07,Contra Costa,013,1133247,103093,102421,2341,104762,1058
2021-12-07,Del Norte,015,27424,3803,3766,55,3821,42
2021-12-07,El Dorado,017,186661,17001,16742,1801,18543,170
2021-12-07,Fresno,019,978130,147275,145715,13170,158885,2289
2021-12-07,Glenn,021,27897,3609,3579,1043,4622,36
2021-12-07,Humboldt,023,135768,9805,9693,692,10385,117
2021-12-07,Imperial,025,180216,36020,35502,3700,39202,778
2021-12-07,Inyo,027,18085,2602,2567,39,2606,46
2021-12-07,Kern,029,883053,133752,132564,24031,156595,1838
2021-12-07,Kings,031,150075,33826,33441,2022,35463,372
2021-12-07,Lake,033,64148,6981,6925,159,7084,113
2021-12-07,Lassen,035,31185,7086,7040,422,7462,55
2021-12-07,Los Angeles,037,10098052,1483588,1470904,56351,1527255,27007
2021-12-07,Madera,039,155013,24586,24367,2310,26677,311
2021-12-07,Marin,041,260295,18483,18284,535,18819,249
2021-12-07,Mariposa,043,17540,1467,1446,61,1507,6
2021-12-07,Mendocino,045,87422,8230,8107,680,8787,95
2021-12-07,Merced,047,269075,43714,43600,2143,45743,675
2021-12-07,Modoc,049,8938,596,594,202,796,6
2021-12-07,Mono,051,14174,1940,1921,22,1943,4
2021-12-07,Monterey,053,433212,50255,48880,3269,52149,631
2021-12-07,Napa,055,140530,13506,13409,125,13534,107
2021-12-07,Nevada,057,99092,9952,9858,346,10204,105
2021-12-07,Orange,059,3164182,317636,315138,16186,331324,5784
2021-12-07,Placer,061,380077,39259,38860,3895,42755,474
2021-12-07,Plumas,063,18699,1985,1915,46,1961,12
2021-12-07,Riverside,065,2383286,379435,374552,16694,391246,5397
2021-12-07,Sacramento,067,1510023,166406,165148,4977,170125,2375
2021-12-07,San Benito,069,59416,7803,7776,182,7958,78
2021-12-07,San Bernardino,071,2135413,370828,366981,11778,378759,6007
2021-12-07,San Diego,073,3302833,393378,391110,23016,414126,4357
2021-12-07,San Francisco,075,870044,55475,54729,2425,57154,676
2021-12-07,San Joaquin,077,732212,103597,102797,5579,108376,1839
2021-12-07,San Luis Obispo,079,281455,30924,30495,1348,31843,361
2021-12-07,San Mateo,081,765935,56404,55163,979,56142,580
2021-12-07,Santa Barbara,083,443738,46568,46205,1618,47823,556
2021-12-07,Santa Clara,085,1922200,154014,152465,1653,154118,1941
2021-12-07,Santa Cruz,087,273765,21755,21493,1030,22523,224
2021-12-07,Shasta,089,179085,22765,22594,3705,26299,418
2021-12-07,Sierra,091,2930,201,199,21,220,0
2021-12-07,Siskiyou,093,43540,3475,3412,1357,4769,57
2021-12-07,Solano,095,438530,47509,46812,1347,48159,365
2021-12-07,Sonoma,097,501317,43554,43154,581,43735,405
2021-12-07,Stanislaus,099,539301,81823,81980,9263,91243,1258
2021-12-07,Sutter,101,95872,14342,14322,405,14727,186
2021-12-07,Tehama,103,63373,8844,8765,1534,10299,133
2021-12-07,Trinity,105,12862,910,818,220,1038,17
2021-12-07,Tulare,107,460477,71488,70411,16158,86569,1103
2021-12-07,Tuolumne,109,53932,7774,7743,112,7855,91
2021-12-07,Ventura,111,848112,101388,100569,4438,105007,1194
2021-12-07,Yolo,113,214977,20806,20560,1168,21728,263
2021-12-07,Yuba,115,75493,10574,10491,391,10882,91
2021-12-06,Alameda,001,1643700,124058,123227,2917,126144,1496
2021-12-06,Alpine,003,1148,106,108,0,108,0
2021-12-06,Amador,005,37829,5783,5769,69,5838,67
2021-12-06,Butte,007,227075,21998,21732,3987,25719,321
2021-12-06,Calaveras,009,45235,4486,4443,62,4505,88
2021-12-06,Colusa,011,21464,2631,2615,674,3289,21
2021-12-06,Contra Costa,013,1133247,102972,102327,2337,104664,1058
2021-12-06,Del Norte,015,27424,3801,3744,55,3799,42
2021-12-06,El Dorado,017,186661,16976,16726,1799,18525,168
2021-12-06,Fresno,019,978130,147077,145539,13160,158699,2285
2021-12-06,Glenn,021,27897,3606,3577,1042,4619,36
2021-12-06,Humboldt,023,135768,9785,9671,685,10356,117
2021-12-06,Imperial,025,180216,35939,35453,3682,39135,778
2021-12-06,Inyo,027,18085,2596,2562,38,2600,46
2021-12-06,Kern,029,883053,133565,132366,23975,156341,1835
2021-12-06,Kings,031,150075,33793,33399,2017,35416,368
2021-12-06,Lake,033,64148,6977,6922,159,7081,113
2021-12-06,Lassen,035,31185,7081,7032,420,7452,51
2021-12-06,Los Angeles,037,10098052,1481923,1470059,56259,1526318,26993
2021-12-06,Madera,039,155013,24559,24334,2307,26641,307
2021-12-06,Marin,041,260295,18455,18252,533,18785,249
2021-12-06,Mariposa,043,17540,1464,1443,61,1504,6
2021-12-06,Mendocino,045,87422,8217,8079,676,8755,95
2021-12-06,Merced,047,269075,43674,43549,2133,45682,672
2021-12-06,Modoc,049,8938,596,593,202,795,6
2021-12-06,Mono,051,14174,1935,1913,22,1935,4
2021-12-06,Monterey,053,433212,50178,48831,3250,52081,626
2021-12-06,Napa,055,140530,13483,13387,123,13510,107
2021-12-06,Nevada,057,99092,9924,9847,345,10192,105
2021-12-06,Orange,059,3164182,317255,314859,16144,331003,5771
2021-12-06,Placer,061,380077,39201,38785,3890,42675,473
2021-12-06,Plumas,063,18699,1977,1913,46,1959,10
2021-12-06,Riverside,065,2383286,378910,374116,16680,390796,5388
2021-12-06,Sacramento,067,1510023,166129,164926,4956,169882,2367
2021-12-06,San Benito,069,59416,7787,7755,182,7937,78
2021-12-06,San Bernardino,071,2135413,370266,366606,11751,378357,5998
2021-12-06,San Diego,073,3302833,392533,390389,22970,413359,4352
2021-12-06,San Francisco,075,870044,55367,54659,2420,57079,674
2021-12-06,San Joaquin,077,732212,103470,102728,5572,108300,1837
2021-12-06,San Luis Obispo,079,281455,30887,30464,1346,31810,361
2021-12-06,San Mateo,081,765935,56330,55112,976,56088,580
2021-12-06,Santa Barbara,083,443738,46475,46146,1617,47763,556
2021-12-06,Santa Clara,085,1922200,153805,152310,1636,153946,1937
2021-12-06,Santa Cruz,087,273765,21720,21450,1027,22477,224
2021-12-06,Shasta,089,179085,22742,22556,3697,26253,416
2021-12-06,Sierra,091,2930,200,198,21,219,0
2021-12-06,Siskiyou,093,43540,3473,3409,1352,4761,57
2021-12-06,Solano,095,438530,47464,46748,1346,48094,360
2021-12-06,Sonoma,097,501317,43484,43114,573,43687,405
2021-12-06,Stanislaus,099,539301,81729,81889,9229,91118,1241
2021-12-06,Sutter,101,95872,14330,14319,405,14724,186
2021-12-06,Tehama,103,63373,8836,8760,1534,10294,133
2021-12-06,Trinity,105,12862,910,815,219,1034,17
2021-12-06,Tulare,107,460477,71411,70285,16119,86404,1101
2021-12-06,Tuolumne,109,53932,7760,7726,112,7838,91
2021-12-06,Ventura,111,848112,101286,100426,4430,104856,1194
2021-12-06,Yolo,113,214977,20782,20548,1167,21715,263
2021-12-06,Yuba,115,75493,10559,10480,386,10866,91
2021-12-05,Alameda,001,1643700,123873,123104,2910,126014,1496
2021-12-05,Alpine,003,1148,105,108,0,108,0
2021-12-05,Amador,005,37829,5780,5761,69,5830,67
2021-12-05,Butte,007,227075,21965,21720,3981,25701,320
2021-12-05,Calaveras,009,45235,4469,4434,62,4496,88
2021-12-05,Colusa,011,21464,2630,2615,673,3288,21
2021-12-05,Contra Costa,013,1133247,102840,102251,2327,104578,1058
2021-12-05,Del Norte,015,27424,3799,3751,55,3806,42
2021-12-05,El Dorado,017,186661,16938,16717,1794,18511,168
2021-12-05,Fresno,019,978130,146903,145452,13139,158591,2284
2021-12-05,Glenn,021,27897,3604,3577,1041,4618,36
2021-12-05,Humboldt,023,135768,9755,9662,682,10344,117
2021-12-05,Imperial,025,180216,35845,35422,3653,39075,778
2021-12-05,Inyo,027,18085,2589,2559,38,2597,46
2021-12-05,Kern,029,883053,133401,132286,23923,156209,1833
2021-12-05,Kings,031,150075,33730,33360,2017,35377,369
2021-12-05,Lake,033,64148,6972,6919,158,7077,113
2021-12-05,Lassen,035,31185,7079,7031,420,7451,51
2021-12-05,Los Angeles,037,10098052,1480075,1468937,56121,1525058,26991
2021-12-05,Madera,039,155013,24518,24311,2304,26615,307
2021-12-05,Marin,041,260295,18408,18216,525,18741,249
2021-12-05,Mariposa,043,17540,1461,1440,60,1500,6
2021-12-05,Mendocino,045,87422,8198,8069,670,8739,95
2021-12-05,Merced,047,269075,43629,43534,2124,45658,672
2021-12-05,Modoc,049,8938,596,593,202,795,6
2021-12-05,Mono,051,14174,1928,1907,22,1929,4
2021-12-05,Monterey,053,433212,50106,48813,3218,52031,626
2021-12-05,Napa,055,140530,13457,13382,120,13502,107
2021-12-05,Nevada,057,99092,9903,9827,345,10172,105
2021-12-05,Orange,059,3164182,316820,314560,16102,330662,5771
2021-12-05,Placer,061,380077,39143,38738,3881,42619,473
2021-12-05,Plumas,063,18699,1973,1913,45,1958,9
2021-12-05,Riverside,065,2383286,378253,373827,16650,390477,5388
2021-12-05,Sacramento,067,1510023,165824,164721,4938,169659,2367
2021-12-05,San Benito,069,59416,7770,7748,181,7929,78
2021-12-05,San Bernardino,071,2135413,369560,366282,11704,377986,5998
2021-12-05,San Diego,073,3302833,391739,387979,22920,410899,4351
2021-12-05,San Francisco,075,870044,55266,54603,2418,57021,674
2021-12-05,San Joaquin,077,732212,103329,102698,5567,108265,1837
2021-12-05,San Luis Obispo,079,281455,30817,30454,1343,31797,360
2021-12-05,San Mateo,081,765935,56241,55050,966,56016,580
2021-12-05,Santa Barbara,083,443738,46392,46097,1609,47706,555
2021-12-05,Santa Clara,085,1922200,153552,152114,1617,153731,1933
2021-12-05,Santa Cruz,087,273765,21670,21424,1027,22451,224
2021-12-05,Shasta,089,179085,22685,22550,3696,26246,416
2021-12-05,Sierra,091,2930,200,198,21,219,0
2021-12-05,Siskiyou,093,43540,3471,3409,1351,4760,57
2021-12-05,Solano,095,438530,47401,46715,1344,48059,360
2021-12-05,Sonoma,097,501317,43407,43038,568,43606,405
2021-12-05,Stanislaus,099,539301,81596,81847,9219,91066,1241
2021-12-05,Sutter,101,95872,14307,14303,400,14703,186
2021-12-05,Tehama,103,63373,8828,8755,1533,10288,133
2021-12-05,Trinity,105,12862,909,815,219,1034,17
2021-12-05,Tulare,107,460477,71330,70254,16071,86325,1102
2021-12-05,Tuolumne,109,53932,7747,7718,112,7830,91
2021-12-05,Ventura,111,848112,101150,100367,4417,104784,1194
2021-12-05,Yolo,113,214977,20740,20512,1165,21677,263
2021-12-05,Yuba,115,75493,10546,10467,379,10846,91
2021-12-04,Alameda,001,1643700,123760,122508,2906,125414,1494
2021-12-04,Alpine,003,1148,105,108,0,108,0
2021-12-04,Amador,005,37829,5777,5729,69,5798,67
2021-12-04,Butte,007,227075,21946,21638,3977,25615,318
2021-12-04,Calaveras,009,45235,4461,4392,61,4453,88
2021-12-04,Colusa,011,21464,2630,2600,671,3271,21
2021-12-04,Contra Costa,013,1133247,102768,101824,2321,104145,1056
2021-12-04,Del Norte,015,27424,3796,3726,55,3781,42
2021-12-04,El Dorado,017,186661,16929,16621,1793,18414,168
2021-12-04,Fresno,019,978130,146814,144734,13130,157864,2270
2021-12-04,Glenn,021,27897,3604,3559,1041,4600,36
2021-12-04,Humboldt,023,135768,9740,9596,678,10274,117
2021-12-04,Imperial,025,180216,35792,35206,3640,38846,776
2021-12-04,Inyo,027,18085,2584,2538,38,2576,46
2021-12-04,Kern,029,883053,133321,131771,23900,155671,1817
2021-12-04,Kings,031,150075,33706,33183,2016,35199,367
2021-12-04,Lake,033,64148,6963,6903,158,7061,113
2021-12-04,Lassen,035,31185,7078,7014,418,7432,51
2021-12-04,Los Angeles,037,10098052,1479198,1463270,56044,1519314,26952
2021-12-04,Madera,039,155013,24504,24188,2300,26488,307
2021-12-04,Marin,041,260295,18387,18075,524,18599,249
2021-12-04,Mariposa,043,17540,1457,1421,60,1481,6
2021-12-04,Mendocino,045,87422,8193,7981,670,8651,91
2021-12-04,Merced,047,269075,43602,43337,2122,45459,671
2021-12-04,Modoc,049,8938,596,591,202,793,6
2021-12-04,Mono,051,14174,1928,1883,22,1905,4
2021-12-04,Monterey,053,433212,50074,48682,3211,51893,626
2021-12-04,Napa,055,140530,13447,13327,119,13446,106
2021-12-04,Nevada,057,99092,9895,9752,345,10097,105
2021-12-04,Orange,059,3164182,316589,313112,16076,329188,5748
2021-12-04,Placer,061,380077,39103,38460,3875,42335,473
2021-12-04,Plumas,063,18699,1970,1903,45,1948,7
2021-12-04,Riverside,065,2383286,377894,371768,16644,388412,5381
2021-12-04,Sacramento,067,1510023,165680,163900,4930,168830,2365
2021-12-04,San Benito,069,59416,7744,7688,181,7869,78
2021-12-04,San Bernardino,071,2135413,369170,364154,11691,375845,5983
2021-12-04,San Diego,073,3302833,391259,386710,22890,409600,4350
2021-12-04,San Francisco,075,870044,55198,54286,2415,56701,674
2021-12-04,San Joaquin,077,732212,103275,102286,5565,107851,1835
2021-12-04,San Luis Obispo,079,281455,30796,30318,1339,31657,360
2021-12-04,San Mateo,081,765935,56192,54774,963,55737,579
2021-12-04,Santa Barbara,083,443738,46347,45774,1609,47383,555
2021-12-04,Santa Clara,085,1922200,153398,151275,1603,152878,1928
2021-12-04,Santa Cruz,087,273765,21644,21286,1026,22312,224
2021-12-04,Shasta,089,179085,22668,22418,3694,26112,414
2021-12-04,Sierra,091,2930,200,196,21,217,0
2021-12-04,Siskiyou,093,43540,3469,3398,1351,4749,57
2021-12-04,Solano,095,438530,47381,46529,1343,47872,360
2021-12-04,Sonoma,097,501317,43362,42778,565,43343,405
2021-12-04,Stanislaus,099,539301,81525,81462,9212,90674,1231
2021-12-04,Sutter,101,95872,14299,14258,399,14657,186
2021-12-04,Tehama,103,63373,8826,8742,1533,10275,131
2021-12-04,Trinity,105,12862,908,801,219,1020,17
2021-12-04,Tulare,107,460477,71292,70014,16043,86057,1100
2021-12-04,Tuolumne,109,53932,7742,7676,112,7788,91
2021-12-04,Ventura,111,848112,101059,99751,4413,104164,1192
2021-12-04,Yolo,113,214977,20717,20442,1163,21605,261
2021-12-04,Yuba,115,75493,10535,10418,378,10796,91
2021-12-03,Alameda,001,1643700,123667,122508,2896,125404,1494
2021-12-03,Alpine,003,1148,105,108,0,108,0
2021-12-03,Amador,005,37829,5772,5729,68,5797,67
2021-12-03,Butte,007,227075,21933,21638,3972,25610,318
2021-12-03,Calaveras,009,45235,4452,4392,61,4453,88
2021-12-03,Colusa,011,21464,2628,2600,671,3271,21
2021-12-03,Contra Costa,013,1133247,102695,101824,2315,104139,1056
2021-12-03,Del Norte,015,27424,3794,3726,55,3781,42
2021-12-03,El Dorado,017,186661,16899,16621,1791,18412,168
2021-12-03,Fresno,019,978130,146700,144734,13127,157861,2270
2021-12-03,Glenn,021,27897,3603,3559,1040,4599,36
2021-12-03,Humboldt,023,135768,9723,9596,676,10272,117
2021-12-03,Imperial,025,180216,35750,35206,3610,38816,776
2021-12-03,Inyo,027,18085,2577,2538,38,2576,46
2021-12-03,Kern,029,883053,133249,131771,23865,155636,1817
2021-12-03,Kings,031,150075,33679,33183,2016,35199,367
2021-12-03,Lake,033,64148,6963,6903,158,7061,113
2021-12-03,Lassen,035,31185,7076,7014,417,7431,51
2021-12-03,Los Angeles,037,10098052,1478256,1463270,55965,1519235,26952
2021-12-03,Madera,039,155013,24478,24188,2296,26484,307
2021-12-03,Marin,041,260295,18354,18075,520,18595,249
2021-12-03,Mariposa,043,17540,1455,1421,60,1481,6
2021-12-03,Mendocino,045,87422,8186,7981,670,8651,91
2021-12-03,Merced,047,269075,43579,43337,2119,45456,671
2021-12-03,Modoc,049,8938,596,591,202,793,6
2021-12-03,Mono,051,14174,1922,1883,22,1905,4
2021-12-03,Monterey,053,433212,50035,48682,3200,51882,626
2021-12-03,Napa,055,140530,13435,13327,119,13446,106
2021-12-03,Nevada,057,99092,9884,9752,345,10097,105
2021-12-03,Orange,059,3164182,316318,313112,16044,329156,5748
2021-12-03,Placer,061,380077,39066,38460,3868,42328,473
2021-12-03,Plumas,063,18699,1967,1903,45,1948,7
2021-12-03,Riverside,065,2383286,377501,371768,16638,388406,5381
2021-12-03,Sacramento,067,1510023,165500,163900,4916,168816,2365
2021-12-03,San Benito,069,59416,7737,7688,181,7869,78
2021-12-03,San Bernardino,071,2135413,368723,364154,11680,375834,5983
2021-12-03,San Diego,073,3302833,390783,386710,22866,409576,4350
2021-12-03,San Francisco,075,870044,55128,54286,2411,56697,674
2021-12-03,San Joaquin,077,732212,103219,102286,5564,107850,1835
2021-12-03,San Luis Obispo,079,281455,30770,30318,1336,31654,360
2021-12-03,San Mateo,081,765935,56127,54774,960,55734,579
2021-12-03,Santa Barbara,083,443738,46311,45774,1609,47383,555
2021-12-03,Santa Clara,085,1922200,153216,151275,1588,152863,1928
2021-12-03,Santa Cruz,087,273765,21617,21286,1026,22312,224
2021-12-03,Shasta,089,179085,22653,22418,3694,26112,414
2021-12-03,Sierra,091,2930,200,196,21,217,0
2021-12-03,Siskiyou,093,43540,3466,3398,1349,4747,57
2021-12-03,Solano,095,438530,47339,46529,1342,47871,360
2021-12-03,Sonoma,097,501317,43326,42778,563,43341,405
2021-12-03,Stanislaus,099,539301,81468,81462,9203,90665,1231
2021-12-03,Sutter,101,95872,14286,14258,397,14655,186
2021-12-03,Tehama,103,63373,8825,8742,1532,10274,131
2021-12-03,Trinity,105,12862,908,801,219,1020,17
2021-12-03,Tulare,107,460477,71253,70014,16012,86026,1100
2021-12-03,Tuolumne,109,53932,7733,7676,112,7788,91
2021-12-03,Ventura,111,848112,100973,99751,4406,104157,1192
2021-12-03,Yolo,113,214977,20700,20442,1162,21604,261
2021-12-03,Yuba,115,75493,10527,10418,378,10796,91
2021-12-02,Alameda,001,1643700,123509,122508,2888,125396,1494
2021-12-02,Alpine,003,1148,105,108,0,108,0
2021-12-02,Amador,005,37829,5767,5729,67,5796,67
2021-12-02,Butte,007,227075,21908,21638,3968,25606,318
2021-12-02,Calaveras,009,45235,4442,4392,60,4452,88
2021-12-02,Colusa,011,21464,2627,2600,671,3271,21
2021-12-02,Contra Costa,013,1133247,102581,101824,2311,104135,1056
2021-12-02,Del Norte,015,27424,3786,3726,55,3781,42
2021-12-02,El Dorado,017,186661,16878,16621,1789,18410,168
2021-12-02,Fresno,019,978130,146531,144734,13115,157849,2270
2021-12-02,Glenn,021,27897,3603,3559,1037,4596,36
2021-12-02,Humboldt,023,135768,9704,9596,675,10271,117
2021-12-02,Imperial,025,180216,35682,35206,3588,38794,776
2021-12-02,Inyo,027,18085,2572,2538,38,2576,46
2021-12-02,Kern,029,883053,133078,131771,23813,155584,1817
2021-12-02,Kings,031,150075,33626,33183,2014,35197,367
2021-12-02,Lake,033,64148,6959,6903,158,7061,113
2021-12-02,Lassen,035,31185,7072,7014,417,7431,51
2021-12-02,Los Angeles,037,10098052,1476738,1463270,55877,1519147,26952
2021-12-02,Madera,039,155013,24441,24188,2287,26475,307
2021-12-02,Marin,041,260295,18323,18075,516,18591,249
2021-12-02,Mariposa,043,17540,1453,1421,60,1481,6
2021-12-02,Mendocino,045,87422,8170,7981,669,8650,91
2021-12-02,Merced,047,269075,43533,43337,2114,45451,671
2021-12-02,Modoc,049,8938,595,591,202,793,6
2021-12-02,Mono,051,14174,1916,1883,22,1905,4
2021-12-02,Monterey,053,433212,49959,48682,3178,51860,626
2021-12-02,Napa,055,140530,13422,13327,119,13446,106
2021-12-02,Nevada,057,99092,9866,9752,344,10096,105
2021-12-02,Orange,059,3164182,315973,313112,16007,329119,5748
2021-12-02,Placer,061,380077,39001,38460,3863,42323,473
2021-12-02,Plumas,063,18699,1964,1903,45,1948,7
2021-12-02,Riverside,065,2383286,376975,371768,16628,388396,5381
2021-12-02,Sacramento,067,1510023,165272,163900,4906,168806,2365
2021-12-02,San Benito,069,59416,7717,7688,181,7869,78
2021-12-02,San Bernardino,071,2135413,368176,364154,11660,375814,5983
2021-12-02,San Diego,073,3302833,390142,386710,22811,409521,4350
2021-12-02,San Francisco,075,870044,55033,54286,2406,56692,674
2021-12-02,San Joaquin,077,732212,103105,102286,5559,107845,1835
2021-12-02,San Luis Obispo,079,281455,30736,30318,1329,31647,360
2021-12-02,San Mateo,081,765935,56046,54774,952,55726,579
2021-12-02,Santa Barbara,083,443738,46230,45774,1606,47380,555
2021-12-02,Santa Clara,085,1922200,152970,151275,1571,152846,1928
2021-12-02,Santa Cruz,087,273765,21566,21286,1025,22311,224
2021-12-02,Shasta,089,179085,22620,22418,3693,26111,414
2021-12-02,Sierra,091,2930,200,196,21,217,0
2021-12-02,Siskiyou,093,43540,3465,3398,1342,4740,57
2021-12-02,Solano,095,438530,47289,46529,1340,47869,360
2021-12-02,Sonoma,097,501317,43252,42778,563,43341,405
2021-12-02,Stanislaus,099,539301,81376,81462,9195,90657,1231
2021-12-02,Sutter,101,95872,14273,14258,394,14652,186
2021-12-02,Tehama,103,63373,8818,8742,1530,10272,131
2021-12-02,Trinity,105,12862,908,801,219,1020,17
2021-12-02,Tulare,107,460477,71166,70014,15962,85976,1100
2021-12-02,Tuolumne,109,53932,7718,7676,111,7787,91
2021-12-02,Ventura,111,848112,100848,99751,4404,104155,1192
2021-12-02,Yolo,113,214977,20676,20442,1158,21600,261
2021-12-02,Yuba,115,75493,10511,10418,375,10793,91
2021-12-01,Alameda,001,1643700,123358,122298,2878,125176,1492
2021-12-01,Alpine,003,1148,105,108,0,108,0
2021-12-01,Amador,005,37829,5760,5723,67,5790,67
2021-12-01,Butte,007,227075,21890,21600,3963,25563,318
2021-12-01,Calaveras,009,45235,4437,4371,60,4431,88
2021-12-01,Colusa,011,21464,2620,2595,669,3264,20
2021-12-01,Contra Costa,013,1133247,102473,101651,2301,103952,1048
2021-12-01,Del Norte,015,27424,3784,3722,55,3777,42
2021-12-01,El Dorado,017,186661,16857,16575,1787,18362,166
2021-12-01,Fresno,019,978130,146324,144507,13107,157614,2264
2021-12-01,Glenn,021,27897,3596,3556,1036,4592,36
2021-12-01,Humboldt,023,135768,9680,9573,670,10243,117
2021-12-01,Imperial,025,180216,35602,35085,3561,38646,776
2021-12-01,Inyo,027,18085,2568,2533,38,2571,46
2021-12-01,Kern,029,883053,132931,131580,23758,155338,1804
2021-12-01,Kings,031,150075,33576,33112,2013,35125,364
2021-12-01,Lake,033,64148,6951,6896,157,7053,112
2021-12-01,Lassen,035,31185,7067,7008,415,7423,51
2021-12-01,Los Angeles,037,10098052,1475147,1461394,55782,1517176,26928
2021-12-01,Madera,039,155013,24410,24134,2278,26412,307
2021-12-01,Marin,041,260295,18285,18038,510,18548,249
2021-12-01,Mariposa,043,17540,1449,1415,60,1475,6
2021-12-01,Mendocino,045,87422,8156,7966,664,8630,90
2021-12-01,Merced,047,269075,43477,43259,2093,45352,670
2021-12-01,Modoc,049,8938,595,576,202,778,5
2021-12-01,Mono,051,14174,1911,1876,22,1898,4
2021-12-01,Monterey,053,433212,49910,48611,3169,51780,626
2021-12-01,Napa,055,140530,13405,13319,116,13435,107
2021-12-01,Nevada,057,99092,9853,9706,344,10050,105
2021-12-01,Orange,059,3164182,315608,312772,15970,328742,5735
2021-12-01,Placer,061,380077,38946,38373,3857,42230,472
2021-12-01,Plumas,063,18699,1960,1893,45,1938,7
2021-12-01,Riverside,065,2383286,376450,371189,16611,387800,5369
2021-12-01,Sacramento,067,1510023,165059,163616,4889,168505,2360
2021-12-01,San Benito,069,59416,7703,7669,181,7850,78
2021-12-01,San Bernardino,071,2135413,367587,363368,11634,375002,5973
2021-12-01,San Diego,073,3302833,389345,386056,22755,408811,4346
2021-12-01,San Francisco,075,870044,54951,54199,2399,56598,672
2021-12-01,San Joaquin,077,732212,102997,102109,5558,107667,1834
2021-12-01,San Luis Obispo,079,281455,30694,30238,1325,31563,360
2021-12-01,San Mateo,081,765935,55965,54711,949,55660,579
2021-12-01,Santa Barbara,083,443738,46160,45681,1604,47285,554
2021-12-01,Santa Clara,085,1922200,152750,150961,1554,152515,1925
2021-12-01,Santa Cruz,087,273765,21537,21191,1024,22215,224
2021-12-01,Shasta,089,179085,22589,22375,3687,26062,410
2021-12-01,Sierra,091,2930,200,195,21,216,0
2021-12-01,Siskiyou,093,43540,3462,3391,1342,4733,55
2021-12-01,Solano,095,438530,47244,46485,1340,47825,360
2021-12-01,Sonoma,097,501317,43176,42713,562,43275,405
2021-12-01,Stanislaus,099,539301,81283,81330,9182,90512,1231
2021-12-01,Sutter,101,95872,14258,14229,393,14622,186
2021-12-01,Tehama,103,63373,8808,8728,1530,10258,130
2021-12-01,Trinity,105,12862,903,801,219,1020,17
2021-12-01,Tulare,107,460477,71090,69953,15922,85875,1098
2021-12-01,Tuolumne,109,53932,7710,7655,111,7766,91
2021-12-01,Ventura,111,848112,100742,99680,4393,104073,1191
2021-12-01,Yolo,113,214977,20648,20393,1158,21551,260
2021-12-01,Yuba,115,75493,10500,10401,375,10776,89
2021-11-30,Alameda,001,1643700,123187,122196,2869,125065,1489
2021-11-30,Alpine,003,1148,105,108,0,108,0
2021-11-30,Amador,005,37829,5752,5716,67,5783,66
2021-11-30,Butte,007,227075,21861,21565,3952,25517,318
2021-11-30,Calaveras,009,45235,4419,4360,60,4420,88
2021-11-30,Colusa,011,21464,2619,2592,669,3261,21
2021-11-30,Contra Costa,013,1133247,102337,101538,2294,103832,1046
2021-11-30,Del Norte,015,27424,3778,3718,55,3773,42
2021-11-30,El Dorado,017,186661,16829,16558,1781,18339,166
2021-11-30,Fresno,019,978130,146123,144384,13099,157483,2259
2021-11-30,Glenn,021,27897,3592,3555,1035,4590,36
2021-11-30,Humboldt,023,135768,9649,9539,664,10203,116
2021-11-30,Imperial,025,180216,35494,34999,3534,38533,773
2021-11-30,Inyo,027,18085,2559,2530,38,2568,46
2021-11-30,Kern,029,883053,132760,131451,23701,155152,1799
2021-11-30,Kings,031,150075,33524,33074,2009,35083,362
2021-11-30,Lake,033,64148,6945,6892,155,7047,110
2021-11-30,Lassen,035,31185,7063,7003,414,7417,51
2021-11-30,Los Angeles,037,10098052,1473354,1460177,55682,1515859,26913
2021-11-30,Madera,039,155013,24376,24108,2273,26381,307
2021-11-30,Marin,041,260295,18241,18010,508,18518,249
2021-11-30,Mariposa,043,17540,1443,1412,60,1472,6
2021-11-30,Mendocino,045,87422,8127,7960,658,8618,89
2021-11-30,Merced,047,269075,43409,43200,2085,45285,668
2021-11-30,Modoc,049,8938,594,576,202,778,5
2021-11-30,Mono,051,14174,1908,1873,22,1895,4
2021-11-30,Monterey,053,433212,49847,48581,3159,51740,626
2021-11-30,Napa,055,140530,13385,13308,116,13424,105
2021-11-30,Nevada,057,99092,9837,9699,343,10042,105
2021-11-30,Orange,059,3164182,315187,312451,15928,328379,5724
2021-11-30,Placer,061,380077,38843,38324,3849,42173,470
2021-11-30,Plumas,063,18699,1955,1887,44,1931,7
2021-11-30,Riverside,065,2383286,375764,370739,16586,387325,5358
2021-11-30,Sacramento,067,1510023,164779,163420,4867,168287,2353
2021-11-30,San Benito,069,59416,7681,7645,180,7825,78
2021-11-30,San Bernardino,071,2135413,366911,363006,11611,374617,5967
2021-11-30,San Diego,073,3302833,388416,385405,22708,408113,4340
2021-11-30,San Francisco,075,870044,54845,54147,2390,56537,672
2021-11-30,San Joaquin,077,732212,102871,101972,5550,107522,1834
2021-11-30,San Luis Obispo,079,281455,30669,30200,1323,31523,360
2021-11-30,San Mateo,081,765935,55860,54656,939,55595,579
2021-11-30,Santa Barbara,083,443738,46064,45628,1598,47226,553
2021-11-30,Santa Clara,085,1922200,152491,150799,1536,152335,1929
2021-11-30,Santa Cruz,087,273765,21479,21169,1020,22189,224
2021-11-30,Shasta,089,179085,22559,22347,3684,26031,401
2021-11-30,Sierra,091,2930,197,195,21,216,0
2021-11-30,Siskiyou,093,43540,3458,3385,1339,4724,55
2021-11-30,Solano,095,438530,47181,46434,1334,47768,358
2021-11-30,Sonoma,097,501317,43097,42663,560,43223,405
2021-11-30,Stanislaus,099,539301,81183,81276,9155,90431,1227
2021-11-30,Sutter,101,95872,14247,14210,390,14600,186
2021-11-30,Tehama,103,63373,8801,8727,1529,10256,130
2021-11-30,Trinity,105,12862,902,799,219,1018,17
2021-11-30,Tulare,107,460477,71003,69900,15877,85777,1099
2021-11-30,Tuolumne,109,53932,7695,7643,111,7754,91
2021-11-30,Ventura,111,848112,100588,99601,4382,103983,1191
2021-11-30,Yolo,113,214977,20606,20376,1152,21528,260
2021-11-30,Yuba,115,75493,10481,10398,370,10768,89
2021-11-29,Alameda,001,1643700,123029,122136,2860,124996,1489
2021-11-29,Alpine,003,1148,105,108,0,108,0
2021-11-29,Amador,005,37829,5745,5706,67,5773,66
2021-11-29,Butte,007,227075,21830,21544,3944,25488,314
2021-11-29,Calaveras,009,45235,4403,4353,60,4413,88
2021-11-29,Colusa,011,21464,2617,2585,666,3251,20
2021-11-29,Contra Costa,013,1133247,102188,101441,2286,103727,1046
2021-11-29,Del Norte,015,27424,3775,3704,55,3759,42
2021-11-29,El Dorado,017,186661,16811,16534,1776,18310,166
2021-11-29,Fresno,019,978130,145917,144282,13076,157358,2254
2021-11-29,Glenn,021,27897,3589,3555,1034,4589,36
2021-11-29,Humboldt,023,135768,9632,9514,657,10171,115
2021-11-29,Imperial,025,180216,35429,34960,3513,38473,773
2021-11-29,Inyo,027,18085,2554,2529,38,2567,46
2021-11-29,Kern,029,883053,132576,131362,23660,155022,1789
2021-11-29,Kings,031,150075,33471,33059,2005,35064,363
2021-11-29,Lake,033,64148,6933,6889,155,7044,110
2021-11-29,Lassen,035,31185,7060,7003,412,7415,51
2021-11-29,Los Angeles,037,10098052,1471508,1459446,55596,1515042,26889
2021-11-29,Madera,039,155013,24340,24069,2265,26334,307
2021-11-29,Marin,041,260295,18194,17980,503,18483,249
2021-11-29,Mariposa,043,17540,1435,1409,60,1469,6
2021-11-29,Mendocino,045,87422,8110,7954,654,8608,89
2021-11-29,Merced,047,269075,43335,43167,2077,45244,667
2021-11-29,Modoc,049,8938,593,569,202,771,5
2021-11-29,Mono,051,14174,1891,1859,22,1881,4
2021-11-29,Monterey,053,433212,49786,48548,3143,51691,626
2021-11-29,Napa,055,140530,13375,13304,116,13420,104
2021-11-29,Nevada,057,99092,9823,9689,343,10032,105
2021-11-29,Orange,059,3164182,314784,312203,15882,328085,5709
2021-11-29,Placer,061,380077,38778,38261,3844,42105,470
2021-11-29,Plumas,063,18699,1952,1884,44,1928,7
2021-11-29,Riverside,065,2383286,375226,370334,16575,386909,5358
2021-11-29,Sacramento,067,1510023,164532,163282,4835,168117,2342
2021-11-29,San Benito,069,59416,7662,7631,179,7810,77
2021-11-29,San Bernardino,071,2135413,366307,362694,11577,374271,5962
2021-11-29,San Diego,073,3302833,387528,384853,22674,407527,4335
2021-11-29,San Francisco,075,870044,54746,54125,2386,56511,669
2021-11-29,San Joaquin,077,732212,102732,101927,5543,107470,1834
2021-11-29,San Luis Obispo,079,281455,30635,30165,1319,31484,359
2021-11-29,San Mateo,081,765935,55757,54622,935,55557,579
2021-11-29,Santa Barbara,083,443738,45967,45576,1594,47170,549
2021-11-29,Santa Clara,085,1922200,152217,150620,1530,152150,1925
2021-11-29,Santa Cruz,087,273765,21441,21149,1019,22168,224
2021-11-29,Shasta,089,179085,22524,22315,3680,25995,399
2021-11-29,Sierra,091,2930,197,195,21,216,0
2021-11-29,Siskiyou,093,43540,3455,3374,1332,4706,55
2021-11-29,Solano,095,438530,47129,46412,1332,47744,357
2021-11-29,Sonoma,097,501317,43020,42624,557,43181,405
2021-11-29,Stanislaus,099,539301,81101,81227,9137,90364,1223
2021-11-29,Sutter,101,95872,14231,14204,387,14591,186
2021-11-29,Tehama,103,63373,8796,8720,1524,10244,130
2021-11-29,Trinity,105,12862,897,798,219,1017,17
2021-11-29,Tulare,107,460477,70923,69850,15843,85693,1096
2021-11-29,Tuolumne,109,53932,7682,7627,111,7738,90
2021-11-29,Ventura,111,848112,100468,99520,4373,103893,1190
2021-11-29,Yolo,113,214977,20561,20344,1150,21494,257
2021-11-29,Yuba,115,75493,10464,10395,369,10764,89
2021-11-28,Alameda,001,1643700,122809,122082,2854,124936,1491
2021-11-28,Alpine,003,1148,105,108,0,108,0
2021-11-28,Amador,005,37829,5735,5703,67,5770,66
2021-11-28,Butte,007,227075,21789,21530,3942,25472,313
2021-11-28,Calaveras,009,45235,4382,4350,60,4410,88
2021-11-28,Colusa,011,21464,2613,2586,665,3251,19
2021-11-28,Contra Costa,013,1133247,102015,101355,2276,103631,1046
2021-11-28,Del Norte,015,27424,3770,3703,55,3758,42
2021-11-28,El Dorado,017,186661,16770,16527,1775,18302,166
2021-11-28,Fresno,019,978130,145671,144164,13050,157214,2252
2021-11-28,Glenn,021,27897,3586,3547,1032,4579,36
2021-11-28,Humboldt,023,135768,9600,9499,653,10152,115
2021-11-28,Imperial,025,180216,35321,34929,3489,38418,773
2021-11-28,Inyo,027,18085,2547,2531,38,2569,46
2021-11-28,Kern,029,883053,132370,131279,23603,154882,1789
2021-11-28,Kings,031,150075,33398,33057,1999,35056,364
2021-11-28,Lake,033,64148,6923,6885,154,7039,110
2021-11-28,Lassen,035,31185,7051,7002,408,7410,51
2021-11-28,Los Angeles,037,10098052,1469334,1458646,55510,1514156,26878
2021-11-28,Madera,039,155013,24292,24055,2258,26313,307
2021-11-28,Marin,041,260295,18146,17962,499,18461,249
2021-11-28,Mariposa,043,17540,1431,1406,60,1466,6
2021-11-28,Mendocino,045,87422,8080,7943,649,8592,89
2021-11-28,Merced,047,269075,43269,43166,2062,45228,667
2021-11-28,Modoc,049,8938,592,569,202,771,5
2021-11-28,Mono,051,14174,1885,1841,22,1863,4
2021-11-28,Monterey,053,433212,49721,48537,3124,51661,626
2021-11-28,Napa,055,140530,13362,13303,116,13419,104
2021-11-28,Nevada,057,99092,9797,9684,342,10026,105
2021-11-28,Orange,059,3164182,314398,312028,15840,327868,5693
2021-11-28,Placer,061,380077,38696,38240,3825,42065,470
2021-11-28,Plumas,063,18699,1946,1884,43,1927,7
2021-11-28,Riverside,065,2383286,374565,370051,16553,386604,5358
2021-11-28,Sacramento,067,1510023,164175,163170,4812,167982,2335
2021-11-28,San Benito,069,59416,7643,7623,178,7801,77
2021-11-28,San Bernardino,071,2135413,365573,362407,11549,373956,5958
2021-11-28,San Diego,073,3302833,386639,383025,22610,405635,4325
2021-11-28,San Francisco,075,870044,54670,54082,2381,56463,669
2021-11-28,San Joaquin,077,732212,102551,101895,5526,107421,1834
2021-11-28,San Luis Obispo,079,281455,30572,30152,1315,31467,358
2021-11-28,San Mateo,081,765935,55663,54567,931,55498,579
2021-11-28,Santa Barbara,083,443738,45888,45551,1583,47134,549
2021-11-28,Santa Clara,085,1922200,151916,150436,1515,151951,1920
2021-11-28,Santa Cruz,087,273765,21370,21110,1018,22128,224
2021-11-28,Shasta,089,179085,22485,22316,3678,25994,400
2021-11-28,Sierra,091,2930,197,195,21,216,0
2021-11-28,Siskiyou,093,43540,3449,3372,1328,4700,55
2021-11-28,Solano,095,438530,47067,46385,1331,47716,356
2021-11-28,Sonoma,097,501317,42934,42583,554,43137,405
2021-11-28,Stanislaus,099,539301,80982,81181,9115,90296,1223
2021-11-28,Sutter,101,95872,14209,14192,381,14573,186
2021-11-28,Tehama,103,63373,8788,8720,1520,10240,130
2021-11-28,Trinity,105,12862,896,797,219,1016,17
2021-11-28,Tulare,107,460477,70826,69833,15791,85624,1095
2021-11-28,Tuolumne,109,53932,7661,7620,111,7731,90
2021-11-28,Ventura,111,848112,100312,99486,4362,103848,1190
2021-11-28,Yolo,113,214977,20518,20333,1149,21482,257
2021-11-28,Yuba,115,75493,10446,10391,367,10758,89
2021-11-27,Alameda,001,1643700,122711,121618,2851,124469,1477
2021-11-27,Alpine,003,1148,105,106,0,106,0
2021-11-27,Amador,005,37829,5734,5670,67,5737,66
2021-11-27,Butte,007,227075,21766,21384,3937,25321,309
2021-11-27,Calaveras,009,45235,4376,4294,60,4354,85
2021-11-27,Colusa,011,21464,2612,2568,663,3231,19
2021-11-27,Contra Costa,013,1133247,101930,100961,2275,103236,1045
2021-11-27,Del Norte,015,27424,3763,3661,55,3716,42
2021-11-27,El Dorado,017,186661,16736,16399,1774,18173,161
2021-11-27,Fresno,019,978130,145559,143386,13044,156430,2246
2021-11-27,Glenn,021,27897,3582,3532,1031,4563,36
2021-11-27,Humboldt,023,135768,9572,9399,651,10050,115
2021-11-27,Imperial,025,180216,35239,34611,3473,38084,769
2021-11-27,Inyo,027,18085,2544,2506,38,2544,45
2021-11-27,Kern,029,883053,132286,130245,23574,153819,1773
2021-11-27,Kings,031,150075,33376,32891,1996,34887,358
2021-11-27,Lake,033,64148,6920,6836,153,6989,110
2021-11-27,Lassen,035,31185,7049,6959,407,7366,47
2021-11-27,Los Angeles,037,10098052,1468327,1454495,55440,1509935,26817
2021-11-27,Madera,039,155013,24271,23880,2253,26133,296
2021-11-27,Marin,041,260295,18107,17857,494,18351,248
2021-11-27,Mariposa,043,17540,1429,1374,60,1434,6
2021-11-27,Mendocino,045,87422,8061,7871,649,8520,89
2021-11-27,Merced,047,269075,43234,42921,2059,44980,664
2021-11-27,Modoc,049,8938,590,551,202,753,5
2021-11-27,Mono,051,14174,1883,1810,22,1832,4
2021-11-27,Monterey,053,433212,49688,48400,3110,51510,625
2021-11-27,Napa,055,140530,13348,13256,116,13372,104
2021-11-27,Nevada,057,99092,9775,9584,341,9925,103
2021-11-27,Orange,059,3164182,314147,310809,15804,326613,5665
2021-11-27,Placer,061,380077,38635,38001,3819,41820,468
2021-11-27,Plumas,063,18699,1942,1860,43,1903,7
2021-11-27,Riverside,065,2383286,374207,367601,16546,384147,5306
2021-11-27,Sacramento,067,1510023,164017,162328,4809,167137,2335
2021-11-27,San Benito,069,59416,7627,7575,178,7753,77
2021-11-27,San Bernardino,071,2135413,365138,360033,11540,371573,5932
2021-11-27,San Diego,073,3302833,386144,382634,22584,405218,4319
2021-11-27,San Francisco,075,870044,54620,53830,2378,56208,669
2021-11-27,San Joaquin,077,732212,102484,101368,5523,106891,1833
2021-11-27,San Luis Obispo,079,281455,30537,29983,1311,31294,358
2021-11-27,San Mateo,081,765935,55606,54360,928,55288,577
2021-11-27,Santa Barbara,083,443738,45834,45318,1581,46899,548
2021-11-27,Santa Clara,085,1922200,151709,149700,1508,151208,1922
2021-11-27,Santa Cruz,087,273765,21330,20929,1015,21944,222
2021-11-27,Shasta,089,179085,22462,22151,3677,25828,396
2021-11-27,Sierra,091,2930,196,194,21,215,0
2021-11-27,Siskiyou,093,43540,3446,3336,1326,4662,54
2021-11-27,Solano,095,438530,47031,46163,1328,47491,356
2021-11-27,Sonoma,097,501317,42871,42368,554,42922,405
2021-11-27,Stanislaus,099,539301,80914,80782,9098,89880,1220
2021-11-27,Sutter,101,95872,14201,14127,380,14507,181
2021-11-27,Tehama,103,63373,8786,8675,1519,10194,129
2021-11-27,Trinity,105,12862,896,789,219,1008,17
2021-11-27,Tulare,107,460477,70774,69377,15775,85152,1082
2021-11-27,Tuolumne,109,53932,7648,7574,111,7685,90
2021-11-27,Ventura,111,848112,100239,99163,4355,103518,1188
2021-11-27,Yolo,113,214977,20497,20237,1140,21377,257
2021-11-27,Yuba,115,75493,10435,10335,367,10702,88
2021-11-26,Alameda,001,1643700,122600,121618,2849,124467,1477
2021-11-26,Alpine,003,1148,105,106,0,106,0
2021-11-26,Amador,005,37829,5730,5670,67,5737,66
2021-11-26,Butte,007,227075,21742,21384,3932,25316,309
2021-11-26,Calaveras,009,45235,4367,4294,60,4354,85
2021-11-26,Colusa,011,21464,2610,2568,662,3230,19
2021-11-26,Contra Costa,013,1133247,101842,100961,2271,103232,1045
2021-11-26,Del Norte,015,27424,3760,3661,55,3716,42
2021-11-26,El Dorado,017,186661,16719,16399,1771,18170,161
2021-11-26,Fresno,019,978130,145427,143386,13034,156420,2246
2021-11-26,Glenn,021,27897,3579,3532,1031,4563,36
2021-11-26,Humboldt,023,135768,9553,9399,647,10046,115
2021-11-26,Imperial,025,180216,35182,34611,3460,38071,769
2021-11-26,Inyo,027,18085,2544,2506,38,2544,45
2021-11-26,Kern,029,883053,132203,130245,23530,153775,1773
2021-11-26,Kings,031,150075,33352,32891,1994,34885,358
2021-11-26,Lake,033,64148,6918,6836,153,6989,110
2021-11-26,Lassen,035,31185,7043,6959,407,7366,47
2021-11-26,Los Angeles,037,10098052,1467482,1454495,55379,1509874,26817
2021-11-26,Madera,039,155013,24244,23880,2251,26131,296
2021-11-26,Marin,041,260295,18078,17857,494,18351,248
2021-11-26,Mariposa,043,17540,1423,1374,59,1433,6
2021-11-26,Mendocino,045,87422,8051,7871,649,8520,89
2021-11-26,Merced,047,269075,43204,42921,2055,44976,664
2021-11-26,Modoc,049,8938,588,551,202,753,5
2021-11-26,Mono,051,14174,1872,1810,22,1832,4
2021-11-26,Monterey,053,433212,49645,48400,3103,51503,625
2021-11-26,Napa,055,140530,13332,13256,116,13372,104
2021-11-26,Nevada,057,99092,9763,9584,341,9925,103
2021-11-26,Orange,059,3164182,313878,310809,15772,326581,5665
2021-11-26,Placer,061,380077,38590,38001,3811,41812,468
2021-11-26,Plumas,063,18699,1937,1860,43,1903,7
2021-11-26,Riverside,065,2383286,373806,367601,16539,384140,5306
2021-11-26,Sacramento,067,1510023,163904,162328,4804,167132,2335
2021-11-26,San Benito,069,59416,7619,7575,178,7753,77
2021-11-26,San Bernardino,071,2135413,364711,360033,11533,371566,5932
2021-11-26,San Diego,073,3302833,385599,382634,22572,405206,4319
2021-11-26,San Francisco,075,870044,54573,53830,2376,56206,669
2021-11-26,San Joaquin,077,732212,102427,101368,5522,106890,1833
2021-11-26,San Luis Obispo,079,281455,30495,29983,1308,31291,358
2021-11-26,San Mateo,081,765935,55543,54360,927,55287,577
2021-11-26,Santa Barbara,083,443738,45787,45318,1580,46898,548
2021-11-26,Santa Clara,085,1922200,151540,149700,1500,151200,1922
2021-11-26,Santa Cruz,087,273765,21290,20929,1015,21944,222
2021-11-26,Shasta,089,179085,22442,22151,3675,25826,396
2021-11-26,Sierra,091,2930,196,194,21,215,0
2021-11-26,Siskiyou,093,43540,3443,3336,1325,4661,54
2021-11-26,Solano,095,438530,46990,46163,1327,47490,356
2021-11-26,Sonoma,097,501317,42821,42368,552,42920,405
2021-11-26,Stanislaus,099,539301,80841,80782,9087,89869,1220
2021-11-26,Sutter,101,95872,14188,14127,379,14506,181
2021-11-26,Tehama,103,63373,8784,8675,1518,10193,129
2021-11-26,Trinity,105,12862,895,789,219,1008,17
2021-11-26,Tulare,107,460477,70728,69377,15743,85120,1082
2021-11-26,Tuolumne,109,53932,7638,7574,111,7685,90
2021-11-26,Ventura,111,848112,100159,99163,4350,103513,1188
2021-11-26,Yolo,113,214977,20478,20237,1133,21370,257
2021-11-26,Yuba,115,75493,10429,10335,367,10702,88
2021-11-25,Alameda,001,1643700,122492,121618,2844,124462,1477
2021-11-25,Alpine,003,1148,105,106,0,106,0
2021-11-25,Amador,005,37829,5722,5670,67,5737,66
2021-11-25,Butte,007,227075,21724,21384,3930,25314,309
2021-11-25,Calaveras,009,45235,4362,4294,60,4354,85
2021-11-25,Colusa,011,21464,2607,2568,660,3228,19
2021-11-25,Contra Costa,013,1133247,101738,100961,2268,103229,1045
2021-11-25,Del Norte,015,27424,3755,3661,55,3716,42
2021-11-25,El Dorado,017,186661,16700,16399,1771,18170,161
2021-11-25,Fresno,019,978130,145293,143386,13025,156411,2246
2021-11-25,Glenn,021,27897,3578,3532,1030,4562,36
2021-11-25,Humboldt,023,135768,9534,9399,644,10043,115
2021-11-25,Imperial,025,180216,35137,34611,3449,38060,769
2021-11-25,Inyo,027,18085,2542,2506,38,2544,45
2021-11-25,Kern,029,883053,132105,130245,23484,153729,1773
2021-11-25,Kings,031,150075,33324,32891,1993,34884,358
2021-11-25,Lake,033,64148,6911,6836,153,6989,110
2021-11-25,Lassen,035,31185,7041,6959,406,7365,47
2021-11-25,Los Angeles,037,10098052,1466515,1454495,55323,1509818,26817
2021-11-25,Madera,039,155013,24208,23880,2250,26130,296
2021-11-25,Marin,041,260295,18051,17857,488,18345,248
2021-11-25,Mariposa,043,17540,1420,1374,59,1433,6
2021-11-25,Mendocino,045,87422,8033,7871,649,8520,89
2021-11-25,Merced,047,269075,43165,42921,2049,44970,664
2021-11-25,Modoc,049,8938,587,551,202,753,5
2021-11-25,Mono,051,14174,1861,1810,22,1832,4
2021-11-25,Monterey,053,433212,49601,48400,3094,51494,625
2021-11-25,Napa,055,140530,13324,13256,116,13372,104
2021-11-25,Nevada,057,99092,9744,9584,338,9922,103
2021-11-25,Orange,059,3164182,313615,310809,15741,326550,5665
2021-11-25,Placer,061,380077,38544,38001,3805,41806,468
2021-11-25,Plumas,063,18699,1935,1860,43,1903,7
2021-11-25,Riverside,065,2383286,373391,367601,16532,384133,5306
2021-11-25,Sacramento,067,1510023,163725,162328,4798,167126,2335
2021-11-25,San Benito,069,59416,7612,7575,178,7753,77
2021-11-25,San Bernardino,071,2135413,364315,360033,11516,371549,5932
2021-11-25,San Diego,073,3302833,385157,382634,22553,405187,4319
2021-11-25,San Francisco,075,870044,54523,53830,2373,56203,669
2021-11-25,San Joaquin,077,732212,102344,101368,5518,106886,1833
2021-11-25,San Luis Obispo,079,281455,30465,29983,1306,31289,358
2021-11-25,San Mateo,081,765935,55494,54360,925,55285,577
2021-11-25,Santa Barbara,083,443738,45748,45318,1578,46896,548
2021-11-25,Santa Clara,085,1922200,151383,149700,1495,151195,1922
2021-11-25,Santa Cruz,087,273765,21257,20929,1015,21944,222
2021-11-25,Shasta,089,179085,22416,22151,3675,25826,396
2021-11-25,Sierra,091,2930,196,194,21,215,0
2021-11-25,Siskiyou,093,43540,3440,3336,1325,4661,54
2021-11-25,Solano,095,438530,46953,46163,1326,47489,356
2021-11-25,Sonoma,097,501317,42764,42368,548,42916,405
2021-11-25,Stanislaus,099,539301,80776,80782,9073,89855,1220
2021-11-25,Sutter,101,95872,14172,14127,378,14505,181
2021-11-25,Tehama,103,63373,8776,8675,1518,10193,129
2021-11-25,Trinity,105,12862,895,789,219,1008,17
2021-11-25,Tulare,107,460477,70660,69377,15717,85094,1082
2021-11-25,Tuolumne,109,53932,7626,7574,111,7685,90
2021-11-25,Ventura,111,848112,100093,99163,4347,103510,1188
2021-11-25,Yolo,113,214977,20448,20237,1129,21366,257
2021-11-25,Yuba,115,75493,10420,10335,366,10701,88
2021-11-24,Alameda,001,1643700,122429,121618,2840,124458,1477
2021-11-24,Alpine,003,1148,105,106,0,106,0
2021-11-24,Amador,005,37829,5712,5670,67,5737,66
2021-11-24,Butte,007,227075,21708,21384,3929,25313,309
2021-11-24,Calaveras,009,45235,4355,4294,60,4354,85
2021-11-24,Colusa,011,21464,2607,2568,659,3227,19
2021-11-24,Contra Costa,013,1133247,101699,100961,2265,103226,1045
2021-11-24,Del Norte,015,27424,3752,3661,55,3716,42
2021-11-24,El Dorado,017,186661,16689,16399,1770,18169,161
2021-11-24,Fresno,019,978130,145238,143386,13024,156410,2246
2021-11-24,Glenn,021,27897,3573,3532,1029,4561,36
2021-11-24,Humboldt,023,135768,9519,9399,644,10043,115
2021-11-24,Imperial,025,180216,35108,34611,3443,38054,769
2021-11-24,Inyo,027,18085,2539,2506,38,2544,45
2021-11-24,Kern,029,883053,132043,130245,23472,153717,1773
2021-11-24,Kings,031,150075,33310,32891,1992,34883,358
2021-11-24,Lake,033,64148,6907,6836,153,6989,110
2021-11-24,Lassen,035,31185,7041,6959,406,7365,47
2021-11-24,Los Angeles,037,10098052,1466028,1454495,55281,1509776,26817
2021-11-24,Madera,039,155013,24185,23880,2244,26124,296
2021-11-24,Marin,041,260295,18039,17857,486,18343,248
2021-11-24,Mariposa,043,17540,1420,1374,59,1433,6
2021-11-24,Mendocino,045,87422,8021,7871,649,8520,89
2021-11-24,Merced,047,269075,43133,42921,2046,44967,664
2021-11-24,Modoc,049,8938,587,551,202,753,5
2021-11-24,Mono,051,14174,1858,1810,22,1832,4
2021-11-24,Monterey,053,433212,49588,48400,3093,51493,625
2021-11-24,Napa,055,140530,13320,13256,116,13372,104
2021-11-24,Nevada,057,99092,9729,9584,338,9922,103
2021-11-24,Orange,059,3164182,313460,310809,15726,326535,5665
2021-11-24,Placer,061,380077,38511,38001,3803,41804,468
2021-11-24,Plumas,063,18699,1933,1860,43,1903,7
2021-11-24,Riverside,065,2383286,373212,367601,16526,384127,5306
2021-11-24,Sacramento,067,1510023,163654,162328,4798,167126,2335
2021-11-24,San Benito,069,59416,7610,7575,178,7753,77
2021-11-24,San Bernardino,071,2135413,364104,360033,11506,371539,5932
2021-11-24,San Diego,073,3302833,384899,382634,22540,405174,4319
2021-11-24,San Francisco,075,870044,54492,53830,2371,56201,669
2021-11-24,San Joaquin,077,732212,102303,101368,5515,106883,1833
2021-11-24,San Luis Obispo,079,281455,30446,29983,1306,31289,358
2021-11-24,San Mateo,081,765935,55464,54360,924,55284,577
2021-11-24,Santa Barbara,083,443738,45721,45318,1578,46896,548
2021-11-24,Santa Clara,085,1922200,151287,149700,1494,151194,1922
2021-11-24,Santa Cruz,087,273765,21234,20929,1014,21943,222
2021-11-24,Shasta,089,179085,22405,22151,3672,25823,396
2021-11-24,Sierra,091,2930,196,194,21,215,0
2021-11-24,Siskiyou,093,43540,3437,3336,1325,4661,54
2021-11-24,Solano,095,438530,46925,46163,1324,47487,356
2021-11-24,Sonoma,097,501317,42732,42368,546,42914,405
2021-11-24,Stanislaus,099,539301,80739,80782,9068,89850,1220
2021-11-24,Sutter,101,95872,14159,14127,376,14503,181
2021-11-24,Tehama,103,63373,8773,8675,1517,10192,129
2021-11-24,Trinity,105,12862,895,789,219,1008,17
2021-11-24,Tulare,107,460477,70636,69377,15698,85075,1082
2021-11-24,Tuolumne,109,53932,7622,7574,111,7685,90
2021-11-24,Ventura,111,848112,100058,99163,4343,103506,1188
2021-11-24,Yolo,113,214977,20440,20237,1128,21365,257
2021-11-24,Yuba,115,75493,10416,10335,365,10700,88
2021-11-23,Alameda,001,1643700,122309,121618,2833,124451,1477
2021-11-23,Alpine,003,1148,105,106,0,106,0
2021-11-23,Amador,005,37829,5705,5670,67,5737,66
2021-11-23,Butte,007,227075,21679,21384,3925,25309,309
2021-11-23,Calaveras,009,45235,4349,4294,59,4353,85
2021-11-23,Colusa,011,21464,2603,2568,657,3225,19
2021-11-23,Contra Costa,013,1133247,101592,100961,2263,103224,1045
2021-11-23,Del Norte,015,27424,3749,3661,55,3716,42
2021-11-23,El Dorado,017,186661,16658,16399,1767,18166,161
2021-11-23,Fresno,019,978130,145100,143386,13015,156401,2246
2021-11-23,Glenn,021,27897,3568,3532,1029,4561,36
2021-11-23,Humboldt,023,135768,9497,9399,641,10040,115
2021-11-23,Imperial,025,180216,35039,34611,3424,38035,769
2021-11-23,Inyo,027,18085,2535,2506,38,2544,45
2021-11-23,Kern,029,883053,131935,130245,23423,153668,1773
2021-11-23,Kings,031,150075,33268,32891,1991,34882,358
2021-11-23,Lake,033,64148,6902,6836,153,6989,110
2021-11-23,Lassen,035,31185,7038,6959,403,7362,47
2021-11-23,Los Angeles,037,10098052,1465015,1454495,55213,1509708,26817
2021-11-23,Madera,039,155013,24159,23880,2242,26122,296
2021-11-23,Marin,041,260295,18008,17857,483,18340,248
2021-11-23,Mariposa,043,17540,1417,1374,59,1433,6
2021-11-23,Mendocino,045,87422,8000,7871,646,8517,89
2021-11-23,Merced,047,269075,43095,42921,2045,44966,664
2021-11-23,Modoc,049,8938,585,551,202,753,5
2021-11-23,Mono,051,14174,1844,1810,22,1832,4
2021-11-23,Monterey,053,433212,49552,48400,3087,51487,625
2021-11-23,Napa,055,140530,13311,13256,116,13372,104
2021-11-23,Nevada,057,99092,9700,9584,337,9921,103
2021-11-23,Orange,059,3164182,313210,310809,15690,326499,5665
2021-11-23,Placer,061,380077,38452,38001,3786,41787,468
2021-11-23,Plumas,063,18699,1929,1860,43,1903,7
2021-11-23,Riverside,065,2383286,372829,367601,16513,384114,5306
2021-11-23,Sacramento,067,1510023,163467,162328,4787,167115,2335
2021-11-23,San Benito,069,59416,7601,7575,176,7751,77
2021-11-23,San Bernardino,071,2135413,363686,360033,11491,371524,5932
2021-11-23,San Diego,073,3302833,384416,382634,22517,405151,4319
2021-11-23,San Francisco,075,870044,54433,53830,2369,56199,669
2021-11-23,San Joaquin,077,732212,102194,101368,5504,106872,1833
2021-11-23,San Luis Obispo,079,281455,30411,29983,1303,31286,358
2021-11-23,San Mateo,081,765935,55414,54360,923,55283,577
2021-11-23,Santa Barbara,083,443738,45668,45318,1578,46896,548
2021-11-23,Santa Clara,085,1922200,151077,149700,1482,151182,1922
2021-11-23,Santa Cruz,087,273765,21196,20929,1014,21943,222
2021-11-23,Shasta,089,179085,22369,22151,3670,25821,396
2021-11-23,Sierra,091,2930,196,194,21,215,0
2021-11-23,Siskiyou,093,43540,3432,3336,1324,4660,54
2021-11-23,Solano,095,438530,46871,46163,1320,47483,356
2021-11-23,Sonoma,097,501317,42681,42368,543,42911,405
2021-11-23,Stanislaus,099,539301,80669,80782,9056,89838,1220
2021-11-23,Sutter,101,95872,14143,14127,375,14502,181
2021-11-23,Tehama,103,63373,8760,8675,1516,10191,129
2021-11-23,Trinity,105,12862,894,789,219,1008,17
2021-11-23,Tulare,107,460477,70589,69377,15668,85045,1082
2021-11-23,Tuolumne,109,53932,7610,7574,110,7684,90
2021-11-23,Ventura,111,848112,99975,99163,4337,103500,1188
2021-11-23,Yolo,113,214977,20419,20237,1120,21357,257
2021-11-23,Yuba,115,75493,10404,10335,365,10700,88
2021-11-22,Alameda,001,1643700,122196,121566,2831,124397,1475
2021-11-22,Alpine,003,1148,105,106,0,106,0
2021-11-22,Amador,005,37829,5692,5670,67,5737,66
2021-11-22,Butte,007,227075,21640,21363,3920,25283,305
2021-11-22,Calaveras,009,45235,4337,4294,59,4353,84
2021-11-22,Colusa,011,21464,2600,2565,657,3222,19
2021-11-22,Contra Costa,013,1133247,101504,100877,2258,103135,1045
2021-11-22,Del Norte,015,27424,3746,3659,55,3714,42
2021-11-22,El Dorado,017,186661,16635,16378,1764,18142,161
2021-11-22,Fresno,019,978130,144967,143290,13007,156297,2243
2021-11-22,Glenn,021,27897,3563,3530,1028,4558,36
2021-11-22,Humboldt,023,135768,9471,9389,636,10025,115
2021-11-22,Imperial,025,180216,34978,34562,3410,37972,766
2021-11-22,Inyo,027,18085,2529,2501,38,2539,44
2021-11-22,Kern,029,883053,131774,130091,23374,153465,1762
2021-11-22,Kings,031,150075,33231,32867,1986,34853,358
2021-11-22,Lake,033,64148,6897,6837,153,6990,110
2021-11-22,Lassen,035,31185,7036,6954,402,7356,47
2021-11-22,Los Angeles,037,10098052,1463951,1453945,55131,1509076,26800
2021-11-22,Madera,039,155013,24125,23872,2234,26106,296
2021-11-22,Marin,041,260295,17977,17842,481,18323,248
2021-11-22,Mariposa,043,17540,1413,1372,59,1431,6
2021-11-22,Mendocino,045,87422,7984,7859,645,8504,89
2021-11-22,Merced,047,269075,43044,42898,2034,44932,660
2021-11-22,Modoc,049,8938,584,551,202,753,5
2021-11-22,Mono,051,14174,1837,1809,22,1831,4
2021-11-22,Monterey,053,433212,49524,48374,3083,51457,611
2021-11-22,Napa,055,140530,13303,13255,115,13370,104
2021-11-22,Nevada,057,99092,9683,9575,335,9910,96
2021-11-22,Orange,059,3164182,312969,310654,15664,326318,5663
2021-11-22,Placer,061,380077,38407,37956,3778,41734,465
2021-11-22,Plumas,063,18699,1926,1858,43,1901,7
2021-11-22,Riverside,065,2383286,372392,367301,16504,383805,5283
2021-11-22,Sacramento,067,1510023,163275,162222,4778,167000,2328
2021-11-22,San Benito,069,59416,7581,7567,176,7743,77
2021-11-22,San Bernardino,071,2135413,363271,359851,11481,371332,5916
2021-11-22,San Diego,073,3302833,383921,382132,22493,404625,4317
2021-11-22,San Francisco,075,870044,54341,53778,2363,56141,669
2021-11-22,San Joaquin,077,732212,102069,101299,5499,106798,1833
2021-11-22,San Luis Obispo,079,281455,30385,29963,1300,31263,358
2021-11-22,San Mateo,081,765935,55357,54330,921,55251,577
2021-11-22,Santa Barbara,083,443738,45592,45279,1578,46857,546
2021-11-22,Santa Clara,085,1922200,150892,149541,1472,151013,1919
2021-11-22,Santa Cruz,087,273765,21155,20891,1014,21905,222
2021-11-22,Shasta,089,179085,22355,22116,3665,25781,393
2021-11-22,Sierra,091,2930,196,193,21,214,0
2021-11-22,Siskiyou,093,43540,3427,3336,1322,4658,54
2021-11-22,Solano,095,438530,46822,46153,1318,47471,356
2021-11-22,Sonoma,097,501317,42620,42344,542,42886,404
2021-11-22,Stanislaus,099,539301,80581,80718,9046,89764,1209
2021-11-22,Sutter,101,95872,14127,14125,373,14498,181
2021-11-22,Tehama,103,63373,8753,8669,1511,10180,127
2021-11-22,Trinity,105,12862,893,785,219,1004,17
2021-11-22,Tulare,107,460477,70528,69314,15632,84946,1075
2021-11-22,Tuolumne,109,53932,7595,7567,110,7677,90
2021-11-22,Ventura,111,848112,99909,99114,4334,103448,1186
2021-11-22,Yolo,113,214977,20396,20227,1118,21345,257
2021-11-22,Yuba,115,75493,10395,10332,364,10696,88
2021-11-21,Alameda,001,1643700,122065,121443,2827,124270,1475
2021-11-21,Alpine,003,1148,103,106,0,106,0
2021-11-21,Amador,005,37829,5687,5662,66,5728,66
2021-11-21,Butte,007,227075,21598,21342,3915,25257,306
2021-11-21,Calaveras,009,45235,4328,4287,59,4346,84
2021-11-21,Colusa,011,21464,2596,2562,656,3218,19
2021-11-21,Contra Costa,013,1133247,101402,100807,2251,103058,1045
2021-11-21,Del Norte,015,27424,3742,3659,55,3714,42
2021-11-21,El Dorado,017,186661,16608,16370,1758,18128,161
2021-11-21,Fresno,019,978130,144795,143203,12987,156190,2242
2021-11-21,Glenn,021,27897,3559,3529,1028,4557,36
2021-11-21,Humboldt,023,135768,9448,9378,635,10013,115
2021-11-21,Imperial,025,180216,34890,34527,3400,37927,766
2021-11-21,Inyo,027,18085,2522,2501,38,2539,44
2021-11-21,Kern,029,883053,131611,130020,23328,153348,1762
2021-11-21,Kings,031,150075,33193,32843,1982,34825,356
2021-11-21,Lake,033,64148,6890,6834,153,6987,110
2021-11-21,Lassen,035,31185,7027,6953,402,7355,47
2021-11-21,Los Angeles,037,10098052,1462880,1453181,55076,1508257,26793
2021-11-21,Madera,039,155013,24100,23856,2229,26085,296
2021-11-21,Marin,041,260295,17948,17829,478,18307,248
2021-11-21,Mariposa,043,17540,1412,1371,58,1429,6
2021-11-21,Mendocino,045,87422,7978,7846,642,8488,89
2021-11-21,Merced,047,269075,42989,42881,2031,44912,660
2021-11-21,Modoc,049,8938,580,551,202,753,5
2021-11-21,Mono,051,14174,1827,1799,21,1820,4
2021-11-21,Monterey,053,433212,49478,48358,3074,51432,611
2021-11-21,Napa,055,140530,13290,13250,115,13365,104
2021-11-21,Nevada,057,99092,9657,9556,334,9890,96
2021-11-21,Orange,059,3164182,312712,310477,15633,326110,5663
2021-11-21,Placer,061,380077,38325,37929,3777,41706,465
2021-11-21,Plumas,063,18699,1921,1858,43,1901,7
2021-11-21,Riverside,065,2383286,371900,367093,16496,383589,5283
2021-11-21,Sacramento,067,1510023,163058,162087,4768,166855,2327
2021-11-21,San Benito,069,59416,7567,7563,175,7738,77
2021-11-21,San Bernardino,071,2135413,362779,359621,11445,371066,5912
2021-11-21,San Diego,073,3302833,383390,380747,22468,403215,4317
2021-11-21,San Francisco,075,870044,54272,53741,2358,56099,669
2021-11-21,San Joaquin,077,732212,101963,101264,5486,106750,1833
2021-11-21,San Luis Obispo,079,281455,30347,29948,1300,31248,358
2021-11-21,San Mateo,081,765935,55305,54290,919,55209,577
2021-11-21,Santa Barbara,083,443738,45531,45237,1575,46812,546
2021-11-21,Santa Clara,085,1922200,150687,149387,1453,150840,1918
2021-11-21,Santa Cruz,087,273765,21111,20866,1012,21878,222
2021-11-21,Shasta,089,179085,22324,22112,3663,25775,393
2021-11-21,Sierra,091,2930,196,193,21,214,0
2021-11-21,Siskiyou,093,43540,3422,3333,1321,4654,54
2021-11-21,Solano,095,438530,46766,46122,1311,47433,356
2021-11-21,Sonoma,097,501317,42560,42298,541,42839,404
2021-11-21,Stanislaus,099,539301,80486,80687,9031,89718,1209
2021-11-21,Sutter,101,95872,14113,14111,373,14484,181
2021-11-21,Tehama,103,63373,8747,8669,1510,10179,127
2021-11-21,Trinity,105,12862,891,784,217,1001,17
2021-11-21,Tulare,107,460477,70445,69285,15593,84878,1075
2021-11-21,Tuolumne,109,53932,7587,7560,109,7669,90
2021-11-21,Ventura,111,848112,99818,99081,4331,103412,1186
2021-11-21,Yolo,113,214977,20368,20209,1115,21324,257
2021-11-21,Yuba,115,75493,10386,10326,364,10690,88
2021-11-20,Alameda,001,1643700,121972,121059,2821,123880,1473
2021-11-20,Alpine,003,1148,103,105,0,105,0
2021-11-20,Amador,005,37829,5681,5652,65,5717,66
2021-11-20,Butte,007,227075,21583,21265,3911,25176,300
2021-11-20,Calaveras,009,45235,4318,4268,59,4327,84
2021-11-20,Colusa,011,21464,2595,2549,655,3204,19
2021-11-20,Contra Costa,013,1133247,101325,100491,2247,102738,1043
2021-11-20,Del Norte,015,27424,3739,3637,55,3692,42
2021-11-20,El Dorado,017,186661,16587,16308,1756,18064,161
2021-11-20,Fresno,019,978130,144725,142579,12978,155557,2233
2021-11-20,Glenn,021,27897,3558,3526,1027,4553,35
2021-11-20,Humboldt,023,135768,9435,9302,633,9935,115
2021-11-20,Imperial,025,180216,34838,34312,3394,37706,766
2021-11-20,Inyo,027,18085,2521,2467,38,2505,44
2021-11-20,Kern,029,883053,131510,129488,23291,152779,1750
2021-11-20,Kings,031,150075,33183,32720,1982,34702,354
2021-11-20,Lake,033,64148,6887,6808,153,6961,110
2021-11-20,Lassen,035,31185,7026,6931,402,7333,47
2021-11-20,Los Angeles,037,10098052,1462260,1448963,55028,1503991,26741
2021-11-20,Madera,039,155013,24086,23720,2225,25945,296
2021-11-20,Marin,041,260295,17933,17774,478,18252,248
2021-11-20,Mariposa,043,17540,1411,1354,58,1412,6
2021-11-20,Mendocino,045,87422,7970,7773,642,8415,89
2021-11-20,Merced,047,269075,42963,42692,2031,44723,656
2021-11-20,Modoc,049,8938,579,550,202,752,5
2021-11-20,Mono,051,14174,1821,1767,21,1788,4
2021-11-20,Monterey,053,433212,49465,48260,3069,51329,609
2021-11-20,Napa,055,140530,13287,13184,115,13299,103
2021-11-20,Nevada,057,99092,9641,9480,334,9814,92
2021-11-20,Orange,059,3164182,312513,309672,15616,325288,5658
2021-11-20,Placer,061,380077,38285,37800,3772,41572,462
2021-11-20,Plumas,063,18699,1917,1841,43,1884,7
2021-11-20,Riverside,065,2383286,371627,365809,16484,382293,5265
2021-11-20,Sacramento,067,1510023,162954,161533,4764,166297,2316
2021-11-20,San Benito,069,59416,7563,7533,175,7708,77
2021-11-20,San Bernardino,071,2135413,362502,358322,11434,369756,5897
2021-11-20,San Diego,073,3302833,383064,380147,22442,402589,4311
2021-11-20,San Francisco,075,870044,54233,53525,2357,55882,669
2021-11-20,San Joaquin,077,732212,101913,100922,5481,106403,1832
2021-11-20,San Luis Obispo,079,281455,30333,29815,1299,31114,355
2021-11-20,San Mateo,081,765935,55271,54132,918,55050,577
2021-11-20,Santa Barbara,083,443738,45499,45074,1575,46649,544
2021-11-20,Santa Clara,085,1922200,150580,148829,1452,150281,1917
2021-11-20,Santa Cruz,087,273765,21093,20756,1012,21768,222
2021-11-20,Shasta,089,179085,22300,21968,3662,25630,383
2021-11-20,Sierra,091,2930,196,191,21,212,0
2021-11-20,Siskiyou,093,43540,3419,3313,1321,4634,54
2021-11-20,Solano,095,438530,46745,46006,1311,47317,356
2021-11-20,Sonoma,097,501317,42529,42151,541,42692,403
2021-11-20,Stanislaus,099,539301,80440,80412,9027,89439,1205
2021-11-20,Sutter,101,95872,14105,14074,373,14447,181
2021-11-20,Tehama,103,63373,8742,8648,1510,10158,125
2021-11-20,Trinity,105,12862,887,771,217,988,17
2021-11-20,Tulare,107,460477,70406,69074,15572,84646,1054
2021-11-20,Tuolumne,109,53932,7579,7511,109,7620,90
2021-11-20,Ventura,111,848112,99769,98893,4324,103217,1186
2021-11-20,Yolo,113,214977,20360,20139,1111,21250,257
2021-11-20,Yuba,115,75493,10380,10290,363,10653,88
2021-11-19,Alameda,001,1643700,121895,121059,2818,123877,1473
2021-11-19,Alpine,003,1148,103,105,0,105,0
2021-11-19,Amador,005,37829,5671,5652,65,5717,66
2021-11-19,Butte,007,227075,21560,21265,3905,25170,300
2021-11-19,Calaveras,009,45235,4311,4268,59,4327,84
2021-11-19,Colusa,011,21464,2593,2549,654,3203,19
2021-11-19,Contra Costa,013,1133247,101268,100491,2242,102733,1043
2021-11-19,Del Norte,015,27424,3734,3637,55,3692,42
2021-11-19,El Dorado,017,186661,16565,16308,1754,18062,161
2021-11-19,Fresno,019,978130,144608,142579,12969,155548,2233
2021-11-19,Glenn,021,27897,3557,3526,1026,4552,35
2021-11-19,Humboldt,023,135768,9422,9302,630,9932,115
2021-11-19,Imperial,025,180216,34801,34312,3387,37699,766
2021-11-19,Inyo,027,18085,2517,2467,38,2505,44
2021-11-19,Kern,029,883053,131407,129488,23248,152736,1750
2021-11-19,Kings,031,150075,33158,32720,1980,34700,354
2021-11-19,Lake,033,64148,6884,6808,153,6961,110
2021-11-19,Lassen,035,31185,7021,6931,401,7332,47
2021-11-19,Los Angeles,037,10098052,1461574,1448963,54974,1503937,26741
2021-11-19,Madera,039,155013,24065,23720,2220,25940,296
2021-11-19,Marin,041,260295,17915,17774,476,18250,248
2021-11-19,Mariposa,043,17540,1409,1354,58,1412,6
2021-11-19,Mendocino,045,87422,7950,7773,642,8415,89
2021-11-19,Merced,047,269075,42937,42692,2030,44722,656
2021-11-19,Modoc,049,8938,578,550,202,752,5
2021-11-19,Mono,051,14174,1810,1767,21,1788,4
2021-11-19,Monterey,053,433212,49443,48260,3069,51329,609
2021-11-19,Napa,055,140530,13277,13184,114,13298,103
2021-11-19,Nevada,057,99092,9628,9480,334,9814,92
2021-11-19,Orange,059,3164182,312359,309672,15591,325263,5658
2021-11-19,Placer,061,380077,38248,37800,3768,41568,462
2021-11-19,Plumas,063,18699,1913,1841,43,1884,7
2021-11-19,Riverside,065,2383286,371353,365809,16480,382289,5265
2021-11-19,Sacramento,067,1510023,162829,161533,4760,166293,2316
2021-11-19,San Benito,069,59416,7557,7533,173,7706,77
2021-11-19,San Bernardino,071,2135413,362178,358322,11425,369747,5897
2021-11-19,San Diego,073,3302833,382673,380147,22416,402563,4311
2021-11-19,San Francisco,075,870044,54195,53525,2357,55882,669
2021-11-19,San Joaquin,077,732212,101856,100922,5477,106399,1832
2021-11-19,San Luis Obispo,079,281455,30315,29815,1297,31112,355
2021-11-19,San Mateo,081,765935,55223,54132,914,55046,577
2021-11-19,Santa Barbara,083,443738,45462,45074,1575,46649,544
2021-11-19,Santa Clara,085,1922200,150431,148829,1449,150278,1917
2021-11-19,Santa Cruz,087,273765,21066,20756,1009,21765,222
2021-11-19,Shasta,089,179085,22288,21968,3661,25629,383
2021-11-19,Sierra,091,2930,196,191,21,212,0
2021-11-19,Siskiyou,093,43540,3416,3313,1321,4634,54
2021-11-19,Solano,095,438530,46715,46006,1307,47313,356
2021-11-19,Sonoma,097,501317,42496,42151,538,42689,403
2021-11-19,Stanislaus,099,539301,80383,80412,9018,89430,1205
2021-11-19,Sutter,101,95872,14103,14074,373,14447,181
2021-11-19,Tehama,103,63373,8739,8648,1510,10158,125
2021-11-19,Trinity,105,12862,885,771,217,988,17
2021-11-19,Tulare,107,460477,70365,69074,15546,84620,1054
2021-11-19,Tuolumne,109,53932,7568,7511,109,7620,90
2021-11-19,Ventura,111,848112,99704,98893,4321,103214,1186
2021-11-19,Yolo,113,214977,20349,20139,1109,21248,257
2021-11-19,Yuba,115,75493,10377,10290,363,10653,88
2021-11-18,Alameda,001,1643700,121770,121059,2811,123870,1473
2021-11-18,Alpine,003,1148,103,105,0,105,0
2021-11-18,Amador,005,37829,5669,5652,65,5717,66
2021-11-18,Butte,007,227075,21543,21265,3897,25162,300
2021-11-18,Calaveras,009,45235,4304,4268,58,4326,84
2021-11-18,Colusa,011,21464,2585,2549,654,3203,19
2021-11-18,Contra Costa,013,1133247,101166,100491,2234,102725,1043
2021-11-18,Del Norte,015,27424,3731,3637,55,3692,42
2021-11-18,El Dorado,017,186661,16545,16308,1751,18059,161
2021-11-18,Fresno,019,978130,144468,142579,12959,155538,2233
2021-11-18,Glenn,021,27897,3556,3526,1025,4551,35
2021-11-18,Humboldt,023,135768,9406,9302,625,9927,115
2021-11-18,Imperial,025,180216,34746,34312,3371,37683,766
2021-11-18,Inyo,027,18085,2509,2467,38,2505,44
2021-11-18,Kern,029,883053,131261,129488,23201,152689,1750
2021-11-18,Kings,031,150075,33121,32720,1977,34697,354
2021-11-18,Lake,033,64148,6879,6808,153,6961,110
2021-11-18,Lassen,035,31185,7018,6931,396,7327,47
2021-11-18,Los Angeles,037,10098052,1460583,1448963,54912,1503875,26741
2021-11-18,Madera,039,155013,24040,23720,2216,25936,296
2021-11-18,Marin,041,260295,17898,17774,472,18246,248
2021-11-18,Mariposa,043,17540,1406,1354,58,1412,6
2021-11-18,Mendocino,045,87422,7928,7773,633,8406,89
2021-11-18,Merced,047,269075,42880,42692,2028,44720,656
2021-11-18,Modoc,049,8938,566,550,202,752,5
2021-11-18,Mono,051,14174,1802,1767,21,1788,4
2021-11-18,Monterey,053,433212,49418,48260,3064,51324,609
2021-11-18,Napa,055,140530,13265,13184,113,13297,103
2021-11-18,Nevada,057,99092,9604,9480,334,9814,92
2021-11-18,Orange,059,3164182,312122,309672,15571,325243,5658
2021-11-18,Placer,061,380077,38205,37800,3757,41557,462
2021-11-18,Plumas,063,18699,1912,1841,43,1884,7
2021-11-18,Riverside,065,2383286,370980,365809,16467,382276,5265
2021-11-18,Sacramento,067,1510023,162601,161533,4745,166278,2316
2021-11-18,San Benito,069,59416,7547,7533,173,7706,77
2021-11-18,San Bernardino,071,2135413,361746,358322,11406,369728,5897
2021-11-18,San Diego,073,3302833,382175,380147,22400,402547,4311
2021-11-18,San Francisco,075,870044,54143,53525,2353,55878,669
2021-11-18,San Joaquin,077,732212,101763,100922,5468,106390,1832
2021-11-18,San Luis Obispo,079,281455,30285,29815,1296,31111,355
2021-11-18,San Mateo,081,765935,55164,54132,911,55043,577
2021-11-18,Santa Barbara,083,443738,45416,45074,1568,46642,544
2021-11-18,Santa Clara,085,1922200,150244,148829,1441,150270,1917
2021-11-18,Santa Cruz,087,273765,21015,20756,1008,21764,222
2021-11-18,Shasta,089,179085,22252,21968,3656,25624,383
2021-11-18,Sierra,091,2930,195,191,21,212,0
2021-11-18,Siskiyou,093,43540,3416,3313,1317,4630,54
2021-11-18,Solano,095,438530,46673,46006,1304,47310,356
2021-11-18,Sonoma,097,501317,42447,42151,536,42687,403
2021-11-18,Stanislaus,099,539301,80316,80412,9010,89422,1205
2021-11-18,Sutter,101,95872,14092,14074,372,14446,181
2021-11-18,Tehama,103,63373,8734,8648,1510,10158,125
2021-11-18,Trinity,105,12862,884,771,217,988,17
2021-11-18,Tulare,107,460477,70291,69074,15502,84576,1054
2021-11-18,Tuolumne,109,53932,7558,7511,109,7620,90
2021-11-18,Ventura,111,848112,99627,98893,4317,103210,1186
2021-11-18,Yolo,113,214977,20332,20139,1105,21244,257
2021-11-18,Yuba,115,75493,10371,10290,363,10653,88
2021-11-17,Alameda,001,1643700,121648,120913,2810,123723,1472
2021-11-17,Alpine,003,1148,103,105,0,105,0
2021-11-17,Amador,005,37829,5663,5646,65,5711,66
2021-11-17,Butte,007,227075,21517,21230,3894,25124,300
2021-11-17,Calaveras,009,45235,4297,4259,58,4317,84
2021-11-17,Colusa,011,21464,2582,2546,653,3199,19
2021-11-17,Contra Costa,013,1133247,101074,100387,2230,102617,1039
2021-11-17,Del Norte,015,27424,3728,3630,55,3685,42
2021-11-17,El Dorado,017,186661,16525,16269,1750,18019,161
2021-11-17,Fresno,019,978130,144286,142366,12946,155312,2230
2021-11-17,Glenn,021,27897,3554,3527,1023,4550,34
2021-11-17,Humboldt,023,135768,9395,9270,622,9892,115
2021-11-17,Imperial,025,180216,34690,34256,3350,37606,766
2021-11-17,Inyo,027,18085,2503,2457,38,2495,44
2021-11-17,Kern,029,883053,131088,129307,23159,152466,1743
2021-11-17,Kings,031,150075,33094,32669,1973,34642,352
2021-11-17,Lake,033,64148,6875,6795,152,6947,110
2021-11-17,Lassen,035,31185,7016,6918,396,7314,47
2021-11-17,Los Angeles,037,10098052,1459483,1447947,54846,1502793,26721
2021-11-17,Madera,039,155013,24007,23673,2214,25887,287
2021-11-17,Marin,041,260295,17878,17757,470,18227,248
2021-11-17,Mariposa,043,17540,1402,1353,58,1411,6
2021-11-17,Mendocino,045,87422,7920,7735,632,8367,89
2021-11-17,Merced,047,269075,42821,42612,2023,44635,654
2021-11-17,Modoc,049,8938,562,540,202,742,5
2021-11-17,Mono,051,14174,1798,1765,21,1786,5
2021-11-17,Monterey,053,433212,49370,48221,3053,51274,609
2021-11-17,Napa,055,140530,13242,13167,113,13280,103
2021-11-17,Nevada,057,99092,9591,9447,334,9781,92
2021-11-17,Orange,059,3164182,311875,309396,15537,324933,5651
2021-11-17,Placer,061,380077,38157,37725,3749,41474,460
2021-11-17,Plumas,063,18699,1907,1833,43,1876,7
2021-11-17,Riverside,065,2383286,370569,365406,16454,381860,5229
2021-11-17,Sacramento,067,1510023,162431,161269,4738,166007,2302
2021-11-17,San Benito,069,59416,7540,7524,173,7697,77
2021-11-17,San Bernardino,071,2135413,361382,357947,11389,369336,5893
2021-11-17,San Diego,073,3302833,381684,379769,22374,402143,4301
2021-11-17,San Francisco,075,870044,54088,53469,2350,55819,667
2021-11-17,San Joaquin,077,732212,101661,100764,5463,106227,1828
2021-11-17,San Luis Obispo,079,281455,30259,29731,1293,31024,354
2021-11-17,San Mateo,081,765935,55096,54092,908,55000,577
2021-11-17,Santa Barbara,083,443738,45378,45000,1568,46568,542
2021-11-17,Santa Clara,085,1922200,150080,148626,1433,150059,1915
2021-11-17,Santa Cruz,087,273765,20980,20700,1008,21708,222
2021-11-17,Shasta,089,179085,22219,21883,3654,25537,382
2021-11-17,Sierra,091,2930,194,189,21,210,0
2021-11-17,Siskiyou,093,43540,3412,3307,1314,4621,54
2021-11-17,Solano,095,438530,46640,45948,1303,47251,353
2021-11-17,Sonoma,097,501317,42401,42093,533,42626,403
2021-11-17,Stanislaus,099,539301,80227,80276,9000,89276,1199
2021-11-17,Sutter,101,95872,14078,14064,370,14434,181
2021-11-17,Tehama,103,63373,8724,8633,1507,10140,125
2021-11-17,Trinity,105,12862,883,765,217,982,17
2021-11-17,Tulare,107,460477,70220,68977,15475,84452,1047
2021-11-17,Tuolumne,109,53932,7541,7485,109,7594,90
2021-11-17,Ventura,111,848112,99565,98812,4311,103123,1183
2021-11-17,Yolo,113,214977,20313,20100,1102,21202,257
2021-11-17,Yuba,115,75493,10359,10275,359,10634,88
2021-11-16,Alameda,001,1643700,121539,120809,2806,123615,1467
2021-11-16,Alpine,003,1148,103,105,0,105,0
2021-11-16,Amador,005,37829,5657,5644,65,5709,66
2021-11-16,Butte,007,227075,21491,21208,3889,25097,297
2021-11-16,Calaveras,009,45235,4288,4249,58,4307,83
2021-11-16,Colusa,011,21464,2576,2538,653,3191,19
2021-11-16,Contra Costa,013,1133247,100953,100320,2227,102547,1038
2021-11-16,Del Norte,015,27424,3722,3630,55,3685,42
2021-11-16,El Dorado,017,186661,16500,16248,1748,17996,159
2021-11-16,Fresno,019,978130,144099,142200,12924,155124,2218
2021-11-16,Glenn,021,27897,3553,3527,1020,4547,34
2021-11-16,Humboldt,023,135768,9374,9252,618,9870,115
2021-11-16,Imperial,025,180216,34606,34177,3336,37513,766
2021-11-16,Inyo,027,18085,2496,2449,38,2487,42
2021-11-16,Kern,029,883053,130928,129136,23098,152234,1735
2021-11-16,Kings,031,150075,33041,32614,1966,34580,350
2021-11-16,Lake,033,64148,6870,6789,152,6941,110
2021-11-16,Lassen,035,31185,7006,6915,396,7311,47
2021-11-16,Los Angeles,037,10098052,1458309,1446815,54774,1501589,26703
2021-11-16,Madera,039,155013,23969,23642,2208,25850,287
2021-11-16,Marin,041,260295,17859,17736,469,18205,248
2021-11-16,Mariposa,043,17540,1394,1349,57,1406,6
2021-11-16,Mendocino,045,87422,7878,7723,628,8351,89
2021-11-16,Merced,047,269075,42784,42578,2016,44594,653
2021-11-16,Modoc,049,8938,561,539,201,740,5
2021-11-16,Mono,051,14174,1789,1767,21,1788,4
2021-11-16,Monterey,053,433212,49340,48195,3039,51234,609
2021-11-16,Napa,055,140530,13231,13151,113,13264,103
2021-11-16,Nevada,057,99092,9574,9435,333,9768,92
2021-11-16,Orange,059,3164182,311608,309170,15503,324673,5651
2021-11-16,Placer,061,380077,38115,37676,3743,41419,459
2021-11-16,Plumas,063,18699,1898,1832,43,1875,7
2021-11-16,Riverside,065,2383286,370147,365078,16432,381510,5208
2021-11-16,Sacramento,067,1510023,162251,161102,4726,165828,2299
2021-11-16,San Benito,069,59416,7526,7513,173,7686,77
2021-11-16,San Bernardino,071,2135413,360966,357528,11336,368864,5901
2021-11-16,San Diego,073,3302833,381132,379435,22347,401782,4287
2021-11-16,San Francisco,075,870044,54015,53415,2342,55757,667
2021-11-16,San Joaquin,077,732212,101521,100637,5448,106085,1807
2021-11-16,San Luis Obispo,079,281455,30227,29703,1290,30993,356
2021-11-16,San Mateo,081,765935,55034,54034,906,54940,577
2021-11-16,Santa Barbara,083,443738,45310,44932,1565,46497,539
2021-11-16,Santa Clara,085,1922200,149899,148452,1421,149873,1916
2021-11-16,Santa Cruz,087,273765,20935,20684,1006,21690,222
2021-11-16,Shasta,089,179085,22180,21853,3650,25503,379
2021-11-16,Sierra,091,2930,194,189,21,210,0
2021-11-16,Siskiyou,093,43540,3409,3304,1312,4616,54
2021-11-16,Solano,095,438530,46600,45908,1302,47210,351
2021-11-16,Sonoma,097,501317,42352,42056,532,42588,401
2021-11-16,Stanislaus,099,539301,80132,80214,8977,89191,1196
2021-11-16,Sutter,101,95872,14066,14058,369,14427,181
2021-11-16,Tehama,103,63373,8717,8621,1500,10121,125
2021-11-16,Trinity,105,12862,883,762,216,978,17
2021-11-16,Tulare,107,460477,70140,68881,15440,84321,1039
2021-11-16,Tuolumne,109,53932,7531,7478,109,7587,90
2021-11-16,Ventura,111,848112,99490,98731,4308,103039,1183
2021-11-16,Yolo,113,214977,20274,20077,1100,21177,257
2021-11-16,Yuba,115,75493,10351,10262,357,10619,85
2021-11-15,Alameda,001,1643700,121383,120731,2802,123533,1464
2021-11-15,Alpine,003,1148,103,105,0,105,0
2021-11-15,Amador,005,37829,5652,5637,65,5702,66
2021-11-15,Butte,007,227075,21467,21182,3884,25066,296
2021-11-15,Calaveras,009,45235,4274,4237,58,4295,83
2021-11-15,Colusa,011,21464,2569,2535,650,3185,19
2021-11-15,Contra Costa,013,1133247,100847,100251,2224,102475,1038
2021-11-15,Del Norte,015,27424,3717,3630,54,3684,42
2021-11-15,El Dorado,017,186661,16476,16236,1744,17980,159
2021-11-15,Fresno,019,978130,143877,142015,12902,154917,2210
2021-11-15,Glenn,021,27897,3551,3526,1020,4546,34
2021-11-15,Humboldt,023,135768,9352,9230,610,9840,115
2021-11-15,Imperial,025,180216,34533,34130,3320,37450,766
2021-11-15,Inyo,027,18085,2491,2442,38,2480,42
2021-11-15,Kern,029,883053,130719,128928,23027,151955,1730
2021-11-15,Kings,031,150075,33007,32584,1961,34545,348
2021-11-15,Lake,033,64148,6866,6784,152,6936,109
2021-11-15,Lassen,035,31185,6995,6915,394,7309,47
2021-11-15,Los Angeles,037,10098052,1457122,1446114,54711,1500825,26677
2021-11-15,Madera,039,155013,23931,23605,2197,25802,287
2021-11-15,Marin,041,260295,17842,17723,468,18191,248
2021-11-15,Mariposa,043,17540,1393,1347,55,1402,6
2021-11-15,Mendocino,045,87422,7858,7694,622,8316,89
2021-11-15,Merced,047,269075,42727,42552,2005,44557,648
2021-11-15,Modoc,049,8938,560,538,200,738,5
2021-11-15,Mono,051,14174,1784,1763,21,1784,4
2021-11-15,Monterey,053,433212,49308,48154,3033,51187,609
2021-11-15,Napa,055,140530,13223,13143,113,13256,103
2021-11-15,Nevada,057,99092,9545,9420,332,9752,92
2021-11-15,Orange,059,3164182,311331,308859,15478,324337,5646
2021-11-15,Placer,061,380077,38051,37610,3739,41349,452
2021-11-15,Plumas,063,18699,1891,1829,43,1872,7
2021-11-15,Riverside,065,2383286,369701,364750,16413,381163,5199
2021-11-15,Sacramento,067,1510023,162031,160937,4714,165651,2293
2021-11-15,San Benito,069,59416,7521,7511,172,7683,77
2021-11-15,San Bernardino,071,2135413,360543,357306,11317,368623,5898
2021-11-15,San Diego,073,3302833,380596,378845,22322,401167,4284
2021-11-15,San Francisco,075,870044,53948,53374,2339,55713,667
2021-11-15,San Joaquin,077,732212,101367,100587,5437,106024,1799
2021-11-15,San Luis Obispo,079,281455,30184,29669,1278,30947,351
2021-11-15,San Mateo,081,765935,54981,54010,904,54914,576
2021-11-15,Santa Barbara,083,443738,45254,44879,1559,46438,539
2021-11-15,Santa Clara,085,1922200,149682,148313,1414,149727,1914
2021-11-15,Santa Cruz,087,273765,20893,20630,1005,21635,223
2021-11-15,Shasta,089,179085,22135,21779,3645,25424,374
2021-11-15,Sierra,091,2930,194,189,21,210,0
2021-11-15,Siskiyou,093,43540,3402,3302,1310,4612,54
2021-11-15,Solano,095,438530,46561,45885,1297,47182,351
2021-11-15,Sonoma,097,501317,42301,42021,531,42552,401
2021-11-15,Stanislaus,099,539301,80047,80129,8963,89092,1174
2021-11-15,Sutter,101,95872,14053,14043,368,14411,181
2021-11-15,Tehama,103,63373,8711,8615,1499,10114,125
2021-11-15,Trinity,105,12862,881,757,214,971,17
2021-11-15,Tulare,107,460477,70053,68826,15395,84221,1039
2021-11-15,Tuolumne,109,53932,7520,7461,109,7570,90
2021-11-15,Ventura,111,848112,99406,98605,4303,102908,1183
2021-11-15,Yolo,113,214977,20244,20065,1095,21160,255
2021-11-15,Yuba,115,75493,10332,10254,353,10607,85
2021-11-14,Alameda,001,1643700,121208,120629,2798,123427,1461
2021-11-14,Alpine,003,1148,102,105,0,105,0
2021-11-14,Amador,005,37829,5645,5632,64,5696,66
2021-11-14,Butte,007,227075,21435,21146,3875,25021,296
2021-11-14,Calaveras,009,45235,4263,4222,58,4280,83
2021-11-14,Colusa,011,21464,2567,2532,647,3179,19
2021-11-14,Contra Costa,013,1133247,100739,100188,2222,102410,1038
2021-11-14,Del Norte,015,27424,3714,3629,54,3683,42
2021-11-14,El Dorado,017,186661,16434,16212,1739,17951,159
2021-11-14,Fresno,019,978130,143595,141869,12869,154738,2209
2021-11-14,Glenn,021,27897,3549,3521,1020,4541,34
2021-11-14,Humboldt,023,135768,9322,9215,600,9815,115
2021-11-14,Imperial,025,180216,34430,34078,3305,37383,766
2021-11-14,Inyo,027,18085,2479,2441,38,2479,42
2021-11-14,Kern,029,883053,130479,128842,22957,151799,1730
2021-11-14,Kings,031,150075,32950,32545,1954,34499,349
2021-11-14,Lake,033,64148,6858,6777,152,6929,109
2021-11-14,Lassen,035,31185,6985,6911,393,7304,47
2021-11-14,Los Angeles,037,10098052,1455757,1445284,54636,1499920,26667
2021-11-14,Madera,039,155013,23881,23566,2188,25754,287
2021-11-14,Marin,041,260295,17827,17712,468,18180,247
2021-11-14,Mariposa,043,17540,1383,1337,51,1388,6
2021-11-14,Mendocino,045,87422,7825,7684,617,8301,89
2021-11-14,Merced,047,269075,42637,42513,1999,44512,648
2021-11-14,Modoc,049,8938,558,538,200,738,5
2021-11-14,Mono,051,14174,1772,1760,21,1781,4
2021-11-14,Monterey,053,433212,49253,48135,3015,51150,609
2021-11-14,Napa,055,140530,13205,13132,113,13245,103
2021-11-14,Nevada,057,99092,9517,9408,332,9740,92
2021-11-14,Orange,059,3164182,311011,308699,15457,324156,5646
2021-11-14,Placer,061,380077,37971,37569,3729,41298,452
2021-11-14,Plumas,063,18699,1888,1829,42,1871,7
2021-11-14,Riverside,065,2383286,369203,364490,16396,380886,5199
2021-11-14,Sacramento,067,1510023,161794,160761,4697,165458,2295
2021-11-14,San Benito,069,59416,7510,7507,171,7678,77
2021-11-14,San Bernardino,071,2135413,359963,357014,11300,368314,5897
2021-11-14,San Diego,073,3302833,379999,377633,22291,399924,4280
2021-11-14,San Francisco,075,870044,53873,53338,2334,55672,667
2021-11-14,San Joaquin,077,732212,101239,100518,5432,105950,1799
2021-11-14,San Luis Obispo,079,281455,30103,29645,1274,30919,352
2021-11-14,San Mateo,081,765935,54928,53978,902,54880,576
2021-11-14,Santa Barbara,083,443738,45175,44842,1556,46398,539
2021-11-14,Santa Clara,085,1922200,149484,148152,1406,149558,1913
2021-11-14,Santa Cruz,087,273765,20839,20609,1003,21612,223
2021-11-14,Shasta,089,179085,22083,21771,3632,25403,373
2021-11-14,Sierra,091,2930,194,189,21,210,0
2021-11-14,Siskiyou,093,43540,3393,3302,1309,4611,54
2021-11-14,Solano,095,438530,46506,45860,1290,47150,351
2021-11-14,Sonoma,097,501317,42235,41974,529,42503,401
2021-11-14,Stanislaus,099,539301,79912,80076,8945,89021,1174
2021-11-14,Sutter,101,95872,14036,14031,363,14394,181
2021-11-14,Tehama,103,63373,8701,8607,1497,10104,125
2021-11-14,Trinity,105,12862,878,754,212,966,17
2021-11-14,Tulare,107,460477,69935,68772,15337,84109,1037
2021-11-14,Tuolumne,109,53932,7502,7439,108,7547,90
2021-11-14,Ventura,111,848112,99291,98550,4302,102852,1183
2021-11-14,Yolo,113,214977,20217,20040,1089,21129,255
2021-11-14,Yuba,115,75493,10325,10238,352,10590,85
2021-11-13,Alameda,001,1643700,121136,120407,2796,123203,1454
2021-11-13,Alpine,003,1148,102,105,0,105,0
2021-11-13,Amador,005,37829,5644,5614,64,5678,66
2021-11-13,Butte,007,227075,21414,21104,3872,24976,296
2021-11-13,Calaveras,009,45235,4252,4203,58,4261,83
2021-11-13,Colusa,011,21464,2565,2522,647,3169,19
2021-11-13,Contra Costa,013,1133247,100667,100004,2216,102220,1028
2021-11-13,Del Norte,015,27424,3714,3629,54,3683,42
2021-11-13,El Dorado,017,186661,16421,16163,1736,17899,159
2021-11-13,Fresno,019,978130,143488,141452,12855,154307,2205
2021-11-13,Glenn,021,27897,3549,3514,1019,4533,34
2021-11-13,Humboldt,023,135768,9306,9177,595,9772,115
2021-11-13,Imperial,025,180216,34380,33990,3288,37278,766
2021-11-13,Inyo,027,18085,2473,2436,38,2474,42
2021-11-13,Kern,029,883053,130377,128472,22913,151385,1719
2021-11-13,Kings,031,150075,32933,32452,1953,34405,347
2021-11-13,Lake,033,64148,6853,6769,152,6921,109
2021-11-13,Lassen,035,31185,6980,6897,393,7290,47
2021-11-13,Los Angeles,037,10098052,1455098,1443088,54596,1497684,26649
2021-11-13,Madera,039,155013,23850,23462,2184,25646,287
2021-11-13,Marin,041,260295,17814,17684,466,18150,247
2021-11-13,Mariposa,043,17540,1380,1323,51,1374,6
2021-11-13,Mendocino,045,87422,7806,7652,616,8268,89
2021-11-13,Merced,047,269075,42599,42411,1996,44407,644
2021-11-13,Modoc,049,8938,557,536,200,736,5
2021-11-13,Mono,051,14174,1768,1750,21,1771,4
2021-11-13,Monterey,053,433212,49227,48087,3013,51100,609
2021-11-13,Napa,055,140530,13197,13110,113,13223,103
2021-11-13,Nevada,057,99092,9497,9369,330,9699,92
2021-11-13,Orange,059,3164182,310845,308211,15429,323640,5641
2021-11-13,Placer,061,380077,37921,37453,3726,41179,445
2021-11-13,Plumas,063,18699,1885,1828,42,1870,8
2021-11-13,Riverside,065,2383286,368897,363801,16389,380190,5187
2021-11-13,Sacramento,067,1510023,161657,160397,4684,165081,2291
2021-11-13,San Benito,069,59416,7497,7491,170,7661,77
2021-11-13,San Bernardino,071,2135413,359710,356325,11293,367618,5873
2021-11-13,San Diego,073,3302833,379669,377633,22263,399896,4280
2021-11-13,San Francisco,075,870044,53841,53195,2333,55528,667
2021-11-13,San Joaquin,077,732212,101182,100263,5423,105686,1799
2021-11-13,San Luis Obispo,079,281455,30073,29589,1272,30861,351
2021-11-13,San Mateo,081,765935,54890,53853,901,54754,574
2021-11-13,Santa Barbara,083,443738,45142,44734,1556,46290,537
2021-11-13,Santa Clara,085,1922200,149364,147821,1401,149222,1905
2021-11-13,Santa Cruz,087,273765,20824,20565,1002,21567,223
2021-11-13,Shasta,089,179085,22052,21713,3628,25341,366
2021-11-13,Sierra,091,2930,193,188,21,209,0
2021-11-13,Siskiyou,093,43540,3384,3299,1308,4607,54
2021-11-13,Solano,095,438530,46477,45774,1286,47060,350
2021-11-13,Sonoma,097,501317,42201,41882,528,42410,399
2021-11-13,Stanislaus,099,539301,79837,79872,8931,88803,1174
2021-11-13,Sutter,101,95872,14026,14017,362,14379,181
2021-11-13,Tehama,103,63373,8695,8592,1493,10085,125
2021-11-13,Trinity,105,12862,877,749,212,961,17
2021-11-13,Tulare,107,460477,69869,68619,15314,83933,1033
2021-11-13,Tuolumne,109,53932,7484,7392,108,7500,90
2021-11-13,Ventura,111,848112,99233,98452,4299,102751,1183
2021-11-13,Yolo,113,214977,20203,20009,1084,21093,255
2021-11-13,Yuba,115,75493,10315,10218,350,10568,85
2021-11-12,Alameda,001,1643700,121052,120407,2793,123200,1454
2021-11-12,Alpine,003,1148,102,105,0,105,0
2021-11-12,Amador,005,37829,5640,5614,63,5677,66
2021-11-12,Butte,007,227075,21396,21104,3868,24972,296
2021-11-12,Calaveras,009,45235,4241,4203,58,4261,83
2021-11-12,Colusa,011,21464,2561,2522,646,3168,19
2021-11-12,Contra Costa,013,1133247,100613,100004,2215,102219,1028
2021-11-12,Del Norte,015,27424,3714,3629,54,3683,42
2021-11-12,El Dorado,017,186661,16402,16163,1735,17898,159
2021-11-12,Fresno,019,978130,143345,141452,12842,154294,2205
2021-11-12,Glenn,021,27897,3546,3514,1018,4532,34
2021-11-12,Humboldt,023,135768,9299,9177,593,9770,115
2021-11-12,Imperial,025,180216,34354,33990,3278,37268,766
2021-11-12,Inyo,027,18085,2469,2436,38,2474,42
2021-11-12,Kern,029,883053,130240,128472,22881,151353,1719
2021-11-12,Kings,031,150075,32907,32452,1951,34403,347
2021-11-12,Lake,033,64148,6849,6769,152,6921,109
2021-11-12,Lassen,035,31185,6976,6897,392,7289,47
2021-11-12,Los Angeles,037,10098052,1454371,1443088,54551,1497639,26649
2021-11-12,Madera,039,155013,23821,23462,2179,25641,287
2021-11-12,Marin,041,260295,17798,17684,465,18149,247
2021-11-12,Mariposa,043,17540,1373,1323,51,1374,6
2021-11-12,Mendocino,045,87422,7794,7652,613,8265,89
2021-11-12,Merced,047,269075,42570,42411,1994,44405,644
2021-11-12,Modoc,049,8938,556,536,200,736,5
2021-11-12,Mono,051,14174,1766,1750,21,1771,4
2021-11-12,Monterey,053,433212,49195,48087,3007,51094,609
2021-11-12,Napa,055,140530,13188,13110,113,13223,103
2021-11-12,Nevada,057,99092,9483,9369,329,9698,92
2021-11-12,Orange,059,3164182,310657,308211,15411,323622,5641
2021-11-12,Placer,061,380077,37882,37453,3723,41176,445
2021-11-12,Plumas,063,18699,1879,1828,42,1870,8
2021-11-12,Riverside,065,2383286,368630,363801,16385,380186,5187
2021-11-12,Sacramento,067,1510023,161498,160397,4679,165076,2291
2021-11-12,San Benito,069,59416,7497,7491,170,7661,77
2021-11-12,San Bernardino,071,2135413,359402,356325,11283,367608,5873
2021-11-12,San Diego,073,3302833,379303,377633,22241,399874,4280
2021-11-12,San Francisco,075,870044,53806,53195,2329,55524,667
2021-11-12,San Joaquin,077,732212,101137,100263,5417,105680,1799
2021-11-12,San Luis Obispo,079,281455,30044,29589,1271,30860,351
2021-11-12,San Mateo,081,765935,54840,53853,898,54751,574
2021-11-12,Santa Barbara,083,443738,45087,44734,1555,46289,537
2021-11-12,Santa Clara,085,1922200,149222,147821,1397,149218,1905
2021-11-12,Santa Cruz,087,273765,20796,20565,1000,21565,223
2021-11-12,Shasta,089,179085,22019,21713,3625,25338,366
2021-11-12,Sierra,091,2930,192,188,21,209,0
2021-11-12,Siskiyou,093,43540,3383,3299,1306,4605,54
2021-11-12,Solano,095,438530,46450,45774,1282,47056,350
2021-11-12,Sonoma,097,501317,42161,41882,528,42410,399
2021-11-12,Stanislaus,099,539301,79785,79872,8923,88795,1174
2021-11-12,Sutter,101,95872,14019,14017,362,14379,181
2021-11-12,Tehama,103,63373,8691,8592,1492,10084,125
2021-11-12,Trinity,105,12862,870,749,212,961,17
2021-11-12,Tulare,107,460477,69827,68619,15279,83898,1033
2021-11-12,Tuolumne,109,53932,7471,7392,107,7499,90
2021-11-12,Ventura,111,848112,99168,98452,4298,102750,1183
2021-11-12,Yolo,113,214977,20189,20009,1078,21087,255
2021-11-12,Yuba,115,75493,10306,10218,349,10567,85
2021-11-11,Alameda,001,1643700,120937,120147,2785,122932,1453
2021-11-11,Alpine,003,1148,102,105,0,105,0
2021-11-11,Amador,005,37829,5637,5603,62,5665,66
2021-11-11,Butte,007,227075,21353,21047,3861,24908,293
2021-11-11,Calaveras,009,45235,4223,4179,58,4237,83
2021-11-11,Colusa,011,21464,2553,2518,644,3162,19
2021-11-11,Contra Costa,013,1133247,100509,99808,2211,102019,1028
2021-11-11,Del Norte,015,27424,3712,3622,54,3676,42
2021-11-11,El Dorado,017,186661,16368,16085,1732,17817,159
2021-11-11,Fresno,019,978130,143140,140833,12808,153641,2202
2021-11-11,Glenn,021,27897,3544,3503,1017,4520,34
2021-11-11,Humboldt,023,135768,9276,9125,590,9715,115
2021-11-11,Imperial,025,180216,34285,33844,3256,37100,766
2021-11-11,Inyo,027,18085,2464,2428,38,2466,42
2021-11-11,Kern,029,883053,130055,128023,22818,150841,1709
2021-11-11,Kings,031,150075,32857,32318,1949,34267,345
2021-11-11,Lake,033,64148,6842,6745,152,6897,107
2021-11-11,Lassen,035,31185,6970,6875,392,7267,47
2021-11-11,Los Angeles,037,10098052,1453273,1440436,54494,1494930,26614
2021-11-11,Madera,039,155013,23773,23316,2171,25487,287
2021-11-11,Marin,041,260295,17788,17639,465,18104,247
2021-11-11,Mariposa,043,17540,1363,1317,51,1368,6
2021-11-11,Mendocino,045,87422,7779,7612,604,8216,89
2021-11-11,Merced,047,269075,42514,42292,1991,44283,643
2021-11-11,Modoc,049,8938,554,536,200,736,5
2021-11-11,Mono,051,14174,1762,1743,21,1764,4
2021-11-11,Monterey,053,433212,49160,48008,2995,51003,609
2021-11-11,Napa,055,140530,13180,13075,113,13188,103
2021-11-11,Nevada,057,99092,9461,9308,329,9637,92
2021-11-11,Orange,059,3164182,310383,307674,15374,323048,5633
2021-11-11,Placer,061,380077,37831,37333,3715,41048,440
2021-11-11,Plumas,063,18699,1875,1814,42,1856,7
2021-11-11,Riverside,065,2383286,368196,362930,16367,379297,5175
2021-11-11,Sacramento,067,1510023,161286,159962,4660,164622,2289
2021-11-11,San Benito,069,59416,7489,7473,170,7643,76
2021-11-11,San Bernardino,071,2135413,358972,355413,11270,366683,5849
2021-11-11,San Diego,073,3302833,378794,376428,22218,398646,4272
2021-11-11,San Francisco,075,870044,53747,53063,2328,55391,666
2021-11-11,San Joaquin,077,732212,101042,99937,5402,105339,1799
2021-11-11,San Luis Obispo,079,281455,29993,29532,1269,30801,351
2021-11-11,San Mateo,081,765935,54791,53722,893,54615,574
2021-11-11,Santa Barbara,083,443738,45029,44603,1552,46155,534
2021-11-11,Santa Clara,085,1922200,149040,147458,1391,148849,1901
2021-11-11,Santa Cruz,087,273765,20751,20479,1000,21479,222
2021-11-11,Shasta,089,179085,21972,21600,3623,25223,364
2021-11-11,Sierra,091,2930,191,186,21,207,0
2021-11-11,Siskiyou,093,43540,3377,3297,1305,4602,53
2021-11-11,Solano,095,438530,46413,45679,1281,46960,350
2021-11-11,Sonoma,097,501317,42124,41774,528,42302,395
2021-11-11,Stanislaus,099,539301,79703,79570,8907,88477,1166
2021-11-11,Sutter,101,95872,14005,13993,361,14354,181
2021-11-11,Tehama,103,63373,8679,8565,1490,10055,125
2021-11-11,Trinity,105,12862,869,748,212,960,17
2021-11-11,Tulare,107,460477,69734,68367,15243,83610,1028
2021-11-11,Tuolumne,109,53932,7458,7354,107,7461,90
2021-11-11,Ventura,111,848112,99090,98297,4291,102588,1182
2021-11-11,Yolo,113,214977,20162,19946,1076,21022,255
2021-11-11,Yuba,115,75493,10290,10191,349,10540,85
2021-11-10,Alameda,001,1643700,120828,120147,2776,122923,1453
2021-11-10,Alpine,003,1148,102,105,0,105,0
2021-11-10,Amador,005,37829,5631,5603,62,5665,66
2021-11-10,Butte,007,227075,21327,21047,3857,24904,293
2021-11-10,Calaveras,009,45235,4212,4179,58,4237,83
2021-11-10,Colusa,011,21464,2547,2518,644,3162,19
2021-11-10,Contra Costa,013,1133247,100426,99808,2207,102015,1028
2021-11-10,Del Norte,015,27424,3711,3622,54,3676,42
2021-11-10,El Dorado,017,186661,16352,16085,1731,17816,159
2021-11-10,Fresno,019,978130,142962,140833,12795,153628,2202
2021-11-10,Glenn,021,27897,3544,3503,1016,4519,34
2021-11-10,Humboldt,023,135768,9258,9125,590,9715,115
2021-11-10,Imperial,025,180216,34237,33844,3237,37081,766
2021-11-10,Inyo,027,18085,2457,2428,38,2466,42
2021-11-10,Kern,029,883053,129905,128023,22763,150786,1709
2021-11-10,Kings,031,150075,32824,32318,1947,34265,345
2021-11-10,Lake,033,64148,6832,6745,152,6897,107
2021-11-10,Lassen,035,31185,6965,6875,392,7267,47
2021-11-10,Los Angeles,037,10098052,1452321,1440436,54436,1494872,26614
2021-11-10,Madera,039,155013,23723,23316,2165,25481,287
2021-11-10,Marin,041,260295,17775,17639,463,18102,247
2021-11-10,Mariposa,043,17540,1357,1317,51,1368,6
2021-11-10,Mendocino,045,87422,7767,7612,603,8215,89
2021-11-10,Merced,047,269075,42479,42292,1989,44281,643
2021-11-10,Modoc,049,8938,553,536,199,735,5
2021-11-10,Mono,051,14174,1760,1743,21,1764,4
2021-11-10,Monterey,053,433212,49126,48008,2984,50992,609
2021-11-10,Napa,055,140530,13166,13075,112,13187,103
2021-11-10,Nevada,057,99092,9454,9308,327,9635,92
2021-11-10,Orange,059,3164182,310120,307674,15342,323016,5633
2021-11-10,Placer,061,380077,37785,37333,3708,41041,440
2021-11-10,Plumas,063,18699,1869,1814,41,1855,7
2021-11-10,Riverside,065,2383286,367815,362930,16361,379291,5175
2021-11-10,Sacramento,067,1510023,161131,159962,4650,164612,2289
2021-11-10,San Benito,069,59416,7481,7473,170,7643,76
2021-11-10,San Bernardino,071,2135413,358633,355413,11263,366676,5849
2021-11-10,San Diego,073,3302833,378391,376428,22196,398624,4272
2021-11-10,San Francisco,075,870044,53686,53063,2325,55388,666
2021-11-10,San Joaquin,077,732212,100936,99937,5397,105334,1799
2021-11-10,San Luis Obispo,079,281455,29962,29532,1268,30800,351
2021-11-10,San Mateo,081,765935,54737,53722,892,54614,574
2021-11-10,Santa Barbara,083,443738,44991,44603,1551,46154,534
2021-11-10,Santa Clara,085,1922200,148893,147458,1385,148843,1901
2021-11-10,Santa Cruz,087,273765,20724,20479,999,21478,222
2021-11-10,Shasta,089,179085,21936,21600,3621,25221,364
2021-11-10,Sierra,091,2930,190,186,21,207,0
2021-11-10,Siskiyou,093,43540,3375,3297,1305,4602,53
2021-11-10,Solano,095,438530,46383,45679,1279,46958,350
2021-11-10,Sonoma,097,501317,42073,41774,528,42302,395
2021-11-10,Stanislaus,099,539301,79601,79570,8891,88461,1166
2021-11-10,Sutter,101,95872,13997,13993,361,14354,181
2021-11-10,Tehama,103,63373,8667,8565,1484,10049,125
2021-11-10,Trinity,105,12862,865,748,211,959,17
2021-11-10,Tulare,107,460477,69674,68367,15204,83571,1028
2021-11-10,Tuolumne,109,53932,7434,7354,107,7461,90
2021-11-10,Ventura,111,848112,99019,98297,4291,102588,1182
2021-11-10,Yolo,113,214977,20143,19946,1075,21021,255
2021-11-10,Yuba,115,75493,10281,10191,349,10540,85
2021-11-09,Alameda,001,1643700,120692,120051,2767,122818,1450
2021-11-09,Alpine,003,1148,102,105,0,105,0
2021-11-09,Amador,005,37829,5625,5596,62,5658,66
2021-11-09,Butte,007,227075,21304,21022,3853,24875,291
2021-11-09,Calaveras,009,45235,4208,4174,58,4232,84
2021-11-09,Colusa,011,21464,2542,2517,643,3160,19
2021-11-09,Contra Costa,013,1133247,100331,99732,2199,101931,1028
2021-11-09,Del Norte,015,27424,3710,3620,54,3674,42
2021-11-09,El Dorado,017,186661,16314,16073,1726,17799,160
2021-11-09,Fresno,019,978130,142716,140666,12780,153446,2188
2021-11-09,Glenn,021,27897,3539,3499,1015,4514,34
2021-11-09,Humboldt,023,135768,9237,9112,585,9697,115
2021-11-09,Imperial,025,180216,34184,33751,3223,36974,766
2021-11-09,Inyo,027,18085,2453,2404,38,2442,42
2021-11-09,Kern,029,883053,129659,127901,22701,150602,1694
2021-11-09,Kings,031,150075,32757,32279,1943,34222,344
2021-11-09,Lake,033,64148,6823,6743,152,6895,106
2021-11-09,Lassen,035,31185,6953,6846,392,7238,47
2021-11-09,Los Angeles,037,10098052,1451057,1439125,54373,1493498,26581
2021-11-09,Madera,039,155013,23673,23285,2156,25441,287
2021-11-09,Marin,041,260295,17756,17630,461,18091,247
2021-11-09,Mariposa,043,17540,1349,1317,51,1368,5
2021-11-09,Mendocino,045,87422,7744,7598,597,8195,85
2021-11-09,Merced,047,269075,42438,42251,1983,44234,613
2021-11-09,Modoc,049,8938,552,536,197,733,5
2021-11-09,Mono,051,14174,1755,1738,21,1759,4
2021-11-09,Monterey,053,433212,49089,47975,2960,50935,609
2021-11-09,Napa,055,140530,13148,13051,112,13163,103
2021-11-09,Nevada,057,99092,9435,9288,327,9615,92
2021-11-09,Orange,059,3164182,309836,307412,15315,322727,5621
2021-11-09,Placer,061,380077,37730,37291,3691,40982,440
2021-11-09,Plumas,063,18699,1867,1802,41,1843,7
2021-11-09,Riverside,065,2383286,367349,362557,16347,378904,5160
2021-11-09,Sacramento,067,1510023,160889,159856,4641,164497,2286
2021-11-09,San Benito,069,59416,7471,7471,169,7640,76
2021-11-09,San Bernardino,071,2135413,358185,354972,11246,366218,5839
2021-11-09,San Diego,073,3302833,377896,375997,22170,398167,4272
2021-11-09,San Francisco,075,870044,53612,52996,2319,55315,666
2021-11-09,San Joaquin,077,732212,100762,99848,5384,105232,1794
2021-11-09,San Luis Obispo,079,281455,29920,29488,1267,30755,350
2021-11-09,San Mateo,081,765935,54690,53697,883,54580,574
2021-11-09,Santa Barbara,083,443738,44924,44579,1544,46123,533
2021-11-09,Santa Clara,085,1922200,148687,147281,1378,148659,1901
2021-11-09,Santa Cruz,087,273765,20690,20463,998,21461,222
2021-11-09,Shasta,089,179085,21881,21558,3616,25174,364
2021-11-09,Sierra,091,2930,190,186,21,207,0
2021-11-09,Siskiyou,093,43540,3373,3295,1303,4598,52
2021-11-09,Solano,095,438530,46328,45639,1278,46917,350
2021-11-09,Sonoma,097,501317,42016,41727,526,42253,395
2021-11-09,Stanislaus,099,539301,79495,79505,8874,88379,1165
2021-11-09,Sutter,101,95872,13982,13988,359,14347,180
2021-11-09,Tehama,103,63373,8649,8555,1482,10037,125
2021-11-09,Trinity,105,12862,864,746,211,957,17
2021-11-09,Tulare,107,460477,69568,68298,15164,83462,1024
2021-11-09,Tuolumne,109,53932,7414,7347,107,7454,90
2021-11-09,Ventura,111,848112,98941,98202,4286,102488,1182
2021-11-09,Yolo,113,214977,20119,19931,1071,21002,255
2021-11-09,Yuba,115,75493,10264,10175,343,10518,85
2021-11-08,Alameda,001,1643700,120549,119983,2761,122744,1447
2021-11-08,Alpine,003,1148,102,105,0,105,0
2021-11-08,Amador,005,37829,5619,5590,62,5652,66
2021-11-08,Butte,007,227075,21276,21000,3845,24845,288
2021-11-08,Calaveras,009,45235,4200,4166,58,4224,82
2021-11-08,Colusa,011,21464,2541,2514,642,3156,19
2021-11-08,Contra Costa,013,1133247,100227,99669,2195,101864,1028
2021-11-08,Del Norte,015,27424,3706,3619,54,3673,42
2021-11-08,El Dorado,017,186661,16295,16055,1721,17776,156
2021-11-08,Fresno,019,978130,142415,140466,12758,153224,2179
2021-11-08,Glenn,021,27897,3537,3496,1011,4507,34
2021-11-08,Humboldt,023,135768,9210,9095,575,9670,109
2021-11-08,Imperial,025,180216,34104,33690,3205,36895,766
2021-11-08,Inyo,027,18085,2446,2398,38,2436,41
2021-11-08,Kern,029,883053,129423,127722,22618,150340,1692
2021-11-08,Kings,031,150075,32711,32248,1942,34190,344
2021-11-08,Lake,033,64148,6817,6737,152,6889,106
2021-11-08,Lassen,035,31185,6946,6830,390,7220,46
2021-11-08,Los Angeles,037,10098052,1449713,1438322,54314,1492636,26575
2021-11-08,Madera,039,155013,23624,23253,2145,25398,287
2021-11-08,Marin,041,260295,17739,17617,458,18075,247
2021-11-08,Mariposa,043,17540,1341,1316,50,1366,5
2021-11-08,Mendocino,045,87422,7731,7581,591,8172,85
2021-11-08,Merced,047,269075,42368,42224,1973,44197,607
2021-11-08,Modoc,049,8938,551,529,197,726,5
2021-11-08,Mono,051,14174,1751,1739,21,1760,4
2021-11-08,Monterey,053,433212,49048,47942,2940,50882,602
2021-11-08,Napa,055,140530,13134,13045,112,13157,103
2021-11-08,Nevada,057,99092,9416,9278,325,9603,92
2021-11-08,Orange,059,3164182,309564,307156,15284,322440,5616
2021-11-08,Placer,061,380077,37676,37250,3688,40938,439
2021-11-08,Plumas,063,18699,1866,1788,40,1828,7
2021-11-08,Riverside,065,2383286,366894,362201,16333,378534,5152
2021-11-08,Sacramento,067,1510023,160673,159735,4621,164356,2275
2021-11-08,San Benito,069,59416,7469,7461,169,7630,75
2021-11-08,San Bernardino,071,2135413,357674,354741,11228,365969,5836
2021-11-08,San Diego,073,3302833,377334,375557,22123,397680,4259
2021-11-08,San Francisco,075,870044,53559,52942,2313,55255,666
2021-11-08,San Joaquin,077,732212,100646,99736,5382,105118,1794
2021-11-08,San Luis Obispo,079,281455,29868,29464,1262,30726,350
2021-11-08,San Mateo,081,765935,54617,53658,878,54536,574
2021-11-08,Santa Barbara,083,443738,44870,44548,1543,46091,532
2021-11-08,Santa Clara,085,1922200,148461,147183,1372,148555,1899
2021-11-08,Santa Cruz,087,273765,20661,20435,998,21433,222
2021-11-08,Shasta,089,179085,21834,21504,3610,25114,354
2021-11-08,Sierra,091,2930,190,183,21,204,0
2021-11-08,Siskiyou,093,43540,3369,3290,1292,4582,50
2021-11-08,Solano,095,438530,46287,45613,1274,46887,350
2021-11-08,Sonoma,097,501317,41948,41669,525,42194,395
2021-11-08,Stanislaus,099,539301,79343,79417,8860,88277,1150
2021-11-08,Sutter,101,95872,13974,13976,355,14331,180
2021-11-08,Tehama,103,63373,8640,8534,1482,10016,123
2021-11-08,Trinity,105,12862,864,743,210,953,13
2021-11-08,Tulare,107,460477,69451,68199,15126,83325,1020
2021-11-08,Tuolumne,109,53932,7395,7328,106,7434,90
2021-11-08,Ventura,111,848112,98848,98144,4284,102428,1182
2021-11-08,Yolo,113,214977,20081,19916,1066,20982,255
2021-11-08,Yuba,115,75493,10253,10172,340,10512,83
2021-11-07,Alameda,001,1643700,120392,119902,2755,122657,1444
2021-11-07,Alpine,003,1148,102,105,0,105,0
2021-11-07,Amador,005,37829,5611,5580,60,5640,66
2021-11-07,Butte,007,227075,21235,20969,3836,24805,288
2021-11-07,Calaveras,009,45235,4173,4158,57,4215,82
2021-11-07,Colusa,011,21464,2535,2511,640,3151,19
2021-11-07,Contra Costa,013,1133247,100116,99596,2186,101782,1028
2021-11-07,Del Norte,015,27424,3704,3617,54,3671,42
2021-11-07,El Dorado,017,186661,16258,16040,1718,17758,156
2021-11-07,Fresno,019,978130,142073,140263,12731,152994,2179
2021-11-07,Glenn,021,27897,3530,3493,1010,4503,34
2021-11-07,Humboldt,023,135768,9185,9074,571,9645,109
2021-11-07,Imperial,025,180216,34031,33674,3186,36860,766
2021-11-07,Inyo,027,18085,2433,2394,38,2432,41
2021-11-07,Kern,029,883053,129151,127583,22527,150110,1692
2021-11-07,Kings,031,150075,32620,32221,1939,34160,343
2021-11-07,Lake,033,64148,6801,6734,151,6885,106
2021-11-07,Lassen,035,31185,6938,6819,386,7205,46
2021-11-07,Los Angeles,037,10098052,1448216,1437314,54238,1491552,26573
2021-11-07,Madera,039,155013,23579,23225,2137,25362,287
2021-11-07,Marin,041,260295,17719,17594,457,18051,247
2021-11-07,Mariposa,043,17540,1339,1306,50,1356,5
2021-11-07,Mendocino,045,87422,7703,7567,587,8154,85
2021-11-07,Merced,047,269075,42290,42186,1942,44128,607
2021-11-07,Modoc,049,8938,548,528,196,724,5
2021-11-07,Mono,051,14174,1745,1739,21,1760,4
2021-11-07,Monterey,053,433212,48996,47924,2936,50860,602
2021-11-07,Napa,055,140530,13113,13041,112,13153,103
2021-11-07,Nevada,057,99092,9368,9254,325,9579,92
2021-11-07,Orange,059,3164182,309240,306954,15246,322200,5616
2021-11-07,Placer,061,380077,37600,37202,3673,40875,439
2021-11-07,Plumas,063,18699,1859,1787,39,1826,7
2021-11-07,Riverside,065,2383286,366357,361960,16313,378273,5152
2021-11-07,Sacramento,067,1510023,160441,159549,4604,164153,2277
2021-11-07,San Benito,069,59416,7456,7460,169,7629,75
2021-11-07,San Bernardino,071,2135413,357166,354488,11205,365693,5832
2021-11-07,San Diego,073,3302833,376753,375165,22090,397255,4250
2021-11-07,San Francisco,075,870044,53475,52868,2307,55175,666
2021-11-07,San Joaquin,077,732212,100461,99696,5376,105072,1794
2021-11-07,San Luis Obispo,079,281455,29818,29454,1258,30712,350
2021-11-07,San Mateo,081,765935,54558,53600,876,54476,574
2021-11-07,Santa Barbara,083,443738,44807,44501,1542,46043,532
2021-11-07,Santa Clara,085,1922200,148257,147054,1359,148413,1898
2021-11-07,Santa Cruz,087,273765,20603,20397,997,21394,222
2021-11-07,Shasta,089,179085,21786,21479,3604,25083,354
2021-11-07,Sierra,091,2930,188,183,21,204,0
2021-11-07,Siskiyou,093,43540,3363,3289,1290,4579,51
2021-11-07,Solano,095,438530,46232,45582,1267,46849,350
2021-11-07,Sonoma,097,501317,41898,41630,524,42154,395
2021-11-07,Stanislaus,099,539301,79188,79351,8838,88189,1150
2021-11-07,Sutter,101,95872,13961,13964,352,14316,180
2021-11-07,Tehama,103,63373,8615,8528,1480,10008,121
2021-11-07,Trinity,105,12862,863,742,209,951,13
2021-11-07,Tulare,107,460477,69298,68145,15084,83229,1020
2021-11-07,Tuolumne,109,53932,7377,7300,104,7404,90
2021-11-07,Ventura,111,848112,98757,98085,4282,102367,1182
2021-11-07,Yolo,113,214977,20061,19899,1061,20960,255
2021-11-07,Yuba,115,75493,10236,10162,335,10497,83
2021-11-06,Alameda,001,1643700,120328,119499,2752,122251,1436
2021-11-06,Alpine,003,1148,102,105,0,105,0
2021-11-06,Amador,005,37829,5605,5557,60,5617,66
2021-11-06,Butte,007,227075,21215,20796,3832,24628,288
2021-11-06,Calaveras,009,45235,4165,4105,57,4162,82
2021-11-06,Colusa,011,21464,2534,2501,639,3140,19
2021-11-06,Contra Costa,013,1133247,100061,99282,2184,101466,1025
2021-11-06,Del Norte,015,27424,3701,3607,54,3661,42
2021-11-06,El Dorado,017,186661,16241,15958,1718,17676,156
2021-11-06,Fresno,019,978130,141955,139249,12726,151975,2170
2021-11-06,Glenn,021,27897,3527,3479,1010,4489,33
2021-11-06,Humboldt,023,135768,9173,8972,567,9539,109
2021-11-06,Imperial,025,180216,33987,33471,3180,36651,766
2021-11-06,Inyo,027,18085,2427,2353,38,2391,41
2021-11-06,Kern,029,883053,129017,126848,22475,149323,1684
2021-11-06,Kings,031,150075,32587,32018,1934,33952,342
2021-11-06,Lake,033,64148,6799,6695,151,6846,106
2021-11-06,Lassen,035,31185,6933,6796,385,7181,46
2021-11-06,Los Angeles,037,10098052,1447441,1433081,54196,1487277,26533
2021-11-06,Madera,039,155013,23543,22994,2127,25121,287
2021-11-06,Marin,041,260295,17700,17520,454,17974,247
2021-11-06,Mariposa,043,17540,1337,1282,50,1332,5
2021-11-06,Mendocino,045,87422,7681,7486,587,8073,85
2021-11-06,Merced,047,269075,42266,41958,1934,43892,604
2021-11-06,Modoc,049,8938,547,523,196,719,5
2021-11-06,Mono,051,14174,1743,1725,21,1746,4
2021-11-06,Monterey,053,433212,48964,47830,2926,50756,602
2021-11-06,Napa,055,140530,13103,12950,112,13062,103
2021-11-06,Nevada,057,99092,9346,9169,324,9493,91
2021-11-06,Orange,059,3164182,309033,306049,15220,321269,5611
2021-11-06,Placer,061,380077,37559,36967,3670,40637,438
2021-11-06,Plumas,063,18699,1855,1755,38,1793,7
2021-11-06,Riverside,065,2383286,366039,360584,16305,376889,5138
2021-11-06,Sacramento,067,1510023,160348,158766,4599,163365,2263
2021-11-06,San Benito,069,59416,7449,7429,169,7598,75
2021-11-06,San Bernardino,071,2135413,356897,353142,11201,364343,5813
2021-11-06,San Diego,073,3302833,376417,373423,22072,395495,4246
2021-11-06,San Francisco,075,870044,53422,52556,2304,54860,666
2021-11-06,San Joaquin,077,732212,100403,99372,5375,104747,1782
2021-11-06,San Luis Obispo,079,281455,29790,29335,1254,30589,350
2021-11-06,San Mateo,081,765935,54523,53442,875,54317,574
2021-11-06,Santa Barbara,083,443738,44771,44301,1541,45842,532
2021-11-06,Santa Clara,085,1922200,148112,146519,1354,147873,1894
2021-11-06,Santa Cruz,087,273765,20584,20311,995,21306,222
2021-11-06,Shasta,089,179085,21767,21281,3599,24880,349
2021-11-06,Sierra,091,2930,188,181,21,202,0
2021-11-06,Siskiyou,093,43540,3363,3279,1288,4567,48
2021-11-06,Solano,095,438530,46202,45465,1266,46731,350
2021-11-06,Sonoma,097,501317,41848,41398,523,41921,395
2021-11-06,Stanislaus,099,539301,79120,78902,8830,87732,1193
2021-11-06,Sutter,101,95872,13957,13908,351,14259,180
2021-11-06,Tehama,103,63373,8604,8474,1478,9952,120
2021-11-06,Trinity,105,12862,860,732,209,941,11
2021-11-06,Tulare,107,460477,69248,67767,15055,82822,1010
2021-11-06,Tuolumne,109,53932,7365,7245,104,7349,90
2021-11-06,Ventura,111,848112,98690,97770,4277,102047,1180
2021-11-06,Yolo,113,214977,20044,19827,1057,20884,255
2021-11-06,Yuba,115,75493,10222,10107,335,10442,83
2021-11-05,Alameda,001,1643700,120244,119499,2750,122249,1436
2021-11-05,Alpine,003,1148,102,105,0,105,0
2021-11-05,Amador,005,37829,5600,5557,60,5617,66
2021-11-05,Butte,007,227075,21202,20796,3831,24627,288
2021-11-05,Calaveras,009,45235,4160,4105,57,4162,82
2021-11-05,Colusa,011,21464,2534,2501,638,3139,19
2021-11-05,Contra Costa,013,1133247,99996,99282,2182,101464,1025
2021-11-05,Del Norte,015,27424,3699,3607,54,3661,42
2021-11-05,El Dorado,017,186661,16224,15958,1712,17670,156
2021-11-05,Fresno,019,978130,141777,139249,12716,151965,2170
2021-11-05,Glenn,021,27897,3527,3479,1009,4488,33
2021-11-05,Humboldt,023,135768,9159,8972,567,9539,109
2021-11-05,Imperial,025,180216,33951,33471,3177,36648,766
2021-11-05,Inyo,027,18085,2419,2353,38,2391,41
2021-11-05,Kern,029,883053,128890,126848,22420,149268,1684
2021-11-05,Kings,031,150075,32563,32018,1933,33951,342
2021-11-05,Lake,033,64148,6793,6695,151,6846,106
2021-11-05,Lassen,035,31185,6929,6796,384,7180,46
2021-11-05,Los Angeles,037,10098052,1446621,1433081,54159,1487240,26533
2021-11-05,Madera,039,155013,23505,22994,2126,25120,287
2021-11-05,Marin,041,260295,17678,17520,453,17973,247
2021-11-05,Mariposa,043,17540,1334,1282,49,1331,5
2021-11-05,Mendocino,045,87422,7670,7486,586,8072,85
2021-11-05,Merced,047,269075,42240,41958,1925,43883,604
2021-11-05,Modoc,049,8938,547,523,196,719,5
2021-11-05,Mono,051,14174,1742,1725,21,1746,4
2021-11-05,Monterey,053,433212,48934,47830,2924,50754,602
2021-11-05,Napa,055,140530,13081,12950,112,13062,103
2021-11-05,Nevada,057,99092,9333,9169,324,9493,91
2021-11-05,Orange,059,3164182,308836,306049,15198,321247,5611
2021-11-05,Placer,061,380077,37532,36967,3661,40628,438
2021-11-05,Plumas,063,18699,1847,1755,38,1793,7
2021-11-05,Riverside,065,2383286,365698,360584,16295,376879,5138
2021-11-05,Sacramento,067,1510023,160226,158766,4593,163359,2263
2021-11-05,San Benito,069,59416,7447,7429,168,7597,75
2021-11-05,San Bernardino,071,2135413,356567,353142,11191,364333,5813
2021-11-05,San Diego,073,3302833,376064,373423,22060,395483,4246
2021-11-05,San Francisco,075,870044,53371,52556,2301,54857,666
2021-11-05,San Joaquin,077,732212,100350,99372,5366,104738,1782
2021-11-05,San Luis Obispo,079,281455,29767,29335,1254,30589,350
2021-11-05,San Mateo,081,765935,54481,53442,873,54315,574
2021-11-05,Santa Barbara,083,443738,44726,44301,1540,45841,532
2021-11-05,Santa Clara,085,1922200,147975,146519,1353,147872,1894
2021-11-05,Santa Cruz,087,273765,20560,20311,994,21305,222
2021-11-05,Shasta,089,179085,21735,21281,3594,24875,349
2021-11-05,Sierra,091,2930,188,181,21,202,0
2021-11-05,Siskiyou,093,43540,3358,3279,1287,4566,48
2021-11-05,Solano,095,438530,46157,45465,1264,46729,350
2021-11-05,Sonoma,097,501317,41808,41398,523,41921,395
2021-11-05,Stanislaus,099,539301,79062,78902,8818,87720,1193
2021-11-05,Sutter,101,95872,13949,13908,350,14258,180
2021-11-05,Tehama,103,63373,8597,8474,1477,9951,120
2021-11-05,Trinity,105,12862,860,732,209,941,11
2021-11-05,Tulare,107,460477,69176,67767,15018,82785,1010
2021-11-05,Tuolumne,109,53932,7348,7245,103,7348,90
2021-11-05,Ventura,111,848112,98650,97770,4274,102044,1180
2021-11-05,Yolo,113,214977,20033,19827,1056,20883,255
2021-11-05,Yuba,115,75493,10209,10107,333,10440,83
2021-11-04,Alameda,001,1643700,120127,119499,2744,122243,1436
2021-11-04,Alpine,003,1148,102,105,0,105,0
2021-11-04,Amador,005,37829,5592,5557,60,5617,66
2021-11-04,Butte,007,227075,21160,20796,3820,24616,288
2021-11-04,Calaveras,009,45235,4146,4105,55,4160,82
2021-11-04,Colusa,011,21464,2528,2501,637,3138,19
2021-11-04,Contra Costa,013,1133247,99905,99282,2177,101459,1025
2021-11-04,Del Norte,015,27424,3696,3607,54,3661,42
2021-11-04,El Dorado,017,186661,16198,15958,1708,17666,156
2021-11-04,Fresno,019,978130,141495,139249,12707,151956,2170
2021-11-04,Glenn,021,27897,3522,3479,1008,4487,33
2021-11-04,Humboldt,023,135768,9134,8972,564,9536,109
2021-11-04,Imperial,025,180216,33894,33471,3168,36639,766
2021-11-04,Inyo,027,18085,2411,2353,38,2391,41
2021-11-04,Kern,029,883053,128658,126848,22352,149200,1684
2021-11-04,Kings,031,150075,32484,32018,1924,33942,342
2021-11-04,Lake,033,64148,6783,6695,149,6844,106
2021-11-04,Lassen,035,31185,6919,6796,379,7175,46
2021-11-04,Los Angeles,037,10098052,1445311,1433081,54079,1487160,26533
2021-11-04,Madera,039,155013,23450,22994,2115,25109,287
2021-11-04,Marin,041,260295,17666,17520,451,17971,247
2021-11-04,Mariposa,043,17540,1327,1282,49,1331,5
2021-11-04,Mendocino,045,87422,7657,7486,580,8066,85
2021-11-04,Merced,047,269075,42186,41958,1921,43879,604
2021-11-04,Modoc,049,8938,546,523,196,719,5
2021-11-04,Mono,051,14174,1737,1725,21,1746,4
2021-11-04,Monterey,053,433212,48890,47830,2908,50738,602
2021-11-04,Napa,055,140530,13060,12950,112,13062,103
2021-11-04,Nevada,057,99092,9302,9169,323,9492,91
2021-11-04,Orange,059,3164182,308588,306049,15180,321229,5611
2021-11-04,Placer,061,380077,37460,36967,3652,40619,438
2021-11-04,Plumas,063,18699,1839,1755,34,1789,7
2021-11-04,Riverside,065,2383286,365300,360584,16286,376870,5138
2021-11-04,Sacramento,067,1510023,159992,158766,4573,163339,2263
2021-11-04,San Benito,069,59416,7441,7429,168,7597,75
2021-11-04,San Bernardino,071,2135413,356130,353142,11183,364325,5813
2021-11-04,San Diego,073,3302833,375595,373423,22039,395462,4246
2021-11-04,San Francisco,075,870044,53290,52556,2297,54853,666
2021-11-04,San Joaquin,077,732212,100243,99372,5354,104726,1782
2021-11-04,San Luis Obispo,079,281455,29743,29335,1248,30583,350
2021-11-04,San Mateo,081,765935,54422,53442,867,54309,574
2021-11-04,Santa Barbara,083,443738,44670,44301,1540,45841,532
2021-11-04,Santa Clara,085,1922200,147821,146519,1349,147868,1894
2021-11-04,Santa Cruz,087,273765,20525,20311,994,21305,222
2021-11-04,Shasta,089,179085,21677,21281,3588,24869,349
2021-11-04,Sierra,091,2930,186,181,21,202,0
2021-11-04,Siskiyou,093,43540,3354,3279,1280,4559,48
2021-11-04,Solano,095,438530,46115,45465,1263,46728,350
2021-11-04,Sonoma,097,501317,41748,41398,523,41921,395
2021-11-04,Stanislaus,099,539301,78924,78902,8810,87712,1193
2021-11-04,Sutter,101,95872,13938,13908,348,14256,180
2021-11-04,Tehama,103,63373,8588,8474,1473,9947,120
2021-11-04,Trinity,105,12862,859,732,209,941,11
2021-11-04,Tulare,107,460477,69061,67767,14972,82739,1010
2021-11-04,Tuolumne,109,53932,7326,7245,101,7346,90
2021-11-04,Ventura,111,848112,98562,97770,4271,102041,1180
2021-11-04,Yolo,113,214977,20008,19827,1051,20878,255
2021-11-04,Yuba,115,75493,10195,10107,331,10438,83
2021-11-03,Alameda,001,1643700,119986,119356,2740,122096,1428
2021-11-03,Alpine,003,1148,102,105,0,105,0
2021-11-03,Amador,005,37829,5586,5545,59,5604,66
2021-11-03,Butte,007,227075,21115,20769,3811,24580,284
2021-11-03,Calaveras,009,45235,4128,4087,54,4141,82
2021-11-03,Colusa,011,21464,2522,2499,637,3136,20
2021-11-03,Contra Costa,013,1133247,99806,99168,2172,101340,1025
2021-11-03,Del Norte,015,27424,3694,3600,53,3653,42
2021-11-03,El Dorado,017,186661,16171,15915,1704,17619,156
2021-11-03,Fresno,019,978130,141133,138873,12685,151558,2166
2021-11-03,Glenn,021,27897,3518,3470,1008,4478,33
2021-11-03,Humboldt,023,135768,9117,8949,559,9508,109
2021-11-03,Imperial,025,180216,33822,33402,3158,36560,766
2021-11-03,Inyo,027,18085,2390,2344,38,2382,41
2021-11-03,Kern,029,883053,128398,126523,22252,148775,1681
2021-11-03,Kings,031,150075,32430,31923,1917,33840,341
2021-11-03,Lake,033,64148,6767,6685,149,6834,106
2021-11-03,Lassen,035,31185,6902,6782,374,7156,46
2021-11-03,Los Angeles,037,10098052,1443963,1431209,53995,1485204,26517
2021-11-03,Madera,039,155013,23382,22893,2106,24999,287
2021-11-03,Marin,041,260295,17645,17491,447,17938,247
2021-11-03,Mariposa,043,17540,1317,1276,49,1325,5
2021-11-03,Mendocino,045,87422,7641,7457,572,8029,84
2021-11-03,Merced,047,269075,42125,41849,1911,43760,597
2021-11-03,Modoc,049,8938,546,521,194,715,5
2021-11-03,Mono,051,14174,1733,1719,21,1740,4
2021-11-03,Monterey,053,433212,48840,47794,2895,50689,601
2021-11-03,Napa,055,140530,13048,12937,111,13048,103
2021-11-03,Nevada,057,99092,9275,9131,322,9453,91
2021-11-03,Orange,059,3164182,308277,305661,15148,320809,5607
2021-11-03,Placer,061,380077,37390,36868,3647,40515,438
2021-11-03,Plumas,063,18699,1828,1739,33,1772,7
2021-11-03,Riverside,065,2383286,364842,360060,16282,376342,5131
2021-11-03,Sacramento,067,1510023,159768,158311,4563,162874,2259
2021-11-03,San Benito,069,59416,7433,7419,168,7587,75
2021-11-03,San Bernardino,071,2135413,355653,352225,11163,363388,5813
2021-11-03,San Diego,073,3302833,375095,372951,22016,394967,4241
2021-11-03,San Francisco,075,870044,53198,52493,2292,54785,663
2021-11-03,San Joaquin,077,732212,100131,99188,5344,104532,1776
2021-11-03,San Luis Obispo,079,281455,29701,29276,1242,30518,348
2021-11-03,San Mateo,081,765935,54358,53396,861,54257,571
2021-11-03,Santa Barbara,083,443738,44613,44220,1537,45757,531
2021-11-03,Santa Clara,085,1922200,147651,146259,1342,147601,1897
2021-11-03,Santa Cruz,087,273765,20490,20275,994,21269,222
2021-11-03,Shasta,089,179085,21619,21215,3581,24796,346
2021-11-03,Sierra,091,2930,184,180,21,201,0
2021-11-03,Siskiyou,093,43540,3350,3276,1278,4554,46
2021-11-03,Solano,095,438530,46088,45411,1261,46672,351
2021-11-03,Sonoma,097,501317,41671,41326,521,41847,395
2021-11-03,Stanislaus,099,539301,78793,78736,8794,87530,1193
2021-11-03,Sutter,101,95872,13925,13876,346,14222,179
2021-11-03,Tehama,103,63373,8576,8438,1473,9911,118
2021-11-03,Trinity,105,12862,858,730,209,939,11
2021-11-03,Tulare,107,460477,68933,67588,14931,82519,1007
2021-11-03,Tuolumne,109,53932,7308,7218,99,7317,90
2021-11-03,Ventura,111,848112,98454,97682,4267,101949,1178
2021-11-03,Yolo,113,214977,19990,19758,1043,20801,250
2021-11-03,Yuba,115,75493,10183,10092,331,10423,83
2021-11-02,Alameda,001,1643700,119841,119241,2734,121975,1425
2021-11-02,Alpine,003,1148,101,105,0,105,0
2021-11-02,Amador,005,37829,5581,5535,59,5594,66
2021-11-02,Butte,007,227075,21070,20744,3800,24544,282
2021-11-02,Calaveras,009,45235,4105,4075,54,4129,82
2021-11-02,Colusa,011,21464,2517,2497,636,3133,19
2021-11-02,Contra Costa,013,1133247,99702,99080,2160,101240,1025
2021-11-02,Del Norte,015,27424,3692,3596,53,3649,42
2021-11-02,El Dorado,017,186661,16142,15883,1704,17587,154
2021-11-02,Fresno,019,978130,140809,138644,12654,151298,2158
2021-11-02,Glenn,021,27897,3510,3469,1005,4474,33
2021-11-02,Humboldt,023,135768,9075,8937,558,9495,109
2021-11-02,Imperial,025,180216,33749,33371,3146,36517,766
2021-11-02,Inyo,027,18085,2383,2324,38,2362,41
2021-11-02,Kern,029,883053,128143,126311,22132,148443,1665
2021-11-02,Kings,031,150075,32371,31896,1912,33808,339
2021-11-02,Lake,033,64148,6762,6681,148,6829,106
2021-11-02,Lassen,035,31185,6890,6777,371,7148,45
2021-11-02,Los Angeles,037,10098052,1442517,1429601,53919,1483520,26496
2021-11-02,Madera,039,155013,23301,22837,2095,24932,287
2021-11-02,Marin,041,260295,17617,17482,447,17929,247
2021-11-02,Mariposa,043,17540,1306,1270,48,1318,5
2021-11-02,Mendocino,045,87422,7617,7447,560,8007,84
2021-11-02,Merced,047,269075,42058,41785,1903,43688,596
2021-11-02,Modoc,049,8938,543,520,193,713,5
2021-11-02,Mono,051,14174,1729,1718,21,1739,4
2021-11-02,Monterey,053,433212,48789,47775,2877,50652,599
2021-11-02,Napa,055,140530,13030,12930,111,13041,104
2021-11-02,Nevada,057,99092,9245,9122,321,9443,91
2021-11-02,Orange,059,3164182,307961,305369,15103,320472,5600
2021-11-02,Placer,061,380077,37318,36817,3632,40449,438
2021-11-02,Plumas,063,18699,1817,1721,33,1754,7
2021-11-02,Riverside,065,2383286,364388,359586,16263,375849,5116
2021-11-02,Sacramento,067,1510023,159512,158112,4541,162653,2250
2021-11-02,San Benito,069,59416,7417,7407,168,7575,75
2021-11-02,San Bernardino,071,2135413,355178,351832,11110,362942,5813
2021-11-02,San Diego,073,3302833,374510,372440,21986,394426,4232
2021-11-02,San Francisco,075,870044,53079,52450,2288,54738,663
2021-11-02,San Joaquin,077,732212,99997,99076,5333,104409,1772
2021-11-02,San Luis Obispo,079,281455,29668,29224,1238,30462,348
2021-11-02,San Mateo,081,765935,54286,53351,858,54209,571
2021-11-02,Santa Barbara,083,443738,44557,44177,1534,45711,531
2021-11-02,Santa Clara,085,1922200,147457,146115,1335,147450,1896
2021-11-02,Santa Cruz,087,273765,20457,20266,993,21259,222
2021-11-02,Shasta,089,179085,21545,21127,3571,24698,344
2021-11-02,Sierra,091,2930,184,180,20,200,0
2021-11-02,Siskiyou,093,43540,3348,3272,1275,4547,46
2021-11-02,Solano,095,438530,46048,45378,1255,46633,350
2021-11-02,Sonoma,097,501317,41590,41288,520,41808,395
2021-11-02,Stanislaus,099,539301,78638,78629,8774,87403,1193
2021-11-02,Sutter,101,95872,13905,13868,346,14214,179
2021-11-02,Tehama,103,63373,8560,8422,1470,9892,116
2021-11-02,Trinity,105,12862,858,729,209,938,11
2021-11-02,Tulare,107,460477,68808,67502,14883,82385,1002
2021-11-02,Tuolumne,109,53932,7287,7204,97,7301,90
2021-11-02,Ventura,111,848112,98349,97574,4263,101837,1178
2021-11-02,Yolo,113,214977,19960,19736,1041,20777,250
2021-11-02,Yuba,115,75493,10160,10080,329,10409,83
2021-11-01,Alameda,001,1643700,119702,119159,2731,121890,1421
2021-11-01,Alpine,003,1148,101,105,0,105,0
2021-11-01,Amador,005,37829,5579,5532,59,5591,64
2021-11-01,Butte,007,227075,21020,20710,3794,24504,281
2021-11-01,Calaveras,009,45235,4095,4059,53,4112,82
2021-11-01,Colusa,011,21464,2515,2494,633,3127,19
2021-11-01,Contra Costa,013,1133247,99578,99011,2152,101163,1025
2021-11-01,Del Norte,015,27424,3690,3594,53,3647,42
2021-11-01,El Dorado,017,186661,16118,15858,1699,17557,154
2021-11-01,Fresno,019,978130,140433,138421,12618,151039,2149
2021-11-01,Glenn,021,27897,3502,3461,1003,4464,33
2021-11-01,Humboldt,023,135768,9047,8929,555,9484,108
2021-11-01,Imperial,025,180216,33699,33342,3137,36479,766
2021-11-01,Inyo,027,18085,2371,2307,38,2345,41
2021-11-01,Kern,029,883053,127843,126092,22017,148109,1660
2021-11-01,Kings,031,150075,32318,31866,1908,33774,337
2021-11-01,Lake,033,64148,6751,6676,147,6823,106
2021-11-01,Lassen,035,31185,6875,6775,368,7143,42
2021-11-01,Los Angeles,037,10098052,1441136,1428891,53828,1482719,26483
2021-11-01,Madera,039,155013,23222,22801,2090,24891,283
2021-11-01,Marin,041,260295,17597,17460,446,17906,247
2021-11-01,Mariposa,043,17540,1298,1266,47,1313,5
2021-11-01,Mendocino,045,87422,7584,7422,542,7964,84
2021-11-01,Merced,047,269075,41967,41740,1901,43641,594
2021-11-01,Modoc,049,8938,538,520,191,711,5
2021-11-01,Mono,051,14174,1725,1714,21,1735,3
2021-11-01,Monterey,053,433212,48746,47756,2865,50621,597
2021-11-01,Napa,055,140530,13003,12916,110,13026,101
2021-11-01,Nevada,057,99092,9222,9108,320,9428,91
2021-11-01,Orange,059,3164182,307619,305192,15062,320254,5596
2021-11-01,Placer,061,380077,37235,36747,3620,40367,435
2021-11-01,Plumas,063,18699,1798,1719,33,1752,7
2021-11-01,Riverside,065,2383286,363886,359263,16241,375504,5115
2021-11-01,Sacramento,067,1510023,159240,157893,4518,162411,2239
2021-11-01,San Benito,069,59416,7407,7406,167,7573,73
2021-11-01,San Bernardino,071,2135413,354690,351620,11090,362710,5815
2021-11-01,San Diego,073,3302833,373945,372043,21968,394011,4232
2021-11-01,San Francisco,075,870044,52994,52418,2281,54699,661
2021-11-01,San Joaquin,077,732212,99834,98969,5326,104295,1772
2021-11-01,San Luis Obispo,079,281455,29624,29199,1233,30432,343
2021-11-01,San Mateo,081,765935,54219,53314,854,54168,571
2021-11-01,Santa Barbara,083,443738,44490,44146,1530,45676,529
2021-11-01,Santa Clara,085,1922200,147260,145978,1330,147308,1907
2021-11-01,Santa Cruz,087,273765,20422,20238,993,21231,221
2021-11-01,Shasta,089,179085,21492,21104,3564,24668,338
2021-11-01,Sierra,091,2930,184,180,20,200,0
2021-11-01,Siskiyou,093,43540,3341,3272,1270,4542,46
2021-11-01,Solano,095,438530,45994,45358,1255,46613,350
2021-11-01,Sonoma,097,501317,41517,41234,519,41753,395
2021-11-01,Stanislaus,099,539301,78508,78534,8759,87293,1193
2021-11-01,Sutter,101,95872,13881,13852,344,14196,179
2021-11-01,Tehama,103,63373,8532,8412,1467,9879,116
2021-11-01,Trinity,105,12862,856,727,209,936,11
2021-11-01,Tulare,107,460477,68664,67388,14831,82219,1002
2021-11-01,Tuolumne,109,53932,7271,7175,96,7271,90
2021-11-01,Ventura,111,848112,98259,97507,4261,101768,1178
2021-11-01,Yolo,113,214977,19940,19708,1034,20742,250
2021-11-01,Yuba,115,75493,10142,10066,327,10393,83
2021-10-31,Alameda,001,1643700,119557,119071,2728,121799,1419
2021-10-31,Alpine,003,1148,101,105,0,105,0
2021-10-31,Amador,005,37829,5568,5518,59,5577,64
2021-10-31,Butte,007,227075,20959,20689,3782,24471,281
2021-10-31,Calaveras,009,45235,4077,4052,52,4104,82
2021-10-31,Colusa,011,21464,2513,2493,630,3123,18
2021-10-31,Contra Costa,013,1133247,99450,98936,2150,101086,1025
2021-10-31,Del Norte,015,27424,3684,3591,53,3644,42
2021-10-31,El Dorado,017,186661,16072,15841,1696,17537,154
2021-10-31,Fresno,019,978130,140028,138165,12581,150746,2147
2021-10-31,Glenn,021,27897,3497,3459,1003,4462,33
2021-10-31,Humboldt,023,135768,8999,8919,549,9468,108
2021-10-31,Imperial,025,180216,33624,33334,3125,36459,766
2021-10-31,Inyo,027,18085,2352,2309,38,2347,41
2021-10-31,Kern,029,883053,127474,125917,21893,147810,1666
2021-10-31,Kings,031,150075,32232,31814,1896,33710,338
2021-10-31,Lake,033,64148,6740,6665,145,6810,106
2021-10-31,Lassen,035,31185,6860,6768,363,7131,42
2021-10-31,Los Angeles,037,10098052,1439589,1427933,53746,1481679,26474
2021-10-31,Madera,039,155013,23126,22744,2077,24821,283
2021-10-31,Marin,041,260295,17569,17443,445,17888,247
2021-10-31,Mariposa,043,17540,1292,1257,46,1303,5
2021-10-31,Mendocino,045,87422,7543,7403,525,7928,84
2021-10-31,Merced,047,269075,41874,41699,1881,43580,589
2021-10-31,Modoc,049,8938,532,517,188,705,5
2021-10-31,Mono,051,14174,1721,1711,21,1732,3
2021-10-31,Monterey,053,433212,48705,47744,2847,50591,596
2021-10-31,Napa,055,140530,12985,12906,108,13014,101
2021-10-31,Nevada,057,99092,9185,9084,315,9399,91
2021-10-31,Orange,059,3164182,307271,305032,14979,320011,5596
2021-10-31,Placer,061,380077,37138,36698,3607,40305,435
2021-10-31,Plumas,063,18699,1780,1716,33,1749,7
2021-10-31,Riverside,065,2383286,363307,359005,16227,375232,5104
2021-10-31,Sacramento,067,1510023,158888,157667,4505,162172,2243
2021-10-31,San Benito,069,59416,7398,7397,165,7562,73
2021-10-31,San Bernardino,071,2135413,354159,351411,11076,362487,5810
2021-10-31,San Diego,073,3302833,373392,371603,21937,393540,4218
2021-10-31,San Francisco,075,870044,52885,52370,2275,54645,661
2021-10-31,San Joaquin,077,732212,99671,98893,5311,104204,1772
2021-10-31,San Luis Obispo,079,281455,29571,29176,1232,30408,343
2021-10-31,San Mateo,081,765935,54160,53284,852,54136,571
2021-10-31,Santa Barbara,083,443738,44420,44113,1525,45638,529
2021-10-31,Santa Clara,085,1922200,147045,145829,1316,147145,1908
2021-10-31,Santa Cruz,087,273765,20387,20218,992,21210,221
2021-10-31,Shasta,089,179085,21409,21086,3552,24638,338
2021-10-31,Sierra,091,2930,184,180,20,200,0
2021-10-31,Siskiyou,093,43540,3335,3271,1269,4540,46
2021-10-31,Solano,095,438530,45946,45310,1248,46558,350
2021-10-31,Sonoma,097,501317,41447,41183,516,41699,395
2021-10-31,Stanislaus,099,539301,78319,78426,8742,87168,1193
2021-10-31,Sutter,101,95872,13862,13838,341,14179,179
2021-10-31,Tehama,103,63373,8501,8391,1463,9854,116
2021-10-31,Trinity,105,12862,856,724,209,933,11
2021-10-31,Tulare,107,460477,68469,67310,14743,82053,1002
2021-10-31,Tuolumne,109,53932,7242,7141,95,7236,90
2021-10-31,Ventura,111,848112,98137,97460,4256,101716,1178
2021-10-31,Yolo,113,214977,19896,19662,1028,20690,250
2021-10-31,Yuba,115,75493,10124,10051,317,10368,83
2021-10-30,Alameda,001,1643700,119497,118632,2725,121357,1419
2021-10-30,Alpine,003,1148,101,105,0,105,0
2021-10-30,Amador,005,37829,5559,5480,58,5538,64
2021-10-30,Butte,007,227075,20944,20516,3775,24291,277
2021-10-30,Calaveras,009,45235,4070,3992,52,4044,82
2021-10-30,Colusa,011,21464,2513,2484,629,3113,19
2021-10-30,Contra Costa,013,1133247,99388,98562,2149,100711,1024
2021-10-30,Del Norte,015,27424,3681,3574,53,3627,42
2021-10-30,El Dorado,017,186661,16056,15752,1692,17444,154
2021-10-30,Fresno,019,978130,139882,136901,12569,149470,2131
2021-10-30,Glenn,021,27897,3493,3442,1003,4445,33
2021-10-30,Humboldt,023,135768,8984,8871,547,9418,105
2021-10-30,Imperial,025,180216,33578,33156,3121,36277,766
2021-10-30,Inyo,027,18085,2349,2249,38,2287,41
2021-10-30,Kern,029,883053,127321,124892,21824,146716,1653
2021-10-30,Kings,031,150075,32198,31578,1892,33470,337
2021-10-30,Lake,033,64148,6735,6610,145,6755,106
2021-10-30,Lassen,035,31185,6854,6719,361,7080,42
2021-10-30,Los Angeles,037,10098052,1438870,1424257,53693,1477950,26625
2021-10-30,Madera,039,155013,23082,22524,2072,24596,283
2021-10-30,Marin,041,260295,17554,17380,443,17823,247
2021-10-30,Mariposa,043,17540,1289,1228,46,1274,5
2021-10-30,Mendocino,045,87422,7520,7338,523,7861,84
2021-10-30,Merced,047,269075,41834,41428,1879,43307,586
2021-10-30,Modoc,049,8938,530,513,187,700,5
2021-10-30,Mono,051,14174,1721,1684,21,1705,3
2021-10-30,Monterey,053,433212,48688,47649,2841,50490,588
2021-10-30,Napa,055,140530,12971,12863,107,12970,101
2021-10-30,Nevada,057,99092,9166,9015,315,9330,91
2021-10-30,Orange,059,3164182,307092,304120,14957,319077,5588
2021-10-30,Placer,061,380077,37092,36400,3601,40001,434
2021-10-30,Plumas,063,18699,1775,1695,33,1728,7
2021-10-30,Riverside,065,2383286,363005,357645,16219,373864,5088
2021-10-30,Sacramento,067,1510023,158730,157125,4496,161621,2233
2021-10-30,San Benito,069,59416,7391,7362,165,7527,71
2021-10-30,San Bernardino,071,2135413,353884,350076,11062,361138,5777
2021-10-30,San Diego,073,3302833,373029,370006,21915,391921,4213
2021-10-30,San Francisco,075,870044,52856,52161,2273,54434,661
2021-10-30,San Joaquin,077,732212,99615,98314,5310,103624,1768
2021-10-30,San Luis Obispo,079,281455,29539,29053,1229,30282,341
2021-10-30,San Mateo,081,765935,54121,53083,852,53935,571
2021-10-30,Santa Barbara,083,443738,44385,43972,1524,45496,528
2021-10-30,Santa Clara,085,1922200,146940,145262,1312,146574,1903
2021-10-30,Santa Cruz,087,273765,20369,20134,990,21124,221
2021-10-30,Shasta,089,179085,21365,20878,3546,24424,332
2021-10-30,Sierra,091,2930,184,175,20,195,0
2021-10-30,Siskiyou,093,43540,3334,3257,1266,4523,46
2021-10-30,Solano,095,438530,45925,45146,1246,46392,346
2021-10-30,Sonoma,097,501317,41408,40924,516,41440,393
2021-10-30,Stanislaus,099,539301,78249,77871,8735,86606,1191
2021-10-30,Sutter,101,95872,13848,13773,341,14114,178
2021-10-30,Tehama,103,63373,8490,8307,1458,9765,114
2021-10-30,Trinity,105,12862,854,708,208,916,11
2021-10-30,Tulare,107,460477,68398,66745,14699,81444,995
2021-10-30,Tuolumne,109,53932,7218,7050,94,7144,90
2021-10-30,Ventura,111,848112,98088,97182,4253,101435,1174
2021-10-30,Yolo,113,214977,19877,19568,1026,20594,250
2021-10-30,Yuba,115,75493,10113,9969,317,10286,82
2021-10-29,Alameda,001,1643700,119417,118632,2720,121352,1419
2021-10-29,Alpine,003,1148,101,105,0,105,0
2021-10-29,Amador,005,37829,5548,5480,58,5538,64
2021-10-29,Butte,007,227075,20920,20516,3764,24280,277
2021-10-29,Calaveras,009,45235,4063,3992,52,4044,82
2021-10-29,Colusa,011,21464,2513,2484,627,3111,19
2021-10-29,Contra Costa,013,1133247,99320,98562,2147,100709,1024
2021-10-29,Del Norte,015,27424,3674,3574,53,3627,42
2021-10-29,El Dorado,017,186661,16042,15752,1692,17444,154
2021-10-29,Fresno,019,978130,139668,136901,12555,149456,2131
2021-10-29,Glenn,021,27897,3492,3442,1002,4444,33
2021-10-29,Humboldt,023,135768,8979,8871,546,9417,105
2021-10-29,Imperial,025,180216,33551,33156,3118,36274,766
2021-10-29,Inyo,027,18085,2346,2249,38,2287,41
2021-10-29,Kern,029,883053,127144,124892,21734,146626,1653
2021-10-29,Kings,031,150075,32164,31578,1890,33468,337
2021-10-29,Lake,033,64148,6726,6610,142,6752,106
2021-10-29,Lassen,035,31185,6845,6719,358,7077,42
2021-10-29,Los Angeles,037,10098052,1438029,1424257,53649,1477906,26625
2021-10-29,Madera,039,155013,23030,22524,2067,24591,283
2021-10-29,Marin,041,260295,17538,17380,442,17822,247
2021-10-29,Mariposa,043,17540,1285,1228,46,1274,5
2021-10-29,Mendocino,045,87422,7512,7338,523,7861,84
2021-10-29,Merced,047,269075,41784,41428,1873,43301,586
2021-10-29,Modoc,049,8938,528,513,186,699,5
2021-10-29,Mono,051,14174,1719,1684,21,1705,3
2021-10-29,Monterey,053,433212,48665,47649,2841,50490,588
2021-10-29,Napa,055,140530,12950,12863,107,12970,101
2021-10-29,Nevada,057,99092,9154,9015,315,9330,91
2021-10-29,Orange,059,3164182,306867,304120,14937,319057,5588
2021-10-29,Placer,061,380077,37056,36400,3591,39991,434
2021-10-29,Plumas,063,18699,1769,1695,33,1728,7
2021-10-29,Riverside,065,2383286,362671,357645,16214,373859,5088
2021-10-29,Sacramento,067,1510023,158541,157125,4487,161612,2233
2021-10-29,San Benito,069,59416,7388,7362,165,7527,71
2021-10-29,San Bernardino,071,2135413,353584,350076,11051,361127,5777
2021-10-29,San Diego,073,3302833,372657,370006,21887,391893,4213
2021-10-29,San Francisco,075,870044,52796,52161,2267,54428,661
2021-10-29,San Joaquin,077,732212,99556,98314,5305,103619,1768
2021-10-29,San Luis Obispo,079,281455,29513,29053,1227,30280,341
2021-10-29,San Mateo,081,765935,54078,53083,850,53933,571
2021-10-29,Santa Barbara,083,443738,44345,43972,1521,45493,528
2021-10-29,Santa Clara,085,1922200,146826,145262,1305,146567,1903
2021-10-29,Santa Cruz,087,273765,20362,20134,989,21123,221
2021-10-29,Shasta,089,179085,21327,20878,3540,24418,332
2021-10-29,Sierra,091,2930,182,175,20,195,0
2021-10-29,Siskiyou,093,43540,3334,3257,1265,4522,46
2021-10-29,Solano,095,438530,45888,45146,1245,46391,346
2021-10-29,Sonoma,097,501317,41387,40924,516,41440,393
2021-10-29,Stanislaus,099,539301,78164,77871,8723,86594,1191
2021-10-29,Sutter,101,95872,13829,13773,341,14114,178
2021-10-29,Tehama,103,63373,8477,8307,1457,9764,114
2021-10-29,Trinity,105,12862,853,708,208,916,11
2021-10-29,Tulare,107,460477,68293,66745,14656,81401,995
2021-10-29,Tuolumne,109,53932,7205,7050,94,7144,90
2021-10-29,Ventura,111,848112,98033,97182,4249,101431,1174
2021-10-29,Yolo,113,214977,19858,19568,1021,20589,250
2021-10-29,Yuba,115,75493,10105,9969,313,10282,82
2021-10-28,Alameda,001,1643700,119296,118632,2713,121345,1419
2021-10-28,Alpine,003,1148,101,105,0,105,0
2021-10-28,Amador,005,37829,5535,5480,58,5538,64
2021-10-28,Butte,007,227075,20877,20516,3753,24269,277
2021-10-28,Calaveras,009,45235,4050,3992,52,4044,82
2021-10-28,Colusa,011,21464,2510,2484,626,3110,19
2021-10-28,Contra Costa,013,1133247,99190,98562,2143,100705,1024
2021-10-28,Del Norte,015,27424,3673,3574,53,3627,42
2021-10-28,El Dorado,017,186661,16016,15752,1689,17441,154
2021-10-28,Fresno,019,978130,139335,136901,12524,149425,2131
2021-10-28,Glenn,021,27897,3489,3442,1000,4442,33
2021-10-28,Humboldt,023,135768,8963,8871,541,9412,105
2021-10-28,Imperial,025,180216,33485,33156,3111,36267,766
2021-10-28,Inyo,027,18085,2329,2249,38,2287,41
2021-10-28,Kern,029,883053,126897,124892,21621,146513,1653
2021-10-28,Kings,031,150075,32095,31578,1885,33463,337
2021-10-28,Lake,033,64148,6716,6610,142,6752,106
2021-10-28,Lassen,035,31185,6835,6719,355,7074,42
2021-10-28,Los Angeles,037,10098052,1436892,1424257,53577,1477834,26625
2021-10-28,Madera,039,155013,22976,22524,2056,24580,283
2021-10-28,Marin,041,260295,17520,17380,441,17821,247
2021-10-28,Mariposa,043,17540,1281,1228,46,1274,5
2021-10-28,Mendocino,045,87422,7499,7338,512,7850,84
2021-10-28,Merced,047,269075,41699,41428,1863,43291,586
2021-10-28,Modoc,049,8938,527,513,186,699,5
2021-10-28,Mono,051,14174,1713,1684,21,1705,3
2021-10-28,Monterey,053,433212,48634,47649,2824,50473,588
2021-10-28,Napa,055,140530,12941,12863,106,12969,101
2021-10-28,Nevada,057,99092,9136,9015,315,9330,91
2021-10-28,Orange,059,3164182,306580,304120,14874,318994,5588
2021-10-28,Placer,061,380077,36977,36400,3582,39982,434
2021-10-28,Plumas,063,18699,1761,1695,33,1728,7
2021-10-28,Riverside,065,2383286,362233,357645,16191,373836,5088
2021-10-28,Sacramento,067,1510023,158275,157125,4476,161601,2233
2021-10-28,San Benito,069,59416,7380,7362,165,7527,71
2021-10-28,San Bernardino,071,2135413,353169,350076,11028,361104,5777
2021-10-28,San Diego,073,3302833,372201,370006,21864,391870,4213
2021-10-28,San Francisco,075,870044,52750,52161,2260,54421,661
2021-10-28,San Joaquin,077,732212,99428,98314,5304,103618,1768
2021-10-28,San Luis Obispo,079,281455,29484,29053,1224,30277,341
2021-10-28,San Mateo,081,765935,54033,53083,848,53931,571
2021-10-28,Santa Barbara,083,443738,44306,43972,1519,45491,528
2021-10-28,Santa Clara,085,1922200,146669,145262,1300,146562,1903
2021-10-28,Santa Cruz,087,273765,20338,20134,989,21123,221
2021-10-28,Shasta,089,179085,21253,20878,3533,24411,332
2021-10-28,Sierra,091,2930,181,175,20,195,0
2021-10-28,Siskiyou,093,43540,3333,3257,1265,4522,46
2021-10-28,Solano,095,438530,45849,45146,1244,46390,346
2021-10-28,Sonoma,097,501317,41319,40924,515,41439,393
2021-10-28,Stanislaus,099,539301,78011,77871,8707,86578,1191
2021-10-28,Sutter,101,95872,13816,13773,337,14110,178
2021-10-28,Tehama,103,63373,8440,8307,1454,9761,114
2021-10-28,Trinity,105,12862,850,708,208,916,11
2021-10-28,Tulare,107,460477,68154,66745,14600,81345,995
2021-10-28,Tuolumne,109,53932,7174,7050,94,7144,90
2021-10-28,Ventura,111,848112,97948,97182,4246,101428,1174
2021-10-28,Yolo,113,214977,19820,19568,1017,20585,250
2021-10-28,Yuba,115,75493,10076,9969,310,10279,82
2021-10-27,Alameda,001,1643700,119174,118487,2711,121198,1414
2021-10-27,Alpine,003,1148,101,105,0,105,0
2021-10-27,Amador,005,37829,5523,5470,57,5527,64
2021-10-27,Butte,007,227075,20832,20446,3738,24184,274
2021-10-27,Calaveras,009,45235,4032,3970,51,4021,82
2021-10-27,Colusa,011,21464,2509,2480,625,3105,18
2021-10-27,Contra Costa,013,1133247,99082,98442,2131,100573,1018
2021-10-27,Del Norte,015,27424,3666,3571,52,3623,42
2021-10-27,El Dorado,017,186661,15985,15723,1684,17407,154
2021-10-27,Fresno,019,978130,138953,136447,12490,148937,2128
2021-10-27,Glenn,021,27897,3487,3435,999,4434,33
2021-10-27,Humboldt,023,135768,8943,8851,539,9390,105
2021-10-27,Imperial,025,180216,33445,33068,3106,36174,766
2021-10-27,Inyo,027,18085,2309,2236,38,2274,41
2021-10-27,Kern,029,883053,126628,124557,21521,146078,1647
2021-10-27,Kings,031,150075,32029,31437,1879,33316,335
2021-10-27,Lake,033,64148,6690,6589,142,6731,105
2021-10-27,Lassen,035,31185,6822,6706,353,7059,42
2021-10-27,Los Angeles,037,10098052,1435664,1422615,53519,1476134,26604
2021-10-27,Madera,039,155013,22892,22413,2032,24445,283
2021-10-27,Marin,041,260295,17505,17362,441,17803,247
2021-10-27,Mariposa,043,17540,1268,1228,46,1274,5
2021-10-27,Mendocino,045,87422,7485,7321,505,7826,84
2021-10-27,Merced,047,269075,41602,41310,1849,43159,583
2021-10-27,Modoc,049,8938,523,513,186,699,5
2021-10-27,Mono,051,14174,1710,1682,21,1703,3
2021-10-27,Monterey,053,433212,48597,47610,2803,50413,588
2021-10-27,Napa,055,140530,12926,12856,106,12962,101
2021-10-27,Nevada,057,99092,9118,8987,314,9301,90
2021-10-27,Orange,059,3164182,306258,303825,14825,318650,5584
2021-10-27,Placer,061,380077,36912,36296,3575,39871,434
2021-10-27,Plumas,063,18699,1753,1686,33,1719,7
2021-10-27,Riverside,065,2383286,361803,357152,16183,373335,5081
2021-10-27,Sacramento,067,1510023,158006,156830,4455,161285,2230
2021-10-27,San Benito,069,59416,7373,7337,165,7502,71
2021-10-27,San Bernardino,071,2135413,352746,349624,11006,360630,5770
2021-10-27,San Diego,073,3302833,371644,369579,21840,391419,4207
2021-10-27,San Francisco,075,870044,52699,52108,2256,54364,655
2021-10-27,San Joaquin,077,732212,99270,98168,5289,103457,1753
2021-10-27,San Luis Obispo,079,281455,29445,29002,1222,30224,341
2021-10-27,San Mateo,081,765935,53978,53032,840,53872,571
2021-10-27,Santa Barbara,083,443738,44253,43901,1516,45417,527
2021-10-27,Santa Clara,085,1922200,146492,145081,1292,146373,1902
2021-10-27,Santa Cruz,087,273765,20311,20091,987,21078,221
2021-10-27,Shasta,089,179085,21177,20813,3525,24338,331
2021-10-27,Sierra,091,2930,180,176,20,196,0
2021-10-27,Siskiyou,093,43540,3330,3256,1261,4517,46
2021-10-27,Solano,095,438530,45804,45089,1237,46326,346
2021-10-27,Sonoma,097,501317,41243,40829,513,41342,393
2021-10-27,Stanislaus,099,539301,77851,77687,8692,86379,1191
2021-10-27,Sutter,101,95872,13802,13754,337,14091,177
2021-10-27,Tehama,103,63373,8418,8265,1452,9717,113
2021-10-27,Trinity,105,12862,850,706,207,913,11
2021-10-27,Tulare,107,460477,68000,66568,14544,81112,991
2021-10-27,Tuolumne,109,53932,7147,7009,93,7102,90
2021-10-27,Ventura,111,848112,97856,97108,4241,101349,1172
2021-10-27,Yolo,113,214977,19791,19517,1010,20527,250
2021-10-27,Yuba,115,75493,10055,9945,308,10253,82
2021-10-26,Alameda,001,1643700,119039,118360,2709,121069,1407
2021-10-26,Alpine,003,1148,101,105,0,105,0
2021-10-26,Amador,005,37829,5515,5465,56,5521,64
2021-10-26,Butte,007,227075,20773,20387,3721,24108,274
2021-10-26,Calaveras,009,45235,4021,3966,51,4017,81
2021-10-26,Colusa,011,21464,2507,2478,624,3102,18
2021-10-26,Contra Costa,013,1133247,98960,98352,2120,100472,1017
2021-10-26,Del Norte,015,27424,3661,3563,52,3615,42
2021-10-26,El Dorado,017,186661,15956,15690,1675,17365,153
2021-10-26,Fresno,019,978130,138504,136211,12445,148656,2122
2021-10-26,Glenn,021,27897,3472,3431,996,4427,33
2021-10-26,Humboldt,023,135768,8925,8830,533,9363,105
2021-10-26,Imperial,025,180216,33380,33012,3101,36113,766
2021-10-26,Inyo,027,18085,2294,2200,38,2238,41
2021-10-26,Kern,029,883053,126285,124351,21403,145754,1645
2021-10-26,Kings,031,150075,31962,31382,1872,33254,336
2021-10-26,Lake,033,64148,6680,6584,140,6724,105
2021-10-26,Lassen,035,31185,6801,6689,351,7040,42
2021-10-26,Los Angeles,037,10098052,1434324,1421795,53449,1475244,26599
2021-10-26,Madera,039,155013,22802,22363,2021,24384,283
2021-10-26,Marin,041,260295,17488,17354,440,17794,244
2021-10-26,Mariposa,043,17540,1263,1225,45,1270,5
2021-10-26,Mendocino,045,87422,7456,7308,489,7797,83
2021-10-26,Merced,047,269075,41524,41267,1842,43109,583
2021-10-26,Modoc,049,8938,523,513,186,699,5
2021-10-26,Mono,051,14174,1705,1680,21,1701,3
2021-10-26,Monterey,053,433212,48558,47572,2793,50365,588
2021-10-26,Napa,055,140530,12914,12849,106,12955,101
2021-10-26,Nevada,057,99092,9087,8971,313,9284,90
2021-10-26,Orange,059,3164182,305988,303533,14786,318319,5580
2021-10-26,Placer,061,380077,36815,36245,3569,39814,434
2021-10-26,Plumas,063,18699,1744,1645,33,1678,7
2021-10-26,Riverside,065,2383286,361313,356775,16173,372948,5068
2021-10-26,Sacramento,067,1510023,157705,156643,4438,161081,2228
2021-10-26,San Benito,069,59416,7350,7325,165,7490,71
2021-10-26,San Bernardino,071,2135413,352322,349346,10991,360337,5764
2021-10-26,San Diego,073,3302833,371128,369043,21810,390853,4198
2021-10-26,San Francisco,075,870044,52625,52063,2253,54316,655
2021-10-26,San Joaquin,077,732212,99091,98036,5274,103310,1748
2021-10-26,San Luis Obispo,079,281455,29406,28928,1216,30144,337
2021-10-26,San Mateo,081,765935,53906,52974,837,53811,571
2021-10-26,Santa Barbara,083,443738,44207,43835,1515,45350,525
2021-10-26,Santa Clara,085,1922200,146292,144932,1286,146218,1903
2021-10-26,Santa Cruz,087,273765,20280,20067,987,21054,221
2021-10-26,Shasta,089,179085,21116,20725,3507,24232,330
2021-10-26,Sierra,091,2930,180,169,20,189,0
2021-10-26,Siskiyou,093,43540,3324,3254,1259,4513,46
2021-10-26,Solano,095,438530,45748,45044,1236,46280,344
2021-10-26,Sonoma,097,501317,41161,40794,511,41305,393
2021-10-26,Stanislaus,099,539301,77677,77552,8667,86219,1157
2021-10-26,Sutter,101,95872,13773,13739,336,14075,176
2021-10-26,Tehama,103,63373,8390,8247,1447,9694,112
2021-10-26,Trinity,105,12862,846,705,207,912,11
2021-10-26,Tulare,107,460477,67840,66476,14487,80963,991
2021-10-26,Tuolumne,109,53932,7121,6995,91,7086,90
2021-10-26,Ventura,111,848112,97747,97014,4238,101252,1170
2021-10-26,Yolo,113,214977,19762,19490,1007,20497,248
2021-10-26,Yuba,115,75493,10037,9927,303,10230,82
2021-10-25,Alameda,001,1643700,118895,118319,2708,121027,1404
2021-10-25,Alpine,003,1148,101,105,0,105,0
2021-10-25,Amador,005,37829,5501,5455,56,5511,64
2021-10-25,Butte,007,227075,20700,20331,3713,24044,273
2021-10-25,Calaveras,009,45235,3991,3942,50,3992,82
2021-10-25,Colusa,011,21464,2505,2471,622,3093,18
2021-10-25,Contra Costa,013,1133247,98843,98267,2116,100383,1017
2021-10-25,Del Norte,015,27424,3654,3562,52,3614,42
2021-10-25,El Dorado,017,186661,15921,15663,1673,17336,149
2021-10-25,Fresno,019,978130,138070,135974,12410,148384,2112
2021-10-25,Glenn,021,27897,3469,3421,995,4416,33
2021-10-25,Humboldt,023,135768,8902,8825,528,9353,105
2021-10-25,Imperial,025,180216,33319,32968,3090,36058,766
2021-10-25,Inyo,027,18085,2276,2183,38,2221,41
2021-10-25,Kern,029,883053,125933,124078,21264,145342,1649
2021-10-25,Kings,031,150075,31873,31329,1863,33192,335
2021-10-25,Lake,033,64148,6667,6571,140,6711,105
2021-10-25,Lassen,035,31185,6790,6688,349,7037,42
2021-10-25,Los Angeles,037,10098052,1432969,1421061,53383,1474444,26579
2021-10-25,Madera,039,155013,22748,22325,2014,24339,281
2021-10-25,Marin,041,260295,17466,17334,438,17772,244
2021-10-25,Mariposa,043,17540,1249,1220,45,1265,5
2021-10-25,Mendocino,045,87422,7426,7296,485,7781,82
2021-10-25,Merced,047,269075,41456,41207,1815,43022,583
2021-10-25,Modoc,049,8938,521,512,184,696,5
2021-10-25,Mono,051,14174,1697,1677,21,1698,3
2021-10-25,Monterey,053,433212,48525,47547,2791,50338,587
2021-10-25,Napa,055,140530,12901,12841,106,12947,100
2021-10-25,Nevada,057,99092,9061,8958,313,9271,90
2021-10-25,Orange,059,3164182,305691,303279,14749,318028,5574
2021-10-25,Placer,061,380077,36707,36153,3559,39712,431
2021-10-25,Plumas,063,18699,1732,1641,33,1674,7
2021-10-25,Riverside,065,2383286,360886,356381,16158,372539,5056
2021-10-25,Sacramento,067,1510023,157402,156516,4415,160931,2235
2021-10-25,San Benito,069,59416,7337,7314,164,7478,71
2021-10-25,San Bernardino,071,2135413,351821,349075,10979,360054,5748
2021-10-25,San Diego,073,3302833,370559,368386,21782,390168,4196
2021-10-25,San Francisco,075,870044,52552,52041,2247,54288,649
2021-10-25,San Joaquin,077,732212,98889,97980,5265,103245,1740
2021-10-25,San Luis Obispo,079,281455,29358,28907,1211,30118,336
2021-10-25,San Mateo,081,765935,53846,52927,833,53760,571
2021-10-25,Santa Barbara,083,443738,44148,43775,1515,45290,525
2021-10-25,Santa Clara,085,1922200,146101,144895,1281,146176,1901
2021-10-25,Santa Cruz,087,273765,20251,20053,986,21039,221
2021-10-25,Shasta,089,179085,21044,20666,3500,24166,326
2021-10-25,Sierra,091,2930,180,168,20,188,0
2021-10-25,Siskiyou,093,43540,3320,3248,1254,4502,46
2021-10-25,Solano,095,438530,45687,45022,1234,46256,344
2021-10-25,Sonoma,097,501317,41088,40746,509,41255,393
2021-10-25,Stanislaus,099,539301,77485,77452,8639,86091,1145
2021-10-25,Sutter,101,95872,13760,13721,333,14054,176
2021-10-25,Tehama,103,63373,8363,8224,1443,9667,111
2021-10-25,Trinity,105,12862,841,699,206,905,11
2021-10-25,Tulare,107,460477,67645,66357,14425,80782,986
2021-10-25,Tuolumne,109,53932,7087,6952,90,7042,90
2021-10-25,Ventura,111,848112,97656,96932,4235,101167,1167
2021-10-25,Yolo,113,214977,19713,19457,1003,20460,248
2021-10-25,Yuba,115,75493,10021,9924,299,10223,82
2021-10-24,Alameda,001,1643700,118764,117816,2703,120519,1397
2021-10-24,Alpine,003,1148,101,105,0,105,0
2021-10-24,Amador,005,37829,5496,5412,56,5468,64
2021-10-24,Butte,007,227075,20627,20101,3701,23802,273
2021-10-24,Calaveras,009,45235,3972,3865,49,3914,81
2021-10-24,Colusa,011,21464,2501,2458,619,3077,18
2021-10-24,Contra Costa,013,1133247,98725,97855,2107,99962,1008
2021-10-24,Del Norte,015,27424,3650,3540,52,3592,42
2021-10-24,El Dorado,017,186661,15885,15540,1669,17209,149
2021-10-24,Fresno,019,978130,137634,134466,12361,146827,2094
2021-10-24,Glenn,021,27897,3462,3399,993,4392,33
2021-10-24,Humboldt,023,135768,8889,8753,522,9275,105
2021-10-24,Imperial,025,180216,33241,32777,3084,35861,766
2021-10-24,Inyo,027,18085,2244,2108,38,2146,41
2021-10-24,Kern,029,883053,125599,122939,21148,144087,1636
2021-10-24,Kings,031,150075,31744,30942,1848,32790,325
2021-10-24,Lake,033,64148,6644,6501,139,6640,105
2021-10-24,Lassen,035,31185,6773,6632,348,6980,27
2021-10-24,Los Angeles,037,10098052,1431538,1415919,53315,1469234,26527
2021-10-24,Madera,039,155013,22671,22062,2002,24064,281
2021-10-24,Marin,041,260295,17450,17264,437,17701,244
2021-10-24,Mariposa,043,17540,1246,1184,45,1229,5
2021-10-24,Mendocino,045,87422,7402,7220,475,7695,82
2021-10-24,Merced,047,269075,41335,40808,1809,42617,581
2021-10-24,Modoc,049,8938,520,507,184,691,5
2021-10-24,Mono,051,14174,1692,1655,21,1676,3
2021-10-24,Monterey,053,433212,48477,47456,2781,50237,586
2021-10-24,Napa,055,140530,12890,12789,106,12895,100
2021-10-24,Nevada,057,99092,9038,8861,310,9171,90
2021-10-24,Orange,059,3164182,305340,302237,14712,316949,5546
2021-10-24,Placer,061,380077,36603,35822,3545,39367,426
2021-10-24,Plumas,063,18699,1722,1623,32,1655,7
2021-10-24,Riverside,065,2383286,360412,354688,16138,370826,5041
2021-10-24,Sacramento,067,1510023,157061,155125,4392,159517,2232
2021-10-24,San Benito,069,59416,7317,7280,164,7444,71
2021-10-24,San Bernardino,071,2135413,351265,347681,10967,358648,5688
2021-10-24,San Diego,073,3302833,369976,366085,21751,387836,4183
2021-10-24,San Francisco,075,870044,52489,51820,2241,54061,649
2021-10-24,San Joaquin,077,732212,98716,97440,5259,102699,1721
2021-10-24,San Luis Obispo,079,281455,29297,28755,1204,29959,333
2021-10-24,San Mateo,081,765935,53774,52719,833,53552,571
2021-10-24,Santa Barbara,083,443738,44081,43552,1513,45065,523
2021-10-24,Santa Clara,085,1922200,145910,144276,1271,145547,1897
2021-10-24,Santa Cruz,087,273765,20213,19967,985,20952,221
2021-10-24,Shasta,089,179085,20945,20386,3494,23880,321
2021-10-24,Sierra,091,2930,180,168,20,188,0
2021-10-24,Siskiyou,093,43540,3313,3231,1250,4481,46
2021-10-24,Solano,095,438530,45637,44861,1229,46090,341
2021-10-24,Sonoma,097,501317,41005,40476,509,40985,393
2021-10-24,Stanislaus,099,539301,77294,76812,8628,85440,1145
2021-10-24,Sutter,101,95872,13733,13616,325,13941,175
2021-10-24,Tehama,103,63373,8315,8105,1432,9537,110
2021-10-24,Trinity,105,12862,837,696,204,900,11
2021-10-24,Tulare,107,460477,67473,65585,14354,79939,978
2021-10-24,Tuolumne,109,53932,7047,6840,88,6928,90
2021-10-24,Ventura,111,848112,97549,96664,4234,100898,1167
2021-10-24,Yolo,113,214977,19664,19280,1001,20281,248
2021-10-24,Yuba,115,75493,9996,9838,298,10136,82
2021-10-23,Alameda,001,1643700,118676,117816,2698,120514,1397
2021-10-23,Alpine,003,1148,101,105,0,105,0
2021-10-23,Amador,005,37829,5489,5412,56,5468,64
2021-10-23,Butte,007,227075,20590,20101,3693,23794,273
2021-10-23,Calaveras,009,45235,3965,3865,48,3913,81
2021-10-23,Colusa,011,21464,2499,2458,618,3076,18
2021-10-23,Contra Costa,013,1133247,98673,97855,2103,99958,1008
2021-10-23,Del Norte,015,27424,3648,3540,52,3592,42
2021-10-23,El Dorado,017,186661,15859,15540,1667,17207,149
2021-10-23,Fresno,019,978130,137456,134466,12348,146814,2094
2021-10-23,Glenn,021,27897,3460,3399,992,4391,33
2021-10-23,Humboldt,023,135768,8875,8753,517,9270,105
2021-10-23,Imperial,025,180216,33194,32777,3080,35857,766
2021-10-23,Inyo,027,18085,2233,2108,38,2146,41
2021-10-23,Kern,029,883053,125439,122939,21061,144000,1636
2021-10-23,Kings,031,150075,31698,30942,1846,32788,325
2021-10-23,Lake,033,64148,6639,6501,139,6640,105
2021-10-23,Lassen,035,31185,6770,6632,346,6978,27
2021-10-23,Los Angeles,037,10098052,1430857,1415919,53261,1469180,26527
2021-10-23,Madera,039,155013,22622,22062,1994,24056,281
2021-10-23,Marin,041,260295,17433,17264,437,17701,244
2021-10-23,Mariposa,043,17540,1243,1184,44,1228,5
2021-10-23,Mendocino,045,87422,7395,7220,474,7694,82
2021-10-23,Merced,047,269075,41294,40808,1804,42612,581
2021-10-23,Modoc,049,8938,518,507,184,691,5
2021-10-23,Mono,051,14174,1686,1655,21,1676,3
2021-10-23,Monterey,053,433212,48460,47456,2777,50233,586
2021-10-23,Napa,055,140530,12885,12789,106,12895,100
2021-10-23,Nevada,057,99092,9027,8861,308,9169,90
2021-10-23,Orange,059,3164182,305154,302237,14697,316934,5546
2021-10-23,Placer,061,380077,36541,35822,3539,39361,426
2021-10-23,Plumas,063,18699,1721,1623,32,1655,7
2021-10-23,Riverside,065,2383286,360091,354688,16131,370819,5041
2021-10-23,Sacramento,067,1510023,156932,155125,4384,159509,2232
2021-10-23,San Benito,069,59416,7307,7280,164,7444,71
2021-10-23,San Bernardino,071,2135413,350995,347681,10959,358640,5688
2021-10-23,San Diego,073,3302833,369635,366085,21720,387805,4183
2021-10-23,San Francisco,075,870044,52453,51820,2240,54060,649
2021-10-23,San Joaquin,077,732212,98648,97440,5250,102690,1721
2021-10-23,San Luis Obispo,079,281455,29260,28755,1202,29957,333
2021-10-23,San Mateo,081,765935,53736,52719,832,53551,571
2021-10-23,Santa Barbara,083,443738,44050,43552,1511,45063,523
2021-10-23,Santa Clara,085,1922200,145802,144276,1267,145543,1897
2021-10-23,Santa Cruz,087,273765,20201,19967,985,20952,221
2021-10-23,Shasta,089,179085,20909,20386,3482,23868,321
2021-10-23,Sierra,091,2930,179,168,20,188,0
2021-10-23,Siskiyou,093,43540,3311,3231,1250,4481,46
2021-10-23,Solano,095,438530,45612,44861,1226,46087,341
2021-10-23,Sonoma,097,501317,40965,40476,509,40985,393
2021-10-23,Stanislaus,099,539301,77205,76812,8608,85420,1145
2021-10-23,Sutter,101,95872,13727,13616,324,13940,175
2021-10-23,Tehama,103,63373,8303,8105,1431,9536,110
2021-10-23,Trinity,105,12862,836,696,204,900,11
2021-10-23,Tulare,107,460477,67385,65585,14295,79880,978
2021-10-23,Tuolumne,109,53932,7026,6840,88,6928,90
2021-10-23,Ventura,111,848112,97488,96664,4234,100898,1167
2021-10-23,Yolo,113,214977,19647,19280,998,20278,248
2021-10-23,Yuba,115,75493,9988,9838,298,10136,82
2021-10-22,Alameda,001,1643700,118594,117816,2695,120511,1397
2021-10-22,Alpine,003,1148,101,105,0,105,0
2021-10-22,Amador,005,37829,5478,5412,56,5468,64
2021-10-22,Butte,007,227075,20558,20101,3689,23790,273
2021-10-22,Calaveras,009,45235,3957,3865,48,3913,81
2021-10-22,Colusa,011,21464,2496,2458,618,3076,18
2021-10-22,Contra Costa,013,1133247,98582,97855,2101,99956,1008
2021-10-22,Del Norte,015,27424,3644,3540,52,3592,42
2021-10-22,El Dorado,017,186661,15846,15540,1665,17205,149
2021-10-22,Fresno,019,978130,137241,134466,12326,146792,2094
2021-10-22,Glenn,021,27897,3450,3399,992,4391,33
2021-10-22,Humboldt,023,135768,8861,8753,516,9269,105
2021-10-22,Imperial,025,180216,33151,32777,3080,35857,766
2021-10-22,Inyo,027,18085,2220,2108,38,2146,41
2021-10-22,Kern,029,883053,125252,122939,20988,143927,1636
2021-10-22,Kings,031,150075,31663,30942,1845,32787,325
2021-10-22,Lake,033,64148,6629,6501,139,6640,105
2021-10-22,Lassen,035,31185,6763,6632,343,6975,27
2021-10-22,Los Angeles,037,10098052,1430096,1415919,53202,1469121,26527
2021-10-22,Madera,039,155013,22572,22062,1982,24044,281
2021-10-22,Marin,041,260295,17421,17264,437,17701,244
2021-10-22,Mariposa,043,17540,1240,1184,44,1228,5
2021-10-22,Mendocino,045,87422,7381,7220,473,7693,82
2021-10-22,Merced,047,269075,41257,40808,1797,42605,581
2021-10-22,Modoc,049,8938,518,507,184,691,5
2021-10-22,Mono,051,14174,1684,1655,21,1676,3
2021-10-22,Monterey,053,433212,48427,47456,2775,50231,586
2021-10-22,Napa,055,140530,12879,12789,106,12895,100
2021-10-22,Nevada,057,99092,9010,8861,307,9168,90
2021-10-22,Orange,059,3164182,304938,302237,14667,316904,5546
2021-10-22,Placer,061,380077,36513,35822,3530,39352,426
2021-10-22,Plumas,063,18699,1715,1623,32,1655,7
2021-10-22,Riverside,065,2383286,359780,354688,16126,370814,5041
2021-10-22,Sacramento,067,1510023,156745,155125,4375,159500,2232
2021-10-22,San Benito,069,59416,7302,7280,164,7444,71
2021-10-22,San Bernardino,071,2135413,350666,347681,10944,358625,5688
2021-10-22,San Diego,073,3302833,369237,366085,21702,387787,4183
2021-10-22,San Francisco,075,870044,52417,51820,2233,54053,649
2021-10-22,San Joaquin,077,732212,98589,97440,5247,102687,1721
2021-10-22,San Luis Obispo,079,281455,29230,28755,1202,29957,333
2021-10-22,San Mateo,081,765935,53685,52719,826,53545,571
2021-10-22,Santa Barbara,083,443738,44009,43552,1511,45063,523
2021-10-22,Santa Clara,085,1922200,145646,144276,1260,145536,1897
2021-10-22,Santa Cruz,087,273765,20179,19967,985,20952,221
2021-10-22,Shasta,089,179085,20876,20386,3479,23865,321
2021-10-22,Sierra,091,2930,178,168,19,187,0
2021-10-22,Siskiyou,093,43540,3309,3231,1247,4478,46
2021-10-22,Solano,095,438530,45577,44861,1222,46083,341
2021-10-22,Sonoma,097,501317,40908,40476,509,40985,393
2021-10-22,Stanislaus,099,539301,77102,76812,8591,85403,1145
2021-10-22,Sutter,101,95872,13712,13616,324,13940,175
2021-10-22,Tehama,103,63373,8281,8105,1426,9531,110
2021-10-22,Trinity,105,12862,835,696,204,900,11
2021-10-22,Tulare,107,460477,67299,65585,14242,79827,978
2021-10-22,Tuolumne,109,53932,6991,6840,88,6928,90
2021-10-22,Ventura,111,848112,97435,96664,4228,100892,1167
2021-10-22,Yolo,113,214977,19620,19280,996,20276,248
2021-10-22,Yuba,115,75493,9974,9838,296,10134,82
2021-10-21,Alameda,001,1643700,118479,117816,2690,120506,1397
2021-10-21,Alpine,003,1148,101,105,0,105,0
2021-10-21,Amador,005,37829,5470,5412,56,5468,64
2021-10-21,Butte,007,227075,20474,20101,3676,23777,273
2021-10-21,Calaveras,009,45235,3938,3865,48,3913,81
2021-10-21,Colusa,011,21464,2492,2458,614,3072,18
2021-10-21,Contra Costa,013,1133247,98465,97855,2096,99951,1008
2021-10-21,Del Norte,015,27424,3638,3540,51,3591,42
2021-10-21,El Dorado,017,186661,15817,15540,1658,17198,149
2021-10-21,Fresno,019,978130,136891,134466,12282,146748,2094
2021-10-21,Glenn,021,27897,3446,3399,989,4388,33
2021-10-21,Humboldt,023,135768,8847,8753,512,9265,105
2021-10-21,Imperial,025,180216,33096,32777,3076,35853,766
2021-10-21,Inyo,027,18085,2198,2108,38,2146,41
2021-10-21,Kern,029,883053,125004,122939,20879,143818,1636
2021-10-21,Kings,031,150075,31565,30942,1839,32781,325
2021-10-21,Lake,033,64148,6615,6501,138,6639,105
2021-10-21,Lassen,035,31185,6750,6632,339,6971,27
2021-10-21,Los Angeles,037,10098052,1428978,1415919,53153,1469072,26527
2021-10-21,Madera,039,155013,22514,22062,1972,24034,281
2021-10-21,Marin,041,260295,17403,17264,437,17701,244
2021-10-21,Mariposa,043,17540,1234,1184,43,1227,5
2021-10-21,Mendocino,045,87422,7363,7220,466,7686,82
2021-10-21,Merced,047,269075,41160,40808,1786,42594,581
2021-10-21,Modoc,049,8938,518,507,184,691,5
2021-10-21,Mono,051,14174,1675,1655,21,1676,3
2021-10-21,Monterey,053,433212,48393,47456,2764,50220,586
2021-10-21,Napa,055,140530,12867,12789,106,12895,100
2021-10-21,Nevada,057,99092,8985,8861,307,9168,90
2021-10-21,Orange,059,3164182,304666,302237,14631,316868,5546
2021-10-21,Placer,061,380077,36424,35822,3517,39339,426
2021-10-21,Plumas,063,18699,1701,1623,32,1655,7
2021-10-21,Riverside,065,2383286,359335,354688,16116,370804,5041
2021-10-21,Sacramento,067,1510023,156426,155125,4349,159474,2232
2021-10-21,San Benito,069,59416,7295,7280,162,7442,71
2021-10-21,San Bernardino,071,2135413,350288,347681,10910,358591,5688
2021-10-21,San Diego,073,3302833,368726,366085,21671,387756,4183
2021-10-21,San Francisco,075,870044,52362,51820,2232,54052,649
2021-10-21,San Joaquin,077,732212,98450,97440,5240,102680,1721
2021-10-21,San Luis Obispo,079,281455,29188,28755,1200,29955,333
2021-10-21,San Mateo,081,765935,53638,52719,825,53544,571
2021-10-21,Santa Barbara,083,443738,43943,43552,1509,45061,523
2021-10-21,Santa Clara,085,1922200,145475,144276,1256,145532,1897
2021-10-21,Santa Cruz,087,273765,20155,19967,983,20950,221
2021-10-21,Shasta,089,179085,20815,20386,3464,23850,321
2021-10-21,Sierra,091,2930,177,168,18,186,0
2021-10-21,Siskiyou,093,43540,3304,3231,1245,4476,46
2021-10-21,Solano,095,438530,45525,44861,1220,46081,341
2021-10-21,Sonoma,097,501317,40839,40476,507,40983,393
2021-10-21,Stanislaus,099,539301,76933,76812,8580,85392,1145
2021-10-21,Sutter,101,95872,13684,13616,320,13936,175
2021-10-21,Tehama,103,63373,8254,8105,1419,9524,110
2021-10-21,Trinity,105,12862,833,696,204,900,11
2021-10-21,Tulare,107,460477,67110,65585,14173,79758,978
2021-10-21,Tuolumne,109,53932,6953,6840,87,6927,90
2021-10-21,Ventura,111,848112,97344,96664,4226,100890,1167
2021-10-21,Yolo,113,214977,19573,19280,994,20274,248
2021-10-21,Yuba,115,75493,9950,9838,295,10133,82
2021-10-20,Alameda,001,1643700,118359,117654,2690,120344,1390
2021-10-20,Alpine,003,1148,101,103,0,103,0
2021-10-20,Amador,005,37829,5462,5379,56,5435,64
2021-10-20,Butte,007,227075,20420,20021,3660,23681,270
2021-10-20,Calaveras,009,45235,3918,3844,47,3891,81
2021-10-20,Colusa,011,21464,2488,2454,612,3066,18
2021-10-20,Contra Costa,013,1133247,98349,97721,2092,99813,1008
2021-10-20,Del Norte,015,27424,3634,3536,51,3587,42
2021-10-20,El Dorado,017,186661,15787,15502,1655,17157,149
2021-10-20,Fresno,019,978130,136489,134025,12245,146270,2084
2021-10-20,Glenn,021,27897,3438,3382,988,4370,33
2021-10-20,Humboldt,023,135768,8825,8727,510,9237,105
2021-10-20,Imperial,025,180216,33022,32705,3068,35773,766
2021-10-20,Inyo,027,18085,2178,2077,37,2114,40
2021-10-20,Kern,029,883053,124710,122630,20760,143390,1623
2021-10-20,Kings,031,150075,31488,30805,1829,32634,322
2021-10-20,Lake,033,64148,6593,6475,137,6612,104
2021-10-20,Lassen,035,31185,6735,6622,339,6961,27
2021-10-20,Los Angeles,037,10098052,1427861,1414931,53083,1468014,26506
2021-10-20,Madera,039,155013,22444,21983,1963,23946,281
2021-10-20,Marin,041,260295,17382,17250,435,17685,244
2021-10-20,Mariposa,043,17540,1227,1174,43,1217,5
2021-10-20,Mendocino,045,87422,7335,7189,463,7652,82
2021-10-20,Merced,047,269075,41079,40685,1770,42455,581
2021-10-20,Modoc,049,8938,518,504,184,688,5
2021-10-20,Mono,051,14174,1675,1653,21,1674,3
2021-10-20,Monterey,053,433212,48361,47430,2755,50185,587
2021-10-20,Napa,055,140530,12853,12773,105,12878,100
2021-10-20,Nevada,057,99092,8957,8836,307,9143,90
2021-10-20,Orange,059,3164182,304380,301957,14609,316566,5534
2021-10-20,Placer,061,380077,36335,35729,3508,39237,425
2021-10-20,Plumas,063,18699,1694,1604,32,1636,7
2021-10-20,Riverside,065,2383286,358891,354311,16099,370410,5030
2021-10-20,Sacramento,067,1510023,156127,154822,4326,159148,2222
2021-10-20,San Benito,069,59416,7292,7275,160,7435,71
2021-10-20,San Bernardino,071,2135413,349888,347217,10879,358096,5663
2021-10-20,San Diego,073,3302833,368218,365698,21651,387349,4178
2021-10-20,San Francisco,075,870044,52313,51755,2231,53986,646
2021-10-20,San Joaquin,077,732212,98305,97246,5232,102478,1721
2021-10-20,San Luis Obispo,079,281455,29143,28727,1196,29923,332
2021-10-20,San Mateo,081,765935,53567,52663,817,53480,571
2021-10-20,Santa Barbara,083,443738,43880,43489,1508,44997,523
2021-10-20,Santa Clara,085,1922200,145340,144124,1251,145375,1896
2021-10-20,Santa Cruz,087,273765,20142,19951,983,20934,219
2021-10-20,Shasta,089,179085,20753,20313,3437,23750,320
2021-10-20,Sierra,091,2930,177,168,18,186,0
2021-10-20,Siskiyou,093,43540,3304,3224,1239,4463,46
2021-10-20,Solano,095,438530,45493,44819,1218,46037,341
2021-10-20,Sonoma,097,501317,40792,40404,507,40911,393
2021-10-20,Stanislaus,099,539301,76783,76631,8561,85192,1145
2021-10-20,Sutter,101,95872,13660,13592,314,13906,175
2021-10-20,Tehama,103,63373,8223,8081,1408,9489,110
2021-10-20,Trinity,105,12862,833,693,203,896,11
2021-10-20,Tulare,107,460477,66935,65413,14129,79542,967
2021-10-20,Tuolumne,109,53932,6930,6803,87,6890,89
2021-10-20,Ventura,111,848112,97262,96610,4222,100832,1166
2021-10-20,Yolo,113,214977,19528,19236,992,20228,248
2021-10-20,Yuba,115,75493,9933,9808,292,10100,82
2021-10-19,Alameda,001,1643700,118238,117542,2684,120226,1383
2021-10-19,Alpine,003,1148,101,103,0,103,0
2021-10-19,Amador,005,37829,5446,5367,56,5423,64
2021-10-19,Butte,007,227075,20367,19974,3652,23626,268
2021-10-19,Calaveras,009,45235,3901,3826,46,3872,80
2021-10-19,Colusa,011,21464,2485,2447,610,3057,18
2021-10-19,Contra Costa,013,1133247,98258,97613,2087,99700,1004
2021-10-19,Del Norte,015,27424,3627,3531,51,3582,42
2021-10-19,El Dorado,017,186661,15762,15478,1650,17128,149
2021-10-19,Fresno,019,978130,136125,133813,12197,146010,2073
2021-10-19,Glenn,021,27897,3435,3380,986,4366,33
2021-10-19,Humboldt,023,135768,8801,8714,504,9218,105
2021-10-19,Imperial,025,180216,32956,32632,3064,35696,764
2021-10-19,Inyo,027,18085,2147,2045,37,2082,40
2021-10-19,Kern,029,883053,124393,122391,20636,143027,1613
2021-10-19,Kings,031,150075,31395,30757,1822,32579,322
2021-10-19,Lake,033,64148,6589,6465,137,6602,104
2021-10-19,Lassen,035,31185,6729,6612,335,6947,27
2021-10-19,Los Angeles,037,10098052,1426615,1413882,53009,1466891,26473
2021-10-19,Madera,039,155013,22381,21950,1955,23905,281
2021-10-19,Marin,041,260295,17368,17241,432,17673,244
2021-10-19,Mariposa,043,17540,1221,1171,41,1212,5
2021-10-19,Mendocino,045,87422,7320,7172,460,7632,82
2021-10-19,Merced,047,269075,40964,40628,1749,42377,580
2021-10-19,Modoc,049,8938,516,502,184,686,5
2021-10-19,Mono,051,14174,1671,1651,21,1672,3
2021-10-19,Monterey,053,433212,48324,47412,2744,50156,583
2021-10-19,Napa,055,140530,12846,12769,105,12874,100
2021-10-19,Nevada,057,99092,8936,8829,306,9135,90
2021-10-19,Orange,059,3164182,304123,301700,14575,316275,5527
2021-10-19,Placer,061,380077,36214,35663,3493,39156,422
2021-10-19,Plumas,063,18699,1676,1586,32,1618,8
2021-10-19,Riverside,065,2383286,358469,353891,16092,369983,5020
2021-10-19,Sacramento,067,1510023,155821,154570,4300,158870,2227
2021-10-19,San Benito,069,59416,7277,7264,160,7424,71
2021-10-19,San Bernardino,071,2135413,349486,346814,10850,357664,5627
2021-10-19,San Diego,073,3302833,367637,365285,21620,386905,4170
2021-10-19,San Francisco,075,870044,52250,51704,2229,53933,645
2021-10-19,San Joaquin,077,732212,98138,97105,5221,102326,1721
2021-10-19,San Luis Obispo,079,281455,29095,28670,1193,29863,332
2021-10-19,San Mateo,081,765935,53509,52617,815,53432,571
2021-10-19,Santa Barbara,083,443738,43813,43413,1507,44920,522
2021-10-19,Santa Clara,085,1922200,145167,143989,1244,145233,1898
2021-10-19,Santa Cruz,087,273765,20118,19895,981,20876,218
2021-10-19,Shasta,089,179085,20677,20209,3429,23638,319
2021-10-19,Sierra,091,2930,174,168,18,186,0
2021-10-19,Siskiyou,093,43540,3300,3216,1234,4450,46
2021-10-19,Solano,095,438530,45451,44782,1212,45994,341
2021-10-19,Sonoma,097,501317,40718,40379,506,40885,392
2021-10-19,Stanislaus,099,539301,76641,76526,8549,85075,1145
2021-10-19,Sutter,101,95872,13636,13569,313,13882,174
2021-10-19,Tehama,103,63373,8193,8057,1392,9449,108
2021-10-19,Trinity,105,12862,826,691,203,894,11
2021-10-19,Tulare,107,460477,66748,65253,14061,79314,958
2021-10-19,Tuolumne,109,53932,6901,6782,86,6868,89
2021-10-19,Ventura,111,848112,97186,96539,4217,100756,1166
2021-10-19,Yolo,113,214977,19483,19206,987,20193,248
2021-10-19,Yuba,115,75493,9915,9796,291,10087,82
2021-10-18,Alameda,001,1643700,118101,117506,2675,120181,1381
2021-10-18,Alpine,003,1148,101,103,0,103,0
2021-10-18,Amador,005,37829,5435,5345,56,5401,64
2021-10-18,Butte,007,227075,20316,19921,3641,23562,265
2021-10-18,Calaveras,009,45235,3876,3819,45,3864,80
2021-10-18,Colusa,011,21464,2484,2444,608,3052,18
2021-10-18,Contra Costa,013,1133247,98147,97585,2083,99668,995
2021-10-18,Del Norte,015,27424,3620,3529,51,3580,41
2021-10-18,El Dorado,017,186661,15732,15452,1648,17100,149
2021-10-18,Fresno,019,978130,135723,133688,12155,145843,2063
2021-10-18,Glenn,021,27897,3431,3370,982,4352,32
2021-10-18,Humboldt,023,135768,8782,8699,496,9195,104
2021-10-18,Imperial,025,180216,32865,32558,3064,35622,764
2021-10-18,Inyo,027,18085,2129,2020,37,2057,40
2021-10-18,Kern,029,883053,124094,122231,20542,142773,1605
2021-10-18,Kings,031,150075,31281,30698,1809,32507,320
2021-10-18,Lake,033,64148,6570,6455,133,6588,104
2021-10-18,Lassen,035,31185,6709,6607,332,6939,26
2021-10-18,Los Angeles,037,10098052,1425373,1413291,52933,1466224,26446
2021-10-18,Madera,039,155013,22327,21909,1942,23851,277
2021-10-18,Marin,041,260295,17348,17232,429,17661,244
2021-10-18,Mariposa,043,17540,1213,1160,41,1201,5
2021-10-18,Mendocino,045,87422,7301,7156,452,7608,82
2021-10-18,Merced,047,269075,40841,40573,1739,42312,579
2021-10-18,Modoc,049,8938,516,498,184,682,5
2021-10-18,Mono,051,14174,1665,1648,20,1668,3
2021-10-18,Monterey,053,433212,48302,47389,2739,50128,583
2021-10-18,Napa,055,140530,12831,12762,105,12867,100
2021-10-18,Nevada,057,99092,8917,8816,306,9122,90
2021-10-18,Orange,059,3164182,303784,301573,14541,316114,5524
2021-10-18,Placer,061,380077,36137,35598,3489,39087,420
2021-10-18,Plumas,063,18699,1668,1579,32,1611,6
2021-10-18,Riverside,065,2383286,358054,353699,16078,369777,5008
2021-10-18,Sacramento,067,1510023,155516,154428,4270,158698,2203
2021-10-18,San Benito,069,59416,7265,7253,160,7413,71
2021-10-18,San Bernardino,071,2135413,349066,346742,10836,357578,5606
2021-10-18,San Diego,073,3302833,367081,364948,21582,386530,4169
2021-10-18,San Francisco,075,870044,52187,51671,2223,53894,644
2021-10-18,San Joaquin,077,732212,97973,97041,5211,102252,1721
2021-10-18,San Luis Obispo,079,281455,29056,28644,1190,29834,331
2021-10-18,San Mateo,081,765935,53444,52594,814,53408,571
2021-10-18,Santa Barbara,083,443738,43754,43386,1505,44891,522
2021-10-18,Santa Clara,085,1922200,145012,143891,1236,145127,1895
2021-10-18,Santa Cruz,087,273765,20104,19876,979,20855,218
2021-10-18,Shasta,089,179085,20597,20146,3418,23564,313
2021-10-18,Sierra,091,2930,174,166,18,184,0
2021-10-18,Siskiyou,093,43540,3297,3210,1226,4436,42
2021-10-18,Solano,095,438530,45407,44758,1209,45967,339
2021-10-18,Sonoma,097,501317,40654,40349,503,40852,392
2021-10-18,Stanislaus,099,539301,76476,76466,8535,85001,1145
2021-10-18,Sutter,101,95872,13602,13557,311,13868,172
2021-10-18,Tehama,103,63373,8158,8042,1380,9422,107
2021-10-18,Trinity,105,12862,825,688,203,891,11
2021-10-18,Tulare,107,460477,66572,65171,13997,79168,958
2021-10-18,Tuolumne,109,53932,6872,6755,86,6841,89
2021-10-18,Ventura,111,848112,97091,96506,4214,100720,1165
2021-10-18,Yolo,113,214977,19445,19197,984,20181,248
2021-10-18,Yuba,115,75493,9888,9782,289,10071,82
2021-10-17,Alameda,001,1643700,117950,117423,2670,120093,1376
2021-10-17,Alpine,003,1148,101,103,0,103,0
2021-10-17,Amador,005,37829,5412,5341,56,5397,64
2021-10-17,Butte,007,227075,20232,19897,3631,23528,265
2021-10-17,Calaveras,009,45235,3860,3805,45,3850,80
2021-10-17,Colusa,011,21464,2479,2442,601,3043,18
2021-10-17,Contra Costa,013,1133247,98026,97485,2072,99557,995
2021-10-17,Del Norte,015,27424,3615,3526,51,3577,41
2021-10-17,El Dorado,017,186661,15674,15438,1641,17079,149
2021-10-17,Fresno,019,978130,135256,133429,12112,145541,2063
2021-10-17,Glenn,021,27897,3421,3364,977,4341,32
2021-10-17,Humboldt,023,135768,8762,8690,493,9183,104
2021-10-17,Imperial,025,180216,32782,32520,3057,35577,764
2021-10-17,Inyo,027,18085,2101,2000,37,2037,40
2021-10-17,Kern,029,883053,123744,122085,20444,142529,1603
2021-10-17,Kings,031,150075,31168,30636,1801,32437,315
2021-10-17,Lake,033,64148,6554,6437,133,6570,104
2021-10-17,Lassen,035,31185,6697,6605,328,6933,26
2021-10-17,Los Angeles,037,10098052,1424033,1412371,52858,1465229,26443
2021-10-17,Madera,039,155013,22265,21869,1931,23800,277
2021-10-17,Marin,041,260295,17326,17211,429,17640,243
2021-10-17,Mariposa,043,17540,1206,1150,41,1191,5
2021-10-17,Mendocino,045,87422,7272,7148,446,7594,82
2021-10-17,Merced,047,269075,40715,40531,1723,42254,579
2021-10-17,Modoc,049,8938,513,498,182,680,5
2021-10-17,Mono,051,14174,1663,1640,19,1659,3
2021-10-17,Monterey,053,433212,48261,47369,2729,50098,583
2021-10-17,Napa,055,140530,12816,12753,102,12855,100
2021-10-17,Nevada,057,99092,8900,8794,305,9099,90
2021-10-17,Orange,059,3164182,303469,301414,14508,315922,5524
2021-10-17,Placer,061,380077,36037,35559,3474,39033,420
2021-10-17,Plumas,063,18699,1644,1571,31,1602,6
2021-10-17,Riverside,065,2383286,357570,353500,16064,369564,5008
2021-10-17,Sacramento,067,1510023,155116,154080,4253,158333,2213
2021-10-17,San Benito,069,59416,7256,7250,159,7409,71
2021-10-17,San Bernardino,071,2135413,348632,346524,10816,357340,5597
2021-10-17,San Diego,073,3302833,366490,364675,21554,386229,4163
2021-10-17,San Francisco,075,870044,52115,51625,2214,53839,644
2021-10-17,San Joaquin,077,732212,97800,96950,5202,102152,1721
2021-10-17,San Luis Obispo,079,281455,29004,28604,1182,29786,331
2021-10-17,San Mateo,081,765935,53392,52541,810,53351,571
2021-10-17,Santa Barbara,083,443738,43691,43344,1504,44848,522
2021-10-17,Santa Clara,085,1922200,144835,143768,1227,144995,1895
2021-10-17,Santa Cruz,087,273765,20076,19861,977,20838,218
2021-10-17,Shasta,089,179085,20507,20116,3408,23524,312
2021-10-17,Sierra,091,2930,172,165,18,183,0
2021-10-17,Siskiyou,093,43540,3289,3204,1223,4427,42
2021-10-17,Solano,095,438530,45350,44722,1208,45930,340
2021-10-17,Sonoma,097,501317,40578,40306,502,40808,392
2021-10-17,Stanislaus,099,539301,76279,76354,8521,84875,1145
2021-10-17,Sutter,101,95872,13585,13543,309,13852,172
2021-10-17,Tehama,103,63373,8126,8015,1364,9379,107
2021-10-17,Trinity,105,12862,822,686,202,888,11
2021-10-17,Tulare,107,460477,66389,65057,13925,78982,958
2021-10-17,Tuolumne,109,53932,6838,6735,85,6820,89
2021-10-17,Ventura,111,848112,96991,96458,4211,100669,1165
2021-10-17,Yolo,113,214977,19403,19171,975,20146,248
2021-10-17,Yuba,115,75493,9862,9771,287,10058,82
2021-10-16,Alameda,001,1643700,117860,117027,2668,119695,1365
2021-10-16,Alpine,003,1148,100,102,0,102,0
2021-10-16,Amador,005,37829,5405,5310,56,5366,64
2021-10-16,Butte,007,227075,20201,19612,3623,23235,260
2021-10-16,Calaveras,009,45235,3853,3771,45,3816,80
2021-10-16,Colusa,011,21464,2475,2431,598,3029,18
2021-10-16,Contra Costa,013,1133247,97934,97107,2065,99172,982
2021-10-16,Del Norte,015,27424,3612,3516,51,3567,41
2021-10-16,El Dorado,017,186661,15653,15315,1639,16954,149
2021-10-16,Fresno,019,978130,135102,132433,12095,144528,2051
2021-10-16,Glenn,021,27897,3415,3331,977,4308,26
2021-10-16,Humboldt,023,135768,8750,8621,488,9109,104
2021-10-16,Imperial,025,180216,32767,32368,3055,35423,764
2021-10-16,Inyo,027,18085,2087,1932,37,1969,39
2021-10-16,Kern,029,883053,123588,121354,20363,141717,1590
2021-10-16,Kings,031,150075,31122,30418,1798,32216,314
2021-10-16,Lake,033,64148,6543,6378,133,6511,104
2021-10-16,Lassen,035,31185,6688,6559,324,6883,26
2021-10-16,Los Angeles,037,10098052,1423378,1409418,52804,1462222,26398
2021-10-16,Madera,039,155013,22221,21707,1927,23634,277
2021-10-16,Marin,041,260295,17316,17148,429,17577,243
2021-10-16,Mariposa,043,17540,1203,1096,41,1137,5
2021-10-16,Mendocino,045,87422,7261,7099,446,7545,82
2021-10-16,Merced,047,269075,40683,40265,1721,41986,577
2021-10-16,Modoc,049,8938,510,492,182,674,5
2021-10-16,Mono,051,14174,1659,1628,19,1647,3
2021-10-16,Monterey,053,433212,48244,47293,2721,50014,582
2021-10-16,Napa,055,140530,12805,12706,102,12808,100
2021-10-16,Nevada,057,99092,8880,8739,305,9044,90
2021-10-16,Orange,059,3164182,303293,300722,14483,315205,5509
2021-10-16,Placer,061,380077,35953,35343,3468,38811,412
2021-10-16,Plumas,063,18699,1639,1542,30,1572,6
2021-10-16,Riverside,065,2383286,357300,352435,16052,368487,4990
2021-10-16,Sacramento,067,1510023,154917,153264,4249,157513,2192
2021-10-16,San Benito,069,59416,7243,7210,158,7368,71
2021-10-16,San Bernardino,071,2135413,348424,345418,10808,356226,5566
2021-10-16,San Diego,073,3302833,366174,363109,21538,384647,4151
2021-10-16,San Francisco,075,870044,52068,51436,2210,53646,645
2021-10-16,San Joaquin,077,732212,97728,96507,5199,101706,1708
2021-10-16,San Luis Obispo,079,281455,28978,28460,1181,29641,329
2021-10-16,San Mateo,081,765935,53343,52399,809,53208,569
2021-10-16,Santa Barbara,083,443738,43655,43175,1503,44678,521
2021-10-16,Santa Clara,085,1922200,144735,143282,1219,144501,1890
2021-10-16,Santa Cruz,087,273765,20061,19794,976,20770,218
2021-10-16,Shasta,089,179085,20457,19932,3397,23329,309
2021-10-16,Sierra,091,2930,170,160,18,178,0
2021-10-16,Siskiyou,093,43540,3287,3173,1216,4389,42
2021-10-16,Solano,095,438530,45324,44585,1204,45789,334
2021-10-16,Sonoma,097,501317,40538,40195,502,40697,390
2021-10-16,Stanislaus,099,539301,76193,75868,8511,84379,1142
2021-10-16,Sutter,101,95872,13566,13471,308,13779,169
2021-10-16,Tehama,103,63373,8113,7907,1359,9266,104
2021-10-16,Trinity,105,12862,822,679,202,881,11
2021-10-16,Tulare,107,460477,66251,64489,13894,78383,951
2021-10-16,Tuolumne,109,53932,6806,6666,85,6751,89
2021-10-16,Ventura,111,848112,96959,96181,4206,100387,1164
2021-10-16,Yolo,113,214977,19376,19078,969,20047,247
2021-10-16,Yuba,115,75493,9838,9705,284,9989,82
2021-10-15,Alameda,001,1643700,117788,117027,2664,119691,1365
2021-10-15,Alpine,003,1148,100,102,0,102,0
2021-10-15,Amador,005,37829,5381,5310,56,5366,64
2021-10-15,Butte,007,227075,20165,19612,3616,23228,260
2021-10-15,Calaveras,009,45235,3847,3771,45,3816,80
2021-10-15,Colusa,011,21464,2473,2431,595,3026,18
2021-10-15,Contra Costa,013,1133247,97852,97107,2062,99169,982
2021-10-15,Del Norte,015,27424,3610,3516,51,3567,41
2021-10-15,El Dorado,017,186661,15633,15315,1634,16949,149
2021-10-15,Fresno,019,978130,134849,132433,12086,144519,2051
2021-10-15,Glenn,021,27897,3409,3331,976,4307,26
2021-10-15,Humboldt,023,135768,8741,8621,486,9107,104
2021-10-15,Imperial,025,180216,32720,32368,3051,35419,764
2021-10-15,Inyo,027,18085,2069,1932,37,1969,39
2021-10-15,Kern,029,883053,123452,121354,20289,141643,1590
2021-10-15,Kings,031,150075,31067,30418,1794,32212,314
2021-10-15,Lake,033,64148,6534,6378,133,6511,104
2021-10-15,Lassen,035,31185,6676,6559,323,6882,26
2021-10-15,Los Angeles,037,10098052,1422685,1409418,52756,1462174,26398
2021-10-15,Madera,039,155013,22177,21707,1919,23626,277
2021-10-15,Marin,041,260295,17305,17148,429,17577,243
2021-10-15,Mariposa,043,17540,1195,1096,41,1137,5
2021-10-15,Mendocino,045,87422,7246,7099,446,7545,82
2021-10-15,Merced,047,269075,40653,40265,1718,41983,577
2021-10-15,Modoc,049,8938,509,492,182,674,5
2021-10-15,Mono,051,14174,1656,1628,19,1647,3
2021-10-15,Monterey,053,433212,48222,47293,2719,50012,582
2021-10-15,Napa,055,140530,12801,12706,102,12808,100
2021-10-15,Nevada,057,99092,8865,8739,305,9044,90
2021-10-15,Orange,059,3164182,303124,300722,14465,315187,5509
2021-10-15,Placer,061,380077,35899,35343,3462,38805,412
2021-10-15,Plumas,063,18699,1631,1542,30,1572,6
2021-10-15,Riverside,065,2383286,357058,352435,16047,368482,4990
2021-10-15,Sacramento,067,1510023,154730,153264,4239,157503,2192
2021-10-15,San Benito,069,59416,7240,7210,158,7368,71
2021-10-15,San Bernardino,071,2135413,348192,345418,10805,356223,5566
2021-10-15,San Diego,073,3302833,365814,363109,21513,384622,4151
2021-10-15,San Francisco,075,870044,52027,51436,2203,53639,645
2021-10-15,San Joaquin,077,732212,97650,96507,5192,101699,1708
2021-10-15,San Luis Obispo,079,281455,28957,28460,1179,29639,329
2021-10-15,San Mateo,081,765935,53299,52399,808,53207,569
2021-10-15,Santa Barbara,083,443738,43617,43175,1503,44678,521
2021-10-15,Santa Clara,085,1922200,144613,143282,1211,144493,1890
2021-10-15,Santa Cruz,087,273765,20050,19794,976,20770,218
2021-10-15,Shasta,089,179085,20401,19932,3389,23321,309
2021-10-15,Sierra,091,2930,170,160,18,178,0
2021-10-15,Siskiyou,093,43540,3286,3173,1213,4386,42
2021-10-15,Solano,095,438530,45298,44585,1204,45789,334
2021-10-15,Sonoma,097,501317,40504,40195,501,40696,390
2021-10-15,Stanislaus,099,539301,76113,75868,8495,84363,1142
2021-10-15,Sutter,101,95872,13549,13471,306,13777,169
2021-10-15,Tehama,103,63373,8092,7907,1353,9260,104
2021-10-15,Trinity,105,12862,822,679,202,881,11
2021-10-15,Tulare,107,460477,66172,64489,13857,78346,951
2021-10-15,Tuolumne,109,53932,6783,6666,83,6749,89
2021-10-15,Ventura,111,848112,96917,96181,4203,100384,1164
2021-10-15,Yolo,113,214977,19361,19078,965,20043,247
2021-10-15,Yuba,115,75493,9828,9705,283,9988,82
2021-10-14,Alameda,001,1643700,117679,117027,2659,119686,1365
2021-10-14,Alpine,003,1148,100,102,0,102,0
2021-10-14,Amador,005,37829,5370,5310,56,5366,64
2021-10-14,Butte,007,227075,20113,19612,3610,23222,260
2021-10-14,Calaveras,009,45235,3834,3771,44,3815,80
2021-10-14,Colusa,011,21464,2471,2431,593,3024,18
2021-10-14,Contra Costa,013,1133247,97718,97107,2055,99162,982
2021-10-14,Del Norte,015,27424,3604,3516,51,3567,41
2021-10-14,El Dorado,017,186661,15595,15315,1631,16946,149
2021-10-14,Fresno,019,978130,134554,132433,12057,144490,2051
2021-10-14,Glenn,021,27897,3404,3331,975,4306,26
2021-10-14,Humboldt,023,135768,8724,8621,483,9104,104
2021-10-14,Imperial,025,180216,32657,32368,3044,35412,764
2021-10-14,Inyo,027,18085,2050,1932,37,1969,39
2021-10-14,Kern,029,883053,123180,121354,20190,141544,1590
2021-10-14,Kings,031,150075,31002,30418,1786,32204,314
2021-10-14,Lake,033,64148,6513,6378,132,6510,104
2021-10-14,Lassen,035,31185,6670,6559,322,6881,26
2021-10-14,Los Angeles,037,10098052,1421695,1409418,52704,1462122,26398
2021-10-14,Madera,039,155013,22112,21707,1913,23620,277
2021-10-14,Marin,041,260295,17300,17148,427,17575,243
2021-10-14,Mariposa,043,17540,1182,1096,40,1136,5
2021-10-14,Mendocino,045,87422,7232,7099,444,7543,82
2021-10-14,Merced,047,269075,40565,40265,1704,41969,577
2021-10-14,Modoc,049,8938,509,492,182,674,5
2021-10-14,Mono,051,14174,1649,1628,19,1647,3
2021-10-14,Monterey,053,433212,48196,47293,2714,50007,582
2021-10-14,Napa,055,140530,12786,12706,102,12808,100
2021-10-14,Nevada,057,99092,8838,8739,303,9042,90
2021-10-14,Orange,059,3164182,302916,300722,14448,315170,5509
2021-10-14,Placer,061,380077,35832,35343,3448,38791,412
2021-10-14,Plumas,063,18699,1616,1542,30,1572,6
2021-10-14,Riverside,065,2383286,356661,352435,16036,368471,4990
2021-10-14,Sacramento,067,1510023,154478,153264,4219,157483,2192
2021-10-14,San Benito,069,59416,7229,7210,158,7368,71
2021-10-14,San Bernardino,071,2135413,347834,345418,10798,356216,5566
2021-10-14,San Diego,073,3302833,365374,363109,21486,384595,4151
2021-10-14,San Francisco,075,870044,51971,51436,2199,53635,645
2021-10-14,San Joaquin,077,732212,97521,96507,5183,101690,1708
2021-10-14,San Luis Obispo,079,281455,28913,28460,1175,29635,329
2021-10-14,San Mateo,081,765935,53251,52399,807,53206,569
2021-10-14,Santa Barbara,083,443738,43561,43175,1498,44673,521
2021-10-14,Santa Clara,085,1922200,144472,143282,1205,144487,1890
2021-10-14,Santa Cruz,087,273765,20027,19794,976,20770,218
2021-10-14,Shasta,089,179085,20344,19932,3377,23309,309
2021-10-14,Sierra,091,2930,169,160,18,178,0
2021-10-14,Siskiyou,093,43540,3283,3173,1205,4378,42
2021-10-14,Solano,095,438530,45248,44585,1196,45781,334
2021-10-14,Sonoma,097,501317,40454,40195,498,40693,390
2021-10-14,Stanislaus,099,539301,75967,75868,8482,84350,1142
2021-10-14,Sutter,101,95872,13529,13471,305,13776,169
2021-10-14,Tehama,103,63373,8061,7907,1346,9253,104
2021-10-14,Trinity,105,12862,821,679,201,880,11
2021-10-14,Tulare,107,460477,65988,64489,13810,78299,951
2021-10-14,Tuolumne,109,53932,6751,6666,82,6748,89
2021-10-14,Ventura,111,848112,96849,96181,4197,100378,1164
2021-10-14,Yolo,113,214977,19328,19078,958,20036,247
2021-10-14,Yuba,115,75493,9814,9705,274,9979,82
2021-10-13,Alameda,001,1643700,117573,116914,2652,119566,1360
2021-10-13,Alpine,003,1148,100,102,0,102,0
2021-10-13,Amador,005,37829,5356,5305,56,5361,63
2021-10-13,Butte,007,227075,20038,19546,3605,23151,257
2021-10-13,Calaveras,009,45235,3813,3756,42,3798,79
2021-10-13,Colusa,011,21464,2464,2430,589,3019,18
2021-10-13,Contra Costa,013,1133247,97602,96975,2054,99029,969
2021-10-13,Del Norte,015,27424,3599,3512,51,3563,39
2021-10-13,El Dorado,017,186661,15571,15302,1626,16928,149
2021-10-13,Fresno,019,978130,134220,132055,12026,144081,2048
2021-10-13,Glenn,021,27897,3399,3327,971,4298,26
2021-10-13,Humboldt,023,135768,8713,8604,479,9083,102
2021-10-13,Imperial,025,180216,32597,32317,3042,35359,762
2021-10-13,Inyo,027,18085,2013,1907,37,1944,39
2021-10-13,Kern,029,883053,122936,120956,20098,141054,1586
2021-10-13,Kings,031,150075,30921,30246,1779,32025,312
2021-10-13,Lake,033,64148,6493,6371,132,6503,103
2021-10-13,Lassen,035,31185,6659,6535,316,6851,25
2021-10-13,Los Angeles,037,10098052,1420643,1408384,52647,1461031,26379
2021-10-13,Madera,039,155013,22059,21609,1899,23508,277
2021-10-13,Marin,041,260295,17276,17137,426,17563,243
2021-10-13,Mariposa,043,17540,1168,1090,40,1130,5
2021-10-13,Mendocino,045,87422,7216,7088,436,7524,82
2021-10-13,Merced,047,269075,40480,40164,1693,41857,577
2021-10-13,Modoc,049,8938,507,490,180,670,5
2021-10-13,Mono,051,14174,1649,1612,19,1631,3
2021-10-13,Monterey,053,433212,48177,47273,2707,49980,582
2021-10-13,Napa,055,140530,12775,12695,100,12795,100
2021-10-13,Nevada,057,99092,8816,8725,303,9028,90
2021-10-13,Orange,059,3164182,302708,300468,14432,314900,5503
2021-10-13,Placer,061,380077,35765,35254,3439,38693,412
2021-10-13,Plumas,063,18699,1602,1514,30,1544,6
2021-10-13,Riverside,065,2383286,356331,352044,16023,368067,4978
2021-10-13,Sacramento,067,1510023,154229,153141,4198,157339,2182
2021-10-13,San Benito,069,59416,7223,7196,157,7353,71
2021-10-13,San Bernardino,071,2135413,347510,344951,10781,355732,5562
2021-10-13,San Diego,073,3302833,364943,362564,21464,384028,4141
2021-10-13,San Francisco,075,870044,51928,51379,2195,53574,644
2021-10-13,San Joaquin,077,732212,97378,96343,5179,101522,1696
2021-10-13,San Luis Obispo,079,281455,28875,28397,1172,29569,330
2021-10-13,San Mateo,081,765935,53199,52352,803,53155,569
2021-10-13,Santa Barbara,083,443738,43509,43109,1498,44607,518
2021-10-13,Santa Clara,085,1922200,144334,143064,1204,144268,1886
2021-10-13,Santa Cruz,087,273765,20001,19763,975,20738,217
2021-10-13,Shasta,089,179085,20274,19802,3357,23159,307
2021-10-13,Sierra,091,2930,169,155,18,173,0
2021-10-13,Siskiyou,093,43540,3275,3173,1204,4377,42
2021-10-13,Solano,095,438530,45209,44558,1193,45751,334
2021-10-13,Sonoma,097,501317,40398,40122,498,40620,390
2021-10-13,Stanislaus,099,539301,75825,75698,8472,84170,1136
2021-10-13,Sutter,101,95872,13499,13458,303,13761,169
2021-10-13,Tehama,103,63373,8025,7849,1340,9189,103
2021-10-13,Trinity,105,12862,818,677,201,878,11
2021-10-13,Tulare,107,460477,65808,64297,13756,78053,945
2021-10-13,Tuolumne,109,53932,6737,6644,81,6725,89
2021-10-13,Ventura,111,848112,96775,96099,4191,100290,1162
2021-10-13,Yolo,113,214977,19300,19023,956,19979,247
2021-10-13,Yuba,115,75493,9789,9690,261,9951,80
2021-10-12,Alameda,001,1643700,117470,116813,2648,119461,1357
2021-10-12,Alpine,003,1148,100,102,0,102,0
2021-10-12,Amador,005,37829,5345,5301,56,5357,63
2021-10-12,Butte,007,227075,19966,19506,3594,23100,256
2021-10-12,Calaveras,009,45235,3798,3750,42,3792,75
2021-10-12,Colusa,011,21464,2461,2428,587,3015,18
2021-10-12,Contra Costa,013,1133247,97489,96894,2045,98939,960
2021-10-12,Del Norte,015,27424,3593,3511,51,3562,39
2021-10-12,El Dorado,017,186661,15537,15287,1624,16911,148
2021-10-12,Fresno,019,978130,133859,131848,11995,143843,2042
2021-10-12,Glenn,021,27897,3385,3321,970,4291,26
2021-10-12,Humboldt,023,135768,8686,8587,473,9060,102
2021-10-12,Imperial,025,180216,32545,32267,3040,35307,762
2021-10-12,Inyo,027,18085,1981,1889,37,1926,39
2021-10-12,Kern,029,883053,122649,120826,19989,140815,1580
2021-10-12,Kings,031,150075,30847,30200,1768,31968,312
2021-10-12,Lake,033,64148,6478,6372,130,6502,97
2021-10-12,Lassen,035,31185,6649,6526,315,6841,25
2021-10-12,Los Angeles,037,10098052,1419583,1407462,52599,1460061,26362
2021-10-12,Madera,039,155013,21988,21574,1886,23460,277
2021-10-12,Marin,041,260295,17253,17126,426,17552,242
2021-10-12,Mariposa,043,17540,1154,1088,40,1128,5
2021-10-12,Mendocino,045,87422,7187,7077,433,7510,82
2021-10-12,Merced,047,269075,40401,40113,1687,41800,567
2021-10-12,Modoc,049,8938,502,485,179,664,5
2021-10-12,Mono,051,14174,1647,1608,19,1627,3
2021-10-12,Monterey,053,433212,48146,47254,2699,49953,582
2021-10-12,Napa,055,140530,12761,12671,100,12771,97
2021-10-12,Nevada,057,99092,8804,8720,302,9022,89
2021-10-12,Orange,059,3164182,302453,300256,14406,314662,5499
2021-10-12,Placer,061,380077,35702,35214,3431,38645,404
2021-10-12,Plumas,063,18699,1588,1488,29,1517,6
2021-10-12,Riverside,065,2383286,356005,351771,16009,367780,4973
2021-10-12,Sacramento,067,1510023,153924,152935,4173,157108,2170
2021-10-12,San Benito,069,59416,7209,7193,157,7350,71
2021-10-12,San Bernardino,071,2135413,347197,344788,10771,355559,5563
2021-10-12,San Diego,073,3302833,364430,362256,21435,383691,4137
2021-10-12,San Francisco,075,870044,51864,51301,2194,53495,643
2021-10-12,San Joaquin,077,732212,97241,96237,5174,101411,1690
2021-10-12,San Luis Obispo,079,281455,28828,28379,1171,29550,327
2021-10-12,San Mateo,081,765935,53148,52328,802,53130,569
2021-10-12,Santa Barbara,083,443738,43448,43076,1498,44574,515
2021-10-12,Santa Clara,085,1922200,144181,142954,1202,144156,1882
2021-10-12,Santa Cruz,087,273765,19976,19757,975,20732,218
2021-10-12,Shasta,089,179085,20200,19731,3336,23067,304
2021-10-12,Sierra,091,2930,169,153,18,171,0
2021-10-12,Siskiyou,093,43540,3264,3166,1198,4364,42
2021-10-12,Solano,095,438530,45167,44516,1187,45703,329
2021-10-12,Sonoma,097,501317,40357,40105,497,40602,390
2021-10-12,Stanislaus,099,539301,75673,75589,8460,84049,1126
2021-10-12,Sutter,101,95872,13476,13436,299,13735,168
2021-10-12,Tehama,103,63373,7993,7820,1336,9156,103
2021-10-12,Trinity,105,12862,815,676,201,877,11
2021-10-12,Tulare,107,460477,65623,64216,13701,77917,944
2021-10-12,Tuolumne,109,53932,6720,6637,80,6717,89
2021-10-12,Ventura,111,848112,96674,96022,4186,100208,1160
2021-10-12,Yolo,113,214977,19273,18987,948,19935,247
2021-10-12,Yuba,115,75493,9774,9676,257,9933,70
2021-10-11,Alameda,001,1643700,117328,116759,2647,119406,1358
2021-10-11,Alpine,003,1148,100,102,0,102,0
2021-10-11,Amador,005,37829,5333,5286,56,5342,62
2021-10-11,Butte,007,227075,19907,19452,3589,23041,253
2021-10-11,Calaveras,009,45235,3777,3750,42,3792,75
2021-10-11,Colusa,011,21464,2457,2427,579,3006,18
2021-10-11,Contra Costa,013,1133247,97353,96832,2040,98872,960
2021-10-11,Del Norte,015,27424,3590,3510,47,3557,39
2021-10-11,El Dorado,017,186661,15508,15273,1620,16893,146
2021-10-11,Fresno,019,978130,133529,131703,11960,143663,2036
2021-10-11,Glenn,021,27897,3368,3308,968,4276,26
2021-10-11,Humboldt,023,135768,8661,8571,466,9037,101
2021-10-11,Imperial,025,180216,32495,32207,3034,35241,762
2021-10-11,Inyo,027,18085,1958,1862,36,1898,39
2021-10-11,Kern,029,883053,122413,120684,19894,140578,1575
2021-10-11,Kings,031,150075,30758,30180,1758,31938,309
2021-10-11,Lake,033,64148,6462,6361,126,6487,97
2021-10-11,Lassen,035,31185,6629,6499,312,6811,25
2021-10-11,Los Angeles,037,10098052,1418536,1406826,52548,1459374,26346
2021-10-11,Madera,039,155013,21930,21555,1869,23424,272
2021-10-11,Marin,041,260295,17235,17121,422,17543,242
2021-10-11,Mariposa,043,17540,1124,1083,39,1122,5
2021-10-11,Mendocino,045,87422,7171,7064,429,7493,82
2021-10-11,Merced,047,269075,40285,40064,1662,41726,566
2021-10-11,Modoc,049,8938,499,482,176,658,5
2021-10-11,Mono,051,14174,1637,1604,19,1623,3
2021-10-11,Monterey,053,433212,48117,47241,2692,49933,580
2021-10-11,Napa,055,140530,12738,12654,98,12752,96
2021-10-11,Nevada,057,99092,8784,8716,301,9017,90
2021-10-11,Orange,059,3164182,302223,299941,14376,314317,5499
2021-10-11,Placer,061,380077,35633,35173,3414,38587,404
2021-10-11,Plumas,063,18699,1570,1469,27,1496,6
2021-10-11,Riverside,065,2383286,355660,351444,16004,367448,4973
2021-10-11,Sacramento,067,1510023,153635,152681,4142,156823,2169
2021-10-11,San Benito,069,59416,7188,7184,155,7339,71
2021-10-11,San Bernardino,071,2135413,346813,344594,10763,355357,5549
2021-10-11,San Diego,073,3302833,363918,361712,21403,383115,4124
2021-10-11,San Francisco,075,870044,51793,51275,2191,53466,643
2021-10-11,San Joaquin,077,732212,97086,96152,5163,101315,1681
2021-10-11,San Luis Obispo,079,281455,28781,28355,1166,29521,327
2021-10-11,San Mateo,081,765935,53100,52298,802,53100,569
2021-10-11,Santa Barbara,083,443738,43401,43018,1497,44515,515
2021-10-11,Santa Clara,085,1922200,144020,142836,1198,144034,1882
2021-10-11,Santa Cruz,087,273765,19952,19745,974,20719,217
2021-10-11,Shasta,089,179085,20121,19662,3320,22982,295
2021-10-11,Sierra,091,2930,166,147,17,164,0
2021-10-11,Siskiyou,093,43540,3257,3159,1194,4353,42
2021-10-11,Solano,095,438530,45118,44474,1184,45658,329
2021-10-11,Sonoma,097,501317,40312,40067,497,40564,390
2021-10-11,Stanislaus,099,539301,75502,75478,8439,83917,1118
2021-10-11,Sutter,101,95872,13457,13427,297,13724,165
2021-10-11,Tehama,103,63373,7952,7795,1327,9122,102
2021-10-11,Trinity,105,12862,809,675,200,875,11
2021-10-11,Tulare,107,460477,65443,64094,13635,77729,942
2021-10-11,Tuolumne,109,53932,6681,6602,80,6682,89
2021-10-11,Ventura,111,848112,96577,95876,4179,100055,1160
2021-10-11,Yolo,113,214977,19226,18977,945,19922,247
2021-10-11,Yuba,115,75493,9757,9657,245,9902,69
2021-10-10,Alameda,001,1643700,117209,116679,2643,119322,1358
2021-10-10,Alpine,003,1148,100,102,0,102,0
2021-10-10,Amador,005,37829,5319,5278,56,5334,62
2021-10-10,Butte,007,227075,19842,19430,3574,23004,253
2021-10-10,Calaveras,009,45235,3765,3747,42,3789,75
2021-10-10,Colusa,011,21464,2456,2425,578,3003,18
2021-10-10,Contra Costa,013,1133247,97254,96760,2034,98794,960
2021-10-10,Del Norte,015,27424,3586,3507,47,3554,39
2021-10-10,El Dorado,017,186661,15478,15250,1614,16864,146
2021-10-10,Fresno,019,978130,133199,131434,11929,143363,2035
2021-10-10,Glenn,021,27897,3363,3297,966,4263,26
2021-10-10,Humboldt,023,135768,8639,8554,462,9016,101
2021-10-10,Imperial,025,180216,32420,32167,3033,35200,762
2021-10-10,Inyo,027,18085,1937,1857,36,1893,39
2021-10-10,Kern,029,883053,122087,120552,19791,140343,1573
2021-10-10,Kings,031,150075,30669,30122,1748,31870,308
2021-10-10,Lake,033,64148,6446,6349,125,6474,97
2021-10-10,Lassen,035,31185,6609,6495,311,6806,26
2021-10-10,Los Angeles,037,10098052,1417349,1406034,52474,1458508,26338
2021-10-10,Madera,039,155013,21884,21486,1860,23346,272
2021-10-10,Marin,041,260295,17218,17112,422,17534,242
2021-10-10,Mariposa,043,17540,1121,1074,39,1113,5
2021-10-10,Mendocino,045,87422,7156,7060,421,7481,81
2021-10-10,Merced,047,269075,40201,40036,1643,41679,566
2021-10-10,Modoc,049,8938,499,482,176,658,5
2021-10-10,Mono,051,14174,1636,1596,19,1615,3
2021-10-10,Monterey,053,433212,48087,47228,2691,49919,580
2021-10-10,Napa,055,140530,12715,12641,98,12739,96
2021-10-10,Nevada,057,99092,8772,8689,301,8990,90
2021-10-10,Orange,059,3164182,301961,299787,14348,314135,5499
2021-10-10,Placer,061,380077,35540,35128,3402,38530,404
2021-10-10,Plumas,063,18699,1554,1468,25,1493,6
2021-10-10,Riverside,065,2383286,355286,351248,15986,367234,4973
2021-10-10,Sacramento,067,1510023,153368,152405,4125,156530,2178
2021-10-10,San Benito,069,59416,7183,7180,154,7334,71
2021-10-10,San Bernardino,071,2135413,346502,344423,10755,355178,5551
2021-10-10,San Diego,073,3302833,363402,361038,21356,382394,4113
2021-10-10,San Francisco,075,870044,51746,51216,2189,53405,643
2021-10-10,San Joaquin,077,732212,96915,96084,5149,101233,1681
2021-10-10,San Luis Obispo,079,281455,28737,28343,1166,29509,326
2021-10-10,San Mateo,081,765935,53058,52273,801,53074,569
2021-10-10,Santa Barbara,083,443738,43354,42987,1496,44483,515
2021-10-10,Santa Clara,085,1922200,143855,142768,1191,143959,1881
2021-10-10,Santa Cruz,087,273765,19932,19727,974,20701,217
2021-10-10,Shasta,089,179085,20033,19635,3311,22946,296
2021-10-10,Sierra,091,2930,164,147,17,164,0
2021-10-10,Siskiyou,093,43540,3243,3155,1187,4342,42
2021-10-10,Solano,095,438530,45062,44431,1184,45615,329
2021-10-10,Sonoma,097,501317,40260,40027,497,40524,390
2021-10-10,Stanislaus,099,539301,75324,75403,8425,83828,1118
2021-10-10,Sutter,101,95872,13433,13412,292,13704,165
2021-10-10,Tehama,103,63373,7914,7764,1318,9082,102
2021-10-10,Trinity,105,12862,808,669,199,868,11
2021-10-10,Tulare,107,460477,65271,63930,13586,77516,940
2021-10-10,Tuolumne,109,53932,6657,6580,79,6659,89
2021-10-10,Ventura,111,848112,96488,95829,4179,100008,1160
2021-10-10,Yolo,113,214977,19194,18952,940,19892,247
2021-10-10,Yuba,115,75493,9741,9641,240,9881,69
2021-10-09,Alameda,001,1643700,117111,116253,2641,118894,1356
2021-10-09,Alpine,003,1148,99,102,0,102,0
2021-10-09,Amador,005,37829,5317,5237,55,5292,62
2021-10-09,Butte,007,227075,19811,19277,3570,22847,250
2021-10-09,Calaveras,009,45235,3761,3716,42,3758,75
2021-10-09,Colusa,011,21464,2452,2419,577,2996,18
2021-10-09,Contra Costa,013,1133247,97185,96378,2028,98406,958
2021-10-09,Del Norte,015,27424,3585,3495,47,3542,39
2021-10-09,El Dorado,017,186661,15460,15153,1611,16764,144
2021-10-09,Fresno,019,978130,133067,130508,11911,142419,2018
2021-10-09,Glenn,021,27897,3359,3277,964,4241,26
2021-10-09,Humboldt,023,135768,8625,8448,460,8908,97
2021-10-09,Imperial,025,180216,32386,31989,3031,35020,760
2021-10-09,Inyo,027,18085,1928,1808,36,1844,39
2021-10-09,Kern,029,883053,121946,119795,19764,139559,1559
2021-10-09,Kings,031,150075,30620,29894,1746,31640,308
2021-10-09,Lake,033,64148,6427,6283,124,6407,97
2021-10-09,Lassen,035,31185,6604,6442,310,6752,25
2021-10-09,Los Angeles,037,10098052,1416761,1402810,52436,1455246,26280
2021-10-09,Madera,039,155013,21851,21313,1846,23159,271
2021-10-09,Marin,041,260295,17213,17049,420,17469,242
2021-10-09,Mariposa,043,17540,1114,1042,38,1080,5
2021-10-09,Mendocino,045,87422,7149,7011,420,7431,82
2021-10-09,Merced,047,269075,40158,39784,1643,41427,565
2021-10-09,Modoc,049,8938,497,477,175,652,5
2021-10-09,Mono,051,14174,1633,1577,19,1596,3
2021-10-09,Monterey,053,433212,48075,47168,2688,49856,577
2021-10-09,Napa,055,140530,12711,12586,98,12684,96
2021-10-09,Nevada,057,99092,8761,8613,300,8913,90
2021-10-09,Orange,059,3164182,301780,299089,14329,313418,5457
2021-10-09,Placer,061,380077,35502,34877,3395,38272,393
2021-10-09,Plumas,063,18699,1543,1418,25,1443,6
2021-10-09,Riverside,065,2383286,355034,350082,15970,366052,4965
2021-10-09,Sacramento,067,1510023,153158,151566,4112,155678,2160
2021-10-09,San Benito,069,59416,7175,7123,154,7277,71
2021-10-09,San Bernardino,071,2135413,346316,343452,10751,354203,5556
2021-10-09,San Diego,073,3302833,363096,359909,21351,381260,4111
2021-10-09,San Francisco,075,870044,51698,50960,2182,53142,643
2021-10-09,San Joaquin,077,732212,96849,95606,5144,100750,1669
2021-10-09,San Luis Obispo,079,281455,28720,28197,1164,29361,324
2021-10-09,San Mateo,081,765935,53027,52121,800,52921,569
2021-10-09,Santa Barbara,083,443738,43327,42735,1496,44231,514
2021-10-09,Santa Clara,085,1922200,143731,142298,1185,143483,1873
2021-10-09,Santa Cruz,087,273765,19922,19635,973,20608,217
2021-10-09,Shasta,089,179085,19982,19437,3306,22743,290
2021-10-09,Sierra,091,2930,161,141,17,158,0
2021-10-09,Siskiyou,093,43540,3242,3124,1186,4310,42
2021-10-09,Solano,095,438530,45045,44265,1183,45448,329
2021-10-09,Sonoma,097,501317,40216,39848,497,40345,387
2021-10-09,Stanislaus,099,539301,75234,74899,8414,83313,1114
2021-10-09,Sutter,101,95872,13424,13314,290,13604,165
2021-10-09,Tehama,103,63373,7903,7670,1313,8983,99
2021-10-09,Trinity,105,12862,807,660,199,859,11
2021-10-09,Tulare,107,460477,65163,63398,13565,76963,932
2021-10-09,Tuolumne,109,53932,6638,6521,79,6600,89
2021-10-09,Ventura,111,848112,96434,95542,4176,99718,1158
2021-10-09,Yolo,113,214977,19172,18850,938,19788,247
2021-10-09,Yuba,115,75493,9729,9551,239,9790,69
2021-10-08,Alameda,001,1643700,117030,116253,2638,118891,1356
2021-10-08,Alpine,003,1148,99,102,0,102,0
2021-10-08,Amador,005,37829,5304,5237,55,5292,62
2021-10-08,Butte,007,227075,19782,19277,3566,22843,250
2021-10-08,Calaveras,009,45235,3756,3716,42,3758,75
2021-10-08,Colusa,011,21464,2450,2419,577,2996,18
2021-10-08,Contra Costa,013,1133247,97141,96378,2023,98401,958
2021-10-08,Del Norte,015,27424,3584,3495,47,3542,39
2021-10-08,El Dorado,017,186661,15440,15153,1607,16760,144
2021-10-08,Fresno,019,978130,132871,130508,11890,142398,2018
2021-10-08,Glenn,021,27897,3351,3277,962,4239,26
2021-10-08,Humboldt,023,135768,8614,8448,457,8905,97
2021-10-08,Imperial,025,180216,32357,31989,3027,35016,760
2021-10-08,Inyo,027,18085,1910,1808,36,1844,39
2021-10-08,Kern,029,883053,121809,119795,19722,139517,1559
2021-10-08,Kings,031,150075,30526,29894,1745,31639,308
2021-10-08,Lake,033,64148,6419,6283,124,6407,97
2021-10-08,Lassen,035,31185,6590,6442,307,6749,25
2021-10-08,Los Angeles,037,10098052,1416101,1402810,52399,1455209,26280
2021-10-08,Madera,039,155013,21792,21313,1839,23152,271
2021-10-08,Marin,041,260295,17202,17049,419,17468,242
2021-10-08,Mariposa,043,17540,1107,1042,36,1078,5
2021-10-08,Mendocino,045,87422,7136,7011,420,7431,82
2021-10-08,Merced,047,269075,40126,39784,1640,41424,565
2021-10-08,Modoc,049,8938,495,477,175,652,5
2021-10-08,Mono,051,14174,1630,1577,19,1596,3
2021-10-08,Monterey,053,433212,48048,47168,2686,49854,577
2021-10-08,Napa,055,140530,12695,12586,98,12684,96
2021-10-08,Nevada,057,99092,8748,8613,300,8913,90
2021-10-08,Orange,059,3164182,301633,299089,14309,313398,5457
2021-10-08,Placer,061,380077,35464,34877,3388,38265,393
2021-10-08,Plumas,063,18699,1531,1418,25,1443,6
2021-10-08,Riverside,065,2383286,354765,350082,15959,366041,4965
2021-10-08,Sacramento,067,1510023,152993,151566,4098,155664,2160
2021-10-08,San Benito,069,59416,7171,7123,152,7275,71
2021-10-08,San Bernardino,071,2135413,346106,343452,10743,354195,5556
2021-10-08,San Diego,073,3302833,362770,359909,21332,381241,4111
2021-10-08,San Francisco,075,870044,51651,50960,2175,53135,643
2021-10-08,San Joaquin,077,732212,96781,95606,5138,100744,1669
2021-10-08,San Luis Obispo,079,281455,28693,28197,1163,29360,324
2021-10-08,San Mateo,081,765935,52999,52121,800,52921,569
2021-10-08,Santa Barbara,083,443738,43292,42735,1495,44230,514
2021-10-08,Santa Clara,085,1922200,143618,142298,1180,143478,1873
2021-10-08,Santa Cruz,087,273765,19907,19635,973,20608,217
2021-10-08,Shasta,089,179085,19940,19437,3300,22737,290
2021-10-08,Sierra,091,2930,159,141,15,156,0
2021-10-08,Siskiyou,093,43540,3234,3124,1185,4309,42
2021-10-08,Solano,095,438530,45006,44265,1183,45448,329
2021-10-08,Sonoma,097,501317,40180,39848,497,40345,387
2021-10-08,Stanislaus,099,539301,75165,74899,8405,83304,1114
2021-10-08,Sutter,101,95872,13410,13314,288,13602,165
2021-10-08,Tehama,103,63373,7886,7670,1311,8981,99
2021-10-08,Trinity,105,12862,806,660,199,859,11
2021-10-08,Tulare,107,460477,65045,63398,13533,76931,932
2021-10-08,Tuolumne,109,53932,6615,6521,79,6600,89
2021-10-08,Ventura,111,848112,96383,95542,4170,99712,1158
2021-10-08,Yolo,113,214977,19159,18850,934,19784,247
2021-10-08,Yuba,115,75493,9709,9551,238,9789,69
2021-10-07,Alameda,001,1643700,116910,116253,2637,118890,1356
2021-10-07,Alpine,003,1148,99,102,0,102,0
2021-10-07,Amador,005,37829,5297,5237,55,5292,62
2021-10-07,Butte,007,227075,19733,19277,3555,22832,250
2021-10-07,Calaveras,009,45235,3744,3716,42,3758,75
2021-10-07,Colusa,011,21464,2447,2419,571,2990,18
2021-10-07,Contra Costa,013,1133247,97018,96378,2020,98398,958
2021-10-07,Del Norte,015,27424,3581,3495,47,3542,39
2021-10-07,El Dorado,017,186661,15403,15153,1603,16756,144
2021-10-07,Fresno,019,978130,132597,130508,11866,142374,2018
2021-10-07,Glenn,021,27897,3344,3277,960,4237,26
2021-10-07,Humboldt,023,135768,8588,8448,454,8902,97
2021-10-07,Imperial,025,180216,32286,31989,3014,35003,760
2021-10-07,Inyo,027,18085,1891,1808,36,1844,39
2021-10-07,Kern,029,883053,121578,119795,19657,139452,1559
2021-10-07,Kings,031,150075,30461,29894,1739,31633,308
2021-10-07,Lake,033,64148,6408,6283,124,6407,97
2021-10-07,Lassen,035,31185,6572,6442,305,6747,25
2021-10-07,Los Angeles,037,10098052,1415145,1402810,52355,1455165,26280
2021-10-07,Madera,039,155013,21719,21313,1825,23138,271
2021-10-07,Marin,041,260295,17184,17049,419,17468,242
2021-10-07,Mariposa,043,17540,1099,1042,36,1078,5
2021-10-07,Mendocino,045,87422,7126,7011,416,7427,82
2021-10-07,Merced,047,269075,40059,39784,1623,41407,565
2021-10-07,Modoc,049,8938,492,477,174,651,5
2021-10-07,Mono,051,14174,1622,1577,19,1596,3
2021-10-07,Monterey,053,433212,48023,47168,2677,49845,577
2021-10-07,Napa,055,140530,12680,12586,98,12684,96
2021-10-07,Nevada,057,99092,8720,8613,300,8913,90
2021-10-07,Orange,059,3164182,301407,299089,14295,313384,5457
2021-10-07,Placer,061,380077,35402,34877,3381,38258,393
2021-10-07,Plumas,063,18699,1514,1418,25,1443,6
2021-10-07,Riverside,065,2383286,354433,350082,15947,366029,4965
2021-10-07,Sacramento,067,1510023,152711,151566,4071,155637,2160
2021-10-07,San Benito,069,59416,7155,7123,150,7273,71
2021-10-07,San Bernardino,071,2135413,345832,343452,10735,354187,5556
2021-10-07,San Diego,073,3302833,362375,359909,21311,381220,4111
2021-10-07,San Francisco,075,870044,51580,50960,2172,53132,643
2021-10-07,San Joaquin,077,732212,96627,95606,5130,100736,1669
2021-10-07,San Luis Obispo,079,281455,28642,28197,1161,29358,324
2021-10-07,San Mateo,081,765935,52959,52121,799,52920,569
2021-10-07,Santa Barbara,083,443738,43224,42735,1489,44224,514
2021-10-07,Santa Clara,085,1922200,143469,142298,1174,143472,1873
2021-10-07,Santa Cruz,087,273765,19887,19635,972,20607,217
2021-10-07,Shasta,089,179085,19851,19437,3285,22722,290
2021-10-07,Sierra,091,2930,158,141,15,156,0
2021-10-07,Siskiyou,093,43540,3230,3124,1180,4304,42
2021-10-07,Solano,095,438530,44961,44265,1179,45444,329
2021-10-07,Sonoma,097,501317,40143,39848,495,40343,387
2021-10-07,Stanislaus,099,539301,75003,74899,8380,83279,1114
2021-10-07,Sutter,101,95872,13388,13314,285,13599,165
2021-10-07,Tehama,103,63373,7853,7670,1305,8975,99
2021-10-07,Trinity,105,12862,804,660,199,859,11
2021-10-07,Tulare,107,460477,64878,63398,13497,76895,932
2021-10-07,Tuolumne,109,53932,6593,6521,79,6600,89
2021-10-07,Ventura,111,848112,96310,95542,4167,99709,1158
2021-10-07,Yolo,113,214977,19126,18850,930,19780,247
2021-10-07,Yuba,115,75493,9683,9551,231,9782,69
2021-10-06,Alameda,001,1643700,116773,116058,2631,118689,1353
2021-10-06,Alpine,003,1148,99,102,0,102,0
2021-10-06,Amador,005,37829,5294,5205,55,5260,62
2021-10-06,Butte,007,227075,19671,19208,3548,22756,247
2021-10-06,Calaveras,009,45235,3735,3669,42,3711,75
2021-10-06,Colusa,011,21464,2445,2414,564,2978,18
2021-10-06,Contra Costa,013,1133247,96893,96184,2016,98200,953
2021-10-06,Del Norte,015,27424,3578,3490,44,3534,39
2021-10-06,El Dorado,017,186661,15377,15078,1600,16678,140
2021-10-06,Fresno,019,978130,132307,130074,11841,141915,2008
2021-10-06,Glenn,021,27897,3335,3270,958,4228,26
2021-10-06,Humboldt,023,135768,8573,8416,448,8864,94
2021-10-06,Imperial,025,180216,32233,31930,3004,34934,760
2021-10-06,Inyo,027,18085,1876,1806,36,1842,39
2021-10-06,Kern,029,883053,121321,119491,19566,139057,1552
2021-10-06,Kings,031,150075,30395,29785,1731,31516,308
2021-10-06,Lake,033,64148,6394,6271,124,6395,97
2021-10-06,Lassen,035,31185,6556,6429,304,6733,25
2021-10-06,Los Angeles,037,10098052,1414189,1401675,52307,1453982,26252
2021-10-06,Madera,039,155013,21664,21230,1815,23045,269
2021-10-06,Marin,041,260295,17175,17042,416,17458,242
2021-10-06,Mariposa,043,17540,1092,1036,36,1072,5
2021-10-06,Mendocino,045,87422,7117,6986,414,7400,81
2021-10-06,Merced,047,269075,39984,39666,1611,41277,563
2021-10-06,Modoc,049,8938,492,477,172,649,5
2021-10-06,Mono,051,14174,1610,1568,19,1587,3
2021-10-06,Monterey,053,433212,47990,47136,2672,49808,577
2021-10-06,Napa,055,140530,12656,12552,97,12649,96
2021-10-06,Nevada,057,99092,8704,8582,299,8881,90
2021-10-06,Orange,059,3164182,301169,298785,14283,313068,5448
2021-10-06,Placer,061,380077,35351,34764,3375,38139,390
2021-10-06,Plumas,063,18699,1491,1383,25,1408,6
2021-10-06,Riverside,065,2383286,354077,349645,15926,365571,4953
2021-10-06,Sacramento,067,1510023,152458,151164,4040,155204,2141
2021-10-06,San Benito,069,59416,7140,7108,150,7258,69
2021-10-06,San Bernardino,071,2135413,345542,343022,10728,353750,5551
2021-10-06,San Diego,073,3302833,361883,359564,21283,380847,4104
2021-10-06,San Francisco,075,870044,51517,50894,2169,53063,641
2021-10-06,San Joaquin,077,732212,96493,95418,5118,100536,1658
2021-10-06,San Luis Obispo,079,281455,28592,28170,1155,29325,323
2021-10-06,San Mateo,081,765935,52909,52056,794,52850,569
2021-10-06,Santa Barbara,083,443738,43141,42687,1487,44174,513
2021-10-06,Santa Clara,085,1922200,143318,142124,1169,143293,1872
2021-10-06,Santa Cruz,087,273765,19858,19604,970,20574,217
2021-10-06,Shasta,089,179085,19776,19325,3272,22597,287
2021-10-06,Sierra,091,2930,156,138,15,153,0
2021-10-06,Siskiyou,093,43540,3220,3116,1173,4289,42
2021-10-06,Solano,095,438530,44927,44185,1178,45363,328
2021-10-06,Sonoma,097,501317,40093,39787,494,40281,383
2021-10-06,Stanislaus,099,539301,74861,74699,8367,83066,1114
2021-10-06,Sutter,101,95872,13367,13284,283,13567,164
2021-10-06,Tehama,103,63373,7817,7629,1298,8927,99
2021-10-06,Trinity,105,12862,801,656,199,855,11
2021-10-06,Tulare,107,460477,64699,63198,13441,76639,926
2021-10-06,Tuolumne,109,53932,6568,6486,79,6565,89
2021-10-06,Ventura,111,848112,96219,95449,4159,99608,1158
2021-10-06,Yolo,113,214977,19094,18815,926,19741,247
2021-10-06,Yuba,115,75493,9659,9520,230,9750,69
2021-10-05,Alameda,001,1643700,116629,115968,2626,118594,1350
2021-10-05,Alpine,003,1148,99,102,0,102,0
2021-10-05,Amador,005,37829,5273,5194,54,5248,61
2021-10-05,Butte,007,227075,19622,19137,3534,22671,246
2021-10-05,Calaveras,009,45235,3719,3657,42,3699,73
2021-10-05,Colusa,011,21464,2438,2414,563,2977,18
2021-10-05,Contra Costa,013,1133247,96776,96108,2011,98119,941
2021-10-05,Del Norte,015,27424,3576,3485,43,3528,39
2021-10-05,El Dorado,017,186661,15338,15052,1597,16649,140
2021-10-05,Fresno,019,978130,131967,129957,11805,141762,1987
2021-10-05,Glenn,021,27897,3325,3270,954,4224,26
2021-10-05,Humboldt,023,135768,8542,8398,444,8842,94
2021-10-05,Imperial,025,180216,32186,31909,2999,34908,759
2021-10-05,Inyo,027,18085,1859,1800,36,1836,39
2021-10-05,Kern,029,883053,121056,119260,19466,138726,1540
2021-10-05,Kings,031,150075,30320,29749,1726,31475,301
2021-10-05,Lake,033,64148,6373,6264,123,6387,97
2021-10-05,Lassen,035,31185,6537,6417,302,6719,25
2021-10-05,Los Angeles,037,10098052,1413047,1400300,52254,1452554,26223
2021-10-05,Madera,039,155013,21606,21183,1803,22986,269
2021-10-05,Marin,041,260295,17163,17024,416,17440,242
2021-10-05,Mariposa,043,17540,1073,1033,33,1066,5
2021-10-05,Mendocino,045,87422,7101,6972,407,7379,79
2021-10-05,Merced,047,269075,39918,39608,1603,41211,562
2021-10-05,Modoc,049,8938,488,475,171,646,5
2021-10-05,Mono,051,14174,1602,1565,19,1584,3
2021-10-05,Monterey,053,433212,47973,47087,2662,49749,573
2021-10-05,Napa,055,140530,12632,12533,97,12630,96
2021-10-05,Nevada,057,99092,8674,8576,299,8875,90
2021-10-05,Orange,059,3164182,300892,298589,14251,312840,5441
2021-10-05,Placer,061,380077,35271,34728,3368,38096,382
2021-10-05,Plumas,063,18699,1466,1357,25,1382,6
2021-10-05,Riverside,065,2383286,353717,349365,15911,365276,4942
2021-10-05,Sacramento,067,1510023,152184,151111,4012,155123,2126
2021-10-05,San Benito,069,59416,7122,7103,148,7251,69
2021-10-05,San Bernardino,071,2135413,345215,342711,10721,353432,5557
2021-10-05,San Diego,073,3302833,361308,359194,21256,380450,4092
2021-10-05,San Francisco,075,870044,51420,50826,2166,52992,641
2021-10-05,San Joaquin,077,732212,96340,95276,5092,100368,1651
2021-10-05,San Luis Obispo,079,281455,28548,28113,1153,29266,324
2021-10-05,San Mateo,081,765935,52862,52008,794,52802,569
2021-10-05,Santa Barbara,083,443738,43063,42595,1483,44078,511
2021-10-05,Santa Clara,085,1922200,143158,141971,1162,143133,1873
2021-10-05,Santa Cruz,087,273765,19816,19582,970,20552,216
2021-10-05,Shasta,089,179085,19702,19285,3259,22544,286
2021-10-05,Sierra,091,2930,152,136,15,151,0
2021-10-05,Siskiyou,093,43540,3206,3107,1173,4280,42
2021-10-05,Solano,095,438530,44856,44149,1177,45326,325
2021-10-05,Sonoma,097,501317,40038,39756,489,40245,383
2021-10-05,Stanislaus,099,539301,74699,74599,8350,82949,1114
2021-10-05,Sutter,101,95872,13339,13270,282,13552,164
2021-10-05,Tehama,103,63373,7787,7607,1289,8896,98
2021-10-05,Trinity,105,12862,798,655,199,854,11
2021-10-05,Tulare,107,460477,64492,63093,13388,76481,920
2021-10-05,Tuolumne,109,53932,6553,6473,78,6551,89
2021-10-05,Ventura,111,848112,96113,95351,4158,99509,1155
2021-10-05,Yolo,113,214977,19058,18782,920,19702,245
2021-10-05,Yuba,115,75493,9627,9504,227,9731,69
2021-10-04,Alameda,001,1643700,116467,115845,2623,118468,1347
2021-10-04,Alpine,003,1148,99,102,0,102,0
2021-10-04,Amador,005,37829,5263,5163,53,5216,61
2021-10-04,Butte,007,227075,19544,19081,3523,22604,245
2021-10-04,Calaveras,009,45235,3710,3641,42,3683,73
2021-10-04,Colusa,011,21464,2437,2414,561,2975,18
2021-10-04,Contra Costa,013,1133247,96635,95958,2006,97964,937
2021-10-04,Del Norte,015,27424,3574,3485,39,3524,39
2021-10-04,El Dorado,017,186661,15291,15031,1590,16621,138
2021-10-04,Fresno,019,978130,131657,129665,11775,141440,1978
2021-10-04,Glenn,021,27897,3318,3270,951,4221,26
2021-10-04,Humboldt,023,135768,8510,8355,437,8792,94
2021-10-04,Imperial,025,180216,32137,31866,2992,34858,757
2021-10-04,Inyo,027,18085,1847,1792,34,1826,39
2021-10-04,Kern,029,883053,120765,118984,19346,138330,1531
2021-10-04,Kings,031,150075,30227,29702,1723,31425,303
2021-10-04,Lake,033,64148,6360,6248,123,6371,97
2021-10-04,Lassen,035,31185,6520,6405,302,6707,25
2021-10-04,Los Angeles,037,10098052,1411930,1399604,52197,1451801,26186
2021-10-04,Madera,039,155013,21542,21126,1791,22917,266
2021-10-04,Marin,041,260295,17147,17008,415,17423,242
2021-10-04,Mariposa,043,17540,1061,1024,33,1057,5
2021-10-04,Mendocino,045,87422,7083,6947,404,7351,79
2021-10-04,Merced,047,269075,39802,39565,1587,41152,558
2021-10-04,Modoc,049,8938,485,473,171,644,5
2021-10-04,Mono,051,14174,1594,1561,19,1580,3
2021-10-04,Monterey,053,433212,47952,47058,2655,49713,571
2021-10-04,Napa,055,140530,12608,12506,97,12603,96
2021-10-04,Nevada,057,99092,8654,8563,299,8862,90
2021-10-04,Orange,059,3164182,300596,298165,14219,312384,5438
2021-10-04,Placer,061,380077,35189,34630,3341,37971,379
2021-10-04,Plumas,063,18699,1444,1329,25,1354,6
2021-10-04,Riverside,065,2383286,353337,348828,15901,364729,4923
2021-10-04,Sacramento,067,1510023,151861,150887,3985,154872,2115
2021-10-04,San Benito,069,59416,7109,7099,148,7247,69
2021-10-04,San Bernardino,071,2135413,344855,342418,10709,353127,5551
2021-10-04,San Diego,073,3302833,360742,358525,21225,379750,4090
2021-10-04,San Francisco,075,870044,51325,50798,2162,52960,638
2021-10-04,San Joaquin,077,732212,96143,95198,5072,100270,1649
2021-10-04,San Luis Obispo,079,281455,28503,28090,1147,29237,323
2021-10-04,San Mateo,081,765935,52802,51958,793,52751,569
2021-10-04,Santa Barbara,083,443738,42978,42585,1482,44067,511
2021-10-04,Santa Clara,085,1922200,143013,141840,1156,142996,1869
2021-10-04,Santa Cruz,087,273765,19787,19559,969,20528,216
2021-10-04,Shasta,089,179085,19595,19170,3245,22415,279
2021-10-04,Sierra,091,2930,145,136,14,150,0
2021-10-04,Siskiyou,093,43540,3197,3103,1158,4261,42
2021-10-04,Solano,095,438530,44797,44092,1173,45265,322
2021-10-04,Sonoma,097,501317,39972,39720,489,40209,381
2021-10-04,Stanislaus,099,539301,74547,74444,8331,82775,1106
2021-10-04,Sutter,101,95872,13310,13261,281,13542,164
2021-10-04,Tehama,103,63373,7746,7585,1283,8868,95
2021-10-04,Trinity,105,12862,797,649,198,847,11
2021-10-04,Tulare,107,460477,64305,62957,13320,76277,920
2021-10-04,Tuolumne,109,53932,6527,6442,78,6520,89
2021-10-04,Ventura,111,848112,96021,95170,4152,99322,1153
2021-10-04,Yolo,113,214977,19014,18761,916,19677,242
2021-10-04,Yuba,115,75493,9588,9481,225,9706,68
2021-10-03,Alameda,001,1643700,116325,115751,2613,118364,1349
2021-10-03,Alpine,003,1148,99,102,0,102,0
2021-10-03,Amador,005,37829,5245,5160,51,5211,61
2021-10-03,Butte,007,227075,19471,19066,3506,22572,245
2021-10-03,Calaveras,009,45235,3693,3632,42,3674,73
2021-10-03,Colusa,011,21464,2436,2413,558,2971,18
2021-10-03,Contra Costa,013,1133247,96503,95890,1999,97889,937
2021-10-03,Del Norte,015,27424,3568,3483,38,3521,39
2021-10-03,El Dorado,017,186661,15232,15014,1583,16597,139
2021-10-03,Fresno,019,978130,131276,129365,11734,141099,1978
2021-10-03,Glenn,021,27897,3311,3266,943,4209,26
2021-10-03,Humboldt,023,135768,8465,8352,433,8785,94
2021-10-03,Imperial,025,180216,32070,31844,2984,34828,757
2021-10-03,Inyo,027,18085,1826,1788,34,1822,39
2021-10-03,Kern,029,883053,120460,118851,19224,138075,1535
2021-10-03,Kings,031,150075,30126,29623,1716,31339,300
2021-10-03,Lake,033,64148,6334,6239,123,6362,97
2021-10-03,Lassen,035,31185,6498,6400,300,6700,25
2021-10-03,Los Angeles,037,10098052,1410668,1398790,52142,1450932,26179
2021-10-03,Madera,039,155013,21470,21066,1781,22847,266
2021-10-03,Marin,041,260295,17124,16995,410,17405,242
2021-10-03,Mariposa,043,17540,1054,1011,33,1044,5
2021-10-03,Mendocino,045,87422,7063,6939,396,7335,79
2021-10-03,Merced,047,269075,39695,39516,1567,41083,558
2021-10-03,Modoc,049,8938,484,472,170,642,5
2021-10-03,Mono,051,14174,1590,1554,19,1573,3
2021-10-03,Monterey,053,433212,47927,47049,2644,49693,571
2021-10-03,Napa,055,140530,12580,12489,95,12584,96
2021-10-03,Nevada,057,99092,8619,8545,299,8844,90
2021-10-03,Orange,059,3164182,300314,298027,14199,312226,5447
2021-10-03,Placer,061,380077,35051,34596,3325,37921,379
2021-10-03,Plumas,063,18699,1416,1328,25,1353,6
2021-10-03,Riverside,065,2383286,352906,348593,15881,364474,4924
2021-10-03,Sacramento,067,1510023,151572,150664,3956,154620,2120
2021-10-03,San Benito,069,59416,7100,7095,148,7243,69
2021-10-03,San Bernardino,071,2135413,344440,342302,10702,353004,5555
2021-10-03,San Diego,073,3302833,360163,358153,21193,379346,4081
2021-10-03,San Francisco,075,870044,51237,50733,2159,52892,638
2021-10-03,San Joaquin,077,732212,95954,95133,5064,100197,1649
2021-10-03,San Luis Obispo,079,281455,28436,28065,1142,29207,325
2021-10-03,San Mateo,081,765935,52735,51923,792,52715,569
2021-10-03,Santa Barbara,083,443738,42882,42550,1474,44024,511
2021-10-03,Santa Clara,085,1922200,142843,141737,1148,142885,1869
2021-10-03,Santa Cruz,087,273765,19747,19548,967,20515,216
2021-10-03,Shasta,089,179085,19490,19132,3217,22349,279
2021-10-03,Sierra,091,2930,142,136,14,150,0
2021-10-03,Siskiyou,093,43540,3184,3096,1148,4244,42
2021-10-03,Solano,095,438530,44733,44051,1170,45221,322
2021-10-03,Sonoma,097,501317,39906,39679,489,40168,381
2021-10-03,Stanislaus,099,539301,74359,74366,8313,82679,1106
2021-10-03,Sutter,101,95872,13295,13248,277,13525,164
2021-10-03,Tehama,103,63373,7703,7564,1278,8842,94
2021-10-03,Trinity,105,12862,793,647,196,843,11
2021-10-03,Tulare,107,460477,64101,62860,13248,76108,924
2021-10-03,Tuolumne,109,53932,6498,6430,76,6506,89
2021-10-03,Ventura,111,848112,95916,95108,4149,99257,1153
2021-10-03,Yolo,113,214977,18985,18720,908,19628,242
2021-10-03,Yuba,115,75493,9571,9462,224,9686,68
2021-10-02,Alameda,001,1643700,116217,115185,2609,117794,1343
2021-10-02,Alpine,003,1148,99,102,0,102,0
2021-10-02,Amador,005,37829,5236,5105,51,5156,61
2021-10-02,Butte,007,227075,19441,18911,3499,22410,243
2021-10-02,Calaveras,009,45235,3686,3585,42,3627,72
2021-10-02,Colusa,011,21464,2435,2403,556,2959,18
2021-10-02,Contra Costa,013,1133247,96432,95369,1995,97364,933
2021-10-02,Del Norte,015,27424,3563,3468,38,3506,39
2021-10-02,El Dorado,017,186661,15206,14887,1582,16469,136
2021-10-02,Fresno,019,978130,131105,128450,11721,140171,1964
2021-10-02,Glenn,021,27897,3306,3234,943,4177,26
2021-10-02,Humboldt,023,135768,8446,8244,433,8677,94
2021-10-02,Imperial,025,180216,32035,31674,2981,34655,757
2021-10-02,Inyo,027,18085,1817,1746,34,1780,39
2021-10-02,Kern,029,883053,120327,117962,19143,137105,1524
2021-10-02,Kings,031,150075,30077,29339,1712,31051,301
2021-10-02,Lake,033,64148,6325,6191,123,6314,97
2021-10-02,Lassen,035,31185,6493,6360,300,6660,25
2021-10-02,Los Angeles,037,10098052,1410057,1395070,52106,1447176,26126
2021-10-02,Madera,039,155013,21445,20931,1772,22703,266
2021-10-02,Marin,041,260295,17119,16936,407,17343,242
2021-10-02,Mariposa,043,17540,1052,967,33,1000,5
2021-10-02,Mendocino,045,87422,7053,6869,396,7265,78
2021-10-02,Merced,047,269075,39668,39196,1563,40759,552
2021-10-02,Modoc,049,8938,482,468,170,638,5
2021-10-02,Mono,051,14174,1588,1540,19,1559,3
2021-10-02,Monterey,053,433212,47872,46964,2643,49607,571
2021-10-02,Napa,055,140530,12569,12433,95,12528,96
2021-10-02,Nevada,057,99092,8608,8474,298,8772,87
2021-10-02,Orange,059,3164182,300149,297307,14179,311486,5435
2021-10-02,Placer,061,380077,34985,34377,3316,37693,381
2021-10-02,Plumas,063,18699,1405,1298,25,1323,6
2021-10-02,Riverside,065,2383286,352665,347227,15870,363097,4895
2021-10-02,Sacramento,067,1510023,151399,149897,3948,153845,2099
2021-10-02,San Benito,069,59416,7093,7055,148,7203,69
2021-10-02,San Bernardino,071,2135413,344253,341212,10650,351862,5540
2021-10-02,San Diego,073,3302833,359846,356454,21171,377625,4078
2021-10-02,San Francisco,075,870044,51188,50393,2154,52547,634
2021-10-02,San Joaquin,077,732212,95889,94599,5058,99657,1646
2021-10-02,San Luis Obispo,079,281455,28412,27915,1142,29057,323
2021-10-02,San Mateo,081,765935,52694,51767,788,52555,573
2021-10-02,Santa Barbara,083,443738,42842,42423,1474,43897,508
2021-10-02,Santa Clara,085,1922200,142729,141231,1144,142375,1862
2021-10-02,Santa Cruz,087,273765,19730,19461,966,20427,214
2021-10-02,Shasta,089,179085,19444,18912,3211,22123,270
2021-10-02,Sierra,091,2930,141,131,14,145,0
2021-10-02,Siskiyou,093,43540,3183,3053,1145,4198,42
2021-10-02,Solano,095,438530,44688,43800,1169,44969,321
2021-10-02,Sonoma,097,501317,39872,39497,488,39985,382
2021-10-02,Stanislaus,099,539301,74273,73859,8300,82159,1099
2021-10-02,Sutter,101,95872,13286,13160,276,13436,160
2021-10-02,Tehama,103,63373,7688,7453,1278,8731,93
2021-10-02,Trinity,105,12862,790,625,196,821,10
2021-10-02,Tulare,107,460477,64025,62247,13222,75469,908
2021-10-02,Tuolumne,109,53932,6484,6369,76,6445,89
2021-10-02,Ventura,111,848112,95844,94854,4144,98998,1148
2021-10-02,Yolo,113,214977,18960,18640,904,19544,242
2021-10-02,Yuba,115,75493,9552,9370,223,9593,66
2021-10-01,Alameda,001,1643700,116141,115185,2603,117788,1343
2021-10-01,Alpine,003,1148,99,102,0,102,0
2021-10-01,Amador,005,37829,5216,5105,51,5156,61
2021-10-01,Butte,007,227075,19400,18911,3492,22403,243
2021-10-01,Calaveras,009,45235,3676,3585,42,3627,72
2021-10-01,Colusa,011,21464,2433,2403,556,2959,18
2021-10-01,Contra Costa,013,1133247,96336,95369,1991,97360,933
2021-10-01,Del Norte,015,27424,3560,3468,37,3505,39
2021-10-01,El Dorado,017,186661,15189,14887,1578,16465,136
2021-10-01,Fresno,019,978130,130917,128450,11711,140161,1964
2021-10-01,Glenn,021,27897,3304,3234,942,4176,26
2021-10-01,Humboldt,023,135768,8429,8244,433,8677,94
2021-10-01,Imperial,025,180216,32016,31674,2972,34646,757
2021-10-01,Inyo,027,18085,1808,1746,34,1780,39
2021-10-01,Kern,029,883053,120174,117962,19087,137049,1524
2021-10-01,Kings,031,150075,30043,29339,1707,31046,301
2021-10-01,Lake,033,64148,6315,6191,123,6314,97
2021-10-01,Lassen,035,31185,6482,6360,299,6659,25
2021-10-01,Los Angeles,037,10098052,1409293,1395070,52062,1447132,26126
2021-10-01,Madera,039,155013,21395,20931,1763,22694,266
2021-10-01,Marin,041,260295,17104,16936,406,17342,242
2021-10-01,Mariposa,043,17540,1045,967,33,1000,5
2021-10-01,Mendocino,045,87422,7041,6869,396,7265,78
2021-10-01,Merced,047,269075,39624,39196,1554,40750,552
2021-10-01,Modoc,049,8938,481,468,170,638,5
2021-10-01,Mono,051,14174,1585,1540,19,1559,3
2021-10-01,Monterey,053,433212,47851,46964,2640,49604,571
2021-10-01,Napa,055,140530,12559,12433,94,12527,96
2021-10-01,Nevada,057,99092,8594,8474,297,8771,87
2021-10-01,Orange,059,3164182,299965,297307,14159,311466,5435
2021-10-01,Placer,061,380077,34951,34377,3312,37689,381
2021-10-01,Plumas,063,18699,1396,1298,25,1323,6
2021-10-01,Riverside,065,2383286,352372,347227,15863,363090,4895
2021-10-01,Sacramento,067,1510023,151247,149897,3937,153834,2099
2021-10-01,San Benito,069,59416,7091,7055,146,7201,69
2021-10-01,San Bernardino,071,2135413,344053,341212,10647,351859,5540
2021-10-01,San Diego,073,3302833,359486,356454,21150,377604,4078
2021-10-01,San Francisco,075,870044,51147,50393,2153,52546,634
2021-10-01,San Joaquin,077,732212,95819,94599,5054,99653,1646
2021-10-01,San Luis Obispo,079,281455,28388,27915,1139,29054,323
2021-10-01,San Mateo,081,765935,52654,51767,785,52552,573
2021-10-01,Santa Barbara,083,443738,42806,42423,1474,43897,508
2021-10-01,Santa Clara,085,1922200,142636,141231,1139,142370,1862
2021-10-01,Santa Cruz,087,273765,19710,19461,965,20426,214
2021-10-01,Shasta,089,179085,19390,18912,3204,22116,270
2021-10-01,Sierra,091,2930,141,131,14,145,0
2021-10-01,Siskiyou,093,43540,3182,3053,1142,4195,42
2021-10-01,Solano,095,438530,44636,43800,1163,44963,321
2021-10-01,Sonoma,097,501317,39840,39497,487,39984,382
2021-10-01,Stanislaus,099,539301,74189,73859,8289,82148,1099
2021-10-01,Sutter,101,95872,13270,13160,274,13434,160
2021-10-01,Tehama,103,63373,7676,7453,1276,8729,93
2021-10-01,Trinity,105,12862,788,625,196,821,10
2021-10-01,Tulare,107,460477,63922,62247,13187,75434,908
2021-10-01,Tuolumne,109,53932,6467,6369,76,6445,89
2021-10-01,Ventura,111,848112,95777,94854,4139,98993,1148
2021-10-01,Yolo,113,214977,18936,18640,902,19542,242
2021-10-01,Yuba,115,75493,9530,9370,223,9593,66
2021-09-30,Alameda,001,1643700,115995,115185,2600,117785,1343
2021-09-30,Alpine,003,1148,99,102,0,102,0
2021-09-30,Amador,005,37829,5204,5105,51,5156,61
2021-09-30,Butte,007,227075,19351,18911,3483,22394,243
2021-09-30,Calaveras,009,45235,3662,3585,42,3627,72
2021-09-30,Colusa,011,21464,2430,2403,555,2958,18
2021-09-30,Contra Costa,013,1133247,96231,95369,1986,97355,933
2021-09-30,Del Norte,015,27424,3556,3468,34,3502,39
2021-09-30,El Dorado,017,186661,15163,14887,1570,16457,136
2021-09-30,Fresno,019,978130,130641,128450,11677,140127,1964
2021-09-30,Glenn,021,27897,3294,3234,940,4174,26
2021-09-30,Humboldt,023,135768,8397,8244,427,8671,94
2021-09-30,Imperial,025,180216,31964,31674,2970,34644,757
2021-09-30,Inyo,027,18085,1798,1746,34,1780,39
2021-09-30,Kern,029,883053,119930,117962,19006,136968,1524
2021-09-30,Kings,031,150075,29953,29339,1703,31042,301
2021-09-30,Lake,033,64148,6297,6191,123,6314,97
2021-09-30,Lassen,035,31185,6468,6360,299,6659,25
2021-09-30,Los Angeles,037,10098052,1408086,1395070,52002,1447072,26126
2021-09-30,Madera,039,155013,21312,20931,1748,22679,266
2021-09-30,Marin,041,260295,17084,16936,405,17341,242
2021-09-30,Mariposa,043,17540,1023,967,33,1000,5
2021-09-30,Mendocino,045,87422,7032,6869,387,7256,78
2021-09-30,Merced,047,269075,39528,39196,1550,40746,552
2021-09-30,Modoc,049,8938,481,468,169,637,5
2021-09-30,Mono,051,14174,1577,1540,19,1559,3
2021-09-30,Monterey,053,433212,47821,46964,2629,49593,571
2021-09-30,Napa,055,140530,12539,12433,94,12527,96
2021-09-30,Nevada,057,99092,8577,8474,296,8770,87
2021-09-30,Orange,059,3164182,299693,297307,14121,311428,5435
2021-09-30,Placer,061,380077,34897,34377,3292,37669,381
2021-09-30,Plumas,063,18699,1378,1298,25,1323,6
2021-09-30,Riverside,065,2383286,351938,347227,15842,363069,4895
2021-09-30,Sacramento,067,1510023,150986,149897,3911,153808,2099
2021-09-30,San Benito,069,59416,7085,7055,146,7201,69
2021-09-30,San Bernardino,071,2135413,343741,341212,10633,351845,5540
2021-09-30,San Diego,073,3302833,359005,356454,21124,377578,4078
2021-09-30,San Francisco,075,870044,51070,50393,2149,52542,634
2021-09-30,San Joaquin,077,732212,95689,94599,5046,99645,1646
2021-09-30,San Luis Obispo,079,281455,28340,27915,1135,29050,323
2021-09-30,San Mateo,081,765935,52605,51767,782,52549,573
2021-09-30,Santa Barbara,083,443738,42749,42423,1473,43896,508
2021-09-30,Santa Clara,085,1922200,142486,141231,1136,142367,1862
2021-09-30,Santa Cruz,087,273765,19670,19461,964,20425,214
2021-09-30,Shasta,089,179085,19328,18912,3189,22101,270
2021-09-30,Sierra,091,2930,140,131,14,145,0
2021-09-30,Siskiyou,093,43540,3174,3053,1137,4190,42
2021-09-30,Solano,095,438530,44582,43800,1160,44960,321
2021-09-30,Sonoma,097,501317,39791,39497,487,39984,382
2021-09-30,Stanislaus,099,539301,74029,73859,8270,82129,1099
2021-09-30,Sutter,101,95872,13249,13160,274,13434,160
2021-09-30,Tehama,103,63373,7639,7453,1264,8717,93
2021-09-30,Trinity,105,12862,784,625,196,821,10
2021-09-30,Tulare,107,460477,63746,62247,13130,75377,908
2021-09-30,Tuolumne,109,53932,6444,6369,76,6445,89
2021-09-30,Ventura,111,848112,95672,94854,4132,98986,1148
2021-09-30,Yolo,113,214977,18897,18640,899,19539,242
2021-09-30,Yuba,115,75493,9507,9370,222,9592,66
2021-09-29,Alameda,001,1643700,115851,114998,2597,117595,1339
2021-09-29,Alpine,003,1148,99,101,0,101,0
2021-09-29,Amador,005,37829,5182,5058,51,5109,61
2021-09-29,Butte,007,227075,19297,18835,3476,22311,242
2021-09-29,Calaveras,009,45235,3645,3553,41,3594,72
2021-09-29,Colusa,011,21464,2428,2401,555,2956,18
2021-09-29,Contra Costa,013,1133247,96117,95213,1978,97191,929
2021-09-29,Del Norte,015,27424,3550,3467,34,3501,39
2021-09-29,El Dorado,017,186661,15129,14834,1563,16397,136
2021-09-29,Fresno,019,978130,130341,128068,11656,139724,1957
2021-09-29,Glenn,021,27897,3289,3213,938,4151,26
2021-09-29,Humboldt,023,135768,8373,8203,426,8629,94
2021-09-29,Imperial,025,180216,31898,31600,2965,34565,757
2021-09-29,Inyo,027,18085,1788,1740,33,1773,39
2021-09-29,Kern,029,883053,119695,117605,18930,136535,1513
2021-09-29,Kings,031,150075,29871,29195,1688,30883,299
2021-09-29,Lake,033,64148,6277,6164,123,6287,97
2021-09-29,Lassen,035,31185,6454,6347,299,6646,25
2021-09-29,Los Angeles,037,10098052,1406867,1393617,51932,1445549,26098
2021-09-29,Madera,039,155013,21268,20818,1732,22550,266
2021-09-29,Marin,041,260295,17066,16921,403,17324,242
2021-09-29,Mariposa,043,17540,1008,963,33,996,5
2021-09-29,Mendocino,045,87422,7020,6821,379,7200,78
2021-09-29,Merced,047,269075,39434,39026,1539,40565,552
2021-09-29,Modoc,049,8938,479,468,169,637,5
2021-09-29,Mono,051,14174,1575,1527,19,1546,3
2021-09-29,Monterey,053,433212,47783,46917,2615,49532,571
2021-09-29,Napa,055,140530,12519,12416,91,12507,96
2021-09-29,Nevada,057,99092,8564,8434,296,8730,87
2021-09-29,Orange,059,3164182,299425,296936,14085,311021,5429
2021-09-29,Placer,061,380077,34833,34271,3270,37541,379
2021-09-29,Plumas,063,18699,1359,1289,25,1314,6
2021-09-29,Riverside,065,2383286,351504,346558,15829,362387,4886
2021-09-29,Sacramento,067,1510023,150735,149686,3901,153587,2099
2021-09-29,San Benito,069,59416,7074,7039,146,7185,69
2021-09-29,San Bernardino,071,2135413,343421,340672,10619,351291,5539
2021-09-29,San Diego,073,3302833,358518,355899,21094,376993,4066
2021-09-29,San Francisco,075,870044,50986,50286,2145,52431,629
2021-09-29,San Joaquin,077,732212,95531,94356,5024,99380,1645
2021-09-29,San Luis Obispo,079,281455,28294,27800,1129,28929,323
2021-09-29,San Mateo,081,765935,52545,51673,780,52453,573
2021-09-29,Santa Barbara,083,443738,42677,42328,1470,43798,507
2021-09-29,Santa Clara,085,1922200,142351,141036,1130,142166,1861
2021-09-29,Santa Cruz,087,273765,19652,19425,963,20388,214
2021-09-29,Shasta,089,179085,19262,18805,3178,21983,271
2021-09-29,Sierra,091,2930,136,130,14,144,0
2021-09-29,Siskiyou,093,43540,3161,3043,1130,4173,42
2021-09-29,Solano,095,438530,44526,43724,1153,44877,321
2021-09-29,Sonoma,097,501317,39730,39426,485,39911,370
2021-09-29,Stanislaus,099,539301,73898,73634,8259,81893,1096
2021-09-29,Sutter,101,95872,13222,13135,271,13406,155
2021-09-29,Tehama,103,63373,7609,7409,1249,8658,88
2021-09-29,Trinity,105,12862,780,616,196,812,10
2021-09-29,Tulare,107,460477,63572,62046,13071,75117,908
2021-09-29,Tuolumne,109,53932,6427,6336,76,6412,89
2021-09-29,Ventura,111,848112,95582,94753,4128,98881,1144
2021-09-29,Yolo,113,214977,18864,18587,894,19481,239
2021-09-29,Yuba,115,75493,9476,9351,218,9569,66
2021-09-28,Alameda,001,1643700,115693,114869,2591,117460,1333
2021-09-28,Alpine,003,1148,99,101,0,101,0
2021-09-28,Amador,005,37829,5160,5049,51,5100,61
2021-09-28,Butte,007,227075,19248,18764,3463,22227,241
2021-09-28,Calaveras,009,45235,3625,3530,41,3571,72
2021-09-28,Colusa,011,21464,2425,2399,553,2952,18
2021-09-28,Contra Costa,013,1133247,95976,95115,1973,97088,929
2021-09-28,Del Norte,015,27424,3547,3462,34,3496,39
2021-09-28,El Dorado,017,186661,15083,14793,1559,16352,133
2021-09-28,Fresno,019,978130,129996,127877,11622,139499,1948
2021-09-28,Glenn,021,27897,3284,3205,937,4142,26
2021-09-28,Humboldt,023,135768,8332,8159,423,8582,91
2021-09-28,Imperial,025,180216,31853,31543,2961,34504,757
2021-09-28,Inyo,027,18085,1774,1708,32,1740,39
2021-09-28,Kern,029,883053,119426,117420,18835,136255,1506
2021-09-28,Kings,031,150075,29769,29141,1680,30821,295
2021-09-28,Lake,033,64148,6262,6155,123,6278,95
2021-09-28,Lassen,035,31185,6448,6340,295,6635,25
2021-09-28,Los Angeles,037,10098052,1405578,1392445,51863,1444308,26068
2021-09-28,Madera,039,155013,21214,20764,1717,22481,266
2021-09-28,Marin,041,260295,17047,16887,401,17288,242
2021-09-28,Mariposa,043,17540,1003,952,33,985,5
2021-09-28,Mendocino,045,87422,6998,6804,377,7181,78
2021-09-28,Merced,047,269075,39348,38953,1526,40479,551
2021-09-28,Modoc,049,8938,478,467,169,636,5
2021-09-28,Mono,051,14174,1565,1527,19,1546,3
2021-09-28,Monterey,053,433212,47746,46859,2606,49465,571
2021-09-28,Napa,055,140530,12502,12388,90,12478,96
2021-09-28,Nevada,057,99092,8541,8409,295,8704,84
2021-09-28,Orange,059,3164182,299172,296596,14056,310652,5421
2021-09-28,Placer,061,380077,34768,34187,3252,37439,370
2021-09-28,Plumas,063,18699,1350,1276,25,1301,6
2021-09-28,Riverside,065,2383286,351045,346096,15808,361904,4874
2021-09-28,Sacramento,067,1510023,150445,149310,3879,153189,2086
2021-09-28,San Benito,069,59416,7057,7028,145,7173,69
2021-09-28,San Bernardino,071,2135413,343074,340342,10602,350944,5540
2021-09-28,San Diego,073,3302833,357971,355373,21062,376435,4054
2021-09-28,San Francisco,075,870044,50885,50234,2144,52378,627
2021-09-28,San Joaquin,077,732212,95377,94194,5011,99205,1639
2021-09-28,San Luis Obispo,079,281455,28260,27755,1124,28879,321
2021-09-28,San Mateo,081,765935,52500,51620,780,52400,571
2021-09-28,Santa Barbara,083,443738,42604,42226,1469,43695,506
2021-09-28,Santa Clara,085,1922200,142190,140886,1121,142007,1858
2021-09-28,Santa Cruz,087,273765,19611,19324,962,20286,214
2021-09-28,Shasta,089,179085,19201,18701,3164,21865,267
2021-09-28,Sierra,091,2930,135,130,13,143,0
2021-09-28,Siskiyou,093,43540,3149,3032,1127,4159,42
2021-09-28,Solano,095,438530,44453,43652,1150,44802,316
2021-09-28,Sonoma,097,501317,39683,39395,484,39879,370
2021-09-28,Stanislaus,099,539301,73727,73528,8247,81775,1094
2021-09-28,Sutter,101,95872,13203,13102,267,13369,155
2021-09-28,Tehama,103,63373,7591,7382,1234,8616,88
2021-09-28,Trinity,105,12862,777,613,196,809,10
2021-09-28,Tulare,107,460477,63412,61916,13013,74929,905
2021-09-28,Tuolumne,109,53932,6401,6308,76,6384,89
2021-09-28,Ventura,111,848112,95456,94632,4125,98757,1143
2021-09-28,Yolo,113,214977,18838,18564,890,19454,239
2021-09-28,Yuba,115,75493,9457,9323,217,9540,66
2021-09-27,Alameda,001,1643700,115499,114731,2582,117313,1327
2021-09-27,Alpine,003,1148,99,101,0,101,0
2021-09-27,Amador,005,37829,5146,5017,51,5068,59
2021-09-27,Butte,007,227075,19188,18687,3446,22133,239
2021-09-27,Calaveras,009,45235,3605,3514,40,3554,70
2021-09-27,Colusa,011,21464,2424,2393,552,2945,18
2021-09-27,Contra Costa,013,1133247,95845,94979,1964,96943,924
2021-09-27,Del Norte,015,27424,3545,3468,32,3500,37
2021-09-27,El Dorado,017,186661,15044,14764,1552,16316,132
2021-09-27,Fresno,019,978130,129676,127475,11589,139064,1942
2021-09-27,Glenn,021,27897,3271,3189,933,4122,26
2021-09-27,Humboldt,023,135768,8292,8118,423,8541,91
2021-09-27,Imperial,025,180216,31790,31491,2954,34445,756
2021-09-27,Inyo,027,18085,1762,1698,32,1730,39
2021-09-27,Kern,029,883053,119151,117064,18740,135804,1503
2021-09-27,Kings,031,150075,29671,28998,1668,30666,297
2021-09-27,Lake,033,64148,6242,6126,122,6248,95
2021-09-27,Lassen,035,31185,6433,6327,291,6618,25
2021-09-27,Los Angeles,037,10098052,1404242,1391538,51795,1443333,26040
2021-09-27,Madera,039,155013,21149,20691,1709,22400,262
2021-09-27,Marin,041,260295,17026,16861,400,17261,242
2021-09-27,Mariposa,043,17540,993,931,33,964,5
2021-09-27,Mendocino,045,87422,6972,6761,370,7131,74
2021-09-27,Merced,047,269075,39248,38840,1520,40360,548
2021-09-27,Modoc,049,8938,477,465,167,632,5
2021-09-27,Mono,051,14174,1553,1525,19,1544,3
2021-09-27,Monterey,053,433212,47703,46811,2595,49406,571
2021-09-27,Napa,055,140530,12478,12354,89,12443,95
2021-09-27,Nevada,057,99092,8517,8379,292,8671,84
2021-09-27,Orange,059,3164182,298866,296334,14026,310360,5409
2021-09-27,Placer,061,380077,34681,34087,3247,37334,370
2021-09-27,Plumas,063,18699,1340,1269,25,1294,6
2021-09-27,Riverside,065,2383286,350603,345529,15798,361327,4864
2021-09-27,Sacramento,067,1510023,150128,149096,3857,152953,2076
2021-09-27,San Benito,069,59416,7040,7017,145,7162,67
2021-09-27,San Bernardino,071,2135413,342661,339952,10578,350530,5544
2021-09-27,San Diego,073,3302833,357319,354755,21037,375792,4054
2021-09-27,San Francisco,075,870044,50801,50157,2141,52298,622
2021-09-27,San Joaquin,077,732212,95193,94085,5008,99093,1633
2021-09-27,San Luis Obispo,079,281455,28205,27674,1121,28795,320
2021-09-27,San Mateo,081,765935,52424,51552,780,52332,571
2021-09-27,Santa Barbara,083,443738,42537,42012,1465,43477,505
2021-09-27,Santa Clara,085,1922200,142009,140802,1111,141913,1853
2021-09-27,Santa Cruz,087,273765,19587,19292,961,20253,214
2021-09-27,Shasta,089,179085,19120,18599,3137,21736,267
2021-09-27,Sierra,091,2930,135,128,13,141,0
2021-09-27,Siskiyou,093,43540,3137,3015,1122,4137,42
2021-09-27,Solano,095,438530,44378,43582,1144,44726,314
2021-09-27,Sonoma,097,501317,39629,39347,484,39831,370
2021-09-27,Stanislaus,099,539301,73573,73370,8227,81597,1091
2021-09-27,Sutter,101,95872,13172,13082,264,13346,155
2021-09-27,Tehama,103,63373,7551,7345,1225,8570,88
2021-09-27,Trinity,105,12862,766,605,195,800,9
2021-09-27,Tulare,107,460477,63212,61708,12942,74650,904
2021-09-27,Tuolumne,109,53932,6380,6264,76,6340,89
2021-09-27,Ventura,111,848112,95331,94477,4121,98598,1138
2021-09-27,Yolo,113,214977,18804,18524,889,19413,239
2021-09-27,Yuba,115,75493,9420,9292,213,9505,64
2021-09-26,Alameda,001,1643700,115304,114601,2575,117176,1326
2021-09-26,Alpine,003,1148,99,101,0,101,0
2021-09-26,Amador,005,37829,5114,5001,50,5051,59
2021-09-26,Butte,007,227075,19113,18634,3429,22063,238
2021-09-26,Calaveras,009,45235,3583,3505,40,3545,70
2021-09-26,Colusa,011,21464,2419,2392,550,2942,18
2021-09-26,Contra Costa,013,1133247,95670,94877,1951,96828,924
2021-09-26,Del Norte,015,27424,3540,3466,31,3497,37
2021-09-26,El Dorado,017,186661,15002,14738,1544,16282,132
2021-09-26,Fresno,019,978130,129319,127235,11543,138778,1939
2021-09-26,Glenn,021,27897,3263,3182,929,4111,26
2021-09-26,Humboldt,023,135768,8257,8098,422,8520,91
2021-09-26,Imperial,025,180216,31730,31462,2953,34415,756
2021-09-26,Inyo,027,18085,1747,1685,32,1717,39
2021-09-26,Kern,029,883053,118813,116927,18631,135558,1502
2021-09-26,Kings,031,150075,29570,28930,1657,30587,293
2021-09-26,Lake,033,64148,6225,6113,122,6235,95
2021-09-26,Lassen,035,31185,6423,6319,286,6605,25
2021-09-26,Los Angeles,037,10098052,1402753,1390577,51726,1442303,26035
2021-09-26,Madera,039,155013,21074,20629,1690,22319,262
2021-09-26,Marin,041,260295,17003,16860,400,17260,242
2021-09-26,Mariposa,043,17540,987,929,33,962,5
2021-09-26,Mendocino,045,87422,6938,6744,355,7099,74
2021-09-26,Merced,047,269075,39087,38717,1512,40229,548
2021-09-26,Modoc,049,8938,477,465,166,631,5
2021-09-26,Mono,051,14174,1549,1516,19,1535,3
2021-09-26,Monterey,053,433212,47656,46792,2582,49374,571
2021-09-26,Napa,055,140530,12454,12340,88,12428,95
2021-09-26,Nevada,057,99092,8486,8356,287,8643,84
2021-09-26,Orange,059,3164182,298527,296085,13993,310078,5409
2021-09-26,Placer,061,380077,34587,34043,3238,37281,370
2021-09-26,Plumas,063,18699,1322,1268,25,1293,6
2021-09-26,Riverside,065,2383286,350071,345257,15784,361041,4864
2021-09-26,Sacramento,067,1510023,149722,148745,3838,152583,2071
2021-09-26,San Benito,069,59416,7023,7012,144,7156,67
2021-09-26,San Bernardino,071,2135413,342204,339771,10564,350335,5545
2021-09-26,San Diego,073,3302833,356697,354414,20996,375410,4051
2021-09-26,San Francisco,075,870044,50675,50092,2132,52224,622
2021-09-26,San Joaquin,077,732212,94990,93935,4994,98929,1633
2021-09-26,San Luis Obispo,079,281455,28131,27624,1116,28740,319
2021-09-26,San Mateo,081,765935,52355,51496,778,52274,571
2021-09-26,Santa Barbara,083,443738,42451,41946,1462,43408,505
2021-09-26,Santa Clara,085,1922200,141808,140667,1108,141775,1852
2021-09-26,Santa Cruz,087,273765,19562,19279,961,20240,214
2021-09-26,Shasta,089,179085,19011,18566,3114,21680,266
2021-09-26,Sierra,091,2930,135,128,13,141,0
2021-09-26,Siskiyou,093,43540,3123,2998,1112,4110,42
2021-09-26,Solano,095,438530,44311,43537,1143,44680,314
2021-09-26,Sonoma,097,501317,39570,39302,484,39786,370
2021-09-26,Stanislaus,099,539301,73373,73243,8199,81442,1091
2021-09-26,Sutter,101,95872,13135,13045,263,13308,155
2021-09-26,Tehama,103,63373,7494,7323,1214,8537,88
2021-09-26,Trinity,105,12862,763,591,195,786,9
2021-09-26,Tulare,107,460477,62991,61560,12865,74425,904
2021-09-26,Tuolumne,109,53932,6352,6236,74,6310,89
2021-09-26,Ventura,111,848112,95217,94391,4114,98505,1138
2021-09-26,Yolo,113,214977,18767,18496,881,19377,239
2021-09-26,Yuba,115,75493,9393,9275,213,9488,64
2021-09-25,Alameda,001,1643700,115225,114014,2572,116586,1324
2021-09-25,Alpine,003,1148,99,101,0,101,0
2021-09-25,Amador,005,37829,5100,4934,50,4984,59
2021-09-25,Butte,007,227075,19084,18396,3421,21817,236
2021-09-25,Calaveras,009,45235,3580,3461,40,3501,70
2021-09-25,Colusa,011,21464,2416,2387,548,2935,16
2021-09-25,Contra Costa,013,1133247,95599,94337,1947,96284,924
2021-09-25,Del Norte,015,27424,3539,3404,31,3435,35
2021-09-25,El Dorado,017,186661,14979,14641,1540,16181,130
2021-09-25,Fresno,019,978130,129174,126299,11527,137826,1927
2021-09-25,Glenn,021,27897,3258,3144,928,4072,25
2021-09-25,Humboldt,023,135768,8238,8014,420,8434,88
2021-09-25,Imperial,025,180216,31703,31280,2953,34233,755
2021-09-25,Inyo,027,18085,1739,1657,32,1689,39
2021-09-25,Kern,029,883053,118658,116021,18564,134585,1485
2021-09-25,Kings,031,150075,29519,28636,1654,30290,293
2021-09-25,Lake,033,64148,6220,6046,120,6166,92
2021-09-25,Lassen,035,31185,6411,6248,285,6533,25
2021-09-25,Los Angeles,037,10098052,1402043,1386417,51686,1438103,25964
2021-09-25,Madera,039,155013,21049,20432,1684,22116,262
2021-09-25,Marin,041,260295,16994,16802,398,17200,242
2021-09-25,Mariposa,043,17540,982,906,33,939,5
2021-09-25,Mendocino,045,87422,6919,6657,354,7011,74
2021-09-25,Merced,047,269075,39041,38393,1510,39903,546
2021-09-25,Modoc,049,8938,477,460,166,626,5
2021-09-25,Mono,051,14174,1546,1501,19,1520,3
2021-09-25,Monterey,053,433212,47626,46653,2580,49233,567
2021-09-25,Napa,055,140530,12434,12266,88,12354,95
2021-09-25,Nevada,057,99092,8469,8285,287,8572,84
2021-09-25,Orange,059,3164182,298354,294514,13976,308490,5374
2021-09-25,Placer,061,380077,34523,33764,3236,37000,367
2021-09-25,Plumas,063,18699,1318,1238,25,1263,6
2021-09-25,Riverside,065,2383286,349748,343463,15776,359239,4843
2021-09-25,Sacramento,067,1510023,149547,147728,3830,151558,2049
2021-09-25,San Benito,069,59416,7018,6965,144,7109,67
2021-09-25,San Bernardino,071,2135413,341967,338413,10551,348964,5540
2021-09-25,San Diego,073,3302833,356352,352017,20970,372987,4039
2021-09-25,San Francisco,075,870044,50631,49840,2131,51971,615
2021-09-25,San Joaquin,077,732212,94904,93273,4992,98265,1628
2021-09-25,San Luis Obispo,079,281455,28093,27447,1112,28559,318
2021-09-25,San Mateo,081,765935,52291,51266,776,52042,568
2021-09-25,Santa Barbara,083,443738,42393,41728,1462,43190,505
2021-09-25,Santa Clara,085,1922200,141702,140023,1106,141129,1844
2021-09-25,Santa Cruz,087,273765,19546,19200,959,20159,214
2021-09-25,Shasta,089,179085,18960,18256,3105,21361,262
2021-09-25,Sierra,091,2930,134,127,13,140,0
2021-09-25,Siskiyou,093,43540,3116,2956,1102,4058,41
2021-09-25,Solano,095,438530,44270,43331,1140,44471,312
2021-09-25,Sonoma,097,501317,39529,39112,484,39596,369
2021-09-25,Stanislaus,099,539301,73263,72628,8185,80813,1091
2021-09-25,Sutter,101,95872,13117,12976,260,13236,154
2021-09-25,Tehama,103,63373,7478,7200,1212,8412,86
2021-09-25,Trinity,105,12862,763,576,195,771,9
2021-09-25,Tulare,107,460477,62909,60909,12822,73731,898
2021-09-25,Tuolumne,109,53932,6340,6168,74,6242,89
2021-09-25,Ventura,111,848112,95150,94059,4110,98169,1129
2021-09-25,Yolo,113,214977,18745,18393,880,19273,239
2021-09-25,Yuba,115,75493,9373,9191,213,9404,61
2021-09-24,Alameda,001,1643700,115120,114014,2568,116582,1324
2021-09-24,Alpine,003,1148,99,101,0,101,0
2021-09-24,Amador,005,37829,5070,4934,50,4984,59
2021-09-24,Butte,007,227075,19032,18396,3410,21806,236
2021-09-24,Calaveras,009,45235,3573,3461,39,3500,70
2021-09-24,Colusa,011,21464,2413,2387,547,2934,16
2021-09-24,Contra Costa,013,1133247,95489,94337,1943,96280,924
2021-09-24,Del Norte,015,27424,3536,3404,31,3435,35
2021-09-24,El Dorado,017,186661,14961,14641,1538,16179,130
2021-09-24,Fresno,019,978130,128976,126299,11515,137814,1927
2021-09-24,Glenn,021,27897,3250,3144,928,4072,25
2021-09-24,Humboldt,023,135768,8219,8014,417,8431,88
2021-09-24,Imperial,025,180216,31665,31280,2951,34231,755
2021-09-24,Inyo,027,18085,1730,1657,32,1689,39
2021-09-24,Kern,029,883053,118522,116021,18498,134519,1485
2021-09-24,Kings,031,150075,29478,28636,1650,30286,293
2021-09-24,Lake,033,64148,6212,6046,120,6166,92
2021-09-24,Lassen,035,31185,6403,6248,284,6532,25
2021-09-24,Los Angeles,037,10098052,1401157,1386417,51644,1438061,25964
2021-09-24,Madera,039,155013,21018,20432,1675,22107,262
2021-09-24,Marin,041,260295,16980,16802,397,17199,242
2021-09-24,Mariposa,043,17540,970,906,33,939,5
2021-09-24,Mendocino,045,87422,6906,6657,354,7011,74
2021-09-24,Merced,047,269075,38997,38393,1510,39903,546
2021-09-24,Modoc,049,8938,477,460,165,625,5
2021-09-24,Mono,051,14174,1541,1501,19,1520,3
2021-09-24,Monterey,053,433212,47605,46653,2572,49225,567
2021-09-24,Napa,055,140530,12415,12266,88,12354,95
2021-09-24,Nevada,057,99092,8455,8285,284,8569,84
2021-09-24,Orange,059,3164182,298147,294514,13958,308472,5374
2021-09-24,Placer,061,380077,34468,33764,3224,36988,367
2021-09-24,Plumas,063,18699,1314,1238,25,1263,6
2021-09-24,Riverside,065,2383286,349414,343463,15769,359232,4843
2021-09-24,Sacramento,067,1510023,149362,147728,3826,151554,2049
2021-09-24,San Benito,069,59416,7012,6965,144,7109,67
2021-09-24,San Bernardino,071,2135413,341699,338413,10541,348954,5540
2021-09-24,San Diego,073,3302833,356001,352017,20955,372972,4039
2021-09-24,San Francisco,075,870044,50567,49840,2124,51964,615
2021-09-24,San Joaquin,077,732212,94791,93273,4990,98263,1628
2021-09-24,San Luis Obispo,079,281455,28062,27447,1107,28554,318
2021-09-24,San Mateo,081,765935,52231,51266,775,52041,568
2021-09-24,Santa Barbara,083,443738,42353,41728,1461,43189,505
2021-09-24,Santa Clara,085,1922200,141590,140023,1105,141128,1844
2021-09-24,Santa Cruz,087,273765,19523,19200,958,20158,214
2021-09-24,Shasta,089,179085,18906,18256,3091,21347,262
2021-09-24,Sierra,091,2930,133,127,13,140,0
2021-09-24,Siskiyou,093,43540,3107,2956,1096,4052,41
2021-09-24,Solano,095,438530,44233,43331,1138,44469,312
2021-09-24,Sonoma,097,501317,39496,39112,484,39596,369
2021-09-24,Stanislaus,099,539301,73147,72628,8170,80798,1091
2021-09-24,Sutter,101,95872,13098,12976,259,13235,154
2021-09-24,Tehama,103,63373,7466,7200,1207,8407,86
2021-09-24,Trinity,105,12862,760,576,195,771,9
2021-09-24,Tulare,107,460477,62818,60909,12780,73689,898
2021-09-24,Tuolumne,109,53932,6311,6168,74,6242,89
2021-09-24,Ventura,111,848112,95072,94059,4103,98162,1129
2021-09-24,Yolo,113,214977,18713,18393,876,19269,239
2021-09-24,Yuba,115,75493,9354,9191,213,9404,61
2021-09-23,Alameda,001,1643700,114963,114014,2562,116576,1324
2021-09-23,Alpine,003,1148,99,101,0,101,0
2021-09-23,Amador,005,37829,5057,4934,50,4984,59
2021-09-23,Butte,007,227075,18970,18396,3386,21782,236
2021-09-23,Calaveras,009,45235,3552,3461,39,3500,70
2021-09-23,Colusa,011,21464,2411,2387,544,2931,16
2021-09-23,Contra Costa,013,1133247,95348,94337,1936,96273,924
2021-09-23,Del Norte,015,27424,3527,3404,30,3434,35
2021-09-23,El Dorado,017,186661,14935,14641,1532,16173,130
2021-09-23,Fresno,019,978130,128679,126299,11496,137795,1927
2021-09-23,Glenn,021,27897,3236,3144,925,4069,25
2021-09-23,Humboldt,023,135768,8194,8014,415,8429,88
2021-09-23,Imperial,025,180216,31629,31280,2951,34231,755
2021-09-23,Inyo,027,18085,1716,1657,32,1689,39
2021-09-23,Kern,029,883053,118264,116021,18418,134439,1485
2021-09-23,Kings,031,150075,29374,28636,1641,30277,293
2021-09-23,Lake,033,64148,6202,6046,120,6166,92
2021-09-23,Lassen,035,31185,6394,6248,279,6527,25
2021-09-23,Los Angeles,037,10098052,1399962,1386417,51580,1437997,25964
2021-09-23,Madera,039,155013,20935,20432,1671,22103,262
2021-09-23,Marin,041,260295,16965,16802,394,17196,242
2021-09-23,Mariposa,043,17540,957,906,33,939,5
2021-09-23,Mendocino,045,87422,6883,6657,349,7006,74
2021-09-23,Merced,047,269075,38893,38393,1503,39896,546
2021-09-23,Modoc,049,8938,476,460,165,625,5
2021-09-23,Mono,051,14174,1538,1501,19,1520,3
2021-09-23,Monterey,053,433212,47556,46653,2561,49214,567
2021-09-23,Napa,055,140530,12398,12266,88,12354,95
2021-09-23,Nevada,057,99092,8428,8285,284,8569,84
2021-09-23,Orange,059,3164182,297850,294514,13934,308448,5374
2021-09-23,Placer,061,380077,34392,33764,3218,36982,367
2021-09-23,Plumas,063,18699,1297,1238,24,1262,6
2021-09-23,Riverside,065,2383286,348961,343463,15762,359225,4843
2021-09-23,Sacramento,067,1510023,149038,147728,3807,151535,2049
2021-09-23,San Benito,069,59416,7001,6965,144,7109,67
2021-09-23,San Bernardino,071,2135413,341333,338413,10526,348939,5540
2021-09-23,San Diego,073,3302833,355545,352017,20916,372933,4039
2021-09-23,San Francisco,075,870044,50494,49840,2122,51962,615
2021-09-23,San Joaquin,077,732212,94618,93273,4975,98248,1628
2021-09-23,San Luis Obispo,079,281455,28019,27447,1105,28552,318
2021-09-23,San Mateo,081,765935,52156,51266,774,52040,568
2021-09-23,Santa Barbara,083,443738,42275,41728,1458,43186,505
2021-09-23,Santa Clara,085,1922200,141438,140023,1098,141121,1844
2021-09-23,Santa Cruz,087,273765,19492,19200,958,20158,214
2021-09-23,Shasta,089,179085,18826,18256,3074,21330,262
2021-09-23,Sierra,091,2930,133,127,13,140,0
2021-09-23,Siskiyou,093,43540,3103,2956,1085,4041,41
2021-09-23,Solano,095,438530,44165,43331,1135,44466,312
2021-09-23,Sonoma,097,501317,39437,39112,481,39593,369
2021-09-23,Stanislaus,099,539301,72990,72628,8138,80766,1091
2021-09-23,Sutter,101,95872,13069,12976,259,13235,154
2021-09-23,Tehama,103,63373,7425,7200,1202,8402,86
2021-09-23,Trinity,105,12862,746,576,194,770,9
2021-09-23,Tulare,107,460477,62641,60909,12726,73635,898
2021-09-23,Tuolumne,109,53932,6286,6168,73,6241,89
2021-09-23,Ventura,111,848112,94968,94059,4096,98155,1129
2021-09-23,Yolo,113,214977,18682,18393,871,19264,239
2021-09-23,Yuba,115,75493,9325,9191,212,9403,61
2021-09-22,Alameda,001,1643700,114807,113862,2558,116420,1322
2021-09-22,Alpine,003,1148,99,100,0,100,0
2021-09-22,Amador,005,37829,5041,4915,50,4965,59
2021-09-22,Butte,007,227075,18909,18337,3368,21705,235
2021-09-22,Calaveras,009,45235,3536,3448,39,3487,70
2021-09-22,Colusa,011,21464,2406,2384,543,2927,16
2021-09-22,Contra Costa,013,1133247,95162,94209,1927,96136,924
2021-09-22,Del Norte,015,27424,3516,3386,29,3415,35
2021-09-22,El Dorado,017,186661,14899,14605,1526,16131,127
2021-09-22,Fresno,019,978130,128423,126006,11481,137487,1908
2021-09-22,Glenn,021,27897,3229,3138,924,4062,25
2021-09-22,Humboldt,023,135768,8172,7998,407,8405,80
2021-09-22,Imperial,025,180216,31577,31243,2944,34187,755
2021-09-22,Inyo,027,18085,1706,1651,32,1683,39
2021-09-22,Kern,029,883053,118023,115757,18296,134053,1477
2021-09-22,Kings,031,150075,29289,28589,1635,30224,292
2021-09-22,Lake,033,64148,6190,6035,120,6155,93
2021-09-22,Lassen,035,31185,6374,6209,275,6484,25
2021-09-22,Los Angeles,037,10098052,1398639,1384719,51525,1436244,25930
2021-09-22,Madera,039,155013,20878,20382,1661,22043,262
2021-09-22,Marin,041,260295,16954,16782,391,17173,242
2021-09-22,Mariposa,043,17540,951,901,33,934,5
2021-09-22,Mendocino,045,87422,6856,6624,343,6967,70
2021-09-22,Merced,047,269075,38760,38305,1501,39806,541
2021-09-22,Modoc,049,8938,473,458,165,623,5
2021-09-22,Mono,051,14174,1529,1496,18,1514,3
2021-09-22,Monterey,053,433212,47505,46615,2554,49169,566
2021-09-22,Napa,055,140530,12375,12248,87,12335,95
2021-09-22,Nevada,057,99092,8405,8273,281,8554,84
2021-09-22,Orange,059,3164182,297574,294214,13917,308131,5366
2021-09-22,Placer,061,380077,34304,33661,3205,36866,367
2021-09-22,Plumas,063,18699,1284,1230,24,1254,6
2021-09-22,Riverside,065,2383286,348426,342946,15737,358683,4830
2021-09-22,Sacramento,067,1510023,148732,147533,3778,151311,2043
2021-09-22,San Benito,069,59416,6990,6961,142,7103,67
2021-09-22,San Bernardino,071,2135413,340940,337938,10517,348455,5528
2021-09-22,San Diego,073,3302833,355094,351132,20892,372024,4027
2021-09-22,San Francisco,075,870044,50409,49734,2117,51851,610
2021-09-22,San Joaquin,077,732212,94386,93010,4951,97961,1626
2021-09-22,San Luis Obispo,079,281455,27969,27398,1101,28499,315
2021-09-22,San Mateo,081,765935,52083,51197,770,51967,568
2021-09-22,Santa Barbara,083,443738,42212,41678,1457,43135,504
2021-09-22,Santa Clara,085,1922200,141274,139803,1091,140894,1844
2021-09-22,Santa Cruz,087,273765,19454,19177,958,20135,214
2021-09-22,Shasta,089,179085,18736,18153,3063,21216,260
2021-09-22,Sierra,091,2930,133,127,13,140,0
2021-09-22,Siskiyou,093,43540,3086,2947,1075,4022,41
2021-09-22,Solano,095,438530,44100,43269,1134,44403,312
2021-09-22,Sonoma,097,501317,39384,39063,480,39543,369
2021-09-22,Stanislaus,099,539301,72825,72355,8119,80474,1091
2021-09-22,Sutter,101,95872,13049,12960,256,13216,153
2021-09-22,Tehama,103,63373,7398,7173,1199,8372,86
2021-09-22,Trinity,105,12862,745,572,194,766,9
2021-09-22,Tulare,107,460477,62431,60776,12657,73433,896
2021-09-22,Tuolumne,109,53932,6265,6155,72,6227,89
2021-09-22,Ventura,111,848112,94863,93978,4091,98069,1122
2021-09-22,Yolo,113,214977,18643,18342,864,19206,239
2021-09-22,Yuba,115,75493,9296,9169,207,9376,61
2021-09-21,Alameda,001,1643700,114653,113765,2558,116323,1321
2021-09-21,Alpine,003,1148,99,100,0,100,0
2021-09-21,Amador,005,37829,5019,4897,50,4947,59
2021-09-21,Butte,007,227075,18813,18229,3329,21558,232
2021-09-21,Calaveras,009,45235,3519,3437,39,3476,70
2021-09-21,Colusa,011,21464,2403,2378,542,2920,16
2021-09-21,Contra Costa,013,1133247,94968,94101,1913,96014,924
2021-09-21,Del Norte,015,27424,3504,3378,29,3407,34
2021-09-21,El Dorado,017,186661,14869,14578,1519,16097,127
2021-09-21,Fresno,019,978130,128072,125789,11454,137243,1892
2021-09-21,Glenn,021,27897,3222,3134,920,4054,25
2021-09-21,Humboldt,023,135768,8140,7955,402,8357,80
2021-09-21,Imperial,025,180216,31521,31185,2942,34127,755
2021-09-21,Inyo,027,18085,1696,1646,32,1678,39
2021-09-21,Kern,029,883053,117731,115534,18183,133717,1467
2021-09-21,Kings,031,150075,29201,28545,1627,30172,291
2021-09-21,Lake,033,64148,6167,6013,120,6133,90
2021-09-21,Lassen,035,31185,6356,6159,271,6430,25
2021-09-21,Los Angeles,037,10098052,1397183,1383277,51470,1434747,25893
2021-09-21,Madera,039,155013,20818,20317,1651,21968,262
2021-09-21,Marin,041,260295,16939,16748,390,17138,242
2021-09-21,Mariposa,043,17540,946,894,32,926,5
2021-09-21,Mendocino,045,87422,6818,6580,332,6912,68
2021-09-21,Merced,047,269075,38638,38225,1497,39722,539
2021-09-21,Modoc,049,8938,470,458,165,623,5
2021-09-21,Mono,051,14174,1527,1495,17,1512,3
2021-09-21,Monterey,053,433212,47437,46583,2542,49125,565
2021-09-21,Napa,055,140530,12354,12238,87,12325,95
2021-09-21,Nevada,057,99092,8378,8259,273,8532,84
2021-09-21,Orange,059,3164182,297243,293898,13887,307785,5357
2021-09-21,Placer,061,380077,34203,33609,3194,36803,365
2021-09-21,Plumas,063,18699,1277,1225,24,1249,5
2021-09-21,Riverside,065,2383286,347866,342460,15713,358173,4817
2021-09-21,Sacramento,067,1510023,148350,147378,3750,151128,2027
2021-09-21,San Benito,069,59416,6979,6950,141,7091,67
2021-09-21,San Bernardino,071,2135413,340503,337387,10500,347887,5520
2021-09-21,San Diego,073,3302833,354488,350265,20866,371131,4021
2021-09-21,San Francisco,075,870044,50312,49653,2113,51766,609
2021-09-21,San Joaquin,077,732212,94152,92762,4940,97702,1621
2021-09-21,San Luis Obispo,079,281455,27910,27318,1097,28415,314
2021-09-21,San Mateo,081,765935,52014,51136,770,51906,568
2021-09-21,Santa Barbara,083,443738,42143,41644,1453,43097,503
2021-09-21,Santa Clara,085,1922200,141057,139657,1087,140744,1843
2021-09-21,Santa Cruz,087,273765,19424,19140,957,20097,212
2021-09-21,Shasta,089,179085,18608,18027,3039,21066,258
2021-09-21,Sierra,091,2930,133,127,13,140,0
2021-09-21,Siskiyou,093,43540,3072,2927,1061,3988,36
2021-09-21,Solano,095,438530,44024,43220,1134,44354,311
2021-09-21,Sonoma,097,501317,39331,39042,480,39522,369
2021-09-21,Stanislaus,099,539301,72641,72211,8099,80310,1091
2021-09-21,Sutter,101,95872,13026,12930,253,13183,153
2021-09-21,Tehama,103,63373,7352,7151,1195,8346,85
2021-09-21,Trinity,105,12862,734,572,192,764,9
2021-09-21,Tulare,107,460477,62217,60607,12596,73203,896
2021-09-21,Tuolumne,109,53932,6233,6139,72,6211,89
2021-09-21,Ventura,111,848112,94758,93818,4083,97901,1120
2021-09-21,Yolo,113,214977,18607,18313,861,19174,239
2021-09-21,Yuba,115,75493,9268,9135,207,9342,61
2021-09-20,Alameda,001,1643700,114472,113637,2554,116191,1320
2021-09-20,Alpine,003,1148,99,100,0,100,0
2021-09-20,Amador,005,37829,5001,4883,49,4932,59
2021-09-20,Butte,007,227075,18731,18135,3314,21449,231
2021-09-20,Calaveras,009,45235,3497,3395,38,3433,66
2021-09-20,Colusa,011,21464,2401,2376,539,2915,16
2021-09-20,Contra Costa,013,1133247,94818,93919,1907,95826,924
2021-09-20,Del Norte,015,27424,3496,3374,28,3402,34
2021-09-20,El Dorado,017,186661,14836,14545,1507,16052,127
2021-09-20,Fresno,019,978130,127659,125287,11428,136715,1889
2021-09-20,Glenn,021,27897,3211,3112,917,4029,25
2021-09-20,Humboldt,023,135768,8104,7938,397,8335,80
2021-09-20,Imperial,025,180216,31438,31146,2941,34087,755
2021-09-20,Inyo,027,18085,1688,1641,31,1672,39
2021-09-20,Kern,029,883053,117392,115271,18052,133323,1459
2021-09-20,Kings,031,150075,29114,28471,1621,30092,285
2021-09-20,Lake,033,64148,6152,5984,119,6103,87
2021-09-20,Lassen,035,31185,6326,6132,271,6403,25
2021-09-20,Los Angeles,037,10098052,1395660,1382206,51390,1433596,25858
2021-09-20,Madera,039,155013,20765,20203,1644,21847,257
2021-09-20,Marin,041,260295,16914,16732,388,17120,242
2021-09-20,Mariposa,043,17540,935,887,32,919,5
2021-09-20,Mendocino,045,87422,6784,6568,327,6895,67
2021-09-20,Merced,047,269075,38527,38144,1486,39630,536
2021-09-20,Modoc,049,8938,469,457,163,620,5
2021-09-20,Mono,051,14174,1521,1480,17,1497,3
2021-09-20,Monterey,053,433212,47395,46506,2524,49030,565
2021-09-20,Napa,055,140530,12329,12209,86,12295,95
2021-09-20,Nevada,057,99092,8358,8228,271,8499,84
2021-09-20,Orange,059,3164182,296899,293642,13860,307502,5354
2021-09-20,Placer,061,380077,34113,33531,3179,36710,364
2021-09-20,Plumas,063,18699,1272,1211,24,1235,5
2021-09-20,Riverside,065,2383286,347366,341961,15700,357661,4802
2021-09-20,Sacramento,067,1510023,147977,147016,3717,150733,2016
2021-09-20,San Benito,069,59416,6970,6947,140,7087,67
2021-09-20,San Bernardino,071,2135413,340106,337059,10484,347543,5507
2021-09-20,San Diego,073,3302833,353816,349579,20829,370408,4009
2021-09-20,San Francisco,075,870044,50205,49559,2112,51671,605
2021-09-20,San Joaquin,077,732212,93909,92614,4927,97541,1615
2021-09-20,San Luis Obispo,079,281455,27834,27259,1089,28348,313
2021-09-20,San Mateo,081,765935,51927,51100,767,51867,567
2021-09-20,Santa Barbara,083,443738,42044,41589,1449,43038,500
2021-09-20,Santa Clara,085,1922200,140857,139578,1085,140663,1841
2021-09-20,Santa Cruz,087,273765,19392,19121,957,20078,211
2021-09-20,Shasta,089,179085,18509,17893,3009,20902,258
2021-09-20,Sierra,091,2930,131,126,13,139,0
2021-09-20,Siskiyou,093,43540,3050,2902,1048,3950,35
2021-09-20,Solano,095,438530,43956,43152,1126,44278,312
2021-09-20,Sonoma,097,501317,39285,38991,480,39471,369
2021-09-20,Stanislaus,099,539301,72442,72031,8080,80111,1091
2021-09-20,Sutter,101,95872,12990,12896,248,13144,153
2021-09-20,Tehama,103,63373,7320,7121,1183,8304,84
2021-09-20,Trinity,105,12862,728,568,191,759,7
2021-09-20,Tulare,107,460477,62015,60302,12543,72845,896
2021-09-20,Tuolumne,109,53932,6207,6113,72,6185,89
2021-09-20,Ventura,111,848112,94645,93700,4077,97777,1120
2021-09-20,Yolo,113,214977,18561,18287,859,19146,239
2021-09-20,Yuba,115,75493,9233,9107,205,9312,61
2021-09-19,Alameda,001,1643700,114258,113446,2549,115995,1320
2021-09-19,Alpine,003,1148,99,100,0,100,0
2021-09-19,Amador,005,37829,4961,4875,48,4923,59
2021-09-19,Butte,007,227075,18638,18063,3286,21349,230
2021-09-19,Calaveras,009,45235,3473,3390,35,3425,66
2021-09-19,Colusa,011,21464,2399,2375,537,2912,16
2021-09-19,Contra Costa,013,1133247,94632,93788,1897,95685,924
2021-09-19,Del Norte,015,27424,3470,3344,27,3371,34
2021-09-19,El Dorado,017,186661,14783,14512,1501,16013,127
2021-09-19,Fresno,019,978130,127253,124985,11383,136368,1888
2021-09-19,Glenn,021,27897,3202,3102,914,4016,25
2021-09-19,Humboldt,023,135768,8059,7914,395,8309,80
2021-09-19,Imperial,025,180216,31369,31122,2938,34060,755
2021-09-19,Inyo,027,18085,1679,1639,31,1670,39
2021-09-19,Kern,029,883053,117080,115074,17946,133020,1459
2021-09-19,Kings,031,150075,28987,28416,1612,30028,284
2021-09-19,Lake,033,64148,6121,5962,119,6081,87
2021-09-19,Lassen,035,31185,6306,6129,265,6394,25
2021-09-19,Los Angeles,037,10098052,1393683,1381200,51294,1432494,25852
2021-09-19,Madera,039,155013,20687,20161,1634,21795,257
2021-09-19,Marin,041,260295,16885,16711,386,17097,242
2021-09-19,Mariposa,043,17540,927,881,32,913,5
2021-09-19,Mendocino,045,87422,6739,6538,321,6859,67
2021-09-19,Merced,047,269075,38370,38068,1477,39545,535
2021-09-19,Modoc,049,8938,466,457,161,618,5
2021-09-19,Mono,051,14174,1516,1480,17,1497,3
2021-09-19,Monterey,053,433212,47340,46486,2521,49007,565
2021-09-19,Napa,055,140530,12308,12190,84,12274,95
2021-09-19,Nevada,057,99092,8330,8203,269,8472,84
2021-09-19,Orange,059,3164182,296531,293258,13838,307096,5354
2021-09-19,Placer,061,380077,34000,33406,3161,36567,364
2021-09-19,Plumas,063,18699,1264,1211,24,1235,5
2021-09-19,Riverside,065,2383286,346773,341566,15691,357257,4804
2021-09-19,Sacramento,067,1510023,147617,146603,3673,150276,2012
2021-09-19,San Benito,069,59416,6951,6942,140,7082,67
2021-09-19,San Bernardino,071,2135413,339615,336688,10473,347161,5506
2021-09-19,San Diego,073,3302833,353113,349225,20792,370017,4006
2021-09-19,San Francisco,075,870044,50098,49458,2103,51561,605
2021-09-19,San Joaquin,077,732212,93613,92467,4916,97383,1615
2021-09-19,San Luis Obispo,079,281455,27733,27208,1080,28288,313
2021-09-19,San Mateo,081,765935,51829,51028,766,51794,567
2021-09-19,Santa Barbara,083,443738,41938,41512,1449,42961,500
2021-09-19,Santa Clara,085,1922200,140670,139410,1080,140490,1841
2021-09-19,Santa Cruz,087,273765,19353,19096,957,20053,211
2021-09-19,Shasta,089,179085,18395,17813,2974,20787,258
2021-09-19,Sierra,091,2930,130,126,13,139,0
2021-09-19,Siskiyou,093,43540,3024,2882,1039,3921,35
2021-09-19,Solano,095,438530,43867,43056,1121,44177,312
2021-09-19,Sonoma,097,501317,39213,38956,476,39432,369
2021-09-19,Stanislaus,099,539301,72197,71830,8055,79885,1091
2021-09-19,Sutter,101,95872,12963,12868,241,13109,153
2021-09-19,Tehama,103,63373,7266,7081,1174,8255,84
2021-09-19,Trinity,105,12862,717,562,189,751,7
2021-09-19,Tulare,107,460477,61754,60160,12450,72610,896
2021-09-19,Tuolumne,109,53932,6166,6097,72,6169,89
2021-09-19,Ventura,111,848112,94483,93491,4068,97559,1120
2021-09-19,Yolo,113,214977,18512,18238,853,19091,239
2021-09-19,Yuba,115,75493,9207,9087,204,9291,61
2021-09-18,Alameda,001,1643700,114157,113300,2548,115848,1320
2021-09-18,Alpine,003,1148,99,100,0,100,0
2021-09-18,Amador,005,37829,4951,4850,48,4898,59
2021-09-18,Butte,007,227075,18600,17961,3270,21231,230
2021-09-18,Calaveras,009,45235,3468,3361,34,3395,66
2021-09-18,Colusa,011,21464,2399,2373,536,2909,16
2021-09-18,Contra Costa,013,1133247,94542,93656,1893,95549,924
2021-09-18,Del Norte,015,27424,3462,3326,25,3351,34
2021-09-18,El Dorado,017,186661,14760,14472,1498,15970,127
2021-09-18,Fresno,019,978130,127111,124771,11365,136136,1889
2021-09-18,Glenn,021,27897,3193,3086,911,3997,25
2021-09-18,Humboldt,023,135768,8045,7881,394,8275,80
2021-09-18,Imperial,025,180216,31345,31096,2937,34033,755
2021-09-18,Inyo,027,18085,1673,1636,31,1667,39
2021-09-18,Kern,029,883053,116925,114781,17882,132663,1459
2021-09-18,Kings,031,150075,28939,28330,1607,29937,285
2021-09-18,Lake,033,64148,6104,5936,119,6055,87
2021-09-18,Lassen,035,31185,6296,6121,263,6384,25
2021-09-18,Los Angeles,037,10098052,1392924,1379880,51244,1431124,25849
2021-09-18,Madera,039,155013,20643,20126,1624,21750,257
2021-09-18,Marin,041,260295,16868,16685,385,17070,242
2021-09-18,Mariposa,043,17540,924,871,32,903,5
2021-09-18,Mendocino,045,87422,6718,6523,321,6844,67
2021-09-18,Merced,047,269075,38334,37977,1471,39448,535
2021-09-18,Modoc,049,8938,466,457,160,617,5
2021-09-18,Mono,051,14174,1513,1480,17,1497,3
2021-09-18,Monterey,053,433212,47302,46466,2518,48984,565
2021-09-18,Napa,055,140530,12296,12168,84,12252,95
2021-09-18,Nevada,057,99092,8313,8183,269,8452,84
2021-09-18,Orange,059,3164182,296337,293005,13824,306829,5354
2021-09-18,Placer,061,380077,33928,33309,3158,36467,364
2021-09-18,Plumas,063,18699,1263,1204,24,1228,5
2021-09-18,Riverside,065,2383286,346389,341136,15677,356813,4802
2021-09-18,Sacramento,067,1510023,147435,146162,3664,149826,2016
2021-09-18,San Benito,069,59416,6947,6937,140,7077,67
2021-09-18,San Bernardino,071,2135413,339343,336380,10460,346840,5501
2021-09-18,San Diego,073,3302833,352722,348848,20779,369627,4006
2021-09-18,San Francisco,075,870044,50035,49359,2098,51457,605
2021-09-18,San Joaquin,077,732212,93502,92242,4904,97146,1615
2021-09-18,San Luis Obispo,079,281455,27696,27181,1077,28258,313
2021-09-18,San Mateo,081,765935,51779,50961,764,51725,567
2021-09-18,Santa Barbara,083,443738,41873,41465,1449,42914,500
2021-09-18,Santa Clara,085,1922200,140550,139233,1077,140310,1841
2021-09-18,Santa Cruz,087,273765,19333,19079,957,20036,211
2021-09-18,Shasta,089,179085,18332,17777,2958,20735,258
2021-09-18,Sierra,091,2930,129,125,13,138,0
2021-09-18,Siskiyou,093,43540,3021,2875,1033,3908,35
2021-09-18,Solano,095,438530,43827,42966,1118,44084,312
2021-09-18,Sonoma,097,501317,39178,38891,474,39365,369
2021-09-18,Stanislaus,099,539301,72052,71587,8033,79620,1091
2021-09-18,Sutter,101,95872,12949,12829,241,13070,153
2021-09-18,Tehama,103,63373,7252,7055,1167,8222,84
2021-09-18,Trinity,105,12862,715,561,189,750,7
2021-09-18,Tulare,107,460477,61678,60003,12400,72403,896
2021-09-18,Tuolumne,109,53932,6151,6069,72,6141,89
2021-09-18,Ventura,111,848112,94415,93424,4063,97487,1120
2021-09-18,Yolo,113,214977,18485,18213,848,19061,239
2021-09-18,Yuba,115,75493,9193,9061,203,9264,61
2021-09-17,Alameda,001,1643700,114031,113070,2546,115616,1320
2021-09-17,Alpine,003,1148,99,99,0,99,0
2021-09-17,Amador,005,37829,4935,4835,47,4882,58
2021-09-17,Butte,007,227075,18548,17870,3261,21131,230
2021-09-17,Calaveras,009,45235,3456,3338,33,3371,66
2021-09-17,Colusa,011,21464,2398,2369,531,2900,16
2021-09-17,Contra Costa,013,1133247,94440,93485,1890,95375,924
2021-09-17,Del Norte,015,27424,3457,3311,23,3334,34
2021-09-17,El Dorado,017,186661,14741,14421,1496,15917,127
2021-09-17,Fresno,019,978130,126892,124296,11349,135645,1882
2021-09-17,Glenn,021,27897,3176,3072,907,3979,25
2021-09-17,Humboldt,023,135768,8024,7850,394,8244,80
2021-09-17,Imperial,025,180216,31319,31031,2936,33967,755
2021-09-17,Inyo,027,18085,1665,1634,31,1665,39
2021-09-17,Kern,029,883053,116734,114303,17785,132088,1456
2021-09-17,Kings,031,150075,28874,28240,1605,29845,281
2021-09-17,Lake,033,64148,6091,5915,119,6034,87
2021-09-17,Lassen,035,31185,6281,6080,261,6341,25
2021-09-17,Los Angeles,037,10098052,1391945,1377905,51178,1429083,25820
2021-09-17,Madera,039,155013,20592,20040,1612,21652,257
2021-09-17,Marin,041,260295,16855,16658,383,17041,242
2021-09-17,Mariposa,043,17540,922,869,32,901,5
2021-09-17,Mendocino,045,87422,6699,6498,321,6819,67
2021-09-17,Merced,047,269075,38287,37803,1469,39272,533
2021-09-17,Modoc,049,8938,466,456,160,616,5
2021-09-17,Mono,051,14174,1509,1457,17,1474,3
2021-09-17,Monterey,053,433212,47279,46421,2517,48938,564
2021-09-17,Napa,055,140530,12275,12153,84,12237,95
2021-09-17,Nevada,057,99092,8298,8157,269,8426,84
2021-09-17,Orange,059,3164182,296118,292685,13806,306491,5346
2021-09-17,Placer,061,380077,33868,33188,3148,36336,362
2021-09-17,Plumas,063,18699,1254,1192,23,1215,5
2021-09-17,Riverside,065,2383286,345989,340445,15666,356111,4792
2021-09-17,Sacramento,067,1510023,147236,145985,3653,149638,1999
2021-09-17,San Benito,069,59416,6944,6929,140,7069,67
2021-09-17,San Bernardino,071,2135413,338985,335810,10453,346263,5488
2021-09-17,San Diego,073,3302833,352298,348098,20762,368860,4002
2021-09-17,San Francisco,075,870044,49983,49249,2093,51342,605
2021-09-17,San Joaquin,077,732212,93364,91977,4893,96870,1610
2021-09-17,San Luis Obispo,079,281455,27662,27102,1066,28168,311
2021-09-17,San Mateo,081,765935,51726,50854,763,51617,564
2021-09-17,Santa Barbara,083,443738,41810,41354,1448,42802,498
2021-09-17,Santa Clara,085,1922200,140401,138939,1076,140015,1838
2021-09-17,Santa Cruz,087,273765,19309,19039,957,19996,211
2021-09-17,Shasta,089,179085,18262,17617,2945,20562,254
2021-09-17,Sierra,091,2930,129,124,13,137,0
2021-09-17,Siskiyou,093,43540,3006,2852,1033,3885,35
2021-09-17,Solano,095,438530,43764,42898,1114,44012,312
2021-09-17,Sonoma,097,501317,39141,38808,473,39281,369
2021-09-17,Stanislaus,099,539301,71945,71408,8015,79423,1091
2021-09-17,Sutter,101,95872,12933,12799,238,13037,153
2021-09-17,Tehama,103,63373,7229,7020,1155,8175,84
2021-09-17,Trinity,105,12862,710,556,188,744,7
2021-09-17,Tulare,107,460477,61563,59689,12365,72054,895
2021-09-17,Tuolumne,109,53932,6132,6047,72,6119,89
2021-09-17,Ventura,111,848112,94303,93273,4061,97334,1116
2021-09-17,Yolo,113,214977,18454,18177,844,19021,239
2021-09-17,Yuba,115,75493,9166,9019,202,9221,61
2021-09-16,Alameda,001,1643700,113854,112770,2543,115313,1318
2021-09-16,Alpine,003,1148,99,99,0,99,0
2021-09-16,Amador,005,37829,4915,4819,47,4866,58
2021-09-16,Butte,007,227075,18473,17750,3245,20995,230
2021-09-16,Calaveras,009,45235,3425,3313,33,3346,66
2021-09-16,Colusa,011,21464,2396,2363,529,2892,16
2021-09-16,Contra Costa,013,1133247,94268,93213,1882,95095,917
2021-09-16,Del Norte,015,27424,3439,3285,23,3308,34
2021-09-16,El Dorado,017,186661,14700,14372,1488,15860,127
2021-09-16,Fresno,019,978130,126535,123853,11308,135161,1868
2021-09-16,Glenn,021,27897,3166,3068,905,3973,24
2021-09-16,Humboldt,023,135768,7990,7809,386,8195,80
2021-09-16,Imperial,025,180216,31276,30966,2928,33894,753
2021-09-16,Inyo,027,18085,1663,1623,31,1654,39
2021-09-16,Kern,029,883053,116462,113828,17718,131546,1448
2021-09-16,Kings,031,150075,28788,28114,1597,29711,280
2021-09-16,Lake,033,64148,6067,5890,116,6006,87
2021-09-16,Lassen,035,31185,6246,6028,256,6284,25
2021-09-16,Los Angeles,037,10098052,1390553,1376277,51113,1427390,25796
2021-09-16,Madera,039,155013,20514,19974,1607,21581,257
2021-09-16,Marin,041,260295,16828,16625,382,17007,242
2021-09-16,Mariposa,043,17540,916,849,32,881,6
2021-09-16,Mendocino,045,87422,6661,6445,310,6755,67
2021-09-16,Merced,047,269075,38180,37675,1467,39142,532
2021-09-16,Modoc,049,8938,464,455,160,615,5
2021-09-16,Mono,051,14174,1503,1449,17,1466,3
2021-09-16,Monterey,053,433212,47225,46342,2511,48853,562
2021-09-16,Napa,055,140530,12250,12115,80,12195,95
2021-09-16,Nevada,057,99092,8271,8121,268,8389,84
2021-09-16,Orange,059,3164182,295772,292183,13786,305969,5340
2021-09-16,Placer,061,380077,33772,33037,3128,36165,354
2021-09-16,Plumas,063,18699,1245,1178,23,1201,5
2021-09-16,Riverside,065,2383286,345459,339770,15652,355422,4786
2021-09-16,Sacramento,067,1510023,146880,145754,3621,149375,1996
2021-09-16,San Benito,069,59416,6932,6913,139,7052,67
2021-09-16,San Bernardino,071,2135413,338561,335129,10446,345575,5474
2021-09-16,San Diego,073,3302833,351684,347472,20723,368195,3994
2021-09-16,San Francisco,075,870044,49897,49133,2085,51218,605
2021-09-16,San Joaquin,077,732212,93126,91650,4850,96500,1608
2021-09-16,San Luis Obispo,079,281455,27589,27044,1062,28106,310
2021-09-16,San Mateo,081,765935,51649,50773,761,51534,564
2021-09-16,Santa Barbara,083,443738,41744,41272,1445,42717,497
2021-09-16,Santa Clara,085,1922200,140247,138685,1072,139757,1835
2021-09-16,Santa Cruz,087,273765,19282,19011,957,19968,211
2021-09-16,Shasta,089,179085,18137,17438,2912,20350,251
2021-09-16,Sierra,091,2930,129,123,13,136,0
2021-09-16,Siskiyou,093,43540,2986,2819,1026,3845,35
2021-09-16,Solano,095,438530,43692,42792,1105,43897,312
2021-09-16,Sonoma,097,501317,39078,38707,472,39179,369
2021-09-16,Stanislaus,099,539301,71712,71105,7999,79104,1091
2021-09-16,Sutter,101,95872,12889,12729,233,12962,152
2021-09-16,Tehama,103,63373,7189,6953,1144,8097,83
2021-09-16,Trinity,105,12862,707,547,187,734,7
2021-09-16,Tulare,107,460477,61341,59459,12292,71751,894
2021-09-16,Tuolumne,109,53932,6112,5999,71,6070,89
2021-09-16,Ventura,111,848112,94163,93087,4057,97144,1110
2021-09-16,Yolo,113,214977,18422,18135,842,18977,239
2021-09-16,Yuba,115,75493,9132,8981,199,9180,61
2021-09-15,Alameda,001,1643700,113688,112498,2536,115034,1317
2021-09-15,Alpine,003,1148,99,99,0,99,0
2021-09-15,Amador,005,37829,4907,4792,47,4839,58
2021-09-15,Butte,007,227075,18374,17664,3225,20889,228
2021-09-15,Calaveras,009,45235,3396,3293,31,3324,66
2021-09-15,Colusa,011,21464,2394,2352,526,2878,16
2021-09-15,Contra Costa,013,1133247,94088,92989,1871,94860,913
2021-09-15,Del Norte,015,27424,3426,3271,21,3292,34
2021-09-15,El Dorado,017,186661,14674,14309,1478,15787,127
2021-09-15,Fresno,019,978130,126156,123370,11252,134622,1867
2021-09-15,Glenn,021,27897,3154,3051,900,3951,20
2021-09-15,Humboldt,023,135768,7955,7754,381,8135,52
2021-09-15,Imperial,025,180216,31221,30891,2923,33814,753
2021-09-15,Inyo,027,18085,1659,1614,31,1645,39
2021-09-15,Kern,029,883053,116115,113546,17620,131166,1434
2021-09-15,Kings,031,150075,28709,27991,1589,29580,279
2021-09-15,Lake,033,64148,6035,5852,115,5967,85
2021-09-15,Lassen,035,31185,6186,6018,251,6269,25
2021-09-15,Los Angeles,037,10098052,1389052,1374307,51044,1425351,25767
2021-09-15,Madera,039,155013,20439,19880,1600,21480,257
2021-09-15,Marin,041,260295,16793,16592,377,16969,242
2021-09-15,Mariposa,043,17540,904,843,32,875,5
2021-09-15,Mendocino,045,87422,6631,6399,305,6704,66
2021-09-15,Merced,047,269075,38072,37508,1465,38973,529
2021-09-15,Modoc,049,8938,464,454,160,614,5
2021-09-15,Mono,051,14174,1497,1445,17,1462,3
2021-09-15,Monterey,053,433212,47155,46317,2500,48817,562
2021-09-15,Napa,055,140530,12229,12082,80,12162,95
2021-09-15,Nevada,057,99092,8249,8081,265,8346,84
2021-09-15,Orange,059,3164182,295448,291834,13767,305601,5328
2021-09-15,Placer,061,380077,33660,32860,3107,35967,352
2021-09-15,Plumas,063,18699,1240,1164,22,1186,5
2021-09-15,Riverside,065,2383286,344876,339077,15628,354705,4769
2021-09-15,Sacramento,067,1510023,146453,145202,3590,148792,1981
2021-09-15,San Benito,069,59416,6929,6902,139,7041,67
2021-09-15,San Bernardino,071,2135413,338098,334556,10432,344988,5470
2021-09-15,San Diego,073,3302833,351065,346933,20695,367628,3983
2021-09-15,San Francisco,075,870044,49786,48999,2080,51079,605
2021-09-15,San Joaquin,077,732212,92850,91322,4810,96132,1607
2021-09-15,San Luis Obispo,079,281455,27506,26943,1056,27999,306
2021-09-15,San Mateo,081,765935,51567,50691,758,51449,564
2021-09-15,Santa Barbara,083,443738,41641,41077,1440,42517,497
2021-09-15,Santa Clara,085,1922200,140073,138410,1067,139477,1833
2021-09-15,Santa Cruz,087,273765,19244,18984,955,19939,210
2021-09-15,Shasta,089,179085,18026,17317,2891,20208,250
2021-09-15,Sierra,091,2930,129,123,13,136,0
2021-09-15,Siskiyou,093,43540,2966,2804,996,3800,35
2021-09-15,Solano,095,438530,43620,42682,1100,43782,312
2021-09-15,Sonoma,097,501317,39020,38629,472,39101,369
2021-09-15,Stanislaus,099,539301,71488,70852,7977,78829,1091
2021-09-15,Sutter,101,95872,12856,12699,228,12927,151
2021-09-15,Tehama,103,63373,7148,6894,1135,8029,79
2021-09-15,Trinity,105,12862,705,541,185,726,7
2021-09-15,Tulare,107,460477,61082,59149,12231,71380,890
2021-09-15,Tuolumne,109,53932,6086,5969,71,6040,89
2021-09-15,Ventura,111,848112,94020,92960,4050,97010,1109
2021-09-15,Yolo,113,214977,18388,18064,836,18900,239
2021-09-15,Yuba,115,75493,9098,8953,199,9152,61
2021-09-14,Alameda,001,1643700,113480,112329,2531,114860,1316
2021-09-14,Alpine,003,1148,99,98,0,98,0
2021-09-14,Amador,005,37829,4887,4790,47,4837,57
2021-09-14,Butte,007,227075,18241,17516,3201,20717,226
2021-09-14,Calaveras,009,45235,3376,3280,28,3308,66
2021-09-14,Colusa,011,21464,2390,2344,523,2867,16
2021-09-14,Contra Costa,013,1133247,93890,92822,1863,94685,908
2021-09-14,Del Norte,015,27424,3410,3252,21,3273,32
2021-09-14,El Dorado,017,186661,14621,14247,1470,15717,123
2021-09-14,Fresno,019,978130,125681,123151,11200,134351,1856
2021-09-14,Glenn,021,27897,3137,3045,896,3941,20
2021-09-14,Humboldt,023,135768,7921,7717,376,8093,52
2021-09-14,Imperial,025,180216,31172,30845,2920,33765,752
2021-09-14,Inyo,027,18085,1650,1605,30,1635,39
2021-09-14,Kern,029,883053,115732,113250,17497,130747,1428
2021-09-14,Kings,031,150075,28633,27955,1581,29536,278
2021-09-14,Lake,033,64148,6003,5845,115,5960,83
2021-09-14,Lassen,035,31185,6172,5977,246,6223,25
2021-09-14,Los Angeles,037,10098052,1387215,1372831,50962,1423793,25729
2021-09-14,Madera,039,155013,20357,19800,1589,21389,254
2021-09-14,Marin,041,260295,16765,16584,375,16959,242
2021-09-14,Mariposa,043,17540,893,834,31,865,5
2021-09-14,Mendocino,045,87422,6595,6372,294,6666,65
2021-09-14,Merced,047,269075,37922,37430,1461,38891,526
2021-09-14,Modoc,049,8938,463,453,160,613,5
2021-09-14,Mono,051,14174,1493,1440,17,1457,4
2021-09-14,Monterey,053,433212,47114,46224,2489,48713,558
2021-09-14,Napa,055,140530,12196,12070,79,12149,91
2021-09-14,Nevada,057,99092,8215,8056,265,8321,83
2021-09-14,Orange,059,3164182,295055,291423,13743,305166,5319
2021-09-14,Placer,061,380077,33528,32735,3087,35822,350
2021-09-14,Plumas,063,18699,1225,1148,22,1170,5
2021-09-14,Riverside,065,2383286,344235,338534,15597,354131,4748
2021-09-14,Sacramento,067,1510023,146068,145051,3542,148593,1977
2021-09-14,San Benito,069,59416,6919,6887,139,7026,64
2021-09-14,San Bernardino,071,2135413,337600,333968,10407,344375,5465
2021-09-14,San Diego,073,3302833,350405,346204,20644,366848,3966
2021-09-14,San Francisco,075,870044,49652,48998,2078,51076,603
2021-09-14,San Joaquin,077,732212,92611,91128,4801,95929,1596
2021-09-14,San Luis Obispo,079,281455,27433,26845,1051,27896,304
2021-09-14,San Mateo,081,765935,51470,50602,755,51357,564
2021-09-14,Santa Barbara,083,443738,41545,40783,1431,42214,495
2021-09-14,Santa Clara,085,1922200,139838,138321,1064,139385,1828
2021-09-14,Santa Cruz,087,273765,19204,18965,953,19918,210
2021-09-14,Shasta,089,179085,17895,17152,2870,20022,246
2021-09-14,Sierra,091,2930,129,123,13,136,0
2021-09-14,Siskiyou,093,43540,2942,2756,979,3735,35
2021-09-14,Solano,095,438530,43537,42599,1097,43696,307
2021-09-14,Sonoma,097,501317,38951,38595,468,39063,369
2021-09-14,Stanislaus,099,539301,71228,70697,7949,78646,1091
2021-09-14,Sutter,101,95872,12814,12670,221,12891,149
2021-09-14,Tehama,103,63373,7094,6859,1127,7986,80
2021-09-14,Trinity,105,12862,699,538,184,722,7
2021-09-14,Tulare,107,460477,60829,58961,12160,71121,888
2021-09-14,Tuolumne,109,53932,6065,5951,69,6020,89
2021-09-14,Ventura,111,848112,93835,92841,4033,96874,1107
2021-09-14,Yolo,113,214977,18344,18039,831,18870,239
2021-09-14,Yuba,115,75493,9062,8928,199,9127,61
2021-09-13,Alameda,001,1643700,113266,112159,2526,114685,1309
2021-09-13,Alpine,003,1148,98,98,0,98,0
2021-09-13,Amador,005,37829,4869,4761,47,4808,56
2021-09-13,Butte,007,227075,18116,17393,3173,20566,225
2021-09-13,Calaveras,009,45235,3350,3253,27,3280,65
2021-09-13,Colusa,011,21464,2381,2346,519,2865,16
2021-09-13,Contra Costa,013,1133247,93645,92658,1858,94516,908
2021-09-13,Del Norte,015,27424,3374,3232,21,3253,28
2021-09-13,El Dorado,017,186661,14560,14194,1462,15656,119
2021-09-13,Fresno,019,978130,125214,122650,11134,133784,1853
2021-09-13,Glenn,021,27897,3123,3026,890,3916,20
2021-09-13,Humboldt,023,135768,7889,7659,373,8032,52
2021-09-13,Imperial,025,180216,31119,30802,2917,33719,751
2021-09-13,Inyo,027,18085,1643,1602,30,1632,39
2021-09-13,Kern,029,883053,115349,112930,17375,130305,1424
2021-09-13,Kings,031,150075,28523,27858,1569,29427,275
2021-09-13,Lake,033,64148,5981,5809,115,5924,82
2021-09-13,Lassen,035,31185,6137,5953,245,6198,25
2021-09-13,Los Angeles,037,10098052,1385351,1371423,50896,1422319,25703
2021-09-13,Madera,039,155013,20287,19735,1574,21309,252
2021-09-13,Marin,041,260295,16729,16557,374,16931,242
2021-09-13,Mariposa,043,17540,879,825,31,856,5
2021-09-13,Mendocino,045,87422,6560,6323,285,6608,61
2021-09-13,Merced,047,269075,37772,37291,1456,38747,521
2021-09-13,Modoc,049,8938,462,451,160,611,5
2021-09-13,Mono,051,14174,1487,1435,17,1452,3
2021-09-13,Monterey,053,433212,47023,46188,2476,48664,558
2021-09-13,Napa,055,140530,12178,12039,79,12118,91
2021-09-13,Nevada,057,99092,8189,8021,263,8284,83
2021-09-13,Orange,059,3164182,294623,291128,13722,304850,5312
2021-09-13,Placer,061,380077,33363,32617,3070,35687,343
2021-09-13,Plumas,063,18699,1216,1142,22,1164,5
2021-09-13,Riverside,065,2383286,343590,337876,15579,353455,4731
2021-09-13,Sacramento,067,1510023,145581,144537,3509,148046,1956
2021-09-13,San Benito,069,59416,6904,6867,138,7005,64
2021-09-13,San Bernardino,071,2135413,337109,333613,10382,343995,5441
2021-09-13,San Diego,073,3302833,349618,345647,20592,366239,3961
2021-09-13,San Francisco,075,870044,49523,48914,2072,50986,603
2021-09-13,San Joaquin,077,732212,92326,90966,4783,95749,1581
2021-09-13,San Luis Obispo,079,281455,27336,26805,1048,27853,300
2021-09-13,San Mateo,081,765935,51378,50525,750,51275,564
2021-09-13,Santa Barbara,083,443738,41426,40661,1424,42085,494
2021-09-13,Santa Clara,085,1922200,139593,138152,1059,139211,1820
2021-09-13,Santa Cruz,087,273765,19164,18917,952,19869,210
2021-09-13,Shasta,089,179085,17765,17033,2830,19863,243
2021-09-13,Sierra,091,2930,129,123,13,136,0
2021-09-13,Siskiyou,093,43540,2927,2745,967,3712,35
2021-09-13,Solano,095,438530,43433,42501,1094,43595,306
2021-09-13,Sonoma,097,501317,38884,38513,465,38978,368
2021-09-13,Stanislaus,099,539301,70974,70477,7913,78390,1091
2021-09-13,Sutter,101,95872,12756,12624,217,12841,145
2021-09-13,Tehama,103,63373,7031,6803,1115,7918,79
2021-09-13,Trinity,105,12862,697,533,182,715,7
2021-09-13,Tulare,107,460477,60546,58768,12100,70868,887
2021-09-13,Tuolumne,109,53932,6034,5909,69,5978,89
2021-09-13,Ventura,111,848112,93673,92679,4026,96705,1107
2021-09-13,Yolo,113,214977,18299,17974,825,18799,239
2021-09-13,Yuba,115,75493,9017,8884,198,9082,61
2021-09-12,Alameda,001,1643700,113003,111961,2523,114484,1309
2021-09-12,Alpine,003,1148,98,98,0,98,0
2021-09-12,Amador,005,37829,4848,4752,47,4799,56
2021-09-12,Butte,007,227075,17971,17257,3125,20382,221
2021-09-12,Calaveras,009,45235,3319,3236,23,3259,65
2021-09-12,Colusa,011,21464,2378,2344,518,2862,16
2021-09-12,Contra Costa,013,1133247,93377,92498,1846,94344,908
2021-09-12,Del Norte,015,27424,3339,3200,21,3221,28
2021-09-12,El Dorado,017,186661,14487,14167,1446,15613,119
2021-09-12,Fresno,019,978130,124696,122407,11077,133484,1853
2021-09-12,Glenn,021,27897,3106,3016,884,3900,20
2021-09-12,Humboldt,023,135768,7819,7636,362,7998,52
2021-09-12,Imperial,025,180216,31056,30790,2912,33702,751
2021-09-12,Inyo,027,18085,1633,1596,30,1626,39
2021-09-12,Kern,029,883053,114937,112602,17216,129818,1424
2021-09-12,Kings,031,150075,28412,27764,1552,29316,274
2021-09-12,Lake,033,64148,5941,5781,113,5894,82
2021-09-12,Lassen,035,31185,6100,5943,236,6179,25
2021-09-12,Los Angeles,037,10098052,1383294,1365968,50822,1416790,25630
2021-09-12,Madera,039,155013,20200,19691,1562,21253,252
2021-09-12,Marin,041,260295,16706,16526,374,16900,242
2021-09-12,Mariposa,043,17540,868,811,29,840,5
2021-09-12,Mendocino,045,87422,6520,6283,276,6559,61
2021-09-12,Merced,047,269075,37600,37172,1445,38617,521
2021-09-12,Modoc,049,8938,462,451,159,610,5
2021-09-12,Mono,051,14174,1480,1431,17,1448,3
2021-09-12,Monterey,053,433212,46924,46167,2466,48633,558
2021-09-12,Napa,055,140530,12148,12011,79,12090,91
2021-09-12,Nevada,057,99092,8149,7987,262,8249,83
2021-09-12,Orange,059,3164182,294159,290718,13701,304419,5312
2021-09-12,Placer,061,380077,33214,32520,3048,35568,343
2021-09-12,Plumas,063,18699,1197,1138,22,1160,5
2021-09-12,Riverside,065,2383286,342906,337332,15545,352877,4731
2021-09-12,Sacramento,067,1510023,145075,144030,3470,147500,1959
2021-09-12,San Benito,069,59416,6885,6852,137,6989,64
2021-09-12,San Bernardino,071,2135413,336495,333049,10369,343418,5439
2021-09-12,San Diego,073,3302833,348808,345058,20516,365574,3942
2021-09-12,San Francisco,075,870044,49412,48819,2065,50884,603
2021-09-12,San Joaquin,077,732212,91997,90730,4775,95505,1581
2021-09-12,San Luis Obispo,079,281455,27217,26729,1035,27764,299
2021-09-12,San Mateo,081,765935,51268,50432,746,51178,564
2021-09-12,Santa Barbara,083,443738,41314,40600,1417,42017,494
2021-09-12,Santa Clara,085,1922200,139336,137899,1056,138955,1820
2021-09-12,Santa Cruz,087,273765,19131,18892,951,19843,210
2021-09-12,Shasta,089,179085,17600,16957,2772,19729,243
2021-09-12,Sierra,091,2930,129,123,13,136,0
2021-09-12,Siskiyou,093,43540,2899,2730,952,3682,35
2021-09-12,Solano,095,438530,43327,42409,1091,43500,306
2021-09-12,Sonoma,097,501317,38804,38456,463,38919,368
2021-09-12,Stanislaus,099,539301,70675,70184,7874,78058,1091
2021-09-12,Sutter,101,95872,12714,12589,211,12800,145
2021-09-12,Tehama,103,63373,6967,6732,1103,7835,79
2021-09-12,Trinity,105,12862,693,529,180,709,7
2021-09-12,Tulare,107,460477,60193,58582,12040,70622,887
2021-09-12,Tuolumne,109,53932,6001,5888,69,5957,89
2021-09-12,Ventura,111,848112,93546,92496,4020,96516,1107
2021-09-12,Yolo,113,214977,18233,17943,817,18760,239
2021-09-12,Yuba,115,75493,8982,8842,198,9040,61
2021-09-11,Alameda,001,1643700,112879,111715,2521,114236,1309
2021-09-11,Alpine,003,1148,98,98,0,98,0
2021-09-11,Amador,005,37829,4835,4728,46,4774,56
2021-09-11,Butte,007,227075,17888,17218,3098,20316,221
2021-09-11,Calaveras,009,45235,3311,3208,22,3230,65
2021-09-11,Colusa,011,21464,2377,2338,515,2853,16
2021-09-11,Contra Costa,013,1133247,93258,92269,1842,94111,908
2021-09-11,Del Norte,015,27424,3323,3184,21,3205,28
2021-09-11,El Dorado,017,186661,14468,14117,1439,15556,119
2021-09-11,Fresno,019,978130,124517,122224,11052,133276,1853
2021-09-11,Glenn,021,27897,3096,3007,881,3888,20
2021-09-11,Humboldt,023,135768,7797,7615,359,7974,52
2021-09-11,Imperial,025,180216,31031,30760,2909,33669,751
2021-09-11,Inyo,027,18085,1630,1590,30,1620,39
2021-09-11,Kern,029,883053,114687,112205,17102,129307,1424
2021-09-11,Kings,031,150075,28363,27631,1546,29177,275
2021-09-11,Lake,033,64148,5920,5761,113,5874,82
2021-09-11,Lassen,035,31185,6085,5930,232,6162,25
2021-09-11,Los Angeles,037,10098052,1382323,1365831,50758,1416589,25630
2021-09-11,Madera,039,155013,20147,19648,1557,21205,252
2021-09-11,Marin,041,260295,16678,16496,373,16869,242
2021-09-11,Mariposa,043,17540,863,799,29,828,5
2021-09-11,Mendocino,045,87422,6496,6257,276,6533,61
2021-09-11,Merced,047,269075,37546,37042,1442,38484,521
2021-09-11,Modoc,049,8938,462,449,159,608,5
2021-09-11,Mono,051,14174,1474,1431,17,1448,3
2021-09-11,Monterey,053,433212,46887,46140,2463,48603,558
2021-09-11,Napa,055,140530,12125,11991,79,12070,91
2021-09-11,Nevada,057,99092,8134,7967,262,8229,83
2021-09-11,Orange,059,3164182,293857,290429,13685,304114,5306
2021-09-11,Placer,061,380077,33131,32414,3037,35451,344
2021-09-11,Plumas,063,18699,1190,1112,22,1134,5
2021-09-11,Riverside,065,2383286,342468,336585,15532,352117,4731
2021-09-11,Sacramento,067,1510023,144774,143557,3458,147015,1955
2021-09-11,San Benito,069,59416,6872,6844,137,6981,64
2021-09-11,San Bernardino,071,2135413,336152,332512,10355,342867,5430
2021-09-11,San Diego,073,3302833,348324,344355,20492,364847,3942
2021-09-11,San Francisco,075,870044,49357,48660,2060,50720,603
2021-09-11,San Joaquin,077,732212,91854,90482,4768,95250,1581
2021-09-11,San Luis Obispo,079,281455,27171,26651,1034,27685,299
2021-09-11,San Mateo,081,765935,51196,50341,745,51086,564
2021-09-11,Santa Barbara,083,443738,41241,40451,1417,41868,494
2021-09-11,Santa Clara,085,1922200,139184,137659,1053,138712,1820
2021-09-11,Santa Cruz,087,273765,19102,18865,951,19816,210
2021-09-11,Shasta,089,179085,17506,16877,2752,19629,243
2021-09-11,Sierra,091,2930,129,123,13,136,0
2021-09-11,Siskiyou,093,43540,2882,2717,949,3666,35
2021-09-11,Solano,095,438530,43276,42344,1088,43432,306
2021-09-11,Sonoma,097,501317,38757,38399,461,38860,368
2021-09-11,Stanislaus,099,539301,70550,69974,7861,77835,1091
2021-09-11,Sutter,101,95872,12688,12538,208,12746,145
2021-09-11,Tehama,103,63373,6946,6703,1095,7798,79
2021-09-11,Trinity,105,12862,686,526,180,706,7
2021-09-11,Tulare,107,460477,60081,58321,11994,70315,889
2021-09-11,Tuolumne,109,53932,5982,5879,66,5945,89
2021-09-11,Ventura,111,848112,93464,92328,4015,96343,1107
2021-09-11,Yolo,113,214977,18209,17906,813,18719,239
2021-09-11,Yuba,115,75493,8957,8813,198,9011,61
2021-09-10,Alameda,001,1643700,112689,111386,2520,113906,1306
2021-09-10,Alpine,003,1148,97,97,0,97,0
2021-09-10,Amador,005,37829,4823,4706,46,4752,56
2021-09-10,Butte,007,227075,17813,17051,3080,20131,222
2021-09-10,Calaveras,009,45235,3303,3183,22,3205,65
2021-09-10,Colusa,011,21464,2373,2327,512,2839,16
2021-09-10,Contra Costa,013,1133247,93135,92024,1840,93864,908
2021-09-10,Del Norte,015,27424,3308,3128,20,3148,28
2021-09-10,El Dorado,017,186661,14438,14051,1435,15486,119
2021-09-10,Fresno,019,978130,124194,121659,11023,132682,1846
2021-09-10,Glenn,021,27897,3089,2977,880,3857,20
2021-09-10,Humboldt,023,135768,7765,7543,355,7898,52
2021-09-10,Imperial,025,180216,31008,30716,2907,33623,751
2021-09-10,Inyo,027,18085,1626,1590,30,1620,39
2021-09-10,Kern,029,883053,114433,111832,16986,128818,1419
2021-09-10,Kings,031,150075,28289,27473,1539,29012,274
2021-09-10,Lake,033,64148,5904,5713,111,5824,79
2021-09-10,Lassen,035,31185,6077,5914,229,6143,25
2021-09-10,Los Angeles,037,10098052,1381120,1365709,50692,1416401,25630
2021-09-10,Madera,039,155013,20101,19520,1550,21070,252
2021-09-10,Marin,041,260295,16658,16458,370,16828,242
2021-09-10,Mariposa,043,17540,858,795,29,824,5
2021-09-10,Mendocino,045,87422,6464,6184,275,6459,61
2021-09-10,Merced,047,269075,37494,36884,1441,38325,521
2021-09-10,Modoc,049,8938,462,448,159,607,5
2021-09-10,Mono,051,14174,1469,1422,17,1439,3
2021-09-10,Monterey,053,433212,46843,46084,2461,48545,557
2021-09-10,Napa,055,140530,12100,11948,79,12027,90
2021-09-10,Nevada,057,99092,8116,7932,261,8193,83
2021-09-10,Orange,059,3164182,293549,290022,13675,303697,5302
2021-09-10,Placer,061,380077,33029,32264,3024,35288,343
2021-09-10,Plumas,063,18699,1182,1111,22,1133,5
2021-09-10,Riverside,065,2383286,341995,335988,15525,351513,4720
2021-09-10,Sacramento,067,1510023,144431,143244,3450,146694,1950
2021-09-10,San Benito,069,59416,6868,6824,137,6961,64
2021-09-10,San Bernardino,071,2135413,335733,331894,10346,342240,5422
2021-09-10,San Diego,073,3302833,347777,343173,20455,363628,3941
2021-09-10,San Francisco,075,870044,49278,48518,2053,50571,602
2021-09-10,San Joaquin,077,732212,91674,90208,4762,94970,1573
2021-09-10,San Luis Obispo,079,281455,27138,26526,1032,27558,299
2021-09-10,San Mateo,081,765935,51129,50251,744,50995,564
2021-09-10,Santa Barbara,083,443738,41188,40321,1414,41735,492
2021-09-10,Santa Clara,085,1922200,139000,137337,1052,138389,1817
2021-09-10,Santa Cruz,087,273765,19083,18785,950,19735,210
2021-09-10,Shasta,089,179085,17412,16667,2724,19391,242
2021-09-10,Sierra,091,2930,129,117,13,130,0
2021-09-10,Siskiyou,093,43540,2870,2702,945,3647,35
2021-09-10,Solano,095,438530,43202,42230,1081,43311,305
2021-09-10,Sonoma,097,501317,38699,38271,460,38731,368
2021-09-10,Stanislaus,099,539301,70394,69617,7837,77454,1091
2021-09-10,Sutter,101,95872,12654,12468,208,12676,145
2021-09-10,Tehama,103,63373,6913,6652,1089,7741,77
2021-09-10,Trinity,105,12862,682,524,180,704,7
2021-09-10,Tulare,107,460477,59933,57930,11947,69877,883
2021-09-10,Tuolumne,109,53932,5963,5842,66,5908,89
2021-09-10,Ventura,111,848112,93367,92145,4011,96156,1104
2021-09-10,Yolo,113,214977,18184,17825,808,18633,239
2021-09-10,Yuba,115,75493,8938,8760,197,8957,62
2021-09-09,Alameda,001,1643700,112470,111014,2516,113530,1306
2021-09-09,Alpine,003,1148,97,94,0,94,0
2021-09-09,Amador,005,37829,4802,4698,45,4743,56
2021-09-09,Butte,007,227075,17666,16874,3053,19927,221
2021-09-09,Calaveras,009,45235,3269,3165,22,3187,65
2021-09-09,Colusa,011,21464,2366,2321,511,2832,16
2021-09-09,Contra Costa,013,1133247,92925,91687,1835,93522,904
2021-09-09,Del Norte,015,27424,3285,3102,20,3122,28
2021-09-09,El Dorado,017,186661,14381,13970,1425,15395,119
2021-09-09,Fresno,019,978130,123718,121040,10977,132017,1838
2021-09-09,Glenn,021,27897,3077,2947,876,3823,20
2021-09-09,Humboldt,023,135768,7715,7471,349,7820,52
2021-09-09,Imperial,025,180216,30970,30661,2904,33565,751
2021-09-09,Inyo,027,18085,1619,1586,30,1616,39
2021-09-09,Kern,029,883053,114086,111390,16830,128220,1414
2021-09-09,Kings,031,150075,28188,27282,1528,28810,273
2021-09-09,Lake,033,64148,5880,5638,109,5747,79
2021-09-09,Lassen,035,31185,6027,5860,223,6083,25
2021-09-09,Los Angeles,037,10098052,1379253,1363735,50619,1414354,25583
2021-09-09,Madera,039,155013,20028,19401,1537,20938,252
2021-09-09,Marin,041,260295,16635,16416,367,16783,242
2021-09-09,Mariposa,043,17540,845,779,28,807,5
2021-09-09,Mendocino,045,87422,6430,6089,266,6355,61
2021-09-09,Merced,047,269075,37340,36634,1428,38062,516
2021-09-09,Modoc,049,8938,462,448,159,607,5
2021-09-09,Mono,051,14174,1459,1420,17,1437,3
2021-09-09,Monterey,053,433212,46789,45991,2450,48441,556
2021-09-09,Napa,055,140530,12068,11878,79,11957,90
2021-09-09,Nevada,057,99092,8078,7855,261,8116,82
2021-09-09,Orange,059,3164182,293140,289109,13644,302753,5299
2021-09-09,Placer,061,380077,32911,32048,3009,35057,342
2021-09-09,Plumas,063,18699,1171,1098,22,1120,5
2021-09-09,Riverside,065,2383286,341356,334774,15507,350281,4701
2021-09-09,Sacramento,067,1510023,143951,142728,3405,146133,1929
2021-09-09,San Benito,069,59416,6858,6820,136,6956,64
2021-09-09,San Bernardino,071,2135413,335164,331040,10333,341373,5417
2021-09-09,San Diego,073,3302833,347063,342149,20398,362547,3929
2021-09-09,San Francisco,075,870044,49164,48404,2044,50448,597
2021-09-09,San Joaquin,077,732212,91401,89874,4744,94618,1570
2021-09-09,San Luis Obispo,079,281455,27056,26472,1029,27501,296
2021-09-09,San Mateo,081,765935,51008,50143,741,50884,561
2021-09-09,Santa Barbara,083,443738,41082,40180,1410,41590,490
2021-09-09,Santa Clara,085,1922200,138777,137017,1047,138064,1816
2021-09-09,Santa Cruz,087,273765,19037,18728,950,19678,210
2021-09-09,Shasta,089,179085,17266,16401,2683,19084,238
2021-09-09,Sierra,091,2930,129,115,13,128,0
2021-09-09,Siskiyou,093,43540,2847,2683,931,3614,35
2021-09-09,Solano,095,438530,43086,42081,1077,43158,303
2021-09-09,Sonoma,097,501317,38631,38171,459,38630,360
2021-09-09,Stanislaus,099,539301,70115,69178,7805,76983,1074
2021-09-09,Sutter,101,95872,12599,12396,206,12602,144
2021-09-09,Tehama,103,63373,6859,6554,1084,7638,75
2021-09-09,Trinity,105,12862,676,523,178,701,6
2021-09-09,Tulare,107,460477,59691,57564,11888,69452,879
2021-09-09,Tuolumne,109,53932,5935,5802,65,5867,89
2021-09-09,Ventura,111,848112,93222,91610,4002,95612,1098
2021-09-09,Yolo,113,214977,18126,17724,805,18529,239
2021-09-09,Yuba,115,75493,8893,8707,194,8901,55
2021-09-08,Alameda,001,1643700,112223,110781,2513,113294,1305
2021-09-08,Alpine,003,1148,97,94,0,94,0
2021-09-08,Amador,005,37829,4790,4693,45,4738,56
2021-09-08,Butte,007,227075,17532,16775,3034,19809,220
2021-09-08,Calaveras,009,45235,3251,3157,22,3179,63
2021-09-08,Colusa,011,21464,2364,2308,511,2819,16
2021-09-08,Contra Costa,013,1133247,92645,91471,1830,93301,900
2021-09-08,Del Norte,015,27424,3262,3085,20,3105,25
2021-09-08,El Dorado,017,186661,14301,13928,1405,15333,119
2021-09-08,Fresno,019,978130,123220,120644,10914,131558,1831
2021-09-08,Glenn,021,27897,3062,2942,867,3809,20
2021-09-08,Humboldt,023,135768,7671,7438,341,7779,52
2021-09-08,Imperial,025,180216,30937,30609,2891,33500,751
2021-09-08,Inyo,027,18085,1608,1580,30,1610,39
2021-09-08,Kern,029,883053,113688,110933,16692,127625,1409
2021-09-08,Kings,031,150075,28059,27235,1514,28749,267
2021-09-08,Lake,033,64148,5849,5618,107,5725,79
2021-09-08,Lassen,035,31185,6009,5848,216,6064,25
2021-09-08,Los Angeles,037,10098052,1377187,1362029,50530,1412559,25533
2021-09-08,Madera,039,155013,19968,19352,1524,20876,252
2021-09-08,Marin,041,260295,16607,16386,366,16752,242
2021-09-08,Mariposa,043,17540,833,777,27,804,5
2021-09-08,Mendocino,045,87422,6386,6069,257,6326,61
2021-09-08,Merced,047,269075,37179,36500,1416,37916,516
2021-09-08,Modoc,049,8938,462,448,159,607,5
2021-09-08,Mono,051,14174,1453,1418,17,1435,3
2021-09-08,Monterey,053,433212,46740,45959,2444,48403,554
2021-09-08,Napa,055,140530,12033,11842,77,11919,90
2021-09-08,Nevada,057,99092,8043,7843,260,8103,82
2021-09-08,Orange,059,3164182,292731,288511,13621,302132,5290
2021-09-08,Placer,061,380077,32774,31852,2992,34844,337
2021-09-08,Plumas,063,18699,1164,1072,22,1094,5
2021-09-08,Riverside,065,2383286,340597,334037,15482,349519,4683
2021-09-08,Sacramento,067,1510023,143472,142448,3357,145805,1921
2021-09-08,San Benito,069,59416,6840,6800,136,6936,64
2021-09-08,San Bernardino,071,2135413,334560,330279,10316,340595,5411
2021-09-08,San Diego,073,3302833,346146,341437,20347,361784,3926
2021-09-08,San Francisco,075,870044,49026,48263,2040,50303,589
2021-09-08,San Joaquin,077,732212,91121,89631,4720,94351,1561
2021-09-08,San Luis Obispo,079,281455,26962,26303,1024,27327,294
2021-09-08,San Mateo,081,765935,50903,50051,741,50792,561
2021-09-08,Santa Barbara,083,443738,40970,40000,1406,41406,490
2021-09-08,Santa Clara,085,1922200,138544,136836,1043,137879,1810
2021-09-08,Santa Cruz,087,273765,19000,18699,950,19649,210
2021-09-08,Shasta,089,179085,17111,16227,2636,18863,234
2021-09-08,Sierra,091,2930,129,113,13,126,0
2021-09-08,Siskiyou,093,43540,2814,2643,920,3563,35
2021-09-08,Solano,095,438530,42994,41971,1074,43045,302
2021-09-08,Sonoma,097,501317,38547,38075,458,38533,360
2021-09-08,Stanislaus,099,539301,69884,68945,7766,76711,1074
2021-09-08,Sutter,101,95872,12534,12349,203,12552,144
2021-09-08,Tehama,103,63373,6792,6520,1067,7587,75
2021-09-08,Trinity,105,12862,673,520,174,694,6
2021-09-08,Tulare,107,460477,59367,57425,11833,69258,876
2021-09-08,Tuolumne,109,53932,5903,5783,63,5846,89
2021-09-08,Ventura,111,848112,93070,91345,3984,95329,1096
2021-09-08,Yolo,113,214977,18045,17680,800,18480,239
2021-09-08,Yuba,115,75493,8851,8675,192,8867,55
2021-09-07,Alameda,001,1643700,111922,110550,2506,113056,1301
2021-09-07,Alpine,003,1148,96,94,0,94,0
2021-09-07,Amador,005,37829,4763,4679,45,4724,53
2021-09-07,Butte,007,227075,17376,16723,2997,19720,220
2021-09-07,Calaveras,009,45235,3210,3140,20,3160,63
2021-09-07,Colusa,011,21464,2354,2306,509,2815,16
2021-09-07,Contra Costa,013,1133247,92382,91167,1824,92991,891
2021-09-07,Del Norte,015,27424,3248,3081,20,3101,24
2021-09-07,El Dorado,017,186661,14229,13892,1390,15282,119
2021-09-07,Fresno,019,978130,122662,120268,10821,131089,1828
2021-09-07,Glenn,021,27897,3050,2937,861,3798,20
2021-09-07,Humboldt,023,135768,7611,7397,324,7721,52
2021-09-07,Imperial,025,180216,30897,30584,2883,33467,751
2021-09-07,Inyo,027,18085,1602,1579,29,1608,39
2021-09-07,Kern,029,883053,113256,110674,16534,127208,1408
2021-09-07,Kings,031,150075,27935,27169,1496,28665,267
2021-09-07,Lake,033,64148,5806,5597,99,5696,78
2021-09-07,Lassen,035,31185,5991,5842,210,6052,21
2021-09-07,Los Angeles,037,10098052,1374957,1360407,50438,1410845,25486
2021-09-07,Madera,039,155013,19881,19316,1516,20832,249
2021-09-07,Marin,041,260295,16568,16363,366,16729,242
2021-09-07,Mariposa,043,17540,817,771,27,798,5
2021-09-07,Mendocino,045,87422,6326,6036,247,6283,61
2021-09-07,Merced,047,269075,37005,36400,1410,37810,513
2021-09-07,Modoc,049,8938,460,449,159,608,5
2021-09-07,Mono,051,14174,1444,1416,17,1433,3
2021-09-07,Monterey,053,433212,46657,45911,2432,48343,543
2021-09-07,Napa,055,140530,11992,11814,77,11891,90
2021-09-07,Nevada,057,99092,8016,7829,260,8089,82
2021-09-07,Orange,059,3164182,292302,288225,13590,301815,5274
2021-09-07,Placer,061,380077,32621,31710,2964,34674,337
2021-09-07,Plumas,063,18699,1149,1071,22,1093,5
2021-09-07,Riverside,065,2383286,339810,333390,15463,348853,4666
2021-09-07,Sacramento,067,1510023,142934,142364,3312,145676,1905
2021-09-07,San Benito,069,59416,6822,6786,136,6922,64
2021-09-07,San Bernardino,071,2135413,333813,329962,10291,340253,5407
2021-09-07,San Diego,073,3302833,345149,340709,20281,360990,3922
2021-09-07,San Francisco,075,870044,48886,48175,2035,50210,589
2021-09-07,San Joaquin,077,732212,90785,89468,4706,94174,1548
2021-09-07,San Luis Obispo,079,281455,26845,26253,1015,27268,287
2021-09-07,San Mateo,081,765935,50808,49913,740,50653,561
2021-09-07,Santa Barbara,083,443738,40844,39957,1401,41358,489
2021-09-07,Santa Clara,085,1922200,138256,136631,1038,137669,1807
2021-09-07,Santa Cruz,087,273765,18951,18669,948,19617,210
2021-09-07,Shasta,089,179085,16955,16096,2584,18680,226
2021-09-07,Sierra,091,2930,129,111,13,124,0
2021-09-07,Siskiyou,093,43540,2788,2607,903,3510,34
2021-09-07,Solano,095,438530,42864,41862,1070,42932,300
2021-09-07,Sonoma,097,501317,38463,38013,456,38469,358
2021-09-07,Stanislaus,099,539301,69613,68831,7739,76570,1074
2021-09-07,Sutter,101,95872,12460,12310,197,12507,138
2021-09-07,Tehama,103,63373,6740,6482,1047,7529,74
2021-09-07,Trinity,105,12862,667,517,174,691,6
2021-09-07,Tulare,107,460477,59017,57228,11755,68983,874
2021-09-07,Tuolumne,109,53932,5866,5759,63,5822,88
2021-09-07,Ventura,111,848112,92859,91246,3974,95220,1093
2021-09-07,Yolo,113,214977,17976,17653,795,18448,235
2021-09-07,Yuba,115,75493,8808,8642,187,8829,55
2021-09-06,Alameda,001,1643700,111610,110357,2498,112855,1301
2021-09-06,Alpine,003,1148,94,94,0,94,0
2021-09-06,Amador,005,37829,4747,4648,44,4692,53
2021-09-06,Butte,007,227075,17184,16588,2954,19542,218
2021-09-06,Calaveras,009,45235,3188,3122,20,3142,63
2021-09-06,Colusa,011,21464,2347,2306,505,2811,16
2021-09-06,Contra Costa,013,1133247,92086,90971,1814,92785,891
2021-09-06,Del Norte,015,27424,3207,3037,19,3056,24
2021-09-06,El Dorado,017,186661,14160,13848,1374,15222,119
2021-09-06,Fresno,019,978130,122090,119738,10746,130484,1828
2021-09-06,Glenn,021,27897,3021,2912,853,3765,20
2021-09-06,Humboldt,023,135768,7535,7320,306,7626,52
2021-09-06,Imperial,025,180216,30834,30576,2877,33453,751
2021-09-06,Inyo,027,18085,1593,1578,17,1595,39
2021-09-06,Kern,029,883053,112742,110347,16346,126693,1408
2021-09-06,Kings,031,150075,27792,27094,1481,28575,264
2021-09-06,Lake,033,64148,5742,5548,92,5640,78
2021-09-06,Lassen,035,31185,5965,5822,200,6022,21
2021-09-06,Los Angeles,037,10098052,1372583,1359348,50323,1409671,25477
2021-09-06,Madera,039,155013,19778,19191,1493,20684,249
2021-09-06,Marin,041,260295,16528,16356,366,16722,242
2021-09-06,Mariposa,043,17540,805,764,27,791,5
2021-09-06,Mendocino,045,87422,6256,5984,234,6218,61
2021-09-06,Merced,047,269075,36791,36300,1396,37696,513
2021-09-06,Modoc,049,8938,457,449,159,608,5
2021-09-06,Mono,051,14174,1440,1416,17,1433,3
2021-09-06,Monterey,053,433212,46563,45833,2416,48249,541
2021-09-06,Napa,055,140530,11949,11792,76,11868,90
2021-09-06,Nevada,057,99092,7968,7748,258,8006,82
2021-09-06,Orange,059,3164182,291808,287948,13539,301487,5274
2021-09-06,Placer,061,380077,32444,31595,2926,34521,337
2021-09-06,Plumas,063,18699,1128,1068,19,1087,5
2021-09-06,Riverside,065,2383286,338994,333052,15443,348495,4666
2021-09-06,Sacramento,067,1510023,142298,141730,3244,144974,1905
2021-09-06,San Benito,069,59416,6799,6777,133,6910,64
2021-09-06,San Bernardino,071,2135413,332930,329693,10261,339954,5398
2021-09-06,San Diego,073,3302833,344150,340222,20184,360406,3922
2021-09-06,San Francisco,075,870044,48751,48120,2030,50150,589
2021-09-06,San Joaquin,077,732212,90441,89293,4680,93973,1548
2021-09-06,San Luis Obispo,079,281455,26716,26183,1011,27194,286
2021-09-06,San Mateo,081,765935,50678,49859,738,50597,561
2021-09-06,Santa Barbara,083,443738,40713,39876,1392,41268,489
2021-09-06,Santa Clara,085,1922200,137964,136458,1036,137494,1807
2021-09-06,Santa Cruz,087,273765,18902,18615,945,19560,210
2021-09-06,Shasta,089,179085,16774,15985,2530,18515,226
2021-09-06,Sierra,091,2930,129,109,13,122,0
2021-09-06,Siskiyou,093,43540,2744,2595,869,3464,34
2021-09-06,Solano,095,438530,42716,41774,1064,42838,300
2021-09-06,Sonoma,097,501317,38342,37929,455,38384,358
2021-09-06,Stanislaus,099,539301,69271,68596,7695,76291,1074
2021-09-06,Sutter,101,95872,12398,12238,188,12426,138
2021-09-06,Tehama,103,63373,6678,6413,1020,7433,74
2021-09-06,Trinity,105,12862,664,515,172,687,6
2021-09-06,Tulare,107,460477,58658,57068,11675,68743,874
2021-09-06,Tuolumne,109,53932,5830,5697,63,5760,88
2021-09-06,Ventura,111,848112,92682,91132,3962,95094,1093
2021-09-06,Yolo,113,214977,17890,17576,790,18366,235
2021-09-06,Yuba,115,75493,8758,8584,183,8767,55
2021-09-05,Alameda,001,1643700,111418,110173,2495,112668,1301
2021-09-05,Alpine,003,1148,94,94,0,94,0
2021-09-05,Amador,005,37829,4735,4642,44,4686,53
2021-09-05,Butte,007,227075,17094,16504,2926,19430,218
2021-09-05,Calaveras,009,45235,3182,3106,20,3126,63
2021-09-05,Colusa,011,21464,2339,2305,503,2808,16
2021-09-05,Contra Costa,013,1133247,91901,90862,1809,92671,891
2021-09-05,Del Norte,015,27424,3187,3023,19,3042,24
2021-09-05,El Dorado,017,186661,14131,13827,1361,15188,119
2021-09-05,Fresno,019,978130,121791,119384,10705,130089,1828
2021-09-05,Glenn,021,27897,3007,2899,851,3750,20
2021-09-05,Humboldt,023,135768,7502,7312,303,7615,52
2021-09-05,Imperial,025,180216,30805,30548,2875,33423,751
2021-09-05,Inyo,027,18085,1590,1572,17,1589,39
2021-09-05,Kern,029,883053,112442,110073,16187,126260,1408
2021-09-05,Kings,031,150075,27715,26989,1477,28466,264
2021-09-05,Lake,033,64148,5722,5525,92,5617,78
2021-09-05,Lassen,035,31185,5943,5820,196,6016,21
2021-09-05,Los Angeles,037,10098052,1371290,1357748,50254,1408002,25465
2021-09-05,Madera,039,155013,19737,19155,1482,20637,249
2021-09-05,Marin,041,260295,16509,16342,365,16707,242
2021-09-05,Mariposa,043,17540,801,761,27,788,5
2021-09-05,Mendocino,045,87422,6222,5965,234,6199,61
2021-09-05,Merced,047,269075,36716,36243,1394,37637,513
2021-09-05,Modoc,049,8938,457,447,159,606,5
2021-09-05,Mono,051,14174,1440,1416,17,1433,3
2021-09-05,Monterey,053,433212,46535,45795,2407,48202,540
2021-09-05,Napa,055,140530,11924,11770,76,11846,90
2021-09-05,Nevada,057,99092,7946,7722,257,7979,82
2021-09-05,Orange,059,3164182,291520,287614,13522,301136,5274
2021-09-05,Placer,061,380077,32316,31487,2912,34399,337
2021-09-05,Plumas,063,18699,1121,1067,19,1086,5
2021-09-05,Riverside,065,2383286,338539,332604,15431,348035,4654
2021-09-05,Sacramento,067,1510023,141861,141276,3227,144503,1905
2021-09-05,San Benito,069,59416,6798,6764,133,6897,64
2021-09-05,San Bernardino,071,2135413,332546,329062,10246,339308,5392
2021-09-05,San Diego,073,3302833,343598,339427,20143,359570,3914
2021-09-05,San Francisco,075,870044,48673,48035,2026,50061,589
2021-09-05,San Joaquin,077,732212,90275,89121,4663,93784,1548
2021-09-05,San Luis Obispo,079,281455,26666,26098,1010,27108,285
2021-09-05,San Mateo,081,765935,50610,49809,734,50543,561
2021-09-05,Santa Barbara,083,443738,40646,39762,1390,41152,489
2021-09-05,Santa Clara,085,1922200,137754,136146,1034,137180,1807
2021-09-05,Santa Cruz,087,273765,18882,18588,943,19531,210
2021-09-05,Shasta,089,179085,16691,15960,2504,18464,226
2021-09-05,Sierra,091,2930,128,109,13,122,0
2021-09-05,Siskiyou,093,43540,2727,2585,855,3440,34
2021-09-05,Solano,095,438530,42621,41687,1059,42746,300
2021-09-05,Sonoma,097,501317,38257,37881,454,38335,358
2021-09-05,Stanislaus,099,539301,69132,68434,7671,76105,1074
2021-09-05,Sutter,101,95872,12368,12179,182,12361,138
2021-09-05,Tehama,103,63373,6651,6400,1014,7414,74
2021-09-05,Trinity,105,12862,658,505,171,676,6
2021-09-05,Tulare,107,460477,58488,56915,11631,68546,874
2021-09-05,Tuolumne,109,53932,5818,5688,63,5751,88
2021-09-05,Ventura,111,848112,92546,91004,3958,94962,1093
2021-09-05,Yolo,113,214977,17853,17557,785,18342,235
2021-09-05,Yuba,115,75493,8731,8521,181,8702,55
2021-09-04,Alameda,001,1643700,111295,109944,2488,112432,1301
2021-09-04,Alpine,003,1148,94,94,0,94,0
2021-09-04,Amador,005,37829,4717,4637,43,4680,53
2021-09-04,Butte,007,227075,17036,16403,2911,19314,218
2021-09-04,Calaveras,009,45235,3170,3087,19,3106,63
2021-09-04,Colusa,011,21464,2337,2301,503,2804,16
2021-09-04,Contra Costa,013,1133247,91784,90623,1806,92429,891
2021-09-04,Del Norte,015,27424,3176,2984,19,3003,24
2021-09-04,El Dorado,017,186661,14105,13782,1353,15135,119
2021-09-04,Fresno,019,978130,121595,119033,10684,129717,1828
2021-09-04,Glenn,021,27897,2997,2878,845,3723,20
2021-09-04,Humboldt,023,135768,7471,7298,297,7595,52
2021-09-04,Imperial,025,180216,30782,30526,2873,33399,751
2021-09-04,Inyo,027,18085,1588,1571,17,1588,39
2021-09-04,Kern,029,883053,112199,109751,16057,125808,1408
2021-09-04,Kings,031,150075,27628,26896,1471,28367,263
2021-09-04,Lake,033,64148,5704,5507,92,5599,78
2021-09-04,Lassen,035,31185,5928,5814,188,6002,21
2021-09-04,Los Angeles,037,10098052,1370336,1355634,50195,1405829,25454
2021-09-04,Madera,039,155013,19704,19112,1475,20587,249
2021-09-04,Marin,041,260295,16493,16319,364,16683,242
2021-09-04,Mariposa,043,17540,796,759,27,786,5
2021-09-04,Mendocino,045,87422,6186,5933,234,6167,61
2021-09-04,Merced,047,269075,36672,36083,1389,37472,513
2021-09-04,Modoc,049,8938,457,447,159,606,5
2021-09-04,Mono,051,14174,1437,1417,17,1434,3
2021-09-04,Monterey,053,433212,46504,45756,2403,48159,540
2021-09-04,Napa,055,140530,11899,11760,74,11834,90
2021-09-04,Nevada,057,99092,7931,7691,256,7947,82
2021-09-04,Orange,059,3164182,291257,287244,13501,300745,5274
2021-09-04,Placer,061,380077,32212,31374,2895,34269,337
2021-09-04,Plumas,063,18699,1113,1067,19,1086,5
2021-09-04,Riverside,065,2383286,338069,331958,15419,347377,4654
2021-09-04,Sacramento,067,1510023,141568,140735,3219,143954,1896
2021-09-04,San Benito,069,59416,6789,6758,133,6891,64
2021-09-04,San Bernardino,071,2135413,332214,328425,10232,338657,5393
2021-09-04,San Diego,073,3302833,343163,338748,20121,358869,3914
2021-09-04,San Francisco,075,870044,48598,47937,2018,49955,589
2021-09-04,San Joaquin,077,732212,90159,88846,4655,93501,1548
2021-09-04,San Luis Obispo,079,281455,26634,26020,1010,27030,285
2021-09-04,San Mateo,081,765935,50556,49721,734,50455,560
2021-09-04,Santa Barbara,083,443738,40580,39667,1388,41055,489
2021-09-04,Santa Clara,085,1922200,137569,135845,1031,136876,1806
2021-09-04,Santa Cruz,087,273765,18864,18579,939,19518,210
2021-09-04,Shasta,089,179085,16614,15924,2478,18402,226
2021-09-04,Sierra,091,2930,126,108,13,121,0
2021-09-04,Siskiyou,093,43540,2701,2563,844,3407,34
2021-09-04,Solano,095,438530,42548,41614,1057,42671,300
2021-09-04,Sonoma,097,501317,38224,37809,454,38263,358
2021-09-04,Stanislaus,099,539301,68985,68210,7646,75856,1074
2021-09-04,Sutter,101,95872,12327,12137,181,12318,138
2021-09-04,Tehama,103,63373,6626,6367,996,7363,74
2021-09-04,Trinity,105,12862,656,497,171,668,6
2021-09-04,Tulare,107,460477,58380,56719,11588,68307,874
2021-09-04,Tuolumne,109,53932,5799,5667,61,5728,88
2021-09-04,Ventura,111,848112,92411,90904,3955,94859,1090
2021-09-04,Yolo,113,214977,17817,17522,781,18303,235
2021-09-04,Yuba,115,75493,8702,8475,180,8655,55
2021-09-03,Alameda,001,1643700,111134,109636,2485,112121,1301
2021-09-03,Alpine,003,1148,94,94,0,94,0
2021-09-03,Amador,005,37829,4695,4614,43,4657,53
2021-09-03,Butte,007,227075,16946,16259,2885,19144,215
2021-09-03,Calaveras,009,45235,3160,3069,19,3088,63
2021-09-03,Colusa,011,21464,2332,2295,502,2797,16
2021-09-03,Contra Costa,013,1133247,91632,90299,1803,92102,886
2021-09-03,Del Norte,015,27424,3148,2943,18,2961,24
2021-09-03,El Dorado,017,186661,14072,13710,1348,15058,119
2021-09-03,Fresno,019,978130,121260,118508,10662,129170,1822
2021-09-03,Glenn,021,27897,2988,2867,838,3705,20
2021-09-03,Humboldt,023,135768,7446,7194,292,7486,52
2021-09-03,Imperial,025,180216,30759,30475,2868,33343,751
2021-09-03,Inyo,027,18085,1583,1567,17,1584,39
2021-09-03,Kern,029,883053,111983,109296,15946,125242,1407
2021-09-03,Kings,031,150075,27544,26753,1468,28221,263
2021-09-03,Lake,033,64148,5684,5479,90,5569,78
2021-09-03,Lassen,035,31185,5911,5789,184,5973,21
2021-09-03,Los Angeles,037,10098052,1369006,1351185,50129,1401314,25384
2021-09-03,Madera,039,155013,19619,19021,1469,20490,247
2021-09-03,Marin,041,260295,16471,16293,363,16656,242
2021-09-03,Mariposa,043,17540,789,753,25,778,5
2021-09-03,Mendocino,045,87422,6151,5891,234,6125,61
2021-09-03,Merced,047,269075,36618,35941,1380,37321,512
2021-09-03,Modoc,049,8938,457,445,159,604,5
2021-09-03,Mono,051,14174,1436,1410,17,1427,3
2021-09-03,Monterey,053,433212,46466,45707,2399,48106,540
2021-09-03,Napa,055,140530,11878,11733,74,11807,89
2021-09-03,Nevada,057,99092,7897,7632,256,7888,82
2021-09-03,Orange,059,3164182,290940,286818,13474,300292,5253
2021-09-03,Placer,061,380077,32105,31238,2871,34109,335
2021-09-03,Plumas,063,18699,1102,1057,19,1076,5
2021-09-03,Riverside,065,2383286,337537,331011,15403,346414,4653
2021-09-03,Sacramento,067,1510023,141204,139982,3201,143183,1886
2021-09-03,San Benito,069,59416,6783,6746,133,6879,64
2021-09-03,San Bernardino,071,2135413,331798,327599,10221,337820,5381
2021-09-03,San Diego,073,3302833,342543,337627,20088,357715,3911
2021-09-03,San Francisco,075,870044,48522,47822,2012,49834,589
2021-09-03,San Joaquin,077,732212,90006,88366,4647,93013,1540
2021-09-03,San Luis Obispo,079,281455,26558,25917,1008,26925,283
2021-09-03,San Mateo,081,765935,50461,49617,732,50349,560
2021-09-03,Santa Barbara,083,443738,40513,39507,1385,40892,489
2021-09-03,Santa Clara,085,1922200,137367,135522,1027,136549,1801
2021-09-03,Santa Cruz,087,273765,18839,18532,939,19471,210
2021-09-03,Shasta,089,179085,16539,15778,2454,18232,226
2021-09-03,Sierra,091,2930,124,105,13,118,0
2021-09-03,Siskiyou,093,43540,2689,2529,831,3360,34
2021-09-03,Solano,095,438530,42452,41457,1054,42511,300
2021-09-03,Sonoma,097,501317,38161,37699,454,38153,358
2021-09-03,Stanislaus,099,539301,68810,67887,7620,75507,1074
2021-09-03,Sutter,101,95872,12288,12073,180,12253,139
2021-09-03,Tehama,103,63373,6587,6334,989,7323,72
2021-09-03,Trinity,105,12862,654,490,167,657,6
2021-09-03,Tulare,107,460477,58254,56401,11536,67937,872
2021-09-03,Tuolumne,109,53932,5757,5630,61,5691,88
2021-09-03,Ventura,111,848112,92277,90742,3951,94693,1088
2021-09-03,Yolo,113,214977,17794,17446,776,18222,235
2021-09-03,Yuba,115,75493,8671,8412,180,8592,55
2021-09-02,Alameda,001,1643700,110875,109377,2482,111859,1301
2021-09-02,Alpine,003,1148,93,92,0,92,0
2021-09-02,Amador,005,37829,4679,4606,43,4649,53
2021-09-02,Butte,007,227075,16818,16154,2867,19021,215
2021-09-02,Calaveras,009,45235,3147,3042,19,3061,62
2021-09-02,Colusa,011,21464,2328,2290,502,2792,16
2021-09-02,Contra Costa,013,1133247,91450,90038,1792,91830,886
2021-09-02,Del Norte,015,27424,3117,2891,18,2909,24
2021-09-02,El Dorado,017,186661,14013,13641,1323,14964,119
2021-09-02,Fresno,019,978130,120772,117974,10608,128582,1804
2021-09-02,Glenn,021,27897,2972,2855,832,3687,20
2021-09-02,Humboldt,023,135768,7399,7141,281,7422,52
2021-09-02,Imperial,025,180216,30715,30449,2863,33312,751
2021-09-02,Inyo,027,18085,1578,1564,16,1580,39
2021-09-02,Kern,029,883053,111571,108930,15802,124732,1404
2021-09-02,Kings,031,150075,27451,26638,1458,28096,263
2021-09-02,Lake,033,64148,5654,5432,86,5518,78
2021-09-02,Lassen,035,31185,5897,5747,177,5924,21
2021-09-02,Los Angeles,037,10098052,1367150,1351105,50036,1401141,25382
2021-09-02,Madera,039,155013,19528,18937,1451,20388,247
2021-09-02,Marin,041,260295,16458,16244,361,16605,242
2021-09-02,Mariposa,043,17540,782,745,22,767,5
2021-09-02,Mendocino,045,87422,6109,5848,231,6079,61
2021-09-02,Merced,047,269075,36455,35820,1373,37193,508
2021-09-02,Modoc,049,8938,457,437,159,596,5
2021-09-02,Mono,051,14174,1436,1409,17,1426,3
2021-09-02,Monterey,053,433212,46400,45648,2384,48032,539
2021-09-02,Napa,055,140530,11849,11684,74,11758,88
2021-09-02,Nevada,057,99092,7845,7575,255,7830,82
2021-09-02,Orange,059,3164182,290480,286326,13440,299766,5240
2021-09-02,Placer,061,380077,31968,31067,2842,33909,330
2021-09-02,Plumas,063,18699,1091,1045,18,1063,5
2021-09-02,Riverside,065,2383286,336822,330190,15379,345569,4644
2021-09-02,Sacramento,067,1510023,140623,139274,3162,142436,1882
2021-09-02,San Benito,069,59416,6778,6734,132,6866,64
2021-09-02,San Bernardino,071,2135413,331192,326940,10148,337088,5369
2021-09-02,San Diego,073,3302833,341585,336382,20035,356417,3909
2021-09-02,San Francisco,075,870044,48414,47674,2008,49682,587
2021-09-02,San Joaquin,077,732212,89722,88056,4623,92679,1540
2021-09-02,San Luis Obispo,079,281455,26472,25851,1003,26854,283
2021-09-02,San Mateo,081,765935,50360,49490,730,50220,558
2021-09-02,Santa Barbara,083,443738,40423,39386,1372,40758,486
2021-09-02,Santa Clara,085,1922200,137066,135216,1021,136237,1799
2021-09-02,Santa Cruz,087,273765,18805,18473,936,19409,210
2021-09-02,Shasta,089,179085,16401,15670,2425,18095,224
2021-09-02,Sierra,091,2930,124,105,13,118,0
2021-09-02,Siskiyou,093,43540,2668,2513,803,3316,34
2021-09-02,Solano,095,438530,42346,41293,1051,42344,294
2021-09-02,Sonoma,097,501317,38080,37558,454,38012,352
2021-09-02,Stanislaus,099,539301,68569,67576,7600,75176,1074
2021-09-02,Sutter,101,95872,12219,11995,176,12171,138
2021-09-02,Tehama,103,63373,6529,6265,970,7235,72
2021-09-02,Trinity,105,12862,650,484,165,649,6
2021-09-02,Tulare,107,460477,58024,56105,11485,67590,872
2021-09-02,Tuolumne,109,53932,5701,5578,61,5639,88
2021-09-02,Ventura,111,848112,92094,90610,3946,94556,1084
2021-09-02,Yolo,113,214977,17724,17357,765,18122,235
2021-09-02,Yuba,115,75493,8611,8363,180,8543,55
2021-09-01,Alameda,001,1643700,110608,109075,2477,111552,1299
2021-09-01,Alpine,003,1148,93,92,0,92,0
2021-09-01,Amador,005,37829,4663,4599,42,4641,53
2021-09-01,Butte,007,227075,16703,16046,2839,18885,215
2021-09-01,Calaveras,009,45235,3135,3023,19,3042,59
2021-09-01,Colusa,011,21464,2323,2281,501,2782,16
2021-09-01,Contra Costa,013,1133247,91215,89834,1785,91619,877
2021-09-01,Del Norte,015,27424,3084,2860,18,2878,24
2021-09-01,El Dorado,017,186661,13957,13577,1294,14871,119
2021-09-01,Fresno,019,978130,120281,117492,10539,128031,1800
2021-09-01,Glenn,021,27897,2947,2846,824,3670,20
2021-09-01,Humboldt,023,135768,7352,7090,274,7364,52
2021-09-01,Imperial,025,180216,30677,30393,2858,33251,750
2021-09-01,Inyo,027,18085,1574,1561,15,1576,39
2021-09-01,Kern,029,883053,111140,108449,15664,124113,1400
2021-09-01,Kings,031,150075,27338,26443,1447,27890,263
2021-09-01,Lake,033,64148,5613,5396,81,5477,77
2021-09-01,Lassen,035,31185,5875,5731,173,5904,21
2021-09-01,Los Angeles,037,10098052,1364886,1348589,49933,1398522,25341
2021-09-01,Madera,039,155013,19450,18852,1436,20288,247
2021-09-01,Marin,041,260295,16436,16224,356,16580,240
2021-09-01,Mariposa,043,17540,774,735,22,757,5
2021-09-01,Mendocino,045,87422,6066,5821,226,6047,59
2021-09-01,Merced,047,269075,36278,35686,1363,37049,500
2021-09-01,Modoc,049,8938,451,436,157,593,5
2021-09-01,Mono,051,14174,1436,1400,17,1417,3
2021-09-01,Monterey,053,433212,46320,45590,2369,47959,539
2021-09-01,Napa,055,140530,11816,11653,74,11727,88
2021-09-01,Nevada,057,99092,7792,7508,254,7762,82
2021-09-01,Orange,059,3164182,290005,285840,13403,299243,5233
2021-09-01,Placer,061,380077,31813,30902,2828,33730,330
2021-09-01,Plumas,063,18699,1083,1033,18,1051,5
2021-09-01,Riverside,065,2383286,336006,329388,15349,344737,4634
2021-09-01,Sacramento,067,1510023,140015,138499,3117,141616,1875
2021-09-01,San Benito,069,59416,6761,6716,132,6848,64
2021-09-01,San Bernardino,071,2135413,330543,326250,10119,336369,5364
2021-09-01,San Diego,073,3302833,340563,335302,19979,355281,3908
2021-09-01,San Francisco,075,870044,48306,47538,2001,49539,584
2021-09-01,San Joaquin,077,732212,89400,87640,4600,92240,1540
2021-09-01,San Luis Obispo,079,281455,26376,25691,998,26689,283
2021-09-01,San Mateo,081,765935,50240,49394,724,50118,558
2021-09-01,Santa Barbara,083,443738,40305,39263,1356,40619,483
2021-09-01,Santa Clara,085,1922200,136798,134855,1015,135870,1796
2021-09-01,Santa Cruz,087,273765,18758,18453,934,19387,210
2021-09-01,Shasta,089,179085,16269,15552,2385,17937,221
2021-09-01,Sierra,091,2930,123,98,13,111,0
2021-09-01,Siskiyou,093,43540,2638,2482,783,3265,34
2021-09-01,Solano,095,438530,42195,41194,1045,42239,293
2021-09-01,Sonoma,097,501317,37986,37454,453,37907,352
2021-09-01,Stanislaus,099,539301,68284,67287,7569,74856,1075
2021-09-01,Sutter,101,95872,12155,11945,169,12114,136
2021-09-01,Tehama,103,63373,6495,6228,953,7181,72
2021-09-01,Trinity,105,12862,649,482,162,644,5
2021-09-01,Tulare,107,460477,57741,55768,11448,67216,870
2021-09-01,Tuolumne,109,53932,5662,5553,61,5614,88
2021-09-01,Ventura,111,848112,91879,90471,3930,94401,1089
2021-09-01,Yolo,113,214977,17668,17264,759,18023,235
2021-09-01,Yuba,115,75493,8549,8308,180,8488,55
2021-08-31,Alameda,001,1643700,110312,108837,2471,111308,1297
2021-08-31,Alpine,003,1148,91,92,0,92,0
2021-08-31,Amador,005,37829,4642,4555,42,4597,53
2021-08-31,Butte,007,227075,16561,15896,2798,18694,216
2021-08-31,Calaveras,009,45235,3095,3008,19,3027,59
2021-08-31,Colusa,011,21464,2321,2275,499,2774,16
2021-08-31,Contra Costa,013,1133247,90920,89546,1773,91319,871
2021-08-31,Del Norte,015,27424,3048,2830,18,2848,19
2021-08-31,El Dorado,017,186661,13886,13539,1276,14815,119
2021-08-31,Fresno,019,978130,119705,117155,10460,127615,1801
2021-08-31,Glenn,021,27897,2931,2829,814,3643,20
2021-08-31,Humboldt,023,135768,7277,7030,261,7291,52
2021-08-31,Imperial,025,180216,30640,30348,2850,33198,750
2021-08-31,Inyo,027,18085,1570,1550,15,1565,39
2021-08-31,Kern,029,883053,110638,108151,15485,123636,1393
2021-08-31,Kings,031,150075,27196,26405,1433,27838,260
2021-08-31,Lake,033,64148,5569,5359,80,5439,74
2021-08-31,Lassen,035,31185,5849,5702,170,5872,21
2021-08-31,Los Angeles,037,10098052,1362295,1346686,49854,1396540,25303
2021-08-31,Madera,039,155013,19360,18811,1419,20230,247
2021-08-31,Marin,041,260295,16407,16215,353,16568,240
2021-08-31,Mariposa,043,17540,766,732,22,754,5
2021-08-31,Mendocino,045,87422,6024,5777,225,6002,59
2021-08-31,Merced,047,269075,36108,35512,1358,36870,498
2021-08-31,Modoc,049,8938,450,436,157,593,5
2021-08-31,Mono,051,14174,1424,1398,17,1415,3
2021-08-31,Monterey,053,433212,46236,45550,2356,47906,539
2021-08-31,Napa,055,140530,11769,11618,74,11692,88
2021-08-31,Nevada,057,99092,7726,7460,254,7714,82
2021-08-31,Orange,059,3164182,289407,285310,13371,298681,5229
2021-08-31,Placer,061,380077,31623,30745,2791,33536,325
2021-08-31,Plumas,063,18699,1079,1018,17,1035,5
2021-08-31,Riverside,065,2383286,335032,328556,15316,343872,4627
2021-08-31,Sacramento,067,1510023,139331,137879,3085,140964,1863
2021-08-31,San Benito,069,59416,6749,6694,130,6824,64
2021-08-31,San Bernardino,071,2135413,329795,325446,10099,335545,5350
2021-08-31,San Diego,073,3302833,339310,334377,19921,354298,3888
2021-08-31,San Francisco,075,870044,48155,47440,1990,49430,581
2021-08-31,San Joaquin,077,732212,88955,87365,4585,91950,1540
2021-08-31,San Luis Obispo,079,281455,26253,25518,994,26512,282
2021-08-31,San Mateo,081,765935,50128,49299,724,50023,556
2021-08-31,Santa Barbara,083,443738,40154,39091,1350,40441,481
2021-08-31,Santa Clara,085,1922200,136447,134637,1008,135645,1793
2021-08-31,Santa Cruz,087,273765,18720,18419,931,19350,210
2021-08-31,Shasta,089,179085,16117,15368,2358,17726,220
2021-08-31,Sierra,091,2930,120,95,13,108,0
2021-08-31,Siskiyou,093,43540,2618,2435,767,3202,33
2021-08-31,Solano,095,438530,42056,41067,1039,42106,289
2021-08-31,Sonoma,097,501317,37890,37379,452,37831,352
2021-08-31,Stanislaus,099,539301,67930,67004,7534,74538,1075
2021-08-31,Sutter,101,95872,12090,11901,165,12066,136
2021-08-31,Tehama,103,63373,6434,6169,922,7091,72
2021-08-31,Trinity,105,12862,643,480,162,642,3
2021-08-31,Tulare,107,460477,57407,55567,11378,66945,870
2021-08-31,Tuolumne,109,53932,5626,5516,61,5577,88
2021-08-31,Ventura,111,848112,91660,90292,3918,94210,1081
2021-08-31,Yolo,113,214977,17587,17205,751,17956,234
2021-08-31,Yuba,115,75493,8495,8253,180,8433,54
2021-08-30,Alameda,001,1643700,109989,107734,2460,110194,1296
2021-08-30,Alpine,003,1148,91,92,0,92,0
2021-08-30,Amador,005,37829,4631,4507,42,4549,53
2021-08-30,Butte,007,227075,16410,15719,2764,18483,214
2021-08-30,Calaveras,009,45235,3080,2975,19,2994,59
2021-08-30,Colusa,011,21464,2312,2271,496,2767,16
2021-08-30,Contra Costa,013,1133247,90661,87679,1763,89442,872
2021-08-30,Del Norte,015,27424,3006,2796,17,2813,11
2021-08-30,El Dorado,017,186661,13817,13217,1259,14476,119
2021-08-30,Fresno,019,978130,119133,115867,10388,126255,1790
2021-08-30,Glenn,021,27897,2920,2804,808,3612,20
2021-08-30,Humboldt,023,135768,7223,6930,255,7185,52
2021-08-30,Imperial,025,180216,30602,30311,2845,33156,750
2021-08-30,Inyo,027,18085,1565,1544,15,1559,39
2021-08-30,Kern,029,883053,110159,107615,15323,122938,1389
2021-08-30,Kings,031,150075,27080,26236,1418,27654,259
2021-08-30,Lake,033,64148,5534,5323,77,5400,74
2021-08-30,Lassen,035,31185,5827,5667,164,5831,21
2021-08-30,Los Angeles,037,10098052,1359834,1344949,49769,1394718,25269
2021-08-30,Madera,039,155013,19278,18622,1399,20021,247
2021-08-30,Marin,041,260295,16376,16160,353,16513,240
2021-08-30,Mariposa,043,17540,760,715,21,736,5
2021-08-30,Mendocino,045,87422,5990,5721,221,5942,55
2021-08-30,Merced,047,269075,35980,35335,1354,36689,497
2021-08-30,Modoc,049,8938,448,436,156,592,5
2021-08-30,Mono,051,14174,1423,1390,17,1407,3
2021-08-30,Monterey,053,433212,46174,45463,2339,47802,539
2021-08-30,Napa,055,140530,11720,11579,72,11651,87
2021-08-30,Nevada,057,99092,7667,7356,251,7607,82
2021-08-30,Orange,059,3164182,288826,284750,13322,298072,5223
2021-08-30,Placer,061,380077,31458,29825,2768,32593,319
2021-08-30,Plumas,063,18699,1062,998,17,1015,5
2021-08-30,Riverside,065,2383286,334135,327593,15285,342878,4623
2021-08-30,Sacramento,067,1510023,138673,134571,3039,137610,1847
2021-08-30,San Benito,069,59416,6740,6663,130,6793,64
2021-08-30,San Bernardino,071,2135413,329117,324870,10069,334939,5348
2021-08-30,San Diego,073,3302833,338039,333011,19841,352852,3885
2021-08-30,San Francisco,075,870044,48016,46966,1977,48943,581
2021-08-30,San Joaquin,077,732212,88624,86203,4564,90767,1528
2021-08-30,San Luis Obispo,079,281455,26128,25422,987,26409,280
2021-08-30,San Mateo,081,765935,50002,48839,718,49557,554
2021-08-30,Santa Barbara,083,443738,40002,38998,1345,40343,481
2021-08-30,Santa Clara,085,1922200,136126,133281,1001,134282,1789
2021-08-30,Santa Cruz,087,273765,18666,18326,927,19253,210
2021-08-30,Shasta,089,179085,15988,15238,2319,17557,217
2021-08-30,Sierra,091,2930,118,91,13,104,0
2021-08-30,Siskiyou,093,43540,2605,2411,756,3167,33
2021-08-30,Solano,095,438530,41895,39986,1035,41021,290
2021-08-30,Sonoma,097,501317,37784,36764,452,37216,352
2021-08-30,Stanislaus,099,539301,67591,66173,7503,73676,1074
2021-08-30,Sutter,101,95872,12020,11791,158,11949,136
2021-08-30,Tehama,103,63373,6355,6085,898,6983,71
2021-08-30,Trinity,105,12862,632,468,159,627,3
2021-08-30,Tulare,107,460477,57095,55140,11303,66443,870
2021-08-30,Tuolumne,109,53932,5580,5492,61,5553,74
2021-08-30,Ventura,111,848112,91444,90149,3906,94055,1082
2021-08-30,Yolo,113,214977,17525,17071,747,17818,231
2021-08-30,Yuba,115,75493,8421,8129,179,8308,54
2021-08-29,Alameda,001,1643700,109649,107494,2449,109943,1296
2021-08-29,Alpine,003,1148,91,92,0,92,0
2021-08-29,Amador,005,37829,4617,4501,42,4543,53
2021-08-29,Butte,007,227075,16240,15602,2727,18329,214
2021-08-29,Calaveras,009,45235,3048,2970,19,2989,59
2021-08-29,Colusa,011,21464,2305,2260,490,2750,16
2021-08-29,Contra Costa,013,1133247,90365,87439,1758,89197,872
2021-08-29,Del Norte,015,27424,2963,2752,17,2769,11
2021-08-29,El Dorado,017,186661,13761,13166,1248,14414,119
2021-08-29,Fresno,019,978130,118536,115502,10319,125821,1790
2021-08-29,Glenn,021,27897,2902,2778,801,3579,20
2021-08-29,Humboldt,023,135768,7179,6922,240,7162,52
2021-08-29,Imperial,025,180216,30541,30293,2834,33127,750
2021-08-29,Inyo,027,18085,1555,1543,14,1557,39
2021-08-29,Kern,029,883053,109708,107324,15153,122477,1389
2021-08-29,Kings,031,150075,26926,26143,1404,27547,259
2021-08-29,Lake,033,64148,5494,5293,67,5360,74
2021-08-29,Lassen,035,31185,5804,5666,160,5826,21
2021-08-29,Los Angeles,037,10098052,1357085,1342541,49658,1392199,25263
2021-08-29,Madera,039,155013,19191,18594,1383,19977,247
2021-08-29,Marin,041,260295,16345,16134,351,16485,240
2021-08-29,Mariposa,043,17540,754,709,19,728,5
2021-08-29,Mendocino,045,87422,5932,5689,208,5897,55
2021-08-29,Merced,047,269075,35741,35250,1342,36592,497
2021-08-29,Modoc,049,8938,445,436,156,592,5
2021-08-29,Mono,051,14174,1416,1387,17,1404,3
2021-08-29,Monterey,053,433212,46068,45424,2316,47740,539
2021-08-29,Napa,055,140530,11689,11552,72,11624,87
2021-08-29,Nevada,057,99092,7610,7294,250,7544,82
2021-08-29,Orange,059,3164182,288197,284432,13280,297712,5223
2021-08-29,Placer,061,380077,31286,29674,2727,32401,319
2021-08-29,Plumas,063,18699,1051,996,17,1013,5
2021-08-29,Riverside,065,2383286,333278,326987,15264,342251,4623
2021-08-29,Sacramento,067,1510023,137920,133981,2990,136971,1843
2021-08-29,San Benito,069,59416,6715,6646,130,6776,64
2021-08-29,San Bernardino,071,2135413,328332,324266,10035,334301,5347
2021-08-29,San Diego,073,3302833,336933,332014,19745,351759,3880
2021-08-29,San Francisco,075,870044,47881,46885,1965,48850,581
2021-08-29,San Joaquin,077,732212,88175,85922,4544,90466,1528
2021-08-29,San Luis Obispo,079,281455,25930,25288,979,26267,280
2021-08-29,San Mateo,081,765935,49889,48737,713,49450,554
2021-08-29,Santa Barbara,083,443738,39836,38900,1341,40241,481
2021-08-29,Santa Clara,085,1922200,135773,132979,995,133974,1789
2021-08-29,Santa Cruz,087,273765,18619,18285,925,19210,210
2021-08-29,Shasta,089,179085,15834,15198,2292,17490,217
2021-08-29,Sierra,091,2930,116,91,13,104,0
2021-08-29,Siskiyou,093,43540,2558,2407,736,3143,33
2021-08-29,Solano,095,438530,41741,39887,1028,40915,290
2021-08-29,Sonoma,097,501317,37649,36650,448,37098,352
2021-08-29,Stanislaus,099,539301,67246,65956,7467,73423,1074
2021-08-29,Sutter,101,95872,11961,11719,151,11870,136
2021-08-29,Tehama,103,63373,6284,6040,875,6915,71
2021-08-29,Trinity,105,12862,629,468,156,624,3
2021-08-29,Tulare,107,460477,56762,54974,11219,66193,870
2021-08-29,Tuolumne,109,53932,5555,5478,60,5538,74
2021-08-29,Ventura,111,848112,91186,90114,3897,94011,1082
2021-08-29,Yolo,113,214977,17425,17015,734,17749,231
2021-08-29,Yuba,115,75493,8357,8042,179,8221,54
2021-08-28,Alameda,001,1643700,109484,107007,2440,109447,1296
2021-08-28,Alpine,003,1148,91,92,0,92,0
2021-08-28,Amador,005,37829,4598,4484,41,4525,53
2021-08-28,Butte,007,227075,16180,15487,2700,18187,214
2021-08-28,Calaveras,009,45235,3038,2926,19,2945,59
2021-08-28,Colusa,011,21464,2301,2252,488,2740,16
2021-08-28,Contra Costa,013,1133247,90153,86938,1755,88693,872
2021-08-28,Del Norte,015,27424,2936,2734,16,2750,11
2021-08-28,El Dorado,017,186661,13722,13089,1242,14331,119
2021-08-28,Fresno,019,978130,118295,115079,10288,125367,1792
2021-08-28,Glenn,021,27897,2893,2773,794,3567,20
2021-08-28,Humboldt,023,135768,7144,6887,235,7122,52
2021-08-28,Imperial,025,180216,30514,30260,2831,33091,750
2021-08-28,Inyo,027,18085,1553,1539,14,1553,39
2021-08-28,Kern,029,883053,109470,107012,15013,122025,1389
2021-08-28,Kings,031,150075,26859,26059,1401,27460,257
2021-08-28,Lake,033,64148,5471,5267,63,5330,74
2021-08-28,Lassen,035,31185,5789,5665,159,5824,21
2021-08-28,Los Angeles,037,10098052,1355873,1337097,49586,1386683,25234
2021-08-28,Madera,039,155013,19140,18553,1369,19922,247
2021-08-28,Marin,041,260295,16330,16106,351,16457,240
2021-08-28,Mariposa,043,17540,752,704,19,723,5
2021-08-28,Mendocino,045,87422,5907,5658,208,5866,55
2021-08-28,Merced,047,269075,35689,35108,1339,36447,497
2021-08-28,Modoc,049,8938,445,436,155,591,5
2021-08-28,Mono,051,14174,1413,1385,17,1402,3
2021-08-28,Monterey,053,433212,46026,45394,2311,47705,539
2021-08-28,Napa,055,140530,11666,11512,71,11583,88
2021-08-28,Nevada,057,99092,7586,7238,248,7486,82
2021-08-28,Orange,059,3164182,287839,283953,13232,297185,5222
2021-08-28,Placer,061,380077,31177,29428,2714,32142,319
2021-08-28,Plumas,063,18699,1044,991,17,1008,5
2021-08-28,Riverside,065,2383286,332690,326222,15254,341476,4623
2021-08-28,Sacramento,067,1510023,137529,132985,2974,135959,1844
2021-08-28,San Benito,069,59416,6708,6636,130,6766,64
2021-08-28,San Bernardino,071,2135413,327884,323672,10027,333699,5348
2021-08-28,San Diego,073,3302833,336349,331330,19709,351039,3880
2021-08-28,San Francisco,075,870044,47809,46654,1958,48612,581
2021-08-28,San Joaquin,077,732212,88006,85481,4535,90016,1527
2021-08-28,San Luis Obispo,079,281455,25863,25138,974,26112,280
2021-08-28,San Mateo,081,765935,49815,48575,709,49284,554
2021-08-28,Santa Barbara,083,443738,39765,38780,1341,40121,481
2021-08-28,Santa Clara,085,1922200,135566,132488,993,133481,1789
2021-08-28,Santa Cruz,087,273765,18601,18240,922,19162,210
2021-08-28,Shasta,089,179085,15731,15147,2274,17421,217
2021-08-28,Sierra,091,2930,112,91,13,104,0
2021-08-28,Siskiyou,093,43540,2550,2402,725,3127,33
2021-08-28,Solano,095,438530,41692,39610,1027,40637,290
2021-08-28,Sonoma,097,501317,37576,36466,446,36912,352
2021-08-28,Stanislaus,099,539301,67088,65670,7450,73120,1074
2021-08-28,Sutter,101,95872,11940,11669,150,11819,136
2021-08-28,Tehama,103,63373,6259,6004,864,6868,71
2021-08-28,Trinity,105,12862,625,463,155,618,3
2021-08-28,Tulare,107,460477,56632,54746,11177,65923,870
2021-08-28,Tuolumne,109,53932,5539,5469,60,5529,74
2021-08-28,Ventura,111,848112,91068,89934,3895,93829,1081
2021-08-28,Yolo,113,214977,17389,16907,727,17634,231
2021-08-28,Yuba,115,75493,8326,7985,178,8163,55
2021-08-27,Alameda,001,1643700,109273,106622,2438,109060,1296
2021-08-27,Alpine,003,1148,91,92,0,92,0
2021-08-27,Amador,005,37829,4582,4458,40,4498,53
2021-08-27,Butte,007,227075,16100,15277,2681,17958,214
2021-08-27,Calaveras,009,45235,3024,2903,19,2922,59
2021-08-27,Colusa,011,21464,2295,2240,486,2726,16
2021-08-27,Contra Costa,013,1133247,89955,86386,1752,88138,872
2021-08-27,Del Norte,015,27424,2904,2695,16,2711,11
2021-08-27,El Dorado,017,186661,13683,12968,1238,14206,119
2021-08-27,Fresno,019,978130,117861,114481,10266,124747,1774
2021-08-27,Glenn,021,27897,2875,2754,785,3539,20
2021-08-27,Humboldt,023,135768,7111,6782,232,7014,52
2021-08-27,Imperial,025,180216,30494,30201,2829,33030,750
2021-08-27,Inyo,027,18085,1552,1529,14,1543,39
2021-08-27,Kern,029,883053,109176,106570,14903,121473,1385
2021-08-27,Kings,031,150075,26780,25957,1399,27356,257
2021-08-27,Lake,033,64148,5446,5228,62,5290,74
2021-08-27,Lassen,035,31185,5773,5646,154,5800,21
2021-08-27,Los Angeles,037,10098052,1354346,1337006,49523,1386529,25230
2021-08-27,Madera,039,155013,19084,18476,1356,19832,247
2021-08-27,Marin,041,260295,16314,16055,349,16404,240
2021-08-27,Mariposa,043,17540,746,690,19,709,5
2021-08-27,Mendocino,045,87422,5876,5602,207,5809,55
2021-08-27,Merced,047,269075,35635,34906,1330,36236,495
2021-08-27,Modoc,049,8938,445,434,155,589,5
2021-08-27,Mono,051,14174,1408,1385,17,1402,3
2021-08-27,Monterey,053,433212,45977,45337,2303,47640,539
2021-08-27,Napa,055,140530,11632,11460,71,11531,87
2021-08-27,Nevada,057,99092,7546,7169,246,7415,82
2021-08-27,Orange,059,3164182,287478,283407,13193,296600,5206
2021-08-27,Placer,061,380077,31047,29157,2695,31852,320
2021-08-27,Plumas,063,18699,1038,984,17,1001,5
2021-08-27,Riverside,065,2383286,332172,325379,15239,340618,4622
2021-08-27,Sacramento,067,1510023,137094,131921,2961,134882,1838
2021-08-27,San Benito,069,59416,6702,6622,130,6752,64
2021-08-27,San Bernardino,071,2135413,327360,322893,10009,332902,5342
2021-08-27,San Diego,073,3302833,335568,330162,19655,349817,3877
2021-08-27,San Francisco,075,870044,47733,46456,1940,48396,581
2021-08-27,San Joaquin,077,732212,87823,84949,4516,89465,1524
2021-08-27,San Luis Obispo,079,281455,25814,24952,971,25923,280
2021-08-27,San Mateo,081,765935,49740,48424,705,49129,553
2021-08-27,Santa Barbara,083,443738,39673,38675,1339,40014,480
2021-08-27,Santa Clara,085,1922200,135336,132011,990,133001,1783
2021-08-27,Santa Cruz,087,273765,18562,18163,918,19081,210
2021-08-27,Shasta,089,179085,15651,14996,2258,17254,217
2021-08-27,Sierra,091,2930,111,91,13,104,0
2021-08-27,Siskiyou,093,43540,2535,2358,711,3069,33
2021-08-27,Solano,095,438530,41578,39347,1023,40370,287
2021-08-27,Sonoma,097,501317,37504,36326,445,36771,342
2021-08-27,Stanislaus,099,539301,66879,65167,7413,72580,1061
2021-08-27,Sutter,101,95872,11894,11590,148,11738,135
2021-08-27,Tehama,103,63373,6227,5964,849,6813,71
2021-08-27,Trinity,105,12862,625,458,154,612,3
2021-08-27,Tulare,107,460477,56497,54443,11132,65575,870
2021-08-27,Tuolumne,109,53932,5507,5438,60,5498,74
2021-08-27,Ventura,111,848112,90939,89774,3891,93665,1076
2021-08-27,Yolo,113,214977,17346,16805,722,17527,231
2021-08-27,Yuba,115,75493,8269,7926,178,8104,54
2021-08-26,Alameda,001,1643700,109001,106146,2429,108575,1296
2021-08-26,Alpine,003,1148,91,92,0,92,0
2021-08-26,Amador,005,37829,4567,4442,39,4481,53
2021-08-26,Butte,007,227075,15965,15159,2643,17802,214
2021-08-26,Calaveras,009,45235,3013,2873,19,2892,59
2021-08-26,Colusa,011,21464,2288,2234,482,2716,16
2021-08-26,Contra Costa,013,1133247,89596,85808,1746,87554,866
2021-08-26,Del Norte,015,27424,2868,2625,16,2641,8
2021-08-26,El Dorado,017,186661,13614,12863,1224,14087,118
2021-08-26,Fresno,019,978130,117360,113854,10213,124067,1770
2021-08-26,Glenn,021,27897,2857,2740,776,3516,20
2021-08-26,Humboldt,023,135768,7053,6695,222,6917,53
2021-08-26,Imperial,025,180216,30445,30121,2822,32943,748
2021-08-26,Inyo,027,18085,1542,1521,13,1534,39
2021-08-26,Kern,029,883053,108748,106051,14761,120812,1380
2021-08-26,Kings,031,150075,26657,25838,1391,27229,260
2021-08-26,Lake,033,64148,5400,5196,59,5255,74
2021-08-26,Lassen,035,31185,5761,5626,152,5778,21
2021-08-26,Los Angeles,037,10098052,1352071,1334372,49430,1383802,25199
2021-08-26,Madera,039,155013,19014,18393,1343,19736,247
2021-08-26,Marin,041,260295,16285,15983,346,16329,240
2021-08-26,Mariposa,043,17540,736,677,19,696,5
2021-08-26,Mendocino,045,87422,5838,5533,202,5735,55
2021-08-26,Merced,047,269075,35468,34755,1309,36064,495
2021-08-26,Modoc,049,8938,445,433,155,588,5
2021-08-26,Mono,051,14174,1404,1385,17,1402,3
2021-08-26,Monterey,053,433212,45904,45265,2292,47557,539
2021-08-26,Napa,055,140530,11610,11394,70,11464,87
2021-08-26,Nevada,057,99092,7488,7086,243,7329,80
2021-08-26,Orange,059,3164182,286986,282814,13169,295983,5200
2021-08-26,Placer,061,380077,30877,28898,2669,31567,319
2021-08-26,Plumas,063,18699,1031,971,16,987,5
2021-08-26,Riverside,065,2383286,331381,324486,15219,339705,4615
2021-08-26,Sacramento,067,1510023,136560,130977,2920,133897,1827
2021-08-26,San Benito,069,59416,6692,6604,130,6734,64
2021-08-26,San Bernardino,071,2135413,326704,322100,9986,332086,5339
2021-08-26,San Diego,073,3302833,334541,328276,19589,347865,3869
2021-08-26,San Francisco,075,870044,47606,46288,1935,48223,581
2021-08-26,San Joaquin,077,732212,87445,84429,4495,88924,1513
2021-08-26,San Luis Obispo,079,281455,25664,24831,964,25795,278
2021-08-26,San Mateo,081,765935,49612,48263,703,48966,553
2021-08-26,Santa Barbara,083,443738,39589,38566,1338,39904,479
2021-08-26,Santa Clara,085,1922200,135011,131443,986,132429,1782
2021-08-26,Santa Cruz,087,273765,18502,18072,916,18988,210
2021-08-26,Shasta,089,179085,15529,14891,2230,17121,217
2021-08-26,Sierra,091,2930,109,90,13,103,0
2021-08-26,Siskiyou,093,43540,2513,2342,698,3040,33
2021-08-26,Solano,095,438530,41429,39027,1015,40042,286
2021-08-26,Sonoma,097,501317,37415,36102,445,36547,337
2021-08-26,Stanislaus,099,539301,66580,64785,7372,72157,1061
2021-08-26,Sutter,101,95872,11834,11499,145,11644,135
2021-08-26,Tehama,103,63373,6169,5913,836,6749,68
2021-08-26,Trinity,105,12862,620,450,152,602,3
2021-08-26,Tulare,107,460477,56240,54157,11086,65243,870
2021-08-26,Tuolumne,109,53932,5487,5387,60,5447,74
2021-08-26,Ventura,111,848112,90753,89595,3882,93477,1080
2021-08-26,Yolo,113,214977,17282,16727,711,17438,231
2021-08-26,Yuba,115,75493,8196,7834,176,8010,54
2021-08-25,Alameda,001,1643700,108677,105636,2422,108058,1296
2021-08-25,Alpine,003,1148,91,92,0,92,0
2021-08-25,Amador,005,37829,4552,4415,39,4454,53
2021-08-25,Butte,007,227075,15857,15039,2602,17641,214
2021-08-25,Calaveras,009,45235,2994,2851,19,2870,59
2021-08-25,Colusa,011,21464,2281,2227,473,2700,16
2021-08-25,Contra Costa,013,1133247,89212,85322,1740,87062,863
2021-08-25,Del Norte,015,27424,2823,2573,16,2589,8
2021-08-25,El Dorado,017,186661,13554,12787,1209,13996,118
2021-08-25,Fresno,019,978130,116819,113384,10171,123555,1761
2021-08-25,Glenn,021,27897,2839,2728,761,3489,20
2021-08-25,Humboldt,023,135768,6984,6653,213,6866,52
2021-08-25,Imperial,025,180216,30408,30085,2816,32901,748
2021-08-25,Inyo,027,18085,1538,1518,13,1531,39
2021-08-25,Kern,029,883053,108317,105687,14606,120293,1379
2021-08-25,Kings,031,150075,26550,25676,1385,27061,258
2021-08-25,Lake,033,64148,5370,5163,56,5219,74
2021-08-25,Lassen,035,31185,5744,5583,151,5734,21
2021-08-25,Los Angeles,037,10098052,1349472,1331400,49332,1380732,25170
2021-08-25,Madera,039,155013,18950,18311,1321,19632,247
2021-08-25,Marin,041,260295,16263,15938,340,16278,240
2021-08-25,Mariposa,043,17540,730,676,19,695,5
2021-08-25,Mendocino,045,87422,5803,5486,196,5682,53
2021-08-25,Merced,047,269075,35336,34600,1296,35896,492
2021-08-25,Modoc,049,8938,445,433,155,588,5
2021-08-25,Mono,051,14174,1400,1382,17,1399,3
2021-08-25,Monterey,053,433212,45830,45196,2277,47473,539
2021-08-25,Napa,055,140530,11576,11348,69,11417,87
2021-08-25,Nevada,057,99092,7422,7000,242,7242,77
2021-08-25,Orange,059,3164182,286460,282061,13135,295196,5193
2021-08-25,Placer,061,380077,30701,28740,2637,31377,319
2021-08-25,Plumas,063,18699,1016,962,16,978,5
2021-08-25,Riverside,065,2383286,330537,323548,15197,338745,4610
2021-08-25,Sacramento,067,1510023,135880,130046,2882,132928,1827
2021-08-25,San Benito,069,59416,6671,6587,129,6716,64
2021-08-25,San Bernardino,071,2135413,326011,321228,9965,331193,5337
2021-08-25,San Diego,073,3302833,333273,327166,19504,346670,3859
2021-08-25,San Francisco,075,870044,47457,46107,1930,48037,578
2021-08-25,San Joaquin,077,732212,87060,84002,4479,88481,1510
2021-08-25,San Luis Obispo,079,281455,25472,24607,960,25567,276
2021-08-25,San Mateo,081,765935,49489,48153,700,48853,553
2021-08-25,Santa Barbara,083,443738,39460,38450,1338,39788,479
2021-08-25,Santa Clara,085,1922200,134643,130995,984,131979,1783
2021-08-25,Santa Cruz,087,273765,18442,17987,913,18900,210
2021-08-25,Shasta,089,179085,15402,14752,2198,16950,217
2021-08-25,Sierra,091,2930,106,90,13,103,0
2021-08-25,Siskiyou,093,43540,2468,2322,680,3002,33
2021-08-25,Solano,095,438530,41257,38848,1003,39851,286
2021-08-25,Sonoma,097,501317,37291,35986,442,36428,336
2021-08-25,Stanislaus,099,539301,66298,64441,7340,71781,1061
2021-08-25,Sutter,101,95872,11766,11451,141,11592,134
2021-08-25,Tehama,103,63373,6110,5861,819,6680,68
2021-08-25,Trinity,105,12862,614,450,151,601,3
2021-08-25,Tulare,107,460477,55956,53877,11016,64893,866
2021-08-25,Tuolumne,109,53932,5461,5354,60,5414,74
2021-08-25,Ventura,111,848112,90569,89379,3868,93247,1068
2021-08-25,Yolo,113,214977,17217,16667,701,17368,231
2021-08-25,Yuba,115,75493,8130,7771,175,7946,54
2021-08-24,Alameda,001,1643700,108364,105319,2410,107729,1296
2021-08-24,Alpine,003,1148,91,92,0,92,0
2021-08-24,Amador,005,37829,4533,4380,39,4419,50
2021-08-24,Butte,007,227075,15703,14964,2569,17533,214
2021-08-24,Calaveras,009,45235,2955,2811,19,2830,59
2021-08-24,Colusa,011,21464,2273,2221,468,2689,16
2021-08-24,Contra Costa,013,1133247,88849,84963,1735,86698,857
2021-08-24,Del Norte,015,27424,2796,2543,16,2559,8
2021-08-24,El Dorado,017,186661,13477,12732,1194,13926,118
2021-08-24,Fresno,019,978130,116213,113024,10109,123133,1761
2021-08-24,Glenn,021,27897,2824,2717,754,3471,20
2021-08-24,Humboldt,023,135768,6921,6585,200,6785,52
2021-08-24,Imperial,025,180216,30347,30045,2811,32856,748
2021-08-24,Inyo,027,18085,1533,1512,13,1525,39
2021-08-24,Kern,029,883053,107853,105399,14442,119841,1375
2021-08-24,Kings,031,150075,26429,25629,1370,26999,258
2021-08-24,Lake,033,64148,5335,5135,56,5191,72
2021-08-24,Lassen,035,31185,5728,5576,149,5725,21
2021-08-24,Los Angeles,037,10098052,1346607,1328777,49225,1378002,25135
2021-08-24,Madera,039,155013,18874,18251,1304,19555,247
2021-08-24,Marin,041,260295,16227,15900,336,16236,240
2021-08-24,Mariposa,043,17540,723,670,19,689,5
2021-08-24,Mendocino,045,87422,5760,5416,189,5605,52
2021-08-24,Merced,047,269075,35168,34490,1285,35775,491
2021-08-24,Modoc,049,8938,445,432,155,587,5
2021-08-24,Mono,051,14174,1398,1382,17,1399,3
2021-08-24,Monterey,053,433212,45764,45126,2260,47386,539
2021-08-24,Napa,055,140530,11543,11299,68,11367,85
2021-08-24,Nevada,057,99092,7352,6981,240,7221,77
2021-08-24,Orange,059,3164182,285860,281461,13111,294572,5187
2021-08-24,Placer,061,380077,30496,28618,2598,31216,318
2021-08-24,Plumas,063,18699,1006,953,16,969,5
2021-08-24,Riverside,065,2383286,329664,322620,15168,337788,4605
2021-08-24,Sacramento,067,1510023,135196,129542,2836,132378,1812
2021-08-24,San Benito,069,59416,6658,6576,129,6705,64
2021-08-24,San Bernardino,071,2135413,325256,320300,9935,330235,5328
2021-08-24,San Diego,073,3302833,331830,325823,19395,345218,3851
2021-08-24,San Francisco,075,870044,47282,46010,1920,47930,574
2021-08-24,San Joaquin,077,732212,86620,83684,4442,88126,1508
2021-08-24,San Luis Obispo,079,281455,25295,24443,949,25392,274
2021-08-24,San Mateo,081,765935,49340,48050,698,48748,553
2021-08-24,Santa Barbara,083,443738,39329,38307,1337,39644,478
2021-08-24,Santa Clara,085,1922200,134219,130763,980,131743,1779
2021-08-24,Santa Cruz,087,273765,18367,17928,907,18835,209
2021-08-24,Shasta,089,179085,15294,14664,2167,16831,217
2021-08-24,Sierra,091,2930,103,90,13,103,0
2021-08-24,Siskiyou,093,43540,2446,2294,665,2959,33
2021-08-24,Solano,095,438530,41048,38724,991,39715,283
2021-08-24,Sonoma,097,501317,37163,35849,440,36289,336
2021-08-24,Stanislaus,099,539301,65969,64195,7286,71481,1058
2021-08-24,Sutter,101,95872,11699,11384,138,11522,134
2021-08-24,Tehama,103,63373,6064,5826,805,6631,67
2021-08-24,Trinity,105,12862,603,446,143,589,3
2021-08-24,Tulare,107,460477,55605,53702,10926,64628,856
2021-08-24,Tuolumne,109,53932,5430,5287,60,5347,74
2021-08-24,Ventura,111,848112,90385,89167,3857,93024,1068
2021-08-24,Yolo,113,214977,17139,16492,688,17180,231
2021-08-24,Yuba,115,75493,8047,7723,173,7896,54
2021-08-23,Alameda,001,1643700,107953,104922,2397,107319,1294
2021-08-23,Alpine,003,1148,91,91,0,91,0
2021-08-23,Amador,005,37829,4519,4369,39,4408,50
2021-08-23,Butte,007,227075,15557,14847,2531,17378,211
2021-08-23,Calaveras,009,45235,2928,2803,19,2822,59
2021-08-23,Colusa,011,21464,2269,2206,465,2671,16
2021-08-23,Contra Costa,013,1133247,88470,84651,1728,86379,857
2021-08-23,Del Norte,015,27424,2750,2499,16,2515,8
2021-08-23,El Dorado,017,186661,13374,12684,1172,13856,118
2021-08-23,Fresno,019,978130,115651,112445,10059,122504,1759
2021-08-23,Glenn,021,27897,2808,2696,744,3440,20
2021-08-23,Humboldt,023,135768,6848,6498,186,6684,52
2021-08-23,Imperial,025,180216,30296,30011,2808,32819,748
2021-08-23,Inyo,027,18085,1526,1509,13,1522,39
2021-08-23,Kern,029,883053,107398,104995,14288,119283,1375
2021-08-23,Kings,031,150075,26298,25465,1364,26829,257
2021-08-23,Lake,033,64148,5295,5099,54,5153,69
2021-08-23,Lassen,035,31185,5716,5562,149,5711,21
2021-08-23,Los Angeles,037,10098052,1343637,1326412,49095,1375507,25096
2021-08-23,Madera,039,155013,18788,18155,1289,19444,246
2021-08-23,Marin,041,260295,16179,15856,332,16188,240
2021-08-23,Mariposa,043,17540,712,645,19,664,5
2021-08-23,Mendocino,045,87422,5690,5374,182,5556,51
2021-08-23,Merced,047,269075,34986,34322,1280,35602,488
2021-08-23,Modoc,049,8938,442,431,154,585,6
2021-08-23,Mono,051,14174,1394,1384,17,1401,3
2021-08-23,Monterey,053,433212,45664,45047,2250,47297,538
2021-08-23,Napa,055,140530,11505,11257,68,11325,85
2021-08-23,Nevada,057,99092,7271,6930,238,7168,77
2021-08-23,Orange,059,3164182,285228,280891,13078,293969,5181
2021-08-23,Placer,061,380077,30296,28540,2560,31100,314
2021-08-23,Plumas,063,18699,998,934,16,950,5
2021-08-23,Riverside,065,2383286,328751,321650,15142,336792,4598
2021-08-23,Sacramento,067,1510023,134408,128969,2769,131738,1807
2021-08-23,San Benito,069,59416,6640,6562,127,6689,64
2021-08-23,San Bernardino,071,2135413,324452,319577,9896,329473,5324
2021-08-23,San Diego,073,3302833,330397,324536,19272,343808,3848
2021-08-23,San Francisco,075,870044,47127,45945,1911,47856,573
2021-08-23,San Joaquin,077,732212,86188,83466,4410,87876,1499
2021-08-23,San Luis Obispo,079,281455,25113,24317,947,25264,274
2021-08-23,San Mateo,081,765935,49202,47935,695,48630,553
2021-08-23,Santa Barbara,083,443738,39150,38181,1335,39516,478
2021-08-23,Santa Clara,085,1922200,133819,130489,976,131465,1778
2021-08-23,Santa Cruz,087,273765,18310,17871,906,18777,209
2021-08-23,Shasta,089,179085,15167,14537,2129,16666,216
2021-08-23,Sierra,091,2930,103,90,13,103,0
2021-08-23,Siskiyou,093,43540,2425,2274,644,2918,33
2021-08-23,Solano,095,438530,40894,38612,982,39594,283
2021-08-23,Sonoma,097,501317,37043,35769,439,36208,336
2021-08-23,Stanislaus,099,539301,65635,63922,7247,71169,1058
2021-08-23,Sutter,101,95872,11610,11314,130,11444,133
2021-08-23,Tehama,103,63373,6010,5805,789,6594,67
2021-08-23,Trinity,105,12862,600,435,140,575,3
2021-08-23,Tulare,107,460477,55298,53370,10854,64224,856
2021-08-23,Tuolumne,109,53932,5388,5240,60,5300,73
2021-08-23,Ventura,111,848112,90167,88960,3845,92805,1063
2021-08-23,Yolo,113,214977,17051,16445,675,17120,226
2021-08-23,Yuba,115,75493,7976,7653,171,7824,54
2021-08-22,Alameda,001,1643700,107505,104539,2370,106909,1294
2021-08-22,Alpine,003,1148,91,91,0,91,0
2021-08-22,Amador,005,37829,4489,4349,39,4388,50
2021-08-22,Butte,007,227075,15417,14791,2497,17288,211
2021-08-22,Calaveras,009,45235,2890,2771,19,2790,59
2021-08-22,Colusa,011,21464,2262,2201,459,2660,16
2021-08-22,Contra Costa,013,1133247,87929,84371,1715,86086,857
2021-08-22,Del Norte,015,27424,2690,2455,16,2471,8
2021-08-22,El Dorado,017,186661,13270,12629,1152,13781,118
2021-08-22,Fresno,019,978130,115052,112057,9991,122048,1759
2021-08-22,Glenn,021,27897,2781,2678,731,3409,20
2021-08-22,Humboldt,023,135768,6770,6483,168,6651,52
2021-08-22,Imperial,025,180216,30238,29993,2803,32796,748
2021-08-22,Inyo,027,18085,1520,1505,13,1518,39
2021-08-22,Kern,029,883053,106872,104691,14136,118827,1375
2021-08-22,Kings,031,150075,26140,25391,1347,26738,257
2021-08-22,Lake,033,64148,5250,5069,51,5120,69
2021-08-22,Lassen,035,31185,5684,5556,145,5701,21
2021-08-22,Los Angeles,037,10098052,1340317,1324151,48965,1373116,25089
2021-08-22,Madera,039,155013,18669,18120,1275,19395,246
2021-08-22,Marin,041,260295,16127,15822,324,16146,240
2021-08-22,Mariposa,043,17540,702,638,17,655,5
2021-08-22,Mendocino,045,87422,5631,5336,182,5518,51
2021-08-22,Merced,047,269075,34783,34234,1267,35501,488
2021-08-22,Modoc,049,8938,440,431,154,585,6
2021-08-22,Mono,051,14174,1392,1378,17,1395,3
2021-08-22,Monterey,053,433212,45565,45017,2236,47253,538
2021-08-22,Napa,055,140530,11460,11231,68,11299,85
2021-08-22,Nevada,057,99092,7197,6864,236,7100,77
2021-08-22,Orange,059,3164182,284534,280390,13034,293424,5181
2021-08-22,Placer,061,380077,30087,28395,2524,30919,314
2021-08-22,Plumas,063,18699,980,923,15,938,5
2021-08-22,Riverside,065,2383286,327730,320836,15095,335931,4594
2021-08-22,Sacramento,067,1510023,133633,128231,2729,130960,1802
2021-08-22,San Benito,069,59416,6624,6550,127,6677,64
2021-08-22,San Bernardino,071,2135413,323482,318839,9861,328700,5324
2021-08-22,San Diego,073,3302833,329076,323591,19166,342757,3848
2021-08-22,San Francisco,075,870044,46961,45831,1902,47733,573
2021-08-22,San Joaquin,077,732212,85729,83121,4375,87496,1498
2021-08-22,San Luis Obispo,079,281455,24907,24250,940,25190,274
2021-08-22,San Mateo,081,765935,49026,47821,690,48511,553
2021-08-22,Santa Barbara,083,443738,38969,38099,1327,39426,478
2021-08-22,Santa Clara,085,1922200,133402,130189,969,131158,1778
2021-08-22,Santa Cruz,087,273765,18252,17823,901,18724,209
2021-08-22,Shasta,089,179085,15030,14478,2093,16571,216
2021-08-22,Sierra,091,2930,103,87,13,100,0
2021-08-22,Siskiyou,093,43540,2396,2261,626,2887,33
2021-08-22,Solano,095,438530,40696,38489,969,39458,283
2021-08-22,Sonoma,097,501317,36887,35676,437,36113,336
2021-08-22,Stanislaus,099,539301,65282,63683,7157,70840,1058
2021-08-22,Sutter,101,95872,11528,11251,126,11377,133
2021-08-22,Tehama,103,63373,5964,5791,770,6561,67
2021-08-22,Trinity,105,12862,593,433,138,571,3
2021-08-22,Tulare,107,460477,54979,53220,10771,63991,856
2021-08-22,Tuolumne,109,53932,5346,5214,60,5274,73
2021-08-22,Ventura,111,848112,89958,88791,3828,92619,1063
2021-08-22,Yolo,113,214977,16948,16374,667,17041,226
2021-08-22,Yuba,115,75493,7903,7626,170,7796,54
2021-08-21,Alameda,001,1643700,107302,104281,2363,106644,1294
2021-08-21,Alpine,003,1148,91,91,0,91,0
2021-08-21,Amador,005,37829,4479,4338,38,4376,50
2021-08-21,Butte,007,227075,15349,14714,2478,17192,211
2021-08-21,Calaveras,009,45235,2874,2744,19,2763,59
2021-08-21,Colusa,011,21464,2256,2192,455,2647,16
2021-08-21,Contra Costa,013,1133247,87670,84136,1707,85843,857
2021-08-21,Del Norte,015,27424,2667,2409,16,2425,8
2021-08-21,El Dorado,017,186661,13226,12590,1148,13738,118
2021-08-21,Fresno,019,978130,114852,111765,9979,121744,1759
2021-08-21,Glenn,021,27897,2768,2654,723,3377,20
2021-08-21,Humboldt,023,135768,6732,6446,163,6609,52
2021-08-21,Imperial,025,180216,30195,29976,2800,32776,748
2021-08-21,Inyo,027,18085,1517,1500,13,1513,39
2021-08-21,Kern,029,883053,106617,104443,14013,118456,1375
2021-08-21,Kings,031,150075,26069,25313,1342,26655,257
2021-08-21,Lake,033,64148,5230,5055,49,5104,69
2021-08-21,Lassen,035,31185,5670,5553,145,5698,21
2021-08-21,Los Angeles,037,10098052,1339020,1321308,48873,1370181,25080
2021-08-21,Madera,039,155013,18631,18067,1269,19336,246
2021-08-21,Marin,041,260295,16093,15775,322,16097,240
2021-08-21,Mariposa,043,17540,692,634,17,651,5
2021-08-21,Mendocino,045,87422,5585,5307,181,5488,51
2021-08-21,Merced,047,269075,34678,34148,1262,35410,488
2021-08-21,Modoc,049,8938,440,430,154,584,6
2021-08-21,Mono,051,14174,1392,1378,17,1395,3
2021-08-21,Monterey,053,433212,45518,44969,2229,47198,538
2021-08-21,Napa,055,140530,11425,11211,68,11279,85
2021-08-21,Nevada,057,99092,7153,6810,235,7045,77
2021-08-21,Orange,059,3164182,284082,279855,13000,292855,5181
2021-08-21,Placer,061,380077,29949,28289,2500,30789,314
2021-08-21,Plumas,063,18699,976,916,14,930,5
2021-08-21,Riverside,065,2383286,327150,320086,15082,335168,4594
2021-08-21,Sacramento,067,1510023,133138,127751,2718,130469,1809
2021-08-21,San Benito,069,59416,6614,6542,126,6668,64
2021-08-21,San Bernardino,071,2135413,323033,318293,9840,328133,5324
2021-08-21,San Diego,073,3302833,328420,322620,19117,341737,3848
2021-08-21,San Francisco,075,870044,46859,45637,1895,47532,573
2021-08-21,San Joaquin,077,732212,85512,82825,4361,87186,1498
2021-08-21,San Luis Obispo,079,281455,24849,24169,940,25109,273
2021-08-21,San Mateo,081,765935,48931,47685,690,48375,553
2021-08-21,Santa Barbara,083,443738,38887,37951,1323,39274,478
2021-08-21,Santa Clara,085,1922200,133137,129911,965,130876,1778
2021-08-21,Santa Cruz,087,273765,18215,17763,896,18659,209
2021-08-21,Shasta,089,179085,14956,14417,2079,16496,217
2021-08-21,Sierra,091,2930,98,85,13,98,0
2021-08-21,Siskiyou,093,43540,2382,2246,615,2861,33
2021-08-21,Solano,095,438530,40585,38423,959,39382,281
2021-08-21,Sonoma,097,501317,36800,35582,436,36018,336
2021-08-21,Stanislaus,099,539301,65100,63512,7140,70652,1058
2021-08-21,Sutter,101,95872,11483,11204,124,11328,133
2021-08-21,Tehama,103,63373,5939,5757,763,6520,67
2021-08-21,Trinity,105,12862,588,431,136,567,3
2021-08-21,Tulare,107,460477,54835,53045,10728,63773,857
2021-08-21,Tuolumne,109,53932,5315,5193,60,5253,73
2021-08-21,Ventura,111,848112,89813,88558,3813,92371,1063
2021-08-21,Yolo,113,214977,16901,16322,661,16983,226
2021-08-21,Yuba,115,75493,7857,7580,169,7749,54
2021-08-20,Alameda,001,1643700,107062,103812,2355,106167,1294
2021-08-20,Alpine,003,1148,91,91,0,91,0
2021-08-20,Amador,005,37829,4453,4323,38,4361,50
2021-08-20,Butte,007,227075,15276,14617,2456,17073,211
2021-08-20,Calaveras,009,45235,2854,2717,19,2736,59
2021-08-20,Colusa,011,21464,2251,2178,453,2631,16
2021-08-20,Contra Costa,013,1133247,87395,83721,1700,85421,857
2021-08-20,Del Norte,015,27424,2635,2316,16,2332,8
2021-08-20,El Dorado,017,186661,13188,12495,1140,13635,118
2021-08-20,Fresno,019,978130,114495,111315,9945,121260,1759
2021-08-20,Glenn,021,27897,2761,2642,713,3355,20
2021-08-20,Humboldt,023,135768,6680,6349,158,6507,52
2021-08-20,Imperial,025,180216,30172,29934,2800,32734,747
2021-08-20,Inyo,027,18085,1511,1495,13,1508,39
2021-08-20,Kern,029,883053,106333,104048,13887,117935,1373
2021-08-20,Kings,031,150075,26003,25241,1340,26581,256
2021-08-20,Lake,033,64148,5215,5024,46,5070,69
2021-08-20,Lassen,035,31185,5650,5539,145,5684,21
2021-08-20,Los Angeles,037,10098052,1337143,1317541,48772,1366313,25049
2021-08-20,Madera,039,155013,18582,18018,1254,19272,246
2021-08-20,Marin,041,260295,16075,15727,318,16045,240
2021-08-20,Mariposa,043,17540,687,630,17,647,5
2021-08-20,Mendocino,045,87422,5539,5241,180,5421,51
2021-08-20,Merced,047,269075,34614,34035,1252,35287,486
2021-08-20,Modoc,049,8938,440,429,154,583,6
2021-08-20,Mono,051,14174,1391,1368,17,1385,3
2021-08-20,Monterey,053,433212,45480,44890,2223,47113,538
2021-08-20,Napa,055,140530,11393,11152,68,11220,83
2021-08-20,Nevada,057,99092,7111,6753,229,6982,77
2021-08-20,Orange,059,3164182,283637,279193,12979,292172,5179
2021-08-20,Placer,061,380077,29854,28156,2471,30627,313
2021-08-20,Plumas,063,18699,966,908,14,922,5
2021-08-20,Riverside,065,2383286,326454,319072,15051,334123,4594
2021-08-20,Sacramento,067,1510023,132662,127226,2701,129927,1797
2021-08-20,San Benito,069,59416,6600,6508,126,6634,64
2021-08-20,San Bernardino,071,2135413,322420,317372,9811,327183,5322
2021-08-20,San Diego,073,3302833,327511,321102,19047,340149,3846
2021-08-20,San Francisco,075,870044,46762,45432,1880,47312,573
2021-08-20,San Joaquin,077,732212,85281,82419,4343,86762,1496
2021-08-20,San Luis Obispo,079,281455,24771,23986,936,24922,273
2021-08-20,San Mateo,081,765935,48818,47561,687,48248,551
2021-08-20,Santa Barbara,083,443738,38802,37794,1318,39112,477
2021-08-20,Santa Clara,085,1922200,132854,129510,960,130470,1774
2021-08-20,Santa Cruz,087,273765,18175,17701,893,18594,209
2021-08-20,Shasta,089,179085,14876,14277,2061,16338,215
2021-08-20,Sierra,091,2930,97,83,13,96,0
2021-08-20,Siskiyou,093,43540,2366,2226,610,2836,33
2021-08-20,Solano,095,438530,40445,38214,948,39162,277
2021-08-20,Sonoma,097,501317,36732,35416,435,35851,336
2021-08-20,Stanislaus,099,539301,64911,63219,7116,70335,1047
2021-08-20,Sutter,101,95872,11427,11136,123,11259,133
2021-08-20,Tehama,103,63373,5923,5730,751,6481,66
2021-08-20,Trinity,105,12862,588,422,135,557,3
2021-08-20,Tulare,107,460477,54705,52855,10685,63540,856
2021-08-20,Tuolumne,109,53932,5291,5153,59,5212,73
2021-08-20,Ventura,111,848112,89645,88285,3810,92095,1061
2021-08-20,Yolo,113,214977,16847,16236,655,16891,225
2021-08-20,Yuba,115,75493,7816,7523,169,7692,54
2021-08-19,Alameda,001,1643700,106612,103276,2333,105609,1294
2021-08-19,Alpine,003,1148,91,91,0,91,0
2021-08-19,Amador,005,37829,4446,4317,38,4355,50
2021-08-19,Butte,007,227075,15142,14518,2428,16946,211
2021-08-19,Calaveras,009,45235,2832,2673,19,2692,59
2021-08-19,Colusa,011,21464,2242,2167,448,2615,16
2021-08-19,Contra Costa,013,1133247,86957,83296,1687,84983,852
2021-08-19,Del Norte,015,27424,2585,2257,16,2273,8
2021-08-19,El Dorado,017,186661,13102,12410,1121,13531,118
2021-08-19,Fresno,019,978130,114057,110947,9891,120838,1759
2021-08-19,Glenn,021,27897,2743,2629,706,3335,20
2021-08-19,Humboldt,023,135768,6619,6246,152,6398,52
2021-08-19,Imperial,025,180216,30126,29865,2795,32660,747
2021-08-19,Inyo,027,18085,1504,1494,13,1507,39
2021-08-19,Kern,029,883053,105937,103731,13746,117477,1371
2021-08-19,Kings,031,150075,25872,25128,1328,26456,256
2021-08-19,Lake,033,64148,5183,4991,42,5033,69
2021-08-19,Lassen,035,31185,5632,5520,144,5664,21
2021-08-19,Los Angeles,037,10098052,1334158,1314453,48631,1363084,25020
2021-08-19,Madera,039,155013,18520,17947,1239,19186,246
2021-08-19,Marin,041,260295,16042,15672,315,15987,240
2021-08-19,Mariposa,043,17540,672,618,17,635,5
2021-08-19,Mendocino,045,87422,5506,5167,177,5344,51
2021-08-19,Merced,047,269075,34479,33851,1239,35090,486
2021-08-19,Modoc,049,8938,440,427,154,581,6
2021-08-19,Mono,051,14174,1387,1349,17,1366,3
2021-08-19,Monterey,053,433212,45407,44821,2213,47034,538
2021-08-19,Napa,055,140530,11341,11104,68,11172,83
2021-08-19,Nevada,057,99092,7047,6695,227,6922,77
2021-08-19,Orange,059,3164182,283000,278562,12928,291490,5172
2021-08-19,Placer,061,380077,29674,27953,2454,30407,313
2021-08-19,Plumas,063,18699,953,896,14,910,5
2021-08-19,Riverside,065,2383286,325426,318056,15022,333078,4589
2021-08-19,Sacramento,067,1510023,131958,126720,2666,129386,1801
2021-08-19,San Benito,069,59416,6583,6493,125,6618,64
2021-08-19,San Bernardino,071,2135413,321597,316398,9788,326186,5318
2021-08-19,San Diego,073,3302833,326260,319582,18949,338531,3839
2021-08-19,San Francisco,075,870044,46599,45220,1867,47087,571
2021-08-19,San Joaquin,077,732212,84835,82047,4294,86341,1491
2021-08-19,San Luis Obispo,079,281455,24633,23878,929,24807,271
2021-08-19,San Mateo,081,765935,48686,47431,686,48117,551
2021-08-19,Santa Barbara,083,443738,38657,37693,1315,39008,477
2021-08-19,Santa Clara,085,1922200,132464,129133,953,130086,1774
2021-08-19,Santa Cruz,087,273765,18112,17644,886,18530,209
2021-08-19,Shasta,089,179085,14752,14200,2038,16238,214
2021-08-19,Sierra,091,2930,93,83,13,96,0
2021-08-19,Siskiyou,093,43540,2351,2218,598,2816,33
2021-08-19,Solano,095,438530,40287,38025,937,38962,273
2021-08-19,Sonoma,097,501317,36644,35233,434,35667,336
2021-08-19,Stanislaus,099,539301,64568,62928,7072,70000,1047
2021-08-19,Sutter,101,95872,11342,11057,122,11179,133
2021-08-19,Tehama,103,63373,5887,5683,725,6408,66
2021-08-19,Trinity,105,12862,584,414,133,547,3
2021-08-19,Tulare,107,460477,54473,52685,10622,63307,856
2021-08-19,Tuolumne,109,53932,5255,5112,58,5170,64
2021-08-19,Ventura,111,848112,89442,88073,3796,91869,1060
2021-08-19,Yolo,113,214977,16762,16153,647,16800,225
2021-08-19,Yuba,115,75493,7763,7458,168,7626,51
2021-08-18,Alameda,001,1643700,106198,102696,2311,105007,1294
2021-08-18,Alpine,003,1148,90,91,0,91,0
2021-08-18,Amador,005,37829,4430,4279,37,4316,50
2021-08-18,Butte,007,227075,15032,14426,2400,16826,208
2021-08-18,Calaveras,009,45235,2795,2643,18,2661,59
2021-08-18,Colusa,011,21464,2234,2160,444,2604,16
2021-08-18,Contra Costa,013,1133247,86458,82767,1681,84448,851
2021-08-18,Del Norte,015,27424,2528,2219,16,2235,8
2021-08-18,El Dorado,017,186661,13012,12306,1107,13413,118
2021-08-18,Fresno,019,978130,113602,110523,9830,120353,1759
2021-08-18,Glenn,021,27897,2710,2623,698,3321,20
2021-08-18,Humboldt,023,135768,6548,6195,147,6342,52
2021-08-18,Imperial,025,180216,30093,29821,2793,32614,746
2021-08-18,Inyo,027,18085,1501,1494,13,1507,39
2021-08-18,Kern,029,883053,105590,103440,13652,117092,1370
2021-08-18,Kings,031,150075,25763,24984,1320,26304,256
2021-08-18,Lake,033,64148,5142,4957,41,4998,69
2021-08-18,Lassen,035,31185,5613,5506,143,5649,21
2021-08-18,Los Angeles,037,10098052,1331005,1311477,48500,1359977,24984
2021-08-18,Madera,039,155013,18461,17871,1226,19097,246
2021-08-18,Marin,041,260295,16004,15610,312,15922,240
2021-08-18,Mariposa,043,17540,659,615,16,631,5
2021-08-18,Mendocino,045,87422,5455,5129,175,5304,51
2021-08-18,Merced,047,269075,34315,33708,1228,34936,484
2021-08-18,Modoc,049,8938,440,427,153,580,6
2021-08-18,Mono,051,14174,1384,1344,17,1361,3
2021-08-18,Monterey,053,433212,45323,44735,2196,46931,532
2021-08-18,Napa,055,140530,11302,11060,67,11127,83
2021-08-18,Nevada,057,99092,6981,6633,227,6860,76
2021-08-18,Orange,059,3164182,282363,277795,12876,290671,5168
2021-08-18,Placer,061,380077,29447,27741,2426,30167,312
2021-08-18,Plumas,063,18699,944,874,14,888,5
2021-08-18,Riverside,065,2383286,324428,317107,14989,332096,4585
2021-08-18,Sacramento,067,1510023,131198,125599,2634,128233,1781
2021-08-18,San Benito,069,59416,6572,6481,124,6605,64
2021-08-18,San Bernardino,071,2135413,320798,315477,9769,325246,5304
2021-08-18,San Diego,073,3302833,324920,318152,18883,337035,3834
2021-08-18,San Francisco,075,870044,46397,44957,1858,46815,568
2021-08-18,San Joaquin,077,732212,84383,81601,4263,85864,1491
2021-08-18,San Luis Obispo,079,281455,24483,23726,916,24642,270
2021-08-18,San Mateo,081,765935,48522,47255,685,47940,551
2021-08-18,Santa Barbara,083,443738,38526,37599,1309,38908,475
2021-08-18,Santa Clara,085,1922200,132100,128563,950,129513,1773
2021-08-18,Santa Cruz,087,273765,18057,17566,882,18448,209
2021-08-18,Shasta,089,179085,14653,14087,2019,16106,213
2021-08-18,Sierra,091,2930,92,83,13,96,0
2021-08-18,Siskiyou,093,43540,2322,2204,586,2790,33
2021-08-18,Solano,095,438530,40081,37812,922,38734,271
2021-08-18,Sonoma,097,501317,36500,35063,433,35496,333
2021-08-18,Stanislaus,099,539301,64237,62613,7029,69642,1047
2021-08-18,Sutter,101,95872,11270,11004,117,11121,130
2021-08-18,Tehama,103,63373,5852,5653,715,6368,66
2021-08-18,Trinity,105,12862,577,409,130,539,3
2021-08-18,Tulare,107,460477,54233,52486,10553,63039,856
2021-08-18,Tuolumne,109,53932,5219,5081,56,5137,64
2021-08-18,Ventura,111,848112,89210,87835,3786,91621,1055
2021-08-18,Yolo,113,214977,16679,16047,629,16676,225
2021-08-18,Yuba,115,75493,7698,7391,168,7559,51
2021-08-17,Alameda,001,1643700,105797,102379,2296,104675,1290
2021-08-17,Alpine,003,1148,90,91,0,91,0
2021-08-17,Amador,005,37829,4401,4266,37,4303,50
2021-08-17,Butte,007,227075,14925,14357,2365,16722,206
2021-08-17,Calaveras,009,45235,2761,2624,18,2642,59
2021-08-17,Colusa,011,21464,2225,2156,440,2596,16
2021-08-17,Contra Costa,013,1133247,86012,82482,1670,84152,848
2021-08-17,Del Norte,015,27424,2474,2188,16,2204,8
2021-08-17,El Dorado,017,186661,12925,12242,1094,13336,118
2021-08-17,Fresno,019,978130,113118,110263,9767,120030,1755
2021-08-17,Glenn,021,27897,2696,2608,689,3297,20
2021-08-17,Humboldt,023,135768,6468,6155,145,6300,52
2021-08-17,Imperial,025,180216,30042,29768,2789,32557,746
2021-08-17,Inyo,027,18085,1498,1492,13,1505,39
2021-08-17,Kern,029,883053,105196,103048,13530,116578,1367
2021-08-17,Kings,031,150075,25657,24930,1309,26239,254
2021-08-17,Lake,033,64148,5099,4930,35,4965,68
2021-08-17,Lassen,035,31185,5596,5499,141,5640,21
2021-08-17,Los Angeles,037,10098052,1327441,1307999,48371,1356370,24952
2021-08-17,Madera,039,155013,18387,17838,1208,19046,246
2021-08-17,Marin,041,260295,15948,15570,312,15882,240
2021-08-17,Mariposa,043,17540,651,609,15,624,5
2021-08-17,Mendocino,045,87422,5400,5097,175,5272,51
2021-08-17,Merced,047,269075,34165,33508,1218,34726,482
2021-08-17,Modoc,049,8938,437,424,151,575,6
2021-08-17,Mono,051,14174,1379,1341,17,1358,3
2021-08-17,Monterey,053,433212,45239,44672,2186,46858,528
2021-08-17,Napa,055,140530,11261,11007,66,11073,83
2021-08-17,Nevada,057,99092,6906,6605,225,6830,75
2021-08-17,Orange,059,3164182,281717,277121,12840,289961,5164
2021-08-17,Placer,061,380077,29232,27634,2397,30031,312
2021-08-17,Plumas,063,18699,932,860,14,874,5
2021-08-17,Riverside,065,2383286,323416,316051,14946,330997,4582
2021-08-17,Sacramento,067,1510023,130404,125151,2592,127743,1774
2021-08-17,San Benito,069,59416,6553,6470,124,6594,64
2021-08-17,San Bernardino,071,2135413,319859,314402,9729,324131,5302
2021-08-17,San Diego,073,3302833,323310,317058,18785,335843,3824
2021-08-17,San Francisco,075,870044,46197,44820,1852,46672,567
2021-08-17,San Joaquin,077,732212,83915,81300,4230,85530,1489
2021-08-17,San Luis Obispo,079,281455,24327,23556,913,24469,268
2021-08-17,San Mateo,081,765935,48367,47127,680,47807,551
2021-08-17,Santa Barbara,083,443738,38367,37478,1302,38780,475
2021-08-17,Santa Clara,085,1922200,131697,128354,944,129298,1773
2021-08-17,Santa Cruz,087,273765,17972,17528,881,18409,209
2021-08-17,Shasta,089,179085,14522,14012,2000,16012,214
2021-08-17,Sierra,091,2930,91,82,13,95,0
2021-08-17,Siskiyou,093,43540,2306,2183,573,2756,33
2021-08-17,Solano,095,438530,39852,37662,909,38571,269
2021-08-17,Sonoma,097,501317,36352,34943,429,35372,333
2021-08-17,Stanislaus,099,539301,63896,62385,6970,69355,1047
2021-08-17,Sutter,101,95872,11198,10973,117,11090,130
2021-08-17,Tehama,103,63373,5818,5612,693,6305,66
2021-08-17,Trinity,105,12862,572,406,128,534,3
2021-08-17,Tulare,107,460477,53965,52362,10488,62850,856
2021-08-17,Tuolumne,109,53932,5176,5042,55,5097,64
2021-08-17,Ventura,111,848112,88972,87601,3765,91366,1053
2021-08-17,Yolo,113,214977,16590,15975,615,16590,225
2021-08-17,Yuba,115,75493,7627,7355,168,7523,51
2021-08-16,Alameda,001,1643700,105295,102052,2287,104339,1287
2021-08-16,Alpine,003,1148,90,91,0,91,0
2021-08-16,Amador,005,37829,4391,4235,37,4272,50
2021-08-16,Butte,007,227075,14806,14283,2330,16613,206
2021-08-16,Calaveras,009,45235,2701,2609,17,2626,57
2021-08-16,Colusa,011,21464,2214,2147,436,2583,16
2021-08-16,Contra Costa,013,1133247,85470,82070,1660,83730,848
2021-08-16,Del Norte,015,27424,2397,2125,16,2141,8
2021-08-16,El Dorado,017,186661,12824,12139,1081,13220,118
2021-08-16,Fresno,019,978130,112620,109623,9715,119338,1753
2021-08-16,Glenn,021,27897,2677,2593,683,3276,20
2021-08-16,Humboldt,023,135768,6397,6064,124,6188,52
2021-08-16,Imperial,025,180216,30001,29737,2775,32512,746
2021-08-16,Inyo,027,18085,1495,1490,13,1503,39
2021-08-16,Kern,029,883053,104821,102690,13414,116104,1367
2021-08-16,Kings,031,150075,25554,24817,1300,26117,254
2021-08-16,Lake,033,64148,5072,4898,34,4932,68
2021-08-16,Lassen,035,31185,5580,5481,133,5614,21
2021-08-16,Los Angeles,037,10098052,1324061,1305330,48227,1353557,24923
2021-08-16,Madera,039,155013,18312,17756,1187,18943,246
2021-08-16,Marin,041,260295,15889,15497,311,15808,239
2021-08-16,Mariposa,043,17540,634,597,15,612,5
2021-08-16,Mendocino,045,87422,5344,5037,173,5210,49
2021-08-16,Merced,047,269075,33964,33364,1205,34569,481
2021-08-16,Modoc,049,8938,435,421,150,571,5
2021-08-16,Mono,051,14174,1374,1339,17,1356,3
2021-08-16,Monterey,053,433212,45160,44595,2174,46769,527
2021-08-16,Napa,055,140530,11232,10946,66,11012,83
2021-08-16,Nevada,057,99092,6851,6535,224,6759,74
2021-08-16,Orange,059,3164182,280923,275985,12794,288779,5161
2021-08-16,Placer,061,380077,29049,27384,2365,29749,306
2021-08-16,Plumas,063,18699,921,851,14,865,5
2021-08-16,Riverside,065,2383286,322325,314774,14909,329683,4582
2021-08-16,Sacramento,067,1510023,129593,124554,2549,127103,1762
2021-08-16,San Benito,069,59416,6529,6452,124,6576,64
2021-08-16,San Bernardino,071,2135413,318893,313617,9702,323319,5301
2021-08-16,San Diego,073,3302833,321712,315348,18645,333993,3824
2021-08-16,San Francisco,075,870044,45993,44681,1845,46526,567
2021-08-16,San Joaquin,077,732212,83412,81087,4203,85290,1488
2021-08-16,San Luis Obispo,079,281455,24177,23452,905,24357,265
2021-08-16,San Mateo,081,765935,48184,47024,674,47698,548
2021-08-16,Santa Barbara,083,443738,38196,37358,1297,38655,475
2021-08-16,Santa Clara,085,1922200,131233,127978,940,128918,1773
2021-08-16,Santa Cruz,087,273765,17908,17491,875,18366,209
2021-08-16,Shasta,089,179085,14433,13862,1984,15846,211
2021-08-16,Sierra,091,2930,88,82,13,95,0
2021-08-16,Siskiyou,093,43540,2289,2169,553,2722,33
2021-08-16,Solano,095,438530,39571,37436,897,38333,263
2021-08-16,Sonoma,097,501317,36184,34844,427,35271,333
2021-08-16,Stanislaus,099,539301,63557,62033,6918,68951,1039
2021-08-16,Sutter,101,95872,11129,10902,116,11018,130
2021-08-16,Tehama,103,63373,5755,5565,688,6253,66
2021-08-16,Trinity,105,12862,566,400,127,527,3
2021-08-16,Tulare,107,460477,53722,52162,10420,62582,856
2021-08-16,Tuolumne,109,53932,5137,4984,54,5038,64
2021-08-16,Ventura,111,848112,88727,86954,3747,90701,1052
2021-08-16,Yolo,113,214977,16489,15922,607,16529,225
2021-08-16,Yuba,115,75493,7543,7314,167,7481,51
2021-08-15,Alameda,001,1643700,104804,101660,2270,103930,1287
2021-08-15,Alpine,003,1148,90,91,0,91,0
2021-08-15,Amador,005,37829,4363,4231,37,4268,49
2021-08-15,Butte,007,227075,14682,14263,2307,16570,206
2021-08-15,Calaveras,009,45235,2659,2599,17,2616,57
2021-08-15,Colusa,011,21464,2202,2140,426,2566,16
2021-08-15,Contra Costa,013,1133247,84988,81781,1645,83426,848
2021-08-15,Del Norte,015,27424,2330,2060,16,2076,8
2021-08-15,El Dorado,017,186661,12689,12057,1064,13121,118
2021-08-15,Fresno,019,978130,112141,109382,9649,119031,1753
2021-08-15,Glenn,021,27897,2654,2592,671,3263,20
2021-08-15,Humboldt,023,135768,6323,6024,118,6142,52
2021-08-15,Imperial,025,180216,29935,29711,2771,32482,746
2021-08-15,Inyo,027,18085,1494,1489,13,1502,39
2021-08-15,Kern,029,883053,104377,102524,13302,115826,1367
2021-08-15,Kings,031,150075,25409,24736,1290,26026,254
2021-08-15,Lake,033,64148,5013,4886,33,4919,68
2021-08-15,Lassen,035,31185,5563,5482,132,5614,21
2021-08-15,Los Angeles,037,10098052,1320525,1302882,48056,1350938,24918
2021-08-15,Madera,039,155013,18224,17714,1171,18885,246
2021-08-15,Marin,041,260295,15830,15461,309,15770,239
2021-08-15,Mariposa,043,17540,627,591,14,605,5
2021-08-15,Mendocino,045,87422,5287,5022,167,5189,49
2021-08-15,Merced,047,269075,33720,33305,1194,34499,481
2021-08-15,Modoc,049,8938,433,421,150,571,5
2021-08-15,Mono,051,14174,1370,1334,17,1351,3
2021-08-15,Monterey,053,433212,45038,44567,2153,46720,527
2021-08-15,Napa,055,140530,11177,10919,66,10985,83
2021-08-15,Nevada,057,99092,6766,6486,224,6710,74
2021-08-15,Orange,059,3164182,280152,275447,12754,288201,5161
2021-08-15,Placer,061,380077,28827,27220,2317,29537,306
2021-08-15,Plumas,063,18699,909,850,14,864,5
2021-08-15,Riverside,065,2383286,321187,314133,14882,329015,4582
2021-08-15,Sacramento,067,1510023,128777,123924,2517,126441,1761
2021-08-15,San Benito,069,59416,6511,6446,123,6569,64
2021-08-15,San Bernardino,071,2135413,317819,313120,9671,322791,5301
2021-08-15,San Diego,073,3302833,320240,314247,18518,332765,3824
2021-08-15,San Francisco,075,870044,45770,44531,1830,46361,567
2021-08-15,San Joaquin,077,732212,82925,80832,4164,84996,1488
2021-08-15,San Luis Obispo,079,281455,23981,23404,895,24299,265
2021-08-15,San Mateo,081,765935,47997,46897,668,47565,548
2021-08-15,Santa Barbara,083,443738,38024,37276,1290,38566,475
2021-08-15,Santa Clara,085,1922200,130800,127715,934,128649,1773
2021-08-15,Santa Cruz,087,273765,17838,17440,868,18308,209
2021-08-15,Shasta,089,179085,14330,13835,1959,15794,211
2021-08-15,Sierra,091,2930,87,82,12,94,0
2021-08-15,Siskiyou,093,43540,2268,2169,539,2708,33
2021-08-15,Solano,095,438530,39315,37320,886,38206,263
2021-08-15,Sonoma,097,501317,35988,34706,419,35125,333
2021-08-15,Stanislaus,099,539301,63188,61795,6841,68636,1039
2021-08-15,Sutter,101,95872,11038,10863,116,10979,130
2021-08-15,Tehama,103,63373,5706,5550,682,6232,66
2021-08-15,Trinity,105,12862,562,400,126,526,3
2021-08-15,Tulare,107,460477,53466,52046,10361,62407,856
2021-08-15,Tuolumne,109,53932,5099,4934,52,4986,64
2021-08-15,Ventura,111,848112,88422,86797,3733,90530,1052
2021-08-15,Yolo,113,214977,16392,15873,597,16470,225
2021-08-15,Yuba,115,75493,7466,7265,166,7431,51
2021-08-14,Alameda,001,1643700,104588,101305,2266,103571,1287
2021-08-14,Alpine,003,1148,90,91,0,91,0
2021-08-14,Amador,005,37829,4345,4206,37,4243,49
2021-08-14,Butte,007,227075,14646,14192,2291,16483,206
2021-08-14,Calaveras,009,45235,2652,2579,17,2596,57
2021-08-14,Colusa,011,21464,2191,2134,422,2556,16
2021-08-14,Contra Costa,013,1133247,84740,81458,1637,83095,848
2021-08-14,Del Norte,015,27424,2303,2015,16,2031,8
2021-08-14,El Dorado,017,186661,12653,12019,1056,13075,118
2021-08-14,Fresno,019,978130,111979,109056,9619,118675,1753
2021-08-14,Glenn,021,27897,2643,2583,668,3251,20
2021-08-14,Humboldt,023,135768,6270,5998,115,6113,52
2021-08-14,Imperial,025,180216,29908,29671,2771,32442,746
2021-08-14,Inyo,027,18085,1492,1487,13,1500,39
2021-08-14,Kern,029,883053,104182,102306,13206,115512,1367
2021-08-14,Kings,031,150075,25311,24647,1282,25929,254
2021-08-14,Lake,033,64148,4996,4850,32,4882,68
2021-08-14,Lassen,035,31185,5556,5475,131,5606,21
2021-08-14,Los Angeles,037,10098052,1318756,1299346,47917,1347263,24911
2021-08-14,Madera,039,155013,18177,17691,1166,18857,246
2021-08-14,Marin,041,260295,15796,15441,309,15750,239
2021-08-14,Mariposa,043,17540,623,584,14,598,5
2021-08-14,Mendocino,045,87422,5251,4977,164,5141,49
2021-08-14,Merced,047,269075,33656,33234,1188,34422,481
2021-08-14,Modoc,049,8938,433,421,150,571,5
2021-08-14,Mono,051,14174,1365,1332,17,1349,3
2021-08-14,Monterey,053,433212,44993,44514,2150,46664,527
2021-08-14,Napa,055,140530,11147,10878,65,10943,83
2021-08-14,Nevada,057,99092,6731,6419,223,6642,74
2021-08-14,Orange,059,3164182,279718,274732,12727,287459,5161
2021-08-14,Placer,061,380077,28681,27115,2293,29408,306
2021-08-14,Plumas,063,18699,899,849,14,863,5
2021-08-14,Riverside,065,2383286,320471,313264,14861,328125,4582
2021-08-14,Sacramento,067,1510023,128283,123438,2499,125937,1758
2021-08-14,San Benito,069,59416,6498,6428,123,6551,64
2021-08-14,San Bernardino,071,2135413,317268,312142,9650,321792,5301
2021-08-14,San Diego,073,3302833,319569,313589,18450,332039,3824
2021-08-14,San Francisco,075,870044,45641,44353,1811,46164,567
2021-08-14,San Joaquin,077,732212,82709,80585,4149,84734,1488
2021-08-14,San Luis Obispo,079,281455,23920,23328,892,24220,265
2021-08-14,San Mateo,081,765935,47878,46792,664,47456,548
2021-08-14,Santa Barbara,083,443738,37930,37118,1288,38406,475
2021-08-14,Santa Clara,085,1922200,130521,127432,931,128363,1772
2021-08-14,Santa Cruz,087,273765,17799,17384,867,18251,209
2021-08-14,Shasta,089,179085,14255,13813,1938,15751,211
2021-08-14,Sierra,091,2930,86,81,12,93,0
2021-08-14,Siskiyou,093,43540,2258,2160,529,2689,33
2021-08-14,Solano,095,438530,39228,37237,874,38111,263
2021-08-14,Sonoma,097,501317,35865,34606,417,35023,333
2021-08-14,Stanislaus,099,539301,63014,61564,6797,68361,1039
2021-08-14,Sutter,101,95872,10993,10808,115,10923,130
2021-08-14,Tehama,103,63373,5682,5530,678,6208,66
2021-08-14,Trinity,105,12862,556,399,126,525,3
2021-08-14,Tulare,107,460477,53330,51951,10316,62267,856
2021-08-14,Tuolumne,109,53932,5064,4924,52,4976,64
2021-08-14,Ventura,111,848112,88266,86569,3713,90282,1052
2021-08-14,Yolo,113,214977,16347,15815,588,16403,225
2021-08-14,Yuba,115,75493,7417,7223,166,7389,51
2021-08-13,Alameda,001,1643700,104292,100930,2258,103188,1284
2021-08-13,Alpine,003,1148,90,91,0,91,0
2021-08-13,Amador,005,37829,4317,4169,37,4206,49
2021-08-13,Butte,007,227075,14576,14100,2275,16375,206
2021-08-13,Calaveras,009,45235,2646,2564,17,2581,57
2021-08-13,Colusa,011,21464,2184,2123,417,2540,16
2021-08-13,Contra Costa,013,1133247,84429,81046,1630,82676,848
2021-08-13,Del Norte,015,27424,2262,1973,16,1989,8
2021-08-13,El Dorado,017,186661,12613,11951,1044,12995,118
2021-08-13,Fresno,019,978130,111687,108638,9596,118234,1753
2021-08-13,Glenn,021,27897,2632,2574,665,3239,20
2021-08-13,Humboldt,023,135768,6223,5882,112,5994,52
2021-08-13,Imperial,025,180216,29881,29654,2770,32424,745
2021-08-13,Inyo,027,18085,1491,1484,13,1497,39
2021-08-13,Kern,029,883053,103973,102029,13097,115126,1364
2021-08-13,Kings,031,150075,25226,24531,1275,25806,253
2021-08-13,Lake,033,64148,4973,4811,31,4842,68
2021-08-13,Lassen,035,31185,5548,5455,130,5585,21
2021-08-13,Los Angeles,037,10098052,1316434,1295406,47780,1343186,24891
2021-08-13,Madera,039,155013,18128,17614,1157,18771,246
2021-08-13,Marin,041,260295,15765,15380,309,15689,239
2021-08-13,Mariposa,043,17540,617,577,14,591,5
2021-08-13,Mendocino,045,87422,5198,4924,162,5086,49
2021-08-13,Merced,047,269075,33609,33111,1182,34293,480
2021-08-13,Modoc,049,8938,432,421,149,570,5
2021-08-13,Mono,051,14174,1362,1331,17,1348,3
2021-08-13,Monterey,053,433212,44933,44450,2148,46598,527
2021-08-13,Napa,055,140530,11111,10830,65,10895,83
2021-08-13,Nevada,057,99092,6690,6356,222,6578,74
2021-08-13,Orange,059,3164182,279224,274004,12678,286682,5159
2021-08-13,Placer,061,380077,28581,26987,2266,29253,306
2021-08-13,Plumas,063,18699,885,842,14,856,5
2021-08-13,Riverside,065,2383286,319732,312408,14836,327244,4581
2021-08-13,Sacramento,067,1510023,127813,122868,2474,125342,1758
2021-08-13,San Benito,069,59416,6492,6422,121,6543,64
2021-08-13,San Bernardino,071,2135413,316600,311378,9631,321009,5301
2021-08-13,San Diego,073,3302833,318523,312293,18371,330664,3821
2021-08-13,San Francisco,075,870044,45505,44196,1788,45984,567
2021-08-13,San Joaquin,077,732212,82492,80232,4133,84365,1481
2021-08-13,San Luis Obispo,079,281455,23857,23226,889,24115,265
2021-08-13,San Mateo,081,765935,47759,46660,663,47323,548
2021-08-13,Santa Barbara,083,443738,37845,37023,1284,38307,474
2021-08-13,Santa Clara,085,1922200,130234,126958,925,127883,1769
2021-08-13,Santa Cruz,087,273765,17759,17332,860,18192,209
2021-08-13,Shasta,089,179085,14192,13698,1924,15622,211
2021-08-13,Sierra,091,2930,85,81,12,93,0
2021-08-13,Siskiyou,093,43540,2249,2147,525,2672,33
2021-08-13,Solano,095,438530,39094,37104,866,37970,264
2021-08-13,Sonoma,097,501317,35760,34464,417,34881,333
2021-08-13,Stanislaus,099,539301,62842,61294,6756,68050,1039
2021-08-13,Sutter,101,95872,10949,10751,114,10865,130
2021-08-13,Tehama,103,63373,5658,5496,676,6172,66
2021-08-13,Trinity,105,12862,552,392,126,518,3
2021-08-13,Tulare,107,460477,53226,51770,10243,62013,856
2021-08-13,Tuolumne,109,53932,5031,4899,51,4950,64
2021-08-13,Ventura,111,848112,88108,86368,3700,90068,1052
2021-08-13,Yolo,113,214977,16293,15761,578,16339,225
2021-08-13,Yuba,115,75493,7379,7184,166,7350,51
2021-08-12,Alameda,001,1643700,103799,100472,2245,102717,1284
2021-08-12,Alpine,003,1148,90,91,0,91,0
2021-08-12,Amador,005,37829,4287,4161,36,4197,49
2021-08-12,Butte,007,227075,14506,14006,2257,16263,206
2021-08-12,Calaveras,009,45235,2630,2531,17,2548,57
2021-08-12,Colusa,011,21464,2179,2111,416,2527,17
2021-08-12,Contra Costa,013,1133247,83947,80738,1615,82353,846
2021-08-12,Del Norte,015,27424,2190,1923,16,1939,8
2021-08-12,El Dorado,017,186661,12499,11880,1035,12915,118
2021-08-12,Fresno,019,978130,111265,108193,9528,117721,1753
2021-08-12,Glenn,021,27897,2624,2559,653,3212,20
2021-08-12,Humboldt,023,135768,6154,5845,108,5953,52
2021-08-12,Imperial,025,180216,29825,29585,2764,32349,745
2021-08-12,Inyo,027,18085,1489,1483,13,1496,39
2021-08-12,Kern,029,883053,103684,101698,13018,114716,1364
2021-08-12,Kings,031,150075,25126,24423,1267,25690,252
2021-08-12,Lake,033,64148,4947,4774,31,4805,68
2021-08-12,Lassen,035,31185,5526,5428,129,5557,21
2021-08-12,Los Angeles,037,10098052,1313243,1291875,47647,1339522,24874
2021-08-12,Madera,039,155013,18064,17564,1145,18709,246
2021-08-12,Marin,041,260295,15716,15277,306,15583,239
2021-08-12,Mariposa,043,17540,608,568,13,581,5
2021-08-12,Mendocino,045,87422,5168,4873,156,5029,49
2021-08-12,Merced,047,269075,33485,32960,1175,34135,480
2021-08-12,Modoc,049,8938,431,423,149,572,5
2021-08-12,Mono,051,14174,1357,1325,17,1342,3
2021-08-12,Monterey,053,433212,44857,44383,2133,46516,527
2021-08-12,Napa,055,140530,11062,10780,64,10844,83
2021-08-12,Nevada,057,99092,6629,6283,222,6505,74
2021-08-12,Orange,059,3164182,278546,273167,12620,285787,5158
2021-08-12,Placer,061,380077,28382,26856,2243,29099,306
2021-08-12,Plumas,063,18699,877,829,14,843,5
2021-08-12,Riverside,065,2383286,318723,311304,14804,326108,4575
2021-08-12,Sacramento,067,1510023,127043,122222,2444,124666,1758
2021-08-12,San Benito,069,59416,6475,6398,119,6517,64
2021-08-12,San Bernardino,071,2135413,315726,310420,9601,320021,5297
2021-08-12,San Diego,073,3302833,317153,310596,18282,328878,3821
2021-08-12,San Francisco,075,870044,45298,43774,1775,45549,564
2021-08-12,San Joaquin,077,732212,82097,79945,4110,84055,1479
2021-08-12,San Luis Obispo,079,281455,23757,23101,876,23977,264
2021-08-12,San Mateo,081,765935,47615,46435,660,47095,548
2021-08-12,Santa Barbara,083,443738,37708,36881,1276,38157,473
2021-08-12,Santa Clara,085,1922200,129785,126614,919,127533,1769
2021-08-12,Santa Cruz,087,273765,17695,17261,859,18120,209
2021-08-12,Shasta,089,179085,14106,13621,1897,15518,211
2021-08-12,Sierra,091,2930,85,81,12,93,0
2021-08-12,Siskiyou,093,43540,2242,2134,516,2650,33
2021-08-12,Solano,095,438530,38865,36980,857,37837,262
2021-08-12,Sonoma,097,501317,35612,34299,414,34713,333
2021-08-12,Stanislaus,099,539301,62577,61026,6697,67723,1039
2021-08-12,Sutter,101,95872,10888,10695,112,10807,130
2021-08-12,Tehama,103,63373,5628,5462,667,6129,66
2021-08-12,Trinity,105,12862,548,386,125,511,3
2021-08-12,Tulare,107,460477,53081,51632,10194,61826,856
2021-08-12,Tuolumne,109,53932,4984,4845,49,4894,64
2021-08-12,Ventura,111,848112,87871,86106,3676,89782,1052
2021-08-12,Yolo,113,214977,16221,15686,565,16251,224
2021-08-12,Yuba,115,75493,7331,7128,165,7293,51
2021-08-11,Alameda,001,1643700,103287,100040,2242,102282,1281
2021-08-11,Alpine,003,1148,90,91,0,91,0
2021-08-11,Amador,005,37829,4263,4127,36,4163,49
2021-08-11,Butte,007,227075,14405,13905,2232,16137,206
2021-08-11,Calaveras,009,45235,2608,2505,17,2522,57
2021-08-11,Colusa,011,21464,2169,2101,414,2515,16
2021-08-11,Contra Costa,013,1133247,83447,80275,1597,81872,843
2021-08-11,Del Norte,015,27424,2131,1893,16,1909,8
2021-08-11,El Dorado,017,186661,12388,11799,1023,12822,119
2021-08-11,Fresno,019,978130,110811,107773,9482,117255,1751
2021-08-11,Glenn,021,27897,2615,2547,643,3190,20
2021-08-11,Humboldt,023,135768,6107,5765,107,5872,52
2021-08-11,Imperial,025,180216,29782,29565,2760,32325,745
2021-08-11,Inyo,027,18085,1489,1483,13,1496,39
2021-08-11,Kern,029,883053,103370,101448,12911,114359,1363
2021-08-11,Kings,031,150075,25013,24304,1258,25562,250
2021-08-11,Lake,033,64148,4910,4713,30,4743,68
2021-08-11,Lassen,035,31185,5517,5408,127,5535,21
2021-08-11,Los Angeles,037,10098052,1309915,1288238,47461,1335699,24851
2021-08-11,Madera,039,155013,18014,17511,1134,18645,245
2021-08-11,Marin,041,260295,15667,15235,306,15541,239
2021-08-11,Mariposa,043,17540,598,554,12,566,5
2021-08-11,Mendocino,045,87422,5099,4796,147,4943,49
2021-08-11,Merced,047,269075,33352,32802,1171,33973,479
2021-08-11,Modoc,049,8938,431,421,149,570,5
2021-08-11,Mono,051,14174,1352,1320,17,1337,3
2021-08-11,Monterey,053,433212,44758,44314,2115,46429,527
2021-08-11,Napa,055,140530,11021,10732,64,10796,83
2021-08-11,Nevada,057,99092,6576,6172,219,6391,74
2021-08-11,Orange,059,3164182,277689,272212,12575,284787,5155
2021-08-11,Placer,061,380077,28170,26687,2217,28904,305
2021-08-11,Plumas,063,18699,868,824,14,838,5
2021-08-11,Riverside,065,2383286,317730,310265,14769,325034,4570
2021-08-11,Sacramento,067,1510023,126250,121603,2405,124008,1757
2021-08-11,San Benito,069,59416,6462,6381,119,6500,64
2021-08-11,San Bernardino,071,2135413,314833,309498,9582,319080,5296
2021-08-11,San Diego,073,3302833,315683,309406,18178,327584,3818
2021-08-11,San Francisco,075,870044,45073,43555,1767,45322,564
2021-08-11,San Joaquin,077,732212,81690,79641,4084,83725,1478
2021-08-11,San Luis Obispo,079,281455,23653,22920,869,23789,264
2021-08-11,San Mateo,081,765935,47447,46300,657,46957,548
2021-08-11,Santa Barbara,083,443738,37545,36699,1268,37967,472
2021-08-11,Santa Clara,085,1922200,129304,126301,911,127212,1769
2021-08-11,Santa Cruz,087,273765,17630,17191,856,18047,209
2021-08-11,Shasta,089,179085,14032,13546,1882,15428,211
2021-08-11,Sierra,091,2930,84,81,12,93,0
2021-08-11,Siskiyou,093,43540,2228,2124,509,2633,33
2021-08-11,Solano,095,438530,38630,36862,843,37705,262
2021-08-11,Sonoma,097,501317,35433,34188,409,34597,333
2021-08-11,Stanislaus,099,539301,62246,60767,6667,67434,1037
2021-08-11,Sutter,101,95872,10816,10628,112,10740,130
2021-08-11,Tehama,103,63373,5599,5410,651,6061,66
2021-08-11,Trinity,105,12862,546,385,125,510,3
2021-08-11,Tulare,107,460477,52913,51464,10149,61613,854
2021-08-11,Tuolumne,109,53932,4952,4794,49,4843,64
2021-08-11,Ventura,111,848112,87619,85863,3655,89518,1051
2021-08-11,Yolo,113,214977,16146,15593,549,16142,218
2021-08-11,Yuba,115,75493,7272,7063,164,7227,53
2021-08-10,Alameda,001,1643700,102812,99771,2235,102006,1281
2021-08-10,Alpine,003,1148,90,91,0,91,0
2021-08-10,Amador,005,37829,4247,4093,36,4129,49
2021-08-10,Butte,007,227075,14321,13853,2211,16064,205
2021-08-10,Calaveras,009,45235,2584,2491,15,2506,57
2021-08-10,Colusa,011,21464,2156,2088,405,2493,16
2021-08-10,Contra Costa,013,1133247,82903,80018,1587,81605,840
2021-08-10,Del Norte,015,27424,2087,1870,16,1886,8
2021-08-10,El Dorado,017,186661,12287,11734,1011,12745,117
2021-08-10,Fresno,019,978130,110355,107616,9427,117043,1747
2021-08-10,Glenn,021,27897,2602,2538,633,3171,20
2021-08-10,Humboldt,023,135768,6053,5718,104,5822,52
2021-08-10,Imperial,025,180216,29747,29522,2753,32275,745
2021-08-10,Inyo,027,18085,1489,1482,13,1495,39
2021-08-10,Kern,029,883053,103042,101254,12815,114069,1359
2021-08-10,Kings,031,150075,24887,24252,1242,25494,251
2021-08-10,Lake,033,64148,4869,4700,30,4730,67
2021-08-10,Lassen,035,31185,5499,5401,127,5528,21
2021-08-10,Los Angeles,037,10098052,1306162,1285140,47294,1332434,24821
2021-08-10,Madera,039,155013,17941,17481,1124,18605,245
2021-08-10,Marin,041,260295,15620,15194,306,15500,239
2021-08-10,Mariposa,043,17540,585,550,12,562,5
2021-08-10,Mendocino,045,87422,5054,4775,143,4918,49
2021-08-10,Merced,047,269075,33205,32721,1162,33883,477
2021-08-10,Modoc,049,8938,430,421,149,570,5
2021-08-10,Mono,051,14174,1347,1320,17,1337,3
2021-08-10,Monterey,053,433212,44696,44259,2100,46359,527
2021-08-10,Napa,055,140530,10965,10703,63,10766,83
2021-08-10,Nevada,057,99092,6511,6151,218,6369,73
2021-08-10,Orange,059,3164182,276809,271688,12528,284216,5155
2021-08-10,Placer,061,380077,27951,26561,2175,28736,305
2021-08-10,Plumas,063,18699,859,816,14,830,5
2021-08-10,Riverside,065,2383286,316615,309529,14743,324272,4564
2021-08-10,Sacramento,067,1510023,125397,121159,2375,123534,1755
2021-08-10,San Benito,069,59416,6448,6371,119,6490,64
2021-08-10,San Bernardino,071,2135413,313909,308672,9564,318236,5295
2021-08-10,San Diego,073,3302833,314042,308288,18086,326374,3815
2021-08-10,San Francisco,075,870044,44819,43389,1752,45141,564
2021-08-10,San Joaquin,077,732212,81292,79391,4066,83457,1478
2021-08-10,San Luis Obispo,079,281455,23527,22776,867,23643,264
2021-08-10,San Mateo,081,765935,47275,46184,655,46839,548
2021-08-10,Santa Barbara,083,443738,37380,36574,1261,37835,472
2021-08-10,Santa Clara,085,1922200,128841,126019,904,126923,1770
2021-08-10,Santa Cruz,087,273765,17547,17142,854,17996,209
2021-08-10,Shasta,089,179085,13954,13461,1859,15320,211
2021-08-10,Sierra,091,2930,84,76,12,88,0
2021-08-10,Siskiyou,093,43540,2219,2088,502,2590,33
2021-08-10,Solano,095,438530,38384,36767,832,37599,262
2021-08-10,Sonoma,097,501317,35288,34054,406,34460,333
2021-08-10,Stanislaus,099,539301,61901,60605,6630,67235,1037
2021-08-10,Sutter,101,95872,10751,10569,112,10681,130
2021-08-10,Tehama,103,63373,5570,5392,646,6038,66
2021-08-10,Trinity,105,12862,546,384,125,509,3
2021-08-10,Tulare,107,460477,52748,51390,10097,61487,854
2021-08-10,Tuolumne,109,53932,4923,4780,47,4827,64
2021-08-10,Ventura,111,848112,87329,85714,3634,89348,1051
2021-08-10,Yolo,113,214977,16059,15568,539,16107,218
2021-08-10,Yuba,115,75493,7223,7028,164,7192,50
2021-08-09,Alameda,001,1643700,102258,99496,2231,101727,1276
2021-08-09,Alpine,003,1148,90,91,0,91,0
2021-08-09,Amador,005,37829,4221,4078,36,4114,48
2021-08-09,Butte,007,227075,14222,13813,2182,15995,205
2021-08-09,Calaveras,009,45235,2559,2472,15,2487,57
2021-08-09,Colusa,011,21464,2146,2075,398,2473,16
2021-08-09,Contra Costa,013,1133247,82360,79740,1575,81315,840
2021-08-09,Del Norte,015,27424,2019,1848,16,1864,8
2021-08-09,El Dorado,017,186661,12180,11672,998,12670,117
2021-08-09,Fresno,019,978130,109861,107310,9389,116699,1747
2021-08-09,Glenn,021,27897,2591,2532,621,3153,20
2021-08-09,Humboldt,023,135768,5962,5632,102,5734,52
2021-08-09,Imperial,025,180216,29702,29512,2749,32261,745
2021-08-09,Inyo,027,18085,1489,1481,13,1494,39
2021-08-09,Kern,029,883053,102730,101069,12729,113798,1359
2021-08-09,Kings,031,150075,24780,24155,1228,25383,250
2021-08-09,Lake,033,64148,4834,4670,28,4698,66
2021-08-09,Lassen,035,31185,5477,5393,126,5519,21
2021-08-09,Los Angeles,037,10098052,1302153,1282891,47088,1329979,24798
2021-08-09,Madera,039,155013,17882,17429,1104,18533,245
2021-08-09,Marin,041,260295,15567,15154,305,15459,239
2021-08-09,Mariposa,043,17540,572,545,12,557,5
2021-08-09,Mendocino,045,87422,5003,4732,135,4867,49
2021-08-09,Merced,047,269075,33059,32666,1155,33821,477
2021-08-09,Modoc,049,8938,430,419,149,568,5
2021-08-09,Mono,051,14174,1344,1337,17,1354,3
2021-08-09,Monterey,053,433212,44624,44190,2085,46275,527
2021-08-09,Napa,055,140530,10918,10679,63,10742,83
2021-08-09,Nevada,057,99092,6439,6088,217,6305,73
2021-08-09,Orange,059,3164182,275769,271036,12473,283509,5153
2021-08-09,Placer,061,380077,27728,26457,2144,28601,305
2021-08-09,Plumas,063,18699,842,803,14,817,5
2021-08-09,Riverside,065,2383286,315539,308678,14725,323403,4562
2021-08-09,Sacramento,067,1510023,124563,120812,2350,123162,1748
2021-08-09,San Benito,069,59416,6428,6359,117,6476,63
2021-08-09,San Bernardino,071,2135413,312923,308038,9541,317579,5295
2021-08-09,San Diego,073,3302833,312382,306855,17987,324842,3811
2021-08-09,San Francisco,075,870044,44573,43261,1736,44997,564
2021-08-09,San Joaquin,077,732212,80910,79198,4048,83246,1469
2021-08-09,San Luis Obispo,079,281455,23388,22695,858,23553,264
2021-08-09,San Mateo,081,765935,47103,46040,652,46692,548
2021-08-09,Santa Barbara,083,443738,37196,36474,1253,37727,470
2021-08-09,Santa Clara,085,1922200,128338,125791,895,126686,2187
2021-08-09,Santa Cruz,087,273765,17485,17082,854,17936,209
2021-08-09,Shasta,089,179085,13837,13397,1848,15245,210
2021-08-09,Sierra,091,2930,83,75,12,87,0
2021-08-09,Siskiyou,093,43540,2207,2047,487,2534,32
2021-08-09,Solano,095,438530,38108,36653,830,37483,262
2021-08-09,Sonoma,097,501317,35107,33933,404,34337,333
2021-08-09,Stanislaus,099,539301,61621,60410,6581,66991,1037
2021-08-09,Sutter,101,95872,10702,10525,109,10634,129
2021-08-09,Tehama,103,63373,5528,5373,645,6018,66
2021-08-09,Trinity,105,12862,544,378,123,501,3
2021-08-09,Tulare,107,460477,52587,51274,10035,61309,854
2021-08-09,Tuolumne,109,53932,4881,4745,47,4792,64
2021-08-09,Ventura,111,848112,87057,85514,3623,89137,1047
2021-08-09,Yolo,113,214977,15981,15521,518,16039,218
2021-08-09,Yuba,115,75493,7164,6994,164,7158,50
2021-08-08,Alameda,001,1643700,101705,99135,2225,101360,1276
2021-08-08,Alpine,003,1148,90,91,0,91,0
2021-08-08,Amador,005,37829,4187,4057,35,4092,48
2021-08-08,Butte,007,227075,14140,13791,2162,15953,205
2021-08-08,Calaveras,009,45235,2526,2462,15,2477,57
2021-08-08,Colusa,011,21464,2129,2070,391,2461,16
2021-08-08,Contra Costa,013,1133247,81836,79454,1568,81022,840
2021-08-08,Del Norte,015,27424,1973,1810,16,1826,8
2021-08-08,El Dorado,017,186661,12059,11631,987,12618,117
2021-08-08,Fresno,019,978130,109418,107078,9352,116430,1747
2021-08-08,Glenn,021,27897,2583,2527,614,3141,20
2021-08-08,Humboldt,023,135768,5873,5571,102,5673,52
2021-08-08,Imperial,025,180216,29678,29485,2739,32224,745
2021-08-08,Inyo,027,18085,1489,1481,13,1494,39
2021-08-08,Kern,029,883053,102410,100909,12617,113526,1359
2021-08-08,Kings,031,150075,24666,24095,1219,25314,250
2021-08-08,Lake,033,64148,4784,4636,27,4663,66
2021-08-08,Lassen,035,31185,5462,5391,125,5516,21
2021-08-08,Los Angeles,037,10098052,1297901,1279982,46904,1326886,24793
2021-08-08,Madera,039,155013,17803,17398,1087,18485,245
2021-08-08,Marin,041,260295,15514,15124,303,15427,239
2021-08-08,Mariposa,043,17540,568,538,12,550,5
2021-08-08,Mendocino,045,87422,4941,4702,122,4824,49
2021-08-08,Merced,047,269075,32912,32634,1146,33780,477
2021-08-08,Modoc,049,8938,429,419,148,567,5
2021-08-08,Mono,051,14174,1340,1336,17,1353,3
2021-08-08,Monterey,053,433212,44554,44171,2074,46245,527
2021-08-08,Napa,055,140530,10882,10668,63,10731,83
2021-08-08,Nevada,057,99092,6355,6009,215,6224,73
2021-08-08,Orange,059,3164182,274856,270532,12431,282963,5153
2021-08-08,Placer,061,380077,27519,26332,2103,28435,305
2021-08-08,Plumas,063,18699,833,803,14,817,5
2021-08-08,Riverside,065,2383286,314418,308042,14702,322744,4562
2021-08-08,Sacramento,067,1510023,123735,120109,2338,122447,1744
2021-08-08,San Benito,069,59416,6411,6350,116,6466,63
2021-08-08,San Bernardino,071,2135413,311778,307378,9512,316890,5295
2021-08-08,San Diego,073,3302833,311042,305983,17889,323872,3811
2021-08-08,San Francisco,075,870044,44313,43098,1713,44811,564
2021-08-08,San Joaquin,077,732212,80461,79002,4032,83034,1469
2021-08-08,San Luis Obispo,079,281455,23214,22668,850,23518,263
2021-08-08,San Mateo,081,765935,46913,45927,649,46576,548
2021-08-08,Santa Barbara,083,443738,37019,36417,1246,37663,470
2021-08-08,Santa Clara,085,1922200,127887,125553,890,126443,2187
2021-08-08,Santa Cruz,087,273765,17414,17035,849,17884,209
2021-08-08,Shasta,089,179085,13752,13381,1837,15218,210
2021-08-08,Sierra,091,2930,83,74,12,86,0
2021-08-08,Siskiyou,093,43540,2191,2041,482,2523,32
2021-08-08,Solano,095,438530,37856,36551,826,37377,262
2021-08-08,Sonoma,097,501317,34863,33805,403,34208,333
2021-08-08,Stanislaus,099,539301,61293,60269,6536,66805,1037
2021-08-08,Sutter,101,95872,10642,10481,108,10589,129
2021-08-08,Tehama,103,63373,5491,5359,642,6001,66
2021-08-08,Trinity,105,12862,539,378,123,501,3
2021-08-08,Tulare,107,460477,52408,51220,9976,61196,854
2021-08-08,Tuolumne,109,53932,4842,4731,47,4778,64
2021-08-08,Ventura,111,848112,86766,85382,3613,88995,1047
2021-08-08,Yolo,113,214977,15889,15477,511,15988,218
2021-08-08,Yuba,115,75493,7125,6967,164,7131,50
2021-08-07,Alameda,001,1643700,101456,98812,2219,101031,1276
2021-08-07,Alpine,003,1148,90,91,0,91,0
2021-08-07,Amador,005,37829,4170,4041,34,4075,48
2021-08-07,Butte,007,227075,14088,13714,2150,15864,205
2021-08-07,Calaveras,009,45235,2516,2446,15,2461,57
2021-08-07,Colusa,011,21464,2124,2067,382,2449,16
2021-08-07,Contra Costa,013,1133247,81540,79168,1565,80733,840
2021-08-07,Del Norte,015,27424,1941,1791,16,1807,8
2021-08-07,El Dorado,017,186661,12011,11575,980,12555,117
2021-08-07,Fresno,019,978130,109215,106861,9326,116187,1747
2021-08-07,Glenn,021,27897,2575,2515,613,3128,20
2021-08-07,Humboldt,023,135768,5823,5510,99,5609,52
2021-08-07,Imperial,025,180216,29659,29470,2739,32209,745
2021-08-07,Inyo,027,18085,1487,1476,13,1489,39
2021-08-07,Kern,029,883053,102252,100693,12562,113255,1359
2021-08-07,Kings,031,150075,24605,24048,1213,25261,250
2021-08-07,Lake,033,64148,4763,4613,27,4640,66
2021-08-07,Lassen,035,31185,5458,5386,125,5511,21
2021-08-07,Los Angeles,037,10098052,1295864,1276853,46757,1323610,24786
2021-08-07,Madera,039,155013,17768,17366,1083,18449,245
2021-08-07,Marin,041,260295,15480,15085,302,15387,239
2021-08-07,Mariposa,043,17540,565,530,12,542,5
2021-08-07,Mendocino,045,87422,4905,4690,120,4810,49
2021-08-07,Merced,047,269075,32848,32569,1143,33712,477
2021-08-07,Modoc,049,8938,429,419,148,567,5
2021-08-07,Mono,051,14174,1337,1329,17,1346,3
2021-08-07,Monterey,053,433212,44502,44124,2069,46193,527
2021-08-07,Napa,055,140530,10861,10658,62,10720,83
2021-08-07,Nevada,057,99092,6305,5967,213,6180,73
2021-08-07,Orange,059,3164182,274263,269900,12401,282301,5153
2021-08-07,Placer,061,380077,27330,26244,2095,28339,305
2021-08-07,Plumas,063,18699,828,801,14,815,5
2021-08-07,Riverside,065,2383286,313746,307326,14695,322021,4562
2021-08-07,Sacramento,067,1510023,123234,119636,2334,121970,1744
2021-08-07,San Benito,069,59416,6401,6332,116,6448,63
2021-08-07,San Bernardino,071,2135413,311190,306663,9495,316158,5295
2021-08-07,San Diego,073,3302833,310287,304974,17854,322828,3811
2021-08-07,San Francisco,075,870044,44142,42926,1695,44621,564
2021-08-07,San Joaquin,077,732212,80297,78769,4018,82787,1469
2021-08-07,San Luis Obispo,079,281455,23145,22579,849,23428,263
2021-08-07,San Mateo,081,765935,46785,45804,647,46451,548
2021-08-07,Santa Barbara,083,443738,36923,36303,1240,37543,470
2021-08-07,Santa Clara,085,1922200,127615,125196,885,126081,2188
2021-08-07,Santa Cruz,087,273765,17371,16994,847,17841,209
2021-08-07,Shasta,089,179085,13696,13361,1830,15191,210
2021-08-07,Sierra,091,2930,83,74,12,86,0
2021-08-07,Siskiyou,093,43540,2179,2039,480,2519,32
2021-08-07,Solano,095,438530,37740,36458,818,37276,262
2021-08-07,Sonoma,097,501317,34741,33716,403,34119,333
2021-08-07,Stanislaus,099,539301,61122,60093,6506,66599,1037
2021-08-07,Sutter,101,95872,10605,10447,108,10555,129
2021-08-07,Tehama,103,63373,5480,5343,637,5980,66
2021-08-07,Trinity,105,12862,535,377,122,499,3
2021-08-07,Tulare,107,460477,52321,51133,9938,61071,854
2021-08-07,Tuolumne,109,53932,4812,4721,47,4768,64
2021-08-07,Ventura,111,848112,86586,85232,3599,88831,1047
2021-08-07,Yolo,113,214977,15845,15423,504,15927,218
2021-08-07,Yuba,115,75493,7100,6937,162,7099,50
2021-08-06,Alameda,001,1643700,101126,98487,2213,100700,1275
2021-08-06,Alpine,003,1148,90,91,0,91,0
2021-08-06,Amador,005,37829,4149,4002,34,4036,48
2021-08-06,Butte,007,227075,14038,13626,2135,15761,205
2021-08-06,Calaveras,009,45235,2505,2419,15,2434,57
2021-08-06,Colusa,011,21464,2117,2045,376,2421,16
2021-08-06,Contra Costa,013,1133247,81245,78796,1560,80356,840
2021-08-06,Del Norte,015,27424,1914,1755,15,1770,8
2021-08-06,El Dorado,017,186661,11961,11498,968,12466,117
2021-08-06,Fresno,019,978130,108950,106542,9299,115841,1747
2021-08-06,Glenn,021,27897,2560,2504,610,3114,20
2021-08-06,Humboldt,023,135768,5772,5421,96,5517,52
2021-08-06,Imperial,025,180216,29648,29404,2735,32139,745
2021-08-06,Inyo,027,18085,1484,1471,13,1484,39
2021-08-06,Kern,029,883053,102075,100427,12477,112904,1359
2021-08-06,Kings,031,150075,24550,23974,1209,25183,250
2021-08-06,Lake,033,64148,4740,4557,27,4584,66
2021-08-06,Lassen,035,31185,5436,5368,125,5493,21
2021-08-06,Los Angeles,037,10098052,1293374,1273081,46605,1319686,24772
2021-08-06,Madera,039,155013,17729,17324,1074,18398,245
2021-08-06,Marin,041,260295,15447,15051,302,15353,239
2021-08-06,Mariposa,043,17540,556,511,12,523,5
2021-08-06,Mendocino,045,87422,4863,4649,119,4768,49
2021-08-06,Merced,047,269075,32788,32456,1140,33596,477
2021-08-06,Modoc,049,8938,429,419,148,567,5
2021-08-06,Mono,051,14174,1336,1328,17,1345,3
2021-08-06,Monterey,053,433212,44434,44058,2056,46114,527
2021-08-06,Napa,055,140530,10834,10620,62,10682,83
2021-08-06,Nevada,057,99092,6249,5874,213,6087,73
2021-08-06,Orange,059,3164182,273698,269077,12384,281461,5151
2021-08-06,Placer,061,380077,27207,26086,2074,28160,305
2021-08-06,Plumas,063,18699,819,795,14,809,5
2021-08-06,Riverside,065,2383286,313036,306304,14684,320988,4562
2021-08-06,Sacramento,067,1510023,122742,119169,2315,121484,1740
2021-08-06,San Benito,069,59416,6384,6315,116,6431,63
2021-08-06,San Bernardino,071,2135413,310490,305806,9486,315292,5286
2021-08-06,San Diego,073,3302833,309248,303691,17805,321496,3810
2021-08-06,San Francisco,075,870044,43985,42659,1677,44336,565
2021-08-06,San Joaquin,077,732212,80146,78405,4006,82411,1469
2021-08-06,San Luis Obispo,079,281455,23077,22472,844,23316,263
2021-08-06,San Mateo,081,765935,46633,45665,642,46307,548
2021-08-06,Santa Barbara,083,443738,36834,36208,1236,37444,470
2021-08-06,Santa Clara,085,1922200,127325,124767,880,125647,2185
2021-08-06,Santa Cruz,087,273765,17327,16924,843,17767,207
2021-08-06,Shasta,089,179085,13630,13284,1824,15108,210
2021-08-06,Sierra,091,2930,83,73,12,85,0
2021-08-06,Siskiyou,093,43540,2169,2030,476,2506,32
2021-08-06,Solano,095,438530,37630,36351,809,37160,262
2021-08-06,Sonoma,097,501317,34655,33594,402,33996,333
2021-08-06,Stanislaus,099,539301,60984,59854,6485,66339,1037
2021-08-06,Sutter,101,95872,10562,10391,108,10499,128
2021-08-06,Tehama,103,63373,5456,5325,635,5960,66
2021-08-06,Trinity,105,12862,534,371,121,492,3
2021-08-06,Tulare,107,460477,52220,51018,9891,60909,854
2021-08-06,Tuolumne,109,53932,4785,4674,47,4721,64
2021-08-06,Ventura,111,848112,86415,85046,3587,88633,1047
2021-08-06,Yolo,113,214977,15792,15299,499,15798,218
2021-08-06,Yuba,115,75493,7077,6904,162,7066,50
2021-08-05,Alameda,001,1643700,100640,98052,2208,100260,1275
2021-08-05,Alpine,003,1148,90,91,0,91,0
2021-08-05,Amador,005,37829,4129,3992,34,4026,48
2021-08-05,Butte,007,227075,13977,13564,2112,15676,206
2021-08-05,Calaveras,009,45235,2486,2397,15,2412,57
2021-08-05,Colusa,011,21464,2105,2036,372,2408,16
2021-08-05,Contra Costa,013,1133247,80818,78514,1553,80067,840
2021-08-05,Del Norte,015,27424,1887,1731,15,1746,8
2021-08-05,El Dorado,017,186661,11876,11408,957,12365,117
2021-08-05,Fresno,019,978130,108579,106219,9263,115482,1747
2021-08-05,Glenn,021,27897,2554,2494,607,3101,20
2021-08-05,Humboldt,023,135768,5698,5328,95,5423,52
2021-08-05,Imperial,025,180216,29617,29383,2731,32114,745
2021-08-05,Inyo,027,18085,1480,1468,13,1481,38
2021-08-05,Kern,029,883053,101853,100091,12392,112483,1358
2021-08-05,Kings,031,150075,24466,23906,1204,25110,249
2021-08-05,Lake,033,64148,4701,4490,25,4515,66
2021-08-05,Lassen,035,31185,5428,5344,125,5469,21
2021-08-05,Los Angeles,037,10098052,1290154,1269445,46473,1315918,24756
2021-08-05,Madera,039,155013,17688,17301,1066,18367,245
2021-08-05,Marin,041,260295,15403,15005,298,15303,239
2021-08-05,Mariposa,043,17540,545,504,11,515,5
2021-08-05,Mendocino,045,87422,4820,4597,110,4707,49
2021-08-05,Merced,047,269075,32721,32381,1129,33510,477
2021-08-05,Modoc,049,8938,428,418,148,566,5
2021-08-05,Mono,051,14174,1328,1309,17,1326,3
2021-08-05,Monterey,053,433212,44377,43992,2038,46030,527
2021-08-05,Napa,055,140530,10798,10591,60,10651,83
2021-08-05,Nevada,057,99092,6167,5778,210,5988,73
2021-08-05,Orange,059,3164182,272917,268329,12358,280687,5149
2021-08-05,Placer,061,380077,27007,25965,2047,28012,305
2021-08-05,Plumas,063,18699,810,787,14,801,5
2021-08-05,Riverside,065,2383286,312119,305415,14658,320073,4562
2021-08-05,Sacramento,067,1510023,122033,118590,2302,120892,1739
2021-08-05,San Benito,069,59416,6366,6305,116,6421,63
2021-08-05,San Bernardino,071,2135413,309654,304956,9465,314421,5284
2021-08-05,San Diego,073,3302833,307976,302220,17723,319943,3806
2021-08-05,San Francisco,075,870044,43774,42301,1668,43969,564
2021-08-05,San Joaquin,077,732212,79784,78151,3988,82139,1468
2021-08-05,San Luis Obispo,079,281455,22962,22362,838,23200,263
2021-08-05,San Mateo,081,765935,46460,45554,640,46194,548
2021-08-05,Santa Barbara,083,443738,36727,36112,1233,37345,470
2021-08-05,Santa Clara,085,1922200,126992,124490,880,125370,2185
2021-08-05,Santa Cruz,087,273765,17283,16867,840,17707,207
2021-08-05,Shasta,089,179085,13572,13217,1816,15033,210
2021-08-05,Sierra,091,2930,78,73,12,85,0
2021-08-05,Siskiyou,093,43540,2148,2024,467,2491,32
2021-08-05,Solano,095,438530,37449,36250,802,37052,262
2021-08-05,Sonoma,097,501317,34520,33455,401,33856,330
2021-08-05,Stanislaus,099,539301,60762,59692,6446,66138,1037
2021-08-05,Sutter,101,95872,10507,10349,108,10457,127
2021-08-05,Tehama,103,63373,5438,5305,632,5937,66
2021-08-05,Trinity,105,12862,528,367,121,488,3
2021-08-05,Tulare,107,460477,52103,50889,9837,60726,854
2021-08-05,Tuolumne,109,53932,4755,4619,47,4666,64
2021-08-05,Ventura,111,848112,86164,84837,3573,88410,1047
2021-08-05,Yolo,113,214977,15725,15250,489,15739,218
2021-08-05,Yuba,115,75493,7034,6872,160,7032,50
2021-08-04,Alameda,001,1643700,100138,97477,2197,99674,1274
2021-08-04,Alpine,003,1148,90,91,0,91,0
2021-08-04,Amador,005,37829,4099,3962,33,3995,48
2021-08-04,Butte,007,227075,13909,13509,2095,15604,205
2021-08-04,Calaveras,009,45235,2461,2374,15,2389,57
2021-08-04,Colusa,011,21464,2093,2025,366,2391,16
2021-08-04,Contra Costa,013,1133247,80301,77966,1548,79514,840
2021-08-04,Del Norte,015,27424,1864,1701,15,1716,8
2021-08-04,El Dorado,017,186661,11796,11319,946,12265,117
2021-08-04,Fresno,019,978130,108211,105899,9224,115123,1747
2021-08-04,Glenn,021,27897,2546,2487,605,3092,20
2021-08-04,Humboldt,023,135768,5622,5271,94,5365,52
2021-08-04,Imperial,025,180216,29569,29375,2729,32104,745
2021-08-04,Inyo,027,18085,1479,1465,13,1478,38
2021-08-04,Kern,029,883053,101603,99868,12309,112177,1358
2021-08-04,Kings,031,150075,24394,23840,1196,25036,250
2021-08-04,Lake,033,64148,4671,4423,20,4443,65
2021-08-04,Lassen,035,31185,5420,5340,125,5465,21
2021-08-04,Los Angeles,037,10098052,1286661,1265788,46315,1312103,24737
2021-08-04,Madera,039,155013,17653,17251,1059,18310,245
2021-08-04,Marin,041,260295,15356,14950,296,15246,239
2021-08-04,Mariposa,043,17540,530,497,11,508,5
2021-08-04,Mendocino,045,87422,4796,4560,106,4666,49
2021-08-04,Merced,047,269075,32583,32274,1124,33398,476
2021-08-04,Modoc,049,8938,428,416,148,564,5
2021-08-04,Mono,051,14174,1324,1307,17,1324,3
2021-08-04,Monterey,053,433212,44312,43926,2027,45953,526
2021-08-04,Napa,055,140530,10761,10544,60,10604,82
2021-08-04,Nevada,057,99092,6103,5702,209,5911,73
2021-08-04,Orange,059,3164182,272043,267199,12321,279520,5146
2021-08-04,Placer,061,380077,26790,25688,2027,27715,305
2021-08-04,Plumas,063,18699,804,784,14,798,5
2021-08-04,Riverside,065,2383286,311194,304272,14633,318905,4562
2021-08-04,Sacramento,067,1510023,121276,117882,2276,120158,1736
2021-08-04,San Benito,069,59416,6351,6300,116,6416,63
2021-08-04,San Bernardino,071,2135413,308798,304164,9446,313610,5285
2021-08-04,San Diego,073,3302833,306463,301100,17656,318756,3805
2021-08-04,San Francisco,075,870044,43519,41913,1656,43569,562
2021-08-04,San Joaquin,077,732212,79427,77846,3976,81822,1466
2021-08-04,San Luis Obispo,079,281455,22853,22245,832,23077,262
2021-08-04,San Mateo,081,765935,46288,45392,639,46031,548
2021-08-04,Santa Barbara,083,443738,36598,36013,1225,37238,470
2021-08-04,Santa Clara,085,1922200,126601,124127,873,125000,2183
2021-08-04,Santa Cruz,087,273765,17221,16820,833,17653,208
2021-08-04,Shasta,089,179085,13521,13134,1805,14939,211
2021-08-04,Sierra,091,2930,78,73,12,85,0
2021-08-04,Siskiyou,093,43540,2128,2010,463,2473,32
2021-08-04,Solano,095,438530,37248,36025,793,36818,262
2021-08-04,Sonoma,097,501317,34348,33311,399,33710,330
2021-08-04,Stanislaus,099,539301,60536,59396,6408,65804,1037
2021-08-04,Sutter,101,95872,10470,10294,108,10402,127
2021-08-04,Tehama,103,63373,5412,5281,626,5907,66
2021-08-04,Trinity,105,12862,526,362,118,480,3
2021-08-04,Tulare,107,460477,51993,50797,9793,60590,855
2021-08-04,Tuolumne,109,53932,4730,4584,47,4631,64
2021-08-04,Ventura,111,848112,85906,84406,3551,87957,1047
2021-08-04,Yolo,113,214977,15645,15189,476,15665,215
2021-08-04,Yuba,115,75493,6994,6827,159,6986,50
2021-08-03,Alameda,001,1643700,99691,97275,2192,99467,1270
2021-08-03,Alpine,003,1148,90,91,0,91,0
2021-08-03,Amador,005,37829,4063,3953,33,3986,48
2021-08-03,Butte,007,227075,13841,13468,2080,15548,205
2021-08-03,Calaveras,009,45235,2439,2356,15,2371,57
2021-08-03,Colusa,011,21464,2080,2023,360,2383,16
2021-08-03,Contra Costa,013,1133247,79819,77739,1541,79280,836
2021-08-03,Del Norte,015,27424,1832,1691,14,1705,8
2021-08-03,El Dorado,017,186661,11704,11255,936,12191,117
2021-08-03,Fresno,019,978130,107849,105732,9193,114925,1746
2021-08-03,Glenn,021,27897,2539,2481,599,3080,20
2021-08-03,Humboldt,023,135768,5557,5199,89,5288,52
2021-08-03,Imperial,025,180216,29547,29333,2722,32055,745
2021-08-03,Inyo,027,18085,1476,1459,13,1472,38
2021-08-03,Kern,029,883053,101341,99708,12230,111938,1358
2021-08-03,Kings,031,150075,24306,23780,1189,24969,249
2021-08-03,Lake,033,64148,4615,4408,16,4424,66
2021-08-03,Lassen,035,31185,5410,5341,125,5466,21
2021-08-03,Los Angeles,037,10098052,1282918,1262678,46137,1308815,24721
2021-08-03,Madera,039,155013,17612,17220,1044,18264,245
2021-08-03,Marin,041,260295,15307,14906,293,15199,243
2021-08-03,Mariposa,043,17540,519,495,11,506,5
2021-08-03,Mendocino,045,87422,4747,4546,105,4651,49
2021-08-03,Merced,047,269075,32500,32197,1122,33319,476
2021-08-03,Modoc,049,8938,428,416,148,564,5
2021-08-03,Mono,051,14174,1319,1303,17,1320,3
2021-08-03,Monterey,053,433212,44249,43872,2014,45886,525
2021-08-03,Napa,055,140530,10718,10527,59,10586,82
2021-08-03,Nevada,057,99092,6022,5685,208,5893,73
2021-08-03,Orange,059,3164182,271304,266649,12291,278940,5146
2021-08-03,Placer,061,380077,26589,25624,2003,27627,305
2021-08-03,Plumas,063,18699,797,779,14,793,5
2021-08-03,Riverside,065,2383286,310270,303499,14606,318105,4562
2021-08-03,Sacramento,067,1510023,120531,117591,2256,119847,1732
2021-08-03,San Benito,069,59416,6336,6284,115,6399,63
2021-08-03,San Bernardino,071,2135413,307878,303386,9428,312814,5265
2021-08-03,San Diego,073,3302833,305024,300189,17546,317735,3803
2021-08-03,San Francisco,075,870044,43237,41758,1636,43394,562
2021-08-03,San Joaquin,077,732212,79078,77615,3955,81570,1461
2021-08-03,San Luis Obispo,079,281455,22713,22166,825,22991,264
2021-08-03,San Mateo,081,765935,46096,45255,634,45889,548
2021-08-03,Santa Barbara,083,443738,36479,35912,1219,37131,469
2021-08-03,Santa Clara,085,1922200,126180,123914,867,124781,2183
2021-08-03,Santa Cruz,087,273765,17155,16778,830,17608,207
2021-08-03,Shasta,089,179085,13446,13091,1794,14885,211
2021-08-03,Sierra,091,2930,78,72,12,84,0
2021-08-03,Siskiyou,093,43540,2117,1998,458,2456,32
2021-08-03,Solano,095,438530,37028,35953,781,36734,261
2021-08-03,Sonoma,097,501317,34167,33243,398,33641,330
2021-08-03,Stanislaus,099,539301,60314,59282,6389,65671,1037
2021-08-03,Sutter,101,95872,10430,10263,107,10370,127
2021-08-03,Tehama,103,63373,5386,5269,621,5890,66
2021-08-03,Trinity,105,12862,523,361,115,476,3
2021-08-03,Tulare,107,460477,51897,50729,9747,60476,854
2021-08-03,Tuolumne,109,53932,4695,4563,47,4610,64
2021-08-03,Ventura,111,848112,85662,84270,3530,87800,1046
2021-08-03,Yolo,113,214977,15553,15149,461,15610,215
2021-08-03,Yuba,115,75493,6957,6781,157,6938,50
2021-08-02,Alameda,001,1643700,99133,96954,2188,99142,1270
2021-08-02,Alpine,003,1148,90,91,0,91,0
2021-08-02,Amador,005,37829,4043,3927,33,3960,48
2021-08-02,Butte,007,227075,13761,13442,2061,15503,205
2021-08-02,Calaveras,009,45235,2414,2347,15,2362,57
2021-08-02,Colusa,011,21464,2068,2019,357,2376,16
2021-08-02,Contra Costa,013,1133247,79310,77516,1527,79043,836
2021-08-02,Del Norte,015,27424,1802,1653,14,1667,8
2021-08-02,El Dorado,017,186661,11601,11226,922,12148,116
2021-08-02,Fresno,019,978130,107503,105471,9156,114627,1744
2021-08-02,Glenn,021,27897,2531,2477,596,3073,20
2021-08-02,Humboldt,023,135768,5474,5161,87,5248,52
2021-08-02,Imperial,025,180216,29514,29302,2719,32021,743
2021-08-02,Inyo,027,18085,1470,1455,13,1468,38
2021-08-02,Kern,029,883053,101086,99556,12139,111695,1357
2021-08-02,Kings,031,150075,24236,23722,1183,24905,249
2021-08-02,Lake,033,64148,4572,4375,16,4391,66
2021-08-02,Lassen,035,31185,5387,5338,123,5461,21
2021-08-02,Los Angeles,037,10098052,1279200,1260807,45929,1306736,24705
2021-08-02,Madera,039,155013,17568,17158,1031,18189,245
2021-08-02,Marin,041,260295,15264,14859,292,15151,239
2021-08-02,Mariposa,043,17540,510,490,11,501,5
2021-08-02,Mendocino,045,87422,4707,4512,102,4614,49
2021-08-02,Merced,047,269075,32402,32163,1115,33278,474
2021-08-02,Modoc,049,8938,428,415,148,563,5
2021-08-02,Mono,051,14174,1312,1296,17,1313,3
2021-08-02,Monterey,053,433212,44189,43842,2006,45848,525
2021-08-02,Napa,055,140530,10675,10490,56,10546,82
2021-08-02,Nevada,057,99092,5951,5611,207,5818,73
2021-08-02,Orange,059,3164182,270390,266050,12246,278296,5146
2021-08-02,Placer,061,380077,26442,25516,1969,27485,306
2021-08-02,Plumas,063,18699,790,762,14,776,5
2021-08-02,Riverside,065,2383286,309332,302756,14591,317347,4562
2021-08-02,Sacramento,067,1510023,119834,117183,2236,119419,1728
2021-08-02,San Benito,069,59416,6317,6276,114,6390,63
2021-08-02,San Bernardino,071,2135413,307003,303000,9395,312395,5253
2021-08-02,San Diego,073,3302833,303544,299021,17466,316487,3798
2021-08-02,San Francisco,075,870044,42951,41553,1613,43166,562
2021-08-02,San Joaquin,077,732212,78735,77447,3930,81377,1461
2021-08-02,San Luis Obispo,079,281455,22619,22093,818,22911,261
2021-08-02,San Mateo,081,765935,45919,45154,622,45776,548
2021-08-02,Santa Barbara,083,443738,36341,35851,1213,37064,469
2021-08-02,Santa Clara,085,1922200,125710,123655,859,124514,2183
2021-08-02,Santa Cruz,087,273765,17097,16746,826,17572,207
2021-08-02,Shasta,089,179085,13384,13049,1780,14829,212
2021-08-02,Sierra,091,2930,78,71,12,83,0
2021-08-02,Siskiyou,093,43540,2106,1992,444,2436,31
2021-08-02,Solano,095,438530,36780,35852,768,36620,260
2021-08-02,Sonoma,097,501317,33941,33132,393,33525,330
2021-08-02,Stanislaus,099,539301,60095,59160,6362,65522,1037
2021-08-02,Sutter,101,95872,10384,10220,107,10327,127
2021-08-02,Tehama,103,63373,5362,5260,617,5877,66
2021-08-02,Trinity,105,12862,518,359,114,473,3
2021-08-02,Tulare,107,460477,51796,50640,9675,60315,854
2021-08-02,Tuolumne,109,53932,4628,4524,47,4571,64
2021-08-02,Ventura,111,848112,85477,84143,3507,87650,1044
2021-08-02,Yolo,113,214977,15455,15072,444,15516,215
2021-08-02,Yuba,115,75493,6915,6743,154,6897,50
2021-08-01,Alameda,001,1643700,98600,96775,2182,98957,1270
2021-08-01,Alpine,003,1148,90,91,0,91,0
2021-08-01,Amador,005,37829,4005,3923,33,3956,48
2021-08-01,Butte,007,227075,13683,13406,2044,15450,205
2021-08-01,Calaveras,009,45235,2390,2341,15,2356,57
2021-08-01,Colusa,011,21464,2057,2014,355,2369,16
2021-08-01,Contra Costa,013,1133247,78875,77360,1520,78880,836
2021-08-01,Del Norte,015,27424,1770,1642,14,1656,8
2021-08-01,El Dorado,017,186661,11501,11189,911,12100,116
2021-08-01,Fresno,019,978130,107177,105339,9111,114450,1744
2021-08-01,Glenn,021,27897,2525,2476,593,3069,20
2021-08-01,Humboldt,023,135768,5397,5118,83,5201,52
2021-08-01,Imperial,025,180216,29479,29297,2715,32012,743
2021-08-01,Inyo,027,18085,1468,1454,13,1467,38
2021-08-01,Kern,029,883053,100808,99396,12064,111460,1357
2021-08-01,Kings,031,150075,24149,23700,1178,24878,249
2021-08-01,Lake,033,64148,4493,4356,16,4372,66
2021-08-01,Lassen,035,31185,5374,5336,121,5457,21
2021-08-01,Los Angeles,037,10098052,1275510,1258461,45704,1304165,24700
2021-08-01,Madera,039,155013,17512,17146,1026,18172,245
2021-08-01,Marin,041,260295,15187,14844,291,15135,239
2021-08-01,Mariposa,043,17540,503,482,11,493,5
2021-08-01,Mendocino,045,87422,4661,4476,98,4574,49
2021-08-01,Merced,047,269075,32311,32144,1109,33253,474
2021-08-01,Modoc,049,8938,426,413,148,561,5
2021-08-01,Mono,051,14174,1309,1294,17,1311,3
2021-08-01,Monterey,053,433212,44142,43808,1993,45801,525
2021-08-01,Napa,055,140530,10627,10473,54,10527,82
2021-08-01,Nevada,057,99092,5864,5561,206,5767,73
2021-08-01,Orange,059,3164182,269576,265467,12203,277670,5146
2021-08-01,Placer,061,380077,26227,25464,1939,27403,306
2021-08-01,Plumas,063,18699,784,761,14,775,5
2021-08-01,Riverside,065,2383286,308399,302256,14573,316829,4562
2021-08-01,Sacramento,067,1510023,119099,116923,2222,119145,1727
2021-08-01,San Benito,069,59416,6300,6271,114,6385,63
2021-08-01,San Bernardino,071,2135413,306069,302542,9384,311926,5248
2021-08-01,San Diego,073,3302833,302358,298002,17401,315403,3798
2021-08-01,San Francisco,075,870044,42614,41432,1600,43032,562
2021-08-01,San Joaquin,077,732212,78368,77338,3905,81243,1461
2021-08-01,San Luis Obispo,079,281455,22517,22083,813,22896,261
2021-08-01,San Mateo,081,765935,45737,45036,615,45651,548
2021-08-01,Santa Barbara,083,443738,36217,35809,1209,37018,469
2021-08-01,Santa Clara,085,1922200,125298,123511,851,124362,2183
2021-08-01,Santa Cruz,087,273765,17018,16709,819,17528,207
2021-08-01,Shasta,089,179085,13313,13036,1771,14807,212
2021-08-01,Sierra,091,2930,76,71,12,83,0
2021-08-01,Siskiyou,093,43540,2100,1989,438,2427,31
2021-08-01,Solano,095,438530,36545,35800,759,36559,260
2021-08-01,Sonoma,097,501317,33749,33076,390,33466,330
2021-08-01,Stanislaus,099,539301,59858,59078,6330,65408,1037
2021-08-01,Sutter,101,95872,10329,10198,104,10302,127
2021-08-01,Tehama,103,63373,5345,5252,613,5865,66
2021-08-01,Trinity,105,12862,515,359,113,472,3
2021-08-01,Tulare,107,460477,51639,50600,9614,60214,854
2021-08-01,Tuolumne,109,53932,4590,4489,47,4536,64
2021-08-01,Ventura,111,848112,85247,84040,3492,87532,1044
2021-08-01,Yolo,113,214977,15383,15042,434,15476,215
2021-08-01,Yuba,115,75493,6878,6721,153,6874,50
2021-07-31,Alameda,001,1643700,98268,95279,2177,97456,1265
2021-07-31,Alpine,003,1148,90,89,0,89,0
2021-07-31,Amador,005,37829,3985,3877,33,3910,48
2021-07-31,Butte,007,227075,13649,13235,2024,15259,205
2021-07-31,Calaveras,009,45235,2381,2294,15,2309,57
2021-07-31,Colusa,011,21464,2051,2006,353,2359,16
2021-07-31,Contra Costa,013,1133247,78596,75866,1518,77384,832
2021-07-31,Del Norte,015,27424,1744,1576,14,1590,8
2021-07-31,El Dorado,017,186661,11448,11017,905,11922,116
2021-07-31,Fresno,019,978130,107018,104639,9098,113737,1744
2021-07-31,Glenn,021,27897,2520,2465,588,3053,20
2021-07-31,Humboldt,023,135768,5342,4978,82,5060,52
2021-07-31,Imperial,025,180216,29462,29164,2712,31876,743
2021-07-31,Inyo,027,18085,1465,1442,13,1455,38
2021-07-31,Kern,029,883053,100643,98903,12005,110908,1357
2021-07-31,Kings,031,150075,24096,23548,1173,24721,248
2021-07-31,Lake,033,64148,4468,4238,16,4254,66
2021-07-31,Lassen,035,31185,5367,5320,121,5441,21
2021-07-31,Los Angeles,037,10098052,1273308,1248545,45562,1294107,24691
2021-07-31,Madera,039,155013,17479,17058,1020,18078,245
2021-07-31,Marin,041,260295,15143,14701,290,14991,239
2021-07-31,Mariposa,043,17540,494,470,11,481,5
2021-07-31,Mendocino,045,87422,4636,4400,95,4495,49
2021-07-31,Merced,047,269075,32263,31959,1104,33063,474
2021-07-31,Modoc,049,8938,426,413,148,561,5
2021-07-31,Mono,051,14174,1307,1287,17,1304,3
2021-07-31,Monterey,053,433212,44102,43720,1983,45703,525
2021-07-31,Napa,055,140530,10607,10401,53,10454,82
2021-07-31,Nevada,057,99092,5825,5373,205,5578,72
2021-07-31,Orange,059,3164182,269002,263446,12185,275631,5144
2021-07-31,Placer,061,380077,26094,25104,1932,27036,306
2021-07-31,Plumas,063,18699,781,743,14,757,5
2021-07-31,Riverside,065,2383286,307783,300315,14563,314878,4554
2021-07-31,Sacramento,067,1510023,118687,115259,2216,117475,1720
2021-07-31,San Benito,069,59416,6289,6251,114,6365,63
2021-07-31,San Bernardino,071,2135413,305494,300726,9381,310107,5240
2021-07-31,San Diego,073,3302833,301685,295054,17355,312409,3798
2021-07-31,San Francisco,075,870044,42386,40412,1580,41992,562
2021-07-31,San Joaquin,077,732212,78203,76575,3892,80467,1443
2021-07-31,San Luis Obispo,079,281455,22463,21922,811,22733,260
2021-07-31,San Mateo,081,765935,45580,44622,610,45232,548
2021-07-31,Santa Barbara,083,443738,36136,35531,1208,36739,467
2021-07-31,Santa Clara,085,1922200,125043,122614,849,123463,2099
2021-07-31,Santa Cruz,087,273765,16979,16576,818,17394,207
2021-07-31,Shasta,089,179085,13276,12918,1763,14681,212
2021-07-31,Sierra,091,2930,76,68,12,80,0
2021-07-31,Siskiyou,093,43540,2091,1976,432,2408,31
2021-07-31,Solano,095,438530,36444,35340,752,36092,263
2021-07-31,Sonoma,097,501317,33623,32601,390,32991,329
2021-07-31,Stanislaus,099,539301,59699,58586,6308,64894,1035
2021-07-31,Sutter,101,95872,10295,10068,103,10171,127
2021-07-31,Tehama,103,63373,5330,5216,610,5826,66
2021-07-31,Trinity,105,12862,514,354,112,466,3
2021-07-31,Tulare,107,460477,51550,50409,9561,59970,854
2021-07-31,Tuolumne,109,53932,4551,4362,47,4409,64
2021-07-31,Ventura,111,848112,85086,83509,3476,86985,1044
2021-07-31,Yolo,113,214977,15335,14863,423,15286,215
2021-07-31,Yuba,115,75493,6855,6615,149,6764,50
2021-07-30,Alameda,001,1643700,97933,95279,2173,97452,1265
2021-07-30,Alpine,003,1148,90,89,0,89,0
2021-07-30,Amador,005,37829,3962,3877,33,3910,48
2021-07-30,Butte,007,227075,13594,13235,2011,15246,205
2021-07-30,Calaveras,009,45235,2371,2294,15,2309,57
2021-07-30,Colusa,011,21464,2047,2006,351,2357,16
2021-07-30,Contra Costa,013,1133247,78352,75866,1514,77380,832
2021-07-30,Del Norte,015,27424,1726,1576,14,1590,8
2021-07-30,El Dorado,017,186661,11414,11017,899,11916,116
2021-07-30,Fresno,019,978130,106824,104639,9086,113725,1744
2021-07-30,Glenn,021,27897,2515,2465,587,3052,20
2021-07-30,Humboldt,023,135768,5279,4978,79,5057,52
2021-07-30,Imperial,025,180216,29448,29164,2709,31873,743
2021-07-30,Inyo,027,18085,1464,1442,13,1455,38
2021-07-30,Kern,029,883053,100519,98903,11958,110861,1357
2021-07-30,Kings,031,150075,24056,23548,1169,24717,248
2021-07-30,Lake,033,64148,4440,4238,16,4254,66
2021-07-30,Lassen,035,31185,5363,5320,121,5441,21
2021-07-30,Los Angeles,037,10098052,1270978,1248545,45412,1293957,24691
2021-07-30,Madera,039,155013,17437,17058,1017,18075,245
2021-07-30,Marin,041,260295,15109,14701,290,14991,239
2021-07-30,Mariposa,043,17540,490,470,11,481,5
2021-07-30,Mendocino,045,87422,4606,4400,94,4494,49
2021-07-30,Merced,047,269075,32222,31959,1100,33059,474
2021-07-30,Modoc,049,8938,424,413,148,561,5
2021-07-30,Mono,051,14174,1302,1287,17,1304,3
2021-07-30,Monterey,053,433212,44068,43720,1974,45694,525
2021-07-30,Napa,055,140530,10585,10401,52,10453,82
2021-07-30,Nevada,057,99092,5768,5373,205,5578,72
2021-07-30,Orange,059,3164182,268377,263446,12159,275605,5144
2021-07-30,Placer,061,380077,26005,25104,1914,27018,306
2021-07-30,Plumas,063,18699,776,743,14,757,5
2021-07-30,Riverside,065,2383286,307146,300315,14553,314868,4554
2021-07-30,Sacramento,067,1510023,118236,115259,2212,117471,1720
2021-07-30,San Benito,069,59416,6282,6251,114,6365,63
2021-07-30,San Bernardino,071,2135413,304981,300726,9374,310100,5240
2021-07-30,San Diego,073,3302833,300911,295054,17297,312351,3798
2021-07-30,San Francisco,075,870044,42173,40412,1566,41978,562
2021-07-30,San Joaquin,077,732212,78049,76575,3887,80462,1443
2021-07-30,San Luis Obispo,079,281455,22425,21922,807,22729,260
2021-07-30,San Mateo,081,765935,45455,44622,597,45219,548
2021-07-30,Santa Barbara,083,443738,36067,35531,1202,36733,467
2021-07-30,Santa Clara,085,1922200,124820,122614,847,123461,2099
2021-07-30,Santa Cruz,087,273765,16953,16576,816,17392,207
2021-07-30,Shasta,089,179085,13231,12918,1763,14681,212
2021-07-30,Sierra,091,2930,75,68,12,80,0
2021-07-30,Siskiyou,093,43540,2082,1976,431,2407,31
2021-07-30,Solano,095,438530,36353,35340,736,36076,263
2021-07-30,Sonoma,097,501317,33528,32601,390,32991,329
2021-07-30,Stanislaus,099,539301,59555,58586,6288,64874,1035
2021-07-30,Sutter,101,95872,10260,10068,103,10171,127
2021-07-30,Tehama,103,63373,5319,5216,610,5826,66
2021-07-30,Trinity,105,12862,514,354,112,466,3
2021-07-30,Tulare,107,460477,51507,50409,9526,59935,854
2021-07-30,Tuolumne,109,53932,4533,4362,47,4409,64
2021-07-30,Ventura,111,848112,84922,83509,3461,86970,1044
2021-07-30,Yolo,113,214977,15274,14863,419,15282,215
2021-07-30,Yuba,115,75493,6819,6615,148,6763,50
2021-07-29,Alameda,001,1643700,97516,95279,2167,97446,1265
2021-07-29,Alpine,003,1148,90,89,0,89,0
2021-07-29,Amador,005,37829,3943,3877,33,3910,48
2021-07-29,Butte,007,227075,13545,13235,2003,15238,205
2021-07-29,Calaveras,009,45235,2356,2294,15,2309,57
2021-07-29,Colusa,011,21464,2040,2006,351,2357,16
2021-07-29,Contra Costa,013,1133247,77913,75866,1512,77378,832
2021-07-29,Del Norte,015,27424,1702,1576,14,1590,8
2021-07-29,El Dorado,017,186661,11350,11017,887,11904,116
2021-07-29,Fresno,019,978130,106559,104639,9060,113699,1744
2021-07-29,Glenn,021,27897,2505,2465,586,3051,20
2021-07-29,Humboldt,023,135768,5219,4978,77,5055,52
2021-07-29,Imperial,025,180216,29403,29164,2707,31871,743
2021-07-29,Inyo,027,18085,1460,1442,13,1455,38
2021-07-29,Kern,029,883053,100312,98903,11881,110784,1357
2021-07-29,Kings,031,150075,24010,23548,1165,24713,248
2021-07-29,Lake,033,64148,4405,4238,16,4254,66
2021-07-29,Lassen,035,31185,5355,5320,118,5438,21
2021-07-29,Los Angeles,037,10098052,1267883,1248545,45230,1293775,24691
2021-07-29,Madera,039,155013,17390,17058,1013,18071,245
2021-07-29,Marin,041,260295,15066,14701,290,14991,239
2021-07-29,Mariposa,043,17540,486,470,11,481,5
2021-07-29,Mendocino,045,87422,4583,4400,92,4492,49
2021-07-29,Merced,047,269075,32167,31959,1100,33059,474
2021-07-29,Modoc,049,8938,424,413,148,561,5
2021-07-29,Mono,051,14174,1300,1287,17,1304,3
2021-07-29,Monterey,053,433212,44019,43720,1964,45684,525
2021-07-29,Napa,055,140530,10553,10401,50,10451,82
2021-07-29,Nevada,057,99092,5716,5373,204,5577,72
2021-07-29,Orange,059,3164182,267665,263446,12127,275573,5144
2021-07-29,Placer,061,380077,25882,25104,1899,27003,306
2021-07-29,Plumas,063,18699,768,743,14,757,5
2021-07-29,Riverside,065,2383286,306441,300315,14529,314844,4554
2021-07-29,Sacramento,067,1510023,117680,115259,2199,117458,1720
2021-07-29,San Benito,069,59416,6271,6251,114,6365,63
2021-07-29,San Bernardino,071,2135413,304344,300726,9365,310091,5240
2021-07-29,San Diego,073,3302833,299854,295054,17229,312283,3798
2021-07-29,San Francisco,075,870044,41925,40412,1545,41957,562
2021-07-29,San Joaquin,077,732212,77794,76575,3879,80454,1443
2021-07-29,San Luis Obispo,079,281455,22370,21922,805,22727,260
2021-07-29,San Mateo,081,765935,45328,44622,587,45209,548
2021-07-29,Santa Barbara,083,443738,35981,35531,1201,36732,467
2021-07-29,Santa Clara,085,1922200,124523,122614,844,123458,2099
2021-07-29,Santa Cruz,087,273765,16900,16576,814,17390,207
2021-07-29,Shasta,089,179085,13177,12918,1754,14672,212
2021-07-29,Sierra,091,2930,75,68,12,80,0
2021-07-29,Siskiyou,093,43540,2077,1976,429,2405,31
2021-07-29,Solano,095,438530,36193,35340,726,36066,263
2021-07-29,Sonoma,097,501317,33354,32601,388,32989,329
2021-07-29,Stanislaus,099,539301,59383,58586,6273,64859,1035
2021-07-29,Sutter,101,95872,10214,10068,102,10170,127
2021-07-29,Tehama,103,63373,5307,5216,604,5820,66
2021-07-29,Trinity,105,12862,512,354,111,465,3
2021-07-29,Tulare,107,460477,51417,50409,9486,59895,854
2021-07-29,Tuolumne,109,53932,4493,4362,46,4408,64
2021-07-29,Ventura,111,848112,84756,83509,3454,86963,1044
2021-07-29,Yolo,113,214977,15206,14863,405,15268,215
2021-07-29,Yuba,115,75493,6770,6615,145,6760,50
2021-07-28,Alameda,001,1643700,97052,94965,2160,97125,1262
2021-07-28,Alpine,003,1148,90,89,0,89,0
2021-07-28,Amador,005,37829,3929,3870,33,3903,48
2021-07-28,Butte,007,227075,13488,13184,1990,15174,205
2021-07-28,Calaveras,009,45235,2335,2289,15,2304,57
2021-07-28,Colusa,011,21464,2037,2001,350,2351,16
2021-07-28,Contra Costa,013,1133247,77424,75487,1504,76991,832
2021-07-28,Del Norte,015,27424,1669,1545,14,1559,8
2021-07-28,El Dorado,017,186661,11300,10967,878,11845,116
2021-07-28,Fresno,019,978130,106311,104458,9040,113498,1744
2021-07-28,Glenn,021,27897,2502,2464,583,3047,20
2021-07-28,Humboldt,023,135768,5168,4946,76,5022,52
2021-07-28,Imperial,025,180216,29356,29096,2707,31803,743
2021-07-28,Inyo,027,18085,1454,1439,12,1451,38
2021-07-28,Kern,029,883053,100156,98781,11835,110616,1352
2021-07-28,Kings,031,150075,23946,23503,1155,24658,248
2021-07-28,Lake,033,64148,4359,4191,15,4206,65
2021-07-28,Lassen,035,31185,5347,5318,118,5436,21
2021-07-28,Los Angeles,037,10098052,1264708,1245485,45044,1290529,24673
2021-07-28,Madera,039,155013,17349,17024,1007,18031,245
2021-07-28,Marin,041,260295,15011,14652,290,14942,239
2021-07-28,Mariposa,043,17540,479,469,11,480,5
2021-07-28,Mendocino,045,87422,4555,4377,92,4469,49
2021-07-28,Merced,047,269075,32111,31886,1096,32982,474
2021-07-28,Modoc,049,8938,422,413,148,561,5
2021-07-28,Mono,051,14174,1299,1286,17,1303,3
2021-07-28,Monterey,053,433212,43972,43668,1955,45623,524
2021-07-28,Napa,055,140530,10513,10376,48,10424,82
2021-07-28,Nevada,057,99092,5662,5320,204,5524,72
2021-07-28,Orange,059,3164182,266873,262735,12098,274833,5143
2021-07-28,Placer,061,380077,25735,24978,1884,26862,306
2021-07-28,Plumas,063,18699,763,754,14,768,5
2021-07-28,Riverside,065,2383286,305674,299611,14510,314121,4554
2021-07-28,Sacramento,067,1510023,117029,114665,2180,116845,1714
2021-07-28,San Benito,069,59416,6260,6236,114,6350,63
2021-07-28,San Bernardino,071,2135413,303722,300121,9353,309474,5236
2021-07-28,San Diego,073,3302833,298581,294176,17156,311332,3798
2021-07-28,San Francisco,075,870044,41621,40144,1519,41663,561
2021-07-28,San Joaquin,077,732212,77543,76312,3849,80161,1443
2021-07-28,San Luis Obispo,079,281455,22311,21865,804,22669,260
2021-07-28,San Mateo,081,765935,45178,44477,578,45055,547
2021-07-28,Santa Barbara,083,443738,35906,35431,1196,36627,467
2021-07-28,Santa Clara,085,1922200,124262,122345,842,123187,2099
2021-07-28,Santa Cruz,087,273765,16862,16551,813,17364,207
2021-07-28,Shasta,089,179085,13132,12882,1744,14626,212
2021-07-28,Sierra,091,2930,71,67,12,79,0
2021-07-28,Siskiyou,093,43540,2068,1971,426,2397,31
2021-07-28,Solano,095,438530,36019,35204,719,35923,262
2021-07-28,Sonoma,097,501317,33211,32434,385,32819,328
2021-07-28,Stanislaus,099,539301,59186,58427,6257,64684,1035
2021-07-28,Sutter,101,95872,10182,10033,101,10134,126
2021-07-28,Tehama,103,63373,5295,5209,601,5810,66
2021-07-28,Trinity,105,12862,511,352,111,463,3
2021-07-28,Tulare,107,460477,51329,50363,9439,59802,854
2021-07-28,Tuolumne,109,53932,4454,4313,46,4359,64
2021-07-28,Ventura,111,848112,84560,83360,3438,86798,1043
2021-07-28,Yolo,113,214977,15134,14801,396,15197,215
2021-07-28,Yuba,115,75493,6737,6591,144,6735,51
2021-07-27,Alameda,001,1643700,96648,94682,2152,96834,1256
2021-07-27,Alpine,003,1148,90,89,0,89,0
2021-07-27,Amador,005,37829,3913,3861,33,3894,48
2021-07-27,Butte,007,227075,13440,13127,1979,15106,205
2021-07-27,Calaveras,009,45235,2324,2280,15,2295,57
2021-07-27,Colusa,011,21464,2028,1999,349,2348,16
2021-07-27,Contra Costa,013,1133247,76939,75227,1500,76727,830
2021-07-27,Del Norte,015,27424,1649,1538,14,1552,8
2021-07-27,El Dorado,017,186661,11240,10941,868,11809,116
2021-07-27,Fresno,019,978130,106018,104288,9017,113305,1746
2021-07-27,Glenn,021,27897,2494,2460,581,3041,20
2021-07-27,Humboldt,023,135768,5114,4925,75,5000,52
2021-07-27,Imperial,025,180216,29311,29048,2706,31754,743
2021-07-27,Inyo,027,18085,1452,1430,12,1442,38
2021-07-27,Kern,029,883053,99986,98724,11780,110504,1352
2021-07-27,Kings,031,150075,23889,23463,1145,24608,248
2021-07-27,Lake,033,64148,4320,4157,15,4172,65
2021-07-27,Lassen,035,31185,5341,5315,118,5433,21
2021-07-27,Los Angeles,037,10098052,1261243,1243336,44837,1288173,24658
2021-07-27,Madera,039,155013,17296,16998,1001,17999,245
2021-07-27,Marin,041,260295,14963,14631,287,14918,239
2021-07-27,Mariposa,043,17540,476,468,11,479,5
2021-07-27,Mendocino,045,87422,4532,4371,92,4463,49
2021-07-27,Merced,047,269075,32044,31825,1093,32918,473
2021-07-27,Modoc,049,8938,421,413,148,561,5
2021-07-27,Mono,051,14174,1295,1288,17,1305,3
2021-07-27,Monterey,053,433212,43932,43646,1944,45590,523
2021-07-27,Napa,055,140530,10483,10354,48,10402,82
2021-07-27,Nevada,057,99092,5585,5305,202,5507,72
2021-07-27,Orange,059,3164182,266130,262193,12072,274265,5143
2021-07-27,Placer,061,380077,25576,24916,1858,26774,306
2021-07-27,Plumas,063,18699,760,752,14,766,5
2021-07-27,Riverside,065,2383286,304945,299160,14491,313651,4554
2021-07-27,Sacramento,067,1510023,116426,114413,2171,116584,1710
2021-07-27,San Benito,069,59416,6251,6229,114,6343,63
2021-07-27,San Bernardino,071,2135413,303037,299593,9331,308924,5236
2021-07-27,San Diego,073,3302833,297492,293408,17077,310485,3798
2021-07-27,San Francisco,075,870044,41265,39939,1501,41440,561
2021-07-27,San Joaquin,077,732212,77280,76166,3830,79996,1442
2021-07-27,San Luis Obispo,079,281455,22256,21803,795,22598,260
2021-07-27,San Mateo,081,765935,45027,44378,575,44953,547
2021-07-27,Santa Barbara,083,443738,35811,35355,1194,36549,467
2021-07-27,Santa Clara,085,1922200,123968,122154,840,122994,2099
2021-07-27,Santa Cruz,087,273765,16816,16523,812,17335,207
2021-07-27,Shasta,089,179085,13082,12846,1731,14577,212
2021-07-27,Sierra,091,2930,71,65,12,77,0
2021-07-27,Siskiyou,093,43540,2063,1964,423,2387,31
2021-07-27,Solano,095,438530,35887,35093,709,35802,261
2021-07-27,Sonoma,097,501317,33067,32367,383,32750,328
2021-07-27,Stanislaus,099,539301,59018,58333,6229,64562,1033
2021-07-27,Sutter,101,95872,10141,9998,101,10099,115
2021-07-27,Tehama,103,63373,5274,5192,599,5791,66
2021-07-27,Trinity,105,12862,510,351,111,462,3
2021-07-27,Tulare,107,460477,51263,50324,9408,59732,854
2021-07-27,Tuolumne,109,53932,4402,4282,46,4328,64
2021-07-27,Ventura,111,848112,84352,83189,3426,86615,1043
2021-07-27,Yolo,113,214977,15060,14759,390,15149,215
2021-07-27,Yuba,115,75493,6715,6564,142,6706,51
2021-07-26,Alameda,001,1643700,96201,94436,2148,96584,1259
2021-07-26,Alpine,003,1148,90,89,0,89,0
2021-07-26,Amador,005,37829,3903,3854,33,3887,48
2021-07-26,Butte,007,227075,13385,13082,1968,15050,203
2021-07-26,Calaveras,009,45235,2318,2276,15,2291,57
2021-07-26,Colusa,011,21464,2021,1996,347,2343,16
2021-07-26,Contra Costa,013,1133247,76442,74854,1493,76347,830
2021-07-26,Del Norte,015,27424,1628,1530,14,1544,8
2021-07-26,El Dorado,017,186661,11176,10899,865,11764,116
2021-07-26,Fresno,019,978130,105814,104143,8994,113137,1742
2021-07-26,Glenn,021,27897,2492,2461,580,3041,20
2021-07-26,Humboldt,023,135768,5075,4906,73,4979,52
2021-07-26,Imperial,025,180216,29271,29034,2706,31740,743
2021-07-26,Inyo,027,18085,1447,1429,12,1441,38
2021-07-26,Kern,029,883053,99820,98633,11715,110348,1351
2021-07-26,Kings,031,150075,23840,23426,1141,24567,247
2021-07-26,Lake,033,64148,4299,4133,15,4148,65
2021-07-26,Lassen,035,31185,5337,5314,118,5432,21
2021-07-26,Los Angeles,037,10098052,1257897,1241527,44665,1286192,24647
2021-07-26,Madera,039,155013,17268,16971,994,17965,245
2021-07-26,Marin,041,260295,14906,14579,286,14865,239
2021-07-26,Mariposa,043,17540,475,467,11,478,5
2021-07-26,Mendocino,045,87422,4511,4354,92,4446,49
2021-07-26,Merced,047,269075,31953,31774,1089,32863,473
2021-07-26,Modoc,049,8938,421,413,148,561,5
2021-07-26,Mono,051,14174,1294,1286,17,1303,3
2021-07-26,Monterey,053,433212,43889,43595,1932,45527,521
2021-07-26,Napa,055,140530,10460,10332,48,10380,82
2021-07-26,Nevada,057,99092,5499,5280,202,5482,72
2021-07-26,Orange,059,3164182,265491,261803,12052,273855,5142
2021-07-26,Placer,061,380077,25440,24842,1837,26679,304
2021-07-26,Plumas,063,18699,756,750,14,764,5
2021-07-26,Riverside,065,2383286,304253,298626,14477,313103,4553
2021-07-26,Sacramento,067,1510023,115827,113986,2155,116141,1705
2021-07-26,San Benito,069,59416,6245,6222,114,6336,63
2021-07-26,San Bernardino,071,2135413,302422,299238,9318,308556,5237
2021-07-26,San Diego,073,3302833,296384,292688,16995,309683,3793
2021-07-26,San Francisco,075,870044,40904,39800,1475,41275,561
2021-07-26,San Joaquin,077,732212,77045,76033,3826,79859,1440
2021-07-26,San Luis Obispo,079,281455,22207,21752,792,22544,260
2021-07-26,San Mateo,081,765935,44879,44297,567,44864,547
2021-07-26,Santa Barbara,083,443738,35738,35311,1182,36493,467
2021-07-26,Santa Clara,085,1922200,123659,121978,831,122809,2099
2021-07-26,Santa Cruz,087,273765,16776,16493,809,17302,207
2021-07-26,Shasta,089,179085,13033,12819,1720,14539,211
2021-07-26,Sierra,091,2930,70,65,12,77,0
2021-07-26,Siskiyou,093,43540,2060,1962,421,2383,31
2021-07-26,Solano,095,438530,35732,34990,702,35692,259
2021-07-26,Sonoma,097,501317,32931,32283,381,32664,328
2021-07-26,Stanislaus,099,539301,58873,58219,6210,64429,1033
2021-07-26,Sutter,101,95872,10101,9963,98,10061,115
2021-07-26,Tehama,103,63373,5264,5183,595,5778,66
2021-07-26,Trinity,105,12862,510,351,110,461,3
2021-07-26,Tulare,107,460477,51197,50265,9379,59644,854
2021-07-26,Tuolumne,109,53932,4372,4271,46,4317,64
2021-07-26,Ventura,111,848112,84179,83072,3411,86483,1041
2021-07-26,Yolo,113,214977,14999,14727,378,15105,215
2021-07-26,Yuba,115,75493,6681,6538,140,6678,51
2021-07-25,Alameda,001,1643700,95708,94146,2142,96288,1259
2021-07-25,Alpine,003,1148,88,89,0,89,0
2021-07-25,Amador,005,37829,3888,3848,33,3881,48
2021-07-25,Butte,007,227075,13346,13074,1958,15032,203
2021-07-25,Calaveras,009,45235,2308,2275,15,2290,57
2021-07-25,Colusa,011,21464,2012,1996,343,2339,16
2021-07-25,Contra Costa,013,1133247,75957,74634,1479,76113,830
2021-07-25,Del Norte,015,27424,1607,1526,14,1540,8
2021-07-25,El Dorado,017,186661,11119,10878,861,11739,116
2021-07-25,Fresno,019,978130,105573,104019,8978,112997,1742
2021-07-25,Glenn,021,27897,2483,2461,578,3039,20
2021-07-25,Humboldt,023,135768,5016,4892,72,4964,52
2021-07-25,Imperial,025,180216,29235,29037,2706,31743,743
2021-07-25,Inyo,027,18085,1442,1427,12,1439,38
2021-07-25,Kern,029,883053,99648,98503,11644,110147,1351
2021-07-25,Kings,031,150075,23786,23396,1137,24533,247
2021-07-25,Lake,033,64148,4246,4109,14,4123,65
2021-07-25,Lassen,035,31185,5332,5314,118,5432,21
2021-07-25,Los Angeles,037,10098052,1254477,1239596,44470,1284066,24643
2021-07-25,Madera,039,155013,17231,16947,987,17934,245
2021-07-25,Marin,041,260295,14856,14558,283,14841,239
2021-07-25,Mariposa,043,17540,472,465,11,476,5
2021-07-25,Mendocino,045,87422,4482,4335,90,4425,49
2021-07-25,Merced,047,269075,31880,31760,1087,32847,473
2021-07-25,Modoc,049,8938,421,413,148,561,5
2021-07-25,Mono,051,14174,1291,1286,17,1303,3
2021-07-25,Monterey,053,433212,43851,43590,1924,45514,521
2021-07-25,Napa,055,140530,10424,10316,47,10363,82
2021-07-25,Nevada,057,99092,5434,5256,199,5455,72
2021-07-25,Orange,059,3164182,264783,261351,12029,273380,5142
2021-07-25,Placer,061,380077,25318,24755,1816,26571,304
2021-07-25,Plumas,063,18699,754,750,14,764,5
2021-07-25,Riverside,065,2383286,303489,298181,14460,312641,4553
2021-07-25,Sacramento,067,1510023,115277,113611,2140,115751,1704
2021-07-25,San Benito,069,59416,6238,6217,114,6331,63
2021-07-25,San Bernardino,071,2135413,301762,298982,9311,308293,5237
2021-07-25,San Diego,073,3302833,295322,290626,16921,307547,3793
2021-07-25,San Francisco,075,870044,40554,39663,1450,41113,561
2021-07-25,San Joaquin,077,732212,76789,75926,3807,79733,1440
2021-07-25,San Luis Obispo,079,281455,22134,21741,789,22530,260
2021-07-25,San Mateo,081,765935,44717,44189,561,44750,547
2021-07-25,Santa Barbara,083,443738,35658,35261,1179,36440,467
2021-07-25,Santa Clara,085,1922200,123329,121800,826,122626,2099
2021-07-25,Santa Cruz,087,273765,16729,16474,808,17282,207
2021-07-25,Shasta,089,179085,12986,12815,1715,14530,211
2021-07-25,Sierra,091,2930,70,65,12,77,0
2021-07-25,Siskiyou,093,43540,2052,1963,418,2381,31
2021-07-25,Solano,095,438530,35540,34863,699,35562,259
2021-07-25,Sonoma,097,501317,32806,32202,378,32580,328
2021-07-25,Stanislaus,099,539301,58707,58154,6205,64359,1033
2021-07-25,Sutter,101,95872,10048,9937,96,10033,115
2021-07-25,Tehama,103,63373,5248,5181,594,5775,66
2021-07-25,Trinity,105,12862,508,351,108,459,3
2021-07-25,Tulare,107,460477,51122,50221,9341,59562,854
2021-07-25,Tuolumne,109,53932,4321,4267,46,4313,64
2021-07-25,Ventura,111,848112,83965,82986,3388,86374,1041
2021-07-25,Yolo,113,214977,14938,14693,364,15057,215
2021-07-25,Yuba,115,75493,6648,6519,140,6659,51
2021-07-24,Alameda,001,1643700,95427,93170,2138,95308,1259
2021-07-24,Alpine,003,1148,88,89,0,89,0
2021-07-24,Amador,005,37829,3879,3816,33,3849,48
2021-07-24,Butte,007,227075,13317,12982,1956,14938,203
2021-07-24,Calaveras,009,45235,2303,2267,15,2282,57
2021-07-24,Colusa,011,21464,2011,1992,341,2333,16
2021-07-24,Contra Costa,013,1133247,75729,73682,1476,75158,830
2021-07-24,Del Norte,015,27424,1596,1497,14,1511,8
2021-07-24,El Dorado,017,186661,11085,10773,858,11631,116
2021-07-24,Fresno,019,978130,105455,103637,8968,112605,1736
2021-07-24,Glenn,021,27897,2481,2457,578,3035,20
2021-07-24,Humboldt,023,135768,4981,4780,71,4851,52
2021-07-24,Imperial,025,180216,29215,28996,2706,31702,742
2021-07-24,Inyo,027,18085,1439,1424,12,1436,38
2021-07-24,Kern,029,883053,99570,98261,11622,109883,1350
2021-07-24,Kings,031,150075,23755,23304,1134,24438,246
2021-07-24,Lake,033,64148,4223,3963,14,3977,64
2021-07-24,Lassen,035,31185,5331,5311,118,5429,21
2021-07-24,Los Angeles,037,10098052,1252701,1232164,44341,1276505,24623
2021-07-24,Madera,039,155013,17207,16885,985,17870,245
2021-07-24,Marin,041,260295,14817,14454,283,14737,238
2021-07-24,Mariposa,043,17540,472,453,11,464,5
2021-07-24,Mendocino,045,87422,4457,4293,90,4383,49
2021-07-24,Merced,047,269075,31858,31661,1086,32747,473
2021-07-24,Modoc,049,8938,421,413,148,561,5
2021-07-24,Mono,051,14174,1289,1284,17,1301,3
2021-07-24,Monterey,053,433212,43826,43525,1917,45442,521
2021-07-24,Napa,055,140530,10408,10230,47,10277,81
2021-07-24,Nevada,057,99092,5402,5183,199,5382,72
2021-07-24,Orange,059,3164182,264318,259973,12017,271990,5141
2021-07-24,Placer,061,380077,25235,24530,1811,26341,303
2021-07-24,Plumas,063,18699,753,737,14,751,4
2021-07-24,Riverside,065,2383286,303021,296912,14450,311362,4552
2021-07-24,Sacramento,067,1510023,114963,112438,2136,114574,1698
2021-07-24,San Benito,069,59416,6234,6200,113,6313,63
2021-07-24,San Bernardino,071,2135413,301371,297899,9302,307201,5236
2021-07-24,San Diego,073,3302833,294856,289368,16893,306261,3788
2021-07-24,San Francisco,075,870044,40380,38954,1434,40388,561
2021-07-24,San Joaquin,077,732212,76661,75461,3796,79257,1436
2021-07-24,San Luis Obispo,079,281455,22103,21616,787,22403,260
2021-07-24,San Mateo,081,765935,44600,43880,555,44435,542
2021-07-24,Santa Barbara,083,443738,35599,35071,1175,36246,465
2021-07-24,Santa Clara,085,1922200,123117,121092,825,121917,2099
2021-07-24,Santa Cruz,087,273765,16706,16416,808,17224,207
2021-07-24,Shasta,089,179085,12958,12759,1712,14471,211
2021-07-24,Sierra,091,2930,69,64,12,76,0
2021-07-24,Siskiyou,093,43540,2052,1951,418,2369,31
2021-07-24,Solano,095,438530,35448,34499,690,35189,259
2021-07-24,Sonoma,097,501317,32681,31928,376,32304,327
2021-07-24,Stanislaus,099,539301,58615,57879,6195,64074,1030
2021-07-24,Sutter,101,95872,10021,9890,96,9986,115
2021-07-24,Tehama,103,63373,5241,5166,592,5758,65
2021-07-24,Trinity,105,12862,508,345,108,453,3
2021-07-24,Tulare,107,460477,51079,50104,9324,59428,854
2021-07-24,Tuolumne,109,53932,4295,4216,46,4262,64
2021-07-24,Ventura,111,848112,83838,82687,3372,86059,1041
2021-07-24,Yolo,113,214977,14900,14557,360,14917,214
2021-07-24,Yuba,115,75493,6629,6449,140,6589,51
2021-07-23,Alameda,001,1643700,95174,93170,2134,95304,1259
2021-07-23,Alpine,003,1148,88,89,0,89,0
2021-07-23,Amador,005,37829,3872,3816,33,3849,48
2021-07-23,Butte,007,227075,13288,12982,1948,14930,203
2021-07-23,Calaveras,009,45235,2293,2267,15,2282,57
2021-07-23,Colusa,011,21464,2010,1992,341,2333,16
2021-07-23,Contra Costa,013,1133247,75469,73682,1467,75149,830
2021-07-23,Del Norte,015,27424,1588,1497,14,1511,8
2021-07-23,El Dorado,017,186661,11056,10773,854,11627,116
2021-07-23,Fresno,019,978130,105323,103637,8958,112595,1736
2021-07-23,Glenn,021,27897,2479,2457,575,3032,20
2021-07-23,Humboldt,023,135768,4959,4780,68,4848,52
2021-07-23,Imperial,025,180216,29203,28996,2706,31702,742
2021-07-23,Inyo,027,18085,1436,1424,12,1436,38
2021-07-23,Kern,029,883053,99488,98261,11597,109858,1350
2021-07-23,Kings,031,150075,23724,23304,1131,24435,246
2021-07-23,Lake,033,64148,4194,3963,14,3977,64
2021-07-23,Lassen,035,31185,5329,5311,118,5429,21
2021-07-23,Los Angeles,037,10098052,1250760,1232164,44232,1276396,24623
2021-07-23,Madera,039,155013,17177,16885,980,17865,245
2021-07-23,Marin,041,260295,14780,14454,281,14735,238
2021-07-23,Mariposa,043,17540,469,453,11,464,5
2021-07-23,Mendocino,045,87422,4444,4293,90,4383,49
2021-07-23,Merced,047,269075,31833,31661,1086,32747,473
2021-07-23,Modoc,049,8938,421,413,148,561,5
2021-07-23,Mono,051,14174,1288,1284,17,1301,3
2021-07-23,Monterey,053,433212,43800,43525,1917,45442,521
2021-07-23,Napa,055,140530,10387,10230,47,10277,81
2021-07-23,Nevada,057,99092,5358,5183,199,5382,72
2021-07-23,Orange,059,3164182,263868,259973,11994,271967,5141
2021-07-23,Placer,061,380077,25155,24530,1795,26325,303
2021-07-23,Plumas,063,18699,751,737,14,751,4
2021-07-23,Riverside,065,2383286,302556,296912,14438,311350,4552
2021-07-23,Sacramento,067,1510023,114609,112438,2134,114572,1698
2021-07-23,San Benito,069,59416,6228,6200,113,6313,63
2021-07-23,San Bernardino,071,2135413,300989,297899,9293,307192,5236
2021-07-23,San Diego,073,3302833,294248,289368,16845,306213,3788
2021-07-23,San Francisco,075,870044,40193,38954,1422,40376,561
2021-07-23,San Joaquin,077,732212,76557,75461,3781,79242,1436
2021-07-23,San Luis Obispo,079,281455,22064,21616,787,22403,260
2021-07-23,San Mateo,081,765935,44497,43880,551,44431,542
2021-07-23,Santa Barbara,083,443738,35534,35071,1174,36245,465
2021-07-23,Santa Clara,085,1922200,122898,121092,822,121914,2099
2021-07-23,Santa Cruz,087,273765,16681,16416,808,17224,207
2021-07-23,Shasta,089,179085,12931,12759,1709,14468,211
2021-07-23,Sierra,091,2930,69,64,12,76,0
2021-07-23,Siskiyou,093,43540,2050,1951,418,2369,31
2021-07-23,Solano,095,438530,35356,34499,686,35185,259
2021-07-23,Sonoma,097,501317,32586,31928,375,32303,327
2021-07-23,Stanislaus,099,539301,58539,57879,6186,64065,1030
2021-07-23,Sutter,101,95872,9992,9890,96,9986,115
2021-07-23,Tehama,103,63373,5232,5166,592,5758,65
2021-07-23,Trinity,105,12862,507,345,107,452,3
2021-07-23,Tulare,107,460477,51033,50104,9303,59407,854
2021-07-23,Tuolumne,109,53932,4273,4216,46,4262,64
2021-07-23,Ventura,111,848112,83676,82687,3354,86041,1041
2021-07-23,Yolo,113,214977,14863,14557,353,14910,214
2021-07-23,Yuba,115,75493,6603,6449,139,6588,51
2021-07-22,Alameda,001,1643700,94820,93170,2130,95300,1259
2021-07-22,Alpine,003,1148,88,89,0,89,0
2021-07-22,Amador,005,37829,3863,3816,33,3849,48
2021-07-22,Butte,007,227075,13254,12982,1939,14921,203
2021-07-22,Calaveras,009,45235,2283,2267,15,2282,57
2021-07-22,Colusa,011,21464,2008,1992,338,2330,16
2021-07-22,Contra Costa,013,1133247,75130,73682,1462,75144,830
2021-07-22,Del Norte,015,27424,1571,1497,14,1511,8
2021-07-22,El Dorado,017,186661,11020,10773,846,11619,116
2021-07-22,Fresno,019,978130,105194,103637,8948,112585,1736
2021-07-22,Glenn,021,27897,2475,2457,575,3032,20
2021-07-22,Humboldt,023,135768,4928,4780,66,4846,52
2021-07-22,Imperial,025,180216,29173,28996,2706,31702,742
2021-07-22,Inyo,027,18085,1434,1424,12,1436,38
2021-07-22,Kern,029,883053,99373,98261,11556,109817,1350
2021-07-22,Kings,031,150075,23685,23304,1129,24433,246
2021-07-22,Lake,033,64148,4143,3963,14,3977,64
2021-07-22,Lassen,035,31185,5326,5311,118,5429,21
2021-07-22,Los Angeles,037,10098052,1248327,1232164,44050,1276214,24623
2021-07-22,Madera,039,155013,17142,16885,978,17863,245
2021-07-22,Marin,041,260295,14739,14454,280,14734,238
2021-07-22,Mariposa,043,17540,462,453,11,464,5
2021-07-22,Mendocino,045,87422,4431,4293,89,4382,49
2021-07-22,Merced,047,269075,31791,31661,1085,32746,473
2021-07-22,Modoc,049,8938,421,413,148,561,5
2021-07-22,Mono,051,14174,1287,1284,17,1301,3
2021-07-22,Monterey,053,433212,43772,43525,1911,45436,521
2021-07-22,Napa,055,140530,10369,10230,47,10277,81
2021-07-22,Nevada,057,99092,5332,5183,198,5381,72
2021-07-22,Orange,059,3164182,263315,259973,11985,271958,5141
2021-07-22,Placer,061,380077,25061,24530,1784,26314,303
2021-07-22,Plumas,063,18699,750,737,14,751,4
2021-07-22,Riverside,065,2383286,302048,296912,14417,311329,4552
2021-07-22,Sacramento,067,1510023,114171,112438,2125,114563,1698
2021-07-22,San Benito,069,59416,6221,6200,113,6313,63
2021-07-22,San Bernardino,071,2135413,300587,297899,9278,307177,5236
2021-07-22,San Diego,073,3302833,293518,289368,16785,306153,3788
2021-07-22,San Francisco,075,870044,39980,38954,1410,40364,561
2021-07-22,San Joaquin,077,732212,76414,75461,3769,79230,1436
2021-07-22,San Luis Obispo,079,281455,22026,21616,783,22399,260
2021-07-22,San Mateo,081,765935,44385,43880,546,44426,542
2021-07-22,Santa Barbara,083,443738,35468,35071,1172,36243,465
2021-07-22,Santa Clara,085,1922200,122657,121092,819,121911,2099
2021-07-22,Santa Cruz,087,273765,16644,16416,807,17223,207
2021-07-22,Shasta,089,179085,12907,12759,1705,14464,211
2021-07-22,Sierra,091,2930,67,64,12,76,0
2021-07-22,Siskiyou,093,43540,2047,1951,418,2369,31
2021-07-22,Solano,095,438530,35210,34499,679,35178,259
2021-07-22,Sonoma,097,501317,32476,31928,373,32301,327
2021-07-22,Stanislaus,099,539301,58411,57879,6174,64053,1030
2021-07-22,Sutter,101,95872,9971,9890,96,9986,115
2021-07-22,Tehama,103,63373,5226,5166,592,5758,65
2021-07-22,Trinity,105,12862,507,345,107,452,3
2021-07-22,Tulare,107,460477,50990,50104,9275,59379,854
2021-07-22,Tuolumne,109,53932,4261,4216,46,4262,64
2021-07-22,Ventura,111,848112,83542,82687,3341,86028,1041
2021-07-22,Yolo,113,214977,14825,14557,353,14910,214
2021-07-22,Yuba,115,75493,6572,6449,136,6585,51
2021-07-21,Alameda,001,1643700,94498,92840,2127,94967,1256
2021-07-21,Alpine,003,1148,88,89,0,89,0
2021-07-21,Amador,005,37829,3850,3813,33,3846,48
2021-07-21,Butte,007,227075,13213,12939,1934,14873,203
2021-07-21,Calaveras,009,45235,2279,2257,15,2272,57
2021-07-21,Colusa,011,21464,2004,1988,337,2325,16
2021-07-21,Contra Costa,013,1133247,74866,73320,1453,74773,827
2021-07-21,Del Norte,015,27424,1561,1492,14,1506,8
2021-07-21,El Dorado,017,186661,10983,10742,842,11584,116
2021-07-21,Fresno,019,978130,105046,103504,8939,112443,1736
2021-07-21,Glenn,021,27897,2473,2455,574,3029,20
2021-07-21,Humboldt,023,135768,4896,4763,64,4827,52
2021-07-21,Imperial,025,180216,29161,28964,2703,31667,742
2021-07-21,Inyo,027,18085,1434,1423,12,1435,38
2021-07-21,Kern,029,883053,99255,98152,11515,109667,1350
2021-07-21,Kings,031,150075,23657,23270,1125,24395,246
2021-07-21,Lake,033,64148,4077,3896,14,3910,64
2021-07-21,Lassen,035,31185,5323,5310,118,5428,21
2021-07-21,Los Angeles,037,10098052,1245815,1229598,43912,1273510,24609
2021-07-21,Madera,039,155013,17118,16858,976,17834,245
2021-07-21,Marin,041,260295,14690,14427,280,14707,238
2021-07-21,Mariposa,043,17540,458,449,11,460,5
2021-07-21,Mendocino,045,87422,4413,4274,89,4363,49
2021-07-21,Merced,047,269075,31752,31607,1081,32688,473
2021-07-21,Modoc,049,8938,421,413,148,561,5
2021-07-21,Mono,051,14174,1284,1282,17,1299,3
2021-07-21,Monterey,053,433212,43742,43502,1908,45410,515
2021-07-21,Napa,055,140530,10343,10209,47,10256,81
2021-07-21,Nevada,057,99092,5297,5152,198,5350,72
2021-07-21,Orange,059,3164182,262762,259615,11955,271570,5139
2021-07-21,Placer,061,380077,24952,24441,1773,26214,303
2021-07-21,Plumas,063,18699,750,736,14,750,4
2021-07-21,Riverside,065,2383286,301535,296419,14400,310819,4552
2021-07-21,Sacramento,067,1510023,113749,112043,2114,114157,1696
2021-07-21,San Benito,069,59416,6211,6196,113,6309,63
2021-07-21,San Bernardino,071,2135413,300132,297519,9270,306789,5230
2021-07-21,San Diego,073,3302833,292668,288682,16722,305404,3787
2021-07-21,San Francisco,075,870044,39755,38699,1405,40104,559
2021-07-21,San Joaquin,077,732212,76225,75288,3757,79045,1434
2021-07-21,San Luis Obispo,079,281455,21989,21579,780,22359,260
2021-07-21,San Mateo,081,765935,44293,43755,542,44297,542
2021-07-21,Santa Barbara,083,443738,35409,34998,1156,36154,465
2021-07-21,Santa Clara,085,1922200,122447,120838,817,121655,2099
2021-07-21,Santa Cruz,087,273765,16610,16407,807,17214,207
2021-07-21,Shasta,089,179085,12874,12751,1702,14453,211
2021-07-21,Sierra,091,2930,67,64,12,76,0
2021-07-21,Siskiyou,093,43540,2045,1943,416,2359,31
2021-07-21,Solano,095,438530,35052,34374,674,35048,258
2021-07-21,Sonoma,097,501317,32360,31789,373,32162,327
2021-07-21,Stanislaus,099,539301,58309,57774,6164,63938,1028
2021-07-21,Sutter,101,95872,9947,9862,96,9958,113
2021-07-21,Tehama,103,63373,5222,5161,592,5753,65
2021-07-21,Trinity,105,12862,505,345,106,451,3
2021-07-21,Tulare,107,460477,50930,50066,9250,59316,854
2021-07-21,Tuolumne,109,53932,4224,4156,46,4202,64
2021-07-21,Ventura,111,848112,83420,82573,3329,85902,1041
2021-07-21,Yolo,113,214977,14783,14525,352,14877,213
2021-07-21,Yuba,115,75493,6544,6425,136,6561,52
2021-07-20,Alameda,001,1643700,94126,92625,2113,94738,1256
2021-07-20,Alpine,003,1148,88,89,0,89,0
2021-07-20,Amador,005,37829,3839,3807,33,3840,48
2021-07-20,Butte,007,227075,13176,12916,1929,14845,203
2021-07-20,Calaveras,009,45235,2276,2249,15,2264,57
2021-07-20,Colusa,011,21464,2004,1985,337,2322,16
2021-07-20,Contra Costa,013,1133247,74582,73143,1435,74578,825
2021-07-20,Del Norte,015,27424,1551,1490,14,1504,8
2021-07-20,El Dorado,017,186661,10943,10727,838,11565,116
2021-07-20,Fresno,019,978130,104911,103438,8920,112358,1736
2021-07-20,Glenn,021,27897,2473,2453,574,3027,20
2021-07-20,Humboldt,023,135768,4851,4735,62,4797,52
2021-07-20,Imperial,025,180216,29141,28933,2703,31636,742
2021-07-20,Inyo,027,18085,1430,1420,12,1432,36
2021-07-20,Kern,029,883053,99142,98082,11487,109569,1350
2021-07-20,Kings,031,150075,23616,23254,1120,24374,246
2021-07-20,Lake,033,64148,4052,3871,14,3885,64
2021-07-20,Lassen,035,31185,5323,5306,118,5424,21
2021-07-20,Los Angeles,037,10098052,1243019,1227404,43747,1271151,24603
2021-07-20,Madera,039,155013,17097,16856,972,17828,245
2021-07-20,Marin,041,260295,14654,14396,277,14673,234
2021-07-20,Mariposa,043,17540,456,448,11,459,5
2021-07-20,Mendocino,045,87422,4396,4259,89,4348,49
2021-07-20,Merced,047,269075,31713,31578,1074,32652,473
2021-07-20,Modoc,049,8938,421,413,148,561,5
2021-07-20,Mono,051,14174,1280,1281,17,1298,3
2021-07-20,Monterey,053,433212,43711,43481,1905,45386,515
2021-07-20,Napa,055,140530,10320,10191,47,10238,81
2021-07-20,Nevada,057,99092,5278,5148,197,5345,72
2021-07-20,Orange,059,3164182,262205,259303,11925,271228,5139
2021-07-20,Placer,061,380077,24860,24408,1751,26159,303
2021-07-20,Plumas,063,18699,748,736,14,750,4
2021-07-20,Riverside,065,2383286,301000,296118,14386,310504,4543
2021-07-20,Sacramento,067,1510023,113309,111796,2084,113880,1695
2021-07-20,San Benito,069,59416,6204,6196,113,6309,63
2021-07-20,San Bernardino,071,2135413,299723,297222,9245,306467,5231
2021-07-20,San Diego,073,3302833,291742,288209,16626,304835,3786
2021-07-20,San Francisco,075,870044,39497,38536,1394,39930,558
2021-07-20,San Joaquin,077,732212,76053,75198,3744,78942,1433
2021-07-20,San Luis Obispo,079,281455,21943,21556,779,22335,259
2021-07-20,San Mateo,081,765935,44174,43670,541,44211,542
2021-07-20,Santa Barbara,083,443738,35339,34935,1150,36085,462
2021-07-20,Santa Clara,085,1922200,122190,120704,814,121518,2098
2021-07-20,Santa Cruz,087,273765,16581,16399,807,17206,207
2021-07-20,Shasta,089,179085,12848,12734,1698,14432,211
2021-07-20,Sierra,091,2930,67,64,12,76,0
2021-07-20,Siskiyou,093,43540,2041,1931,415,2346,31
2021-07-20,Solano,095,438530,34917,34337,667,35004,258
2021-07-20,Sonoma,097,501317,32241,31763,372,32135,326
2021-07-20,Stanislaus,099,539301,58194,57706,6159,63865,1028
2021-07-20,Sutter,101,95872,9920,9854,93,9947,114
2021-07-20,Tehama,103,63373,5220,5153,592,5745,65
2021-07-20,Trinity,105,12862,503,344,105,449,3
2021-07-20,Tulare,107,460477,50888,50047,9233,59280,854
2021-07-20,Tuolumne,109,53932,4205,4156,46,4202,64
2021-07-20,Ventura,111,848112,83267,82504,3314,85818,1041
2021-07-20,Yolo,113,214977,14718,14495,349,14844,213
2021-07-20,Yuba,115,75493,6519,6393,133,6526,52
2021-07-19,Alameda,001,1643700,93753,92357,2097,94454,1256
2021-07-19,Alpine,003,1148,88,89,0,89,0
2021-07-19,Amador,005,37829,3835,3802,33,3835,48
2021-07-19,Butte,007,227075,13132,12901,1924,14825,202
2021-07-19,Calaveras,009,45235,2272,2245,15,2260,57
2021-07-19,Colusa,011,21464,2002,1981,337,2318,16
2021-07-19,Contra Costa,013,1133247,74270,72935,1415,74350,825
2021-07-19,Del Norte,015,27424,1538,1484,14,1498,8
2021-07-19,El Dorado,017,186661,10913,10703,830,11533,114
2021-07-19,Fresno,019,978130,104781,103350,8907,112257,1731
2021-07-19,Glenn,021,27897,2473,2452,573,3025,20
2021-07-19,Humboldt,023,135768,4821,4719,60,4779,52
2021-07-19,Imperial,025,180216,29114,28888,2702,31590,742
2021-07-19,Inyo,027,18085,1429,1417,12,1429,36
2021-07-19,Kern,029,883053,99028,97999,11454,109453,1349
2021-07-19,Kings,031,150075,23586,23221,1114,24335,246
2021-07-19,Lake,033,64148,4016,3848,14,3862,64
2021-07-19,Lassen,035,31185,5322,5305,118,5423,21
2021-07-19,Los Angeles,037,10098052,1240417,1225946,43557,1269503,24600
2021-07-19,Madera,039,155013,17074,16846,969,17815,244
2021-07-19,Marin,041,260295,14619,14369,274,14643,234
2021-07-19,Mariposa,043,17540,450,447,11,458,5
2021-07-19,Mendocino,045,87422,4378,4251,89,4340,49
2021-07-19,Merced,047,269075,31649,31565,1067,32632,472
2021-07-19,Modoc,049,8938,420,413,148,561,5
2021-07-19,Mono,051,14174,1278,1280,17,1297,3
2021-07-19,Monterey,053,433212,43687,43436,1904,45340,515
2021-07-19,Napa,055,140530,10295,10180,45,10225,81
2021-07-19,Nevada,057,99092,5250,5133,196,5329,72
2021-07-19,Orange,059,3164182,261682,258927,11893,270820,5138
2021-07-19,Placer,061,380077,24761,24359,1729,26088,303
2021-07-19,Plumas,063,18699,748,730,14,744,4
2021-07-19,Riverside,065,2383286,300510,295736,14348,310084,4543
2021-07-19,Sacramento,067,1510023,112945,111470,2060,113530,1696
2021-07-19,San Benito,069,59416,6201,6193,113,6306,63
2021-07-19,San Bernardino,071,2135413,299350,296929,9227,306156,5235
2021-07-19,San Diego,073,3302833,290842,287695,16521,304216,3786
2021-07-19,San Francisco,075,870044,39224,38463,1381,39844,560
2021-07-19,San Joaquin,077,732212,75888,75086,3739,78825,1431
2021-07-19,San Luis Obispo,079,281455,21898,21531,775,22306,259
2021-07-19,San Mateo,081,765935,44032,43563,532,44095,542
2021-07-19,Santa Barbara,083,443738,35267,34904,1148,36052,461
2021-07-19,Santa Clara,085,1922200,121932,120554,813,121367,2098
2021-07-19,Santa Cruz,087,273765,16565,16387,807,17194,207
2021-07-19,Shasta,089,179085,12830,12723,1696,14419,209
2021-07-19,Sierra,091,2930,66,64,12,76,0
2021-07-19,Siskiyou,093,43540,2036,1927,413,2340,31
2021-07-19,Solano,095,438530,34742,34262,656,34918,261
2021-07-19,Sonoma,097,501317,32120,31713,371,32084,325
2021-07-19,Stanislaus,099,539301,58093,57644,6149,63793,1027
2021-07-19,Sutter,101,95872,9904,9834,93,9927,114
2021-07-19,Tehama,103,63373,5214,5152,590,5742,65
2021-07-19,Trinity,105,12862,503,344,104,448,3
2021-07-19,Tulare,107,460477,50841,49994,9217,59211,855
2021-07-19,Tuolumne,109,53932,4195,4151,46,4197,64
2021-07-19,Ventura,111,848112,83171,82409,3292,85701,1041
2021-07-19,Yolo,113,214977,14686,14439,347,14786,213
2021-07-19,Yuba,115,75493,6495,6370,133,6503,52
2021-07-18,Alameda,001,1643700,93395,92162,2085,94247,1256
2021-07-18,Alpine,003,1148,88,89,0,89,0
2021-07-18,Amador,005,37829,3824,3799,33,3832,48
2021-07-18,Butte,007,227075,13089,12888,1920,14808,202
2021-07-18,Calaveras,009,45235,2269,2243,15,2258,57
2021-07-18,Colusa,011,21464,2002,1981,336,2317,16
2021-07-18,Contra Costa,013,1133247,73954,72849,1397,74246,825
2021-07-18,Del Norte,015,27424,1529,1482,14,1496,8
2021-07-18,El Dorado,017,186661,10876,10687,822,11509,114
2021-07-18,Fresno,019,978130,104627,103298,8889,112187,1731
2021-07-18,Glenn,021,27897,2472,2452,572,3024,20
2021-07-18,Humboldt,023,135768,4785,4714,60,4774,52
2021-07-18,Imperial,025,180216,29077,28877,2701,31578,742
2021-07-18,Inyo,027,18085,1425,1417,12,1429,36
2021-07-18,Kern,029,883053,98902,97963,11412,109375,1349
2021-07-18,Kings,031,150075,23565,23203,1110,24313,246
2021-07-18,Lake,033,64148,3980,3825,14,3839,64
2021-07-18,Lassen,035,31185,5322,5305,118,5423,21
2021-07-18,Los Angeles,037,10098052,1237731,1224691,43367,1268058,24598
2021-07-18,Madera,039,155013,17049,16838,965,17803,244
2021-07-18,Marin,041,260295,14583,14358,272,14630,234
2021-07-18,Mariposa,043,17540,449,447,11,458,5
2021-07-18,Mendocino,045,87422,4357,4246,89,4335,49
2021-07-18,Merced,047,269075,31618,31537,1065,32602,471
2021-07-18,Modoc,049,8938,420,413,148,561,5
2021-07-18,Mono,051,14174,1277,1280,17,1297,3
2021-07-18,Monterey,053,433212,43669,43422,1894,45316,515
2021-07-18,Napa,055,140530,10278,10174,42,10216,81
2021-07-18,Nevada,057,99092,5224,5124,196,5320,72
2021-07-18,Orange,059,3164182,261198,258724,11865,270589,5138
2021-07-18,Placer,061,380077,24694,24313,1702,26015,303
2021-07-18,Plumas,063,18699,748,730,14,744,4
2021-07-18,Riverside,065,2383286,300018,295522,14306,309828,4543
2021-07-18,Sacramento,067,1510023,112514,111255,2028,113283,1696
2021-07-18,San Benito,069,59416,6193,6191,113,6304,63
2021-07-18,San Bernardino,071,2135413,298876,296739,9212,305951,5233
2021-07-18,San Diego,073,3302833,290026,286287,16437,302724,3786
2021-07-18,San Francisco,075,870044,38989,38367,1370,39737,560
2021-07-18,San Joaquin,077,732212,75711,74997,3726,78723,1431
2021-07-18,San Luis Obispo,079,281455,21863,21527,772,22299,259
2021-07-18,San Mateo,081,765935,43919,43506,526,44032,542
2021-07-18,Santa Barbara,083,443738,35202,34880,1146,36026,461
2021-07-18,Santa Clara,085,1922200,121718,120438,806,121244,2098
2021-07-18,Santa Cruz,087,273765,16533,16372,806,17178,207
2021-07-18,Shasta,089,179085,12805,12714,1692,14406,209
2021-07-18,Sierra,091,2930,66,64,12,76,0
2021-07-18,Siskiyou,093,43540,2030,1927,408,2335,31
2021-07-18,Solano,095,438530,34614,34215,652,34867,261
2021-07-18,Sonoma,097,501317,32015,31675,370,32045,325
2021-07-18,Stanislaus,099,539301,57982,57600,6124,63724,1028
2021-07-18,Sutter,101,95872,9872,9826,93,9919,114
2021-07-18,Tehama,103,63373,5211,5150,589,5739,65
2021-07-18,Trinity,105,12862,503,344,104,448,3
2021-07-18,Tulare,107,460477,50788,49985,9194,59179,855
2021-07-18,Tuolumne,109,53932,4177,4149,46,4195,64
2021-07-18,Ventura,111,848112,83057,82361,3268,85629,1041
2021-07-18,Yolo,113,214977,14627,14425,341,14766,213
2021-07-18,Yuba,115,75493,6454,6357,133,6490,52
2021-07-17,Alameda,001,1643700,93178,91346,2073,93419,1255
2021-07-17,Alpine,003,1148,88,89,0,89,0
2021-07-17,Amador,005,37829,3815,3785,33,3818,48
2021-07-17,Butte,007,227075,13075,12824,1916,14740,202
2021-07-17,Calaveras,009,45235,2263,2237,15,2252,57
2021-07-17,Colusa,011,21464,1999,1976,336,2312,16
2021-07-17,Contra Costa,013,1133247,73772,72254,1384,73638,824
2021-07-17,Del Norte,015,27424,1521,1475,14,1489,8
2021-07-17,El Dorado,017,186661,10849,10622,818,11440,114
2021-07-17,Fresno,019,978130,104554,103055,8875,111930,1730
2021-07-17,Glenn,021,27897,2471,2451,572,3023,20
2021-07-17,Humboldt,023,135768,4772,4654,59,4713,52
2021-07-17,Imperial,025,180216,29061,28840,2701,31541,742
2021-07-17,Inyo,027,18085,1425,1416,12,1428,36
2021-07-17,Kern,029,883053,98845,97796,11376,109172,1348
2021-07-17,Kings,031,150075,23545,23163,1109,24272,246
2021-07-17,Lake,033,64148,3955,3760,14,3774,64
2021-07-17,Lassen,035,31185,5322,5302,118,5420,21
2021-07-17,Los Angeles,037,10098052,1236196,1219733,43225,1262958,24582
2021-07-17,Madera,039,155013,17041,16804,965,17769,240
2021-07-17,Marin,041,260295,14565,14297,270,14567,234
2021-07-17,Mariposa,043,17540,449,445,11,456,5
2021-07-17,Mendocino,045,87422,4345,4209,89,4298,49
2021-07-17,Merced,047,269075,31597,31451,1061,32512,471
2021-07-17,Modoc,049,8938,420,412,148,560,5
2021-07-17,Mono,051,14174,1275,1277,17,1294,3
2021-07-17,Monterey,053,433212,43646,43367,1889,45256,515
2021-07-17,Napa,055,140530,10262,10129,42,10171,81
2021-07-17,Nevada,057,99092,5209,5066,196,5262,72
2021-07-17,Orange,059,3164182,260891,257805,11826,269631,5136
2021-07-17,Placer,061,380077,24627,24169,1688,25857,303
2021-07-17,Plumas,063,18699,743,721,14,735,4
2021-07-17,Riverside,065,2383286,299711,294751,14274,309025,4542
2021-07-17,Sacramento,067,1510023,112279,110432,2008,112440,1694
2021-07-17,San Benito,069,59416,6187,6181,113,6294,63
2021-07-17,San Bernardino,071,2135413,298639,296048,9193,305241,5218
2021-07-17,San Diego,073,3302833,289619,285698,16369,302067,3786
2021-07-17,San Francisco,075,870044,38868,37978,1367,39345,560
2021-07-17,San Joaquin,077,732212,75624,74695,3720,78415,1430
2021-07-17,San Luis Obispo,079,281455,21836,21462,772,22234,258
2021-07-17,San Mateo,081,765935,43848,43324,525,43849,542
2021-07-17,Santa Barbara,083,443738,35161,34769,1143,35912,461
2021-07-17,Santa Clara,085,1922200,121546,119980,803,120783,2097
2021-07-17,Santa Cruz,087,273765,16526,16337,806,17143,207
2021-07-17,Shasta,089,179085,12790,12683,1687,14370,210
2021-07-17,Sierra,091,2930,66,62,12,74,0
2021-07-17,Siskiyou,093,43540,2025,1922,405,2327,29
2021-07-17,Solano,095,438530,34549,34015,644,34659,263
2021-07-17,Sonoma,097,501317,31947,31536,369,31905,322
2021-07-17,Stanislaus,099,539301,57905,57400,6110,63510,1028
2021-07-17,Sutter,101,95872,9862,9778,93,9871,114
2021-07-17,Tehama,103,63373,5208,5145,589,5734,64
2021-07-17,Trinity,105,12862,502,341,104,445,3
2021-07-17,Tulare,107,460477,50767,49937,9182,59119,854
2021-07-17,Tuolumne,109,53932,4167,4131,46,4177,64
2021-07-17,Ventura,111,848112,82988,82125,3257,85382,1041
2021-07-17,Yolo,113,214977,14595,14356,334,14690,213
2021-07-17,Yuba,115,75493,6443,6309,133,6442,52
2021-07-16,Alameda,001,1643700,92936,91346,2062,93408,1255
2021-07-16,Alpine,003,1148,88,89,0,89,0
2021-07-16,Amador,005,37829,3812,3785,33,3818,48
2021-07-16,Butte,007,227075,13050,12824,1913,14737,202
2021-07-16,Calaveras,009,45235,2262,2237,15,2252,57
2021-07-16,Colusa,011,21464,1997,1976,335,2311,16
2021-07-16,Contra Costa,013,1133247,73583,72254,1380,73634,824
2021-07-16,Del Norte,015,27424,1519,1475,14,1489,8
2021-07-16,El Dorado,017,186661,10830,10622,817,11439,114
2021-07-16,Fresno,019,978130,104502,103055,8855,111910,1730
2021-07-16,Glenn,021,27897,2471,2451,572,3023,20
2021-07-16,Humboldt,023,135768,4750,4654,59,4713,52
2021-07-16,Imperial,025,180216,29049,28840,2701,31541,742
2021-07-16,Inyo,027,18085,1423,1416,12,1428,36
2021-07-16,Kern,029,883053,98783,97796,11336,109132,1348
2021-07-16,Kings,031,150075,23520,23163,1108,24271,246
2021-07-16,Lake,033,64148,3928,3760,14,3774,64
2021-07-16,Lassen,035,31185,5321,5302,118,5420,21
2021-07-16,Los Angeles,037,10098052,1234694,1219733,43080,1262813,24582
2021-07-16,Madera,039,155013,17023,16804,965,17769,240
2021-07-16,Marin,041,260295,14541,14297,267,14564,234
2021-07-16,Mariposa,043,17540,449,445,11,456,5
2021-07-16,Mendocino,045,87422,4336,4209,88,4297,49
2021-07-16,Merced,047,269075,31575,31451,1059,32510,471
2021-07-16,Modoc,049,8938,420,412,148,560,5
2021-07-16,Mono,051,14174,1274,1277,17,1294,3
2021-07-16,Monterey,053,433212,43624,43367,1888,45255,515
2021-07-16,Napa,055,140530,10238,10129,41,10170,81
2021-07-16,Nevada,057,99092,5199,5066,196,5262,72
2021-07-16,Orange,059,3164182,260619,257805,11785,269590,5136
2021-07-16,Placer,061,380077,24574,24169,1683,25852,303
2021-07-16,Plumas,063,18699,742,721,14,735,4
2021-07-16,Riverside,065,2383286,299435,294751,14248,308999,4542
2021-07-16,Sacramento,067,1510023,112062,110432,1995,112427,1694
2021-07-16,San Benito,069,59416,6185,6181,113,6294,63
2021-07-16,San Bernardino,071,2135413,298362,296048,9176,305224,5218
2021-07-16,San Diego,073,3302833,289177,285698,16322,302020,3786
2021-07-16,San Francisco,075,870044,38751,37978,1362,39340,560
2021-07-16,San Joaquin,077,732212,75530,74695,3717,78412,1430
2021-07-16,San Luis Obispo,079,281455,21819,21462,772,22234,258
2021-07-16,San Mateo,081,765935,43795,43324,524,43848,542
2021-07-16,Santa Barbara,083,443738,35123,34769,1143,35912,461
2021-07-16,Santa Clara,085,1922200,121399,119980,796,120776,2097
2021-07-16,Santa Cruz,087,273765,16513,16337,806,17143,207
2021-07-16,Shasta,089,179085,12780,12683,1686,14369,210
2021-07-16,Sierra,091,2930,66,62,12,74,0
2021-07-16,Siskiyou,093,43540,2023,1922,403,2325,29
2021-07-16,Solano,095,438530,34482,34015,636,34651,263
2021-07-16,Sonoma,097,501317,31895,31536,366,31902,322
2021-07-16,Stanislaus,099,539301,57855,57400,6100,63500,1028
2021-07-16,Sutter,101,95872,9850,9778,93,9871,114
2021-07-16,Tehama,103,63373,5206,5145,589,5734,64
2021-07-16,Trinity,105,12862,502,341,103,444,3
2021-07-16,Tulare,107,460477,50743,49937,9172,59109,854
2021-07-16,Tuolumne,109,53932,4161,4131,46,4177,64
2021-07-16,Ventura,111,848112,82923,82125,3250,85375,1041
2021-07-16,Yolo,113,214977,14569,14356,331,14687,213
2021-07-16,Yuba,115,75493,6421,6309,132,6441,52
2021-07-15,Alameda,001,1643700,92639,91346,2052,93398,1255
2021-07-15,Alpine,003,1148,88,89,0,89,0
2021-07-15,Amador,005,37829,3809,3785,33,3818,48
2021-07-15,Butte,007,227075,13024,12824,1911,14735,202
2021-07-15,Calaveras,009,45235,2259,2237,15,2252,57
2021-07-15,Colusa,011,21464,1996,1976,334,2310,16
2021-07-15,Contra Costa,013,1133247,73370,72254,1373,73627,824
2021-07-15,Del Norte,015,27424,1516,1475,14,1489,8
2021-07-15,El Dorado,017,186661,10803,10622,815,11437,114
2021-07-15,Fresno,019,978130,104405,103055,8835,111890,1730
2021-07-15,Glenn,021,27897,2471,2451,572,3023,20
2021-07-15,Humboldt,023,135768,4732,4654,58,4712,52
2021-07-15,Imperial,025,180216,29026,28840,2701,31541,742
2021-07-15,Inyo,027,18085,1423,1416,12,1428,36
2021-07-15,Kern,029,883053,98713,97796,11308,109104,1348
2021-07-15,Kings,031,150075,23482,23163,1105,24268,246
2021-07-15,Lake,033,64148,3889,3760,14,3774,64
2021-07-15,Lassen,035,31185,5320,5302,118,5420,21
2021-07-15,Los Angeles,037,10098052,1232709,1219733,42922,1262655,24582
2021-07-15,Madera,039,155013,17001,16804,961,17765,240
2021-07-15,Marin,041,260295,14516,14297,267,14564,234
2021-07-15,Mariposa,043,17540,449,445,11,456,5
2021-07-15,Mendocino,045,87422,4328,4209,87,4296,49
2021-07-15,Merced,047,269075,31545,31451,1059,32510,471
2021-07-15,Modoc,049,8938,420,412,148,560,5
2021-07-15,Mono,051,14174,1274,1277,17,1294,3
2021-07-15,Monterey,053,433212,43595,43367,1885,45252,515
2021-07-15,Napa,055,140530,10213,10129,40,10169,81
2021-07-15,Nevada,057,99092,5182,5066,195,5261,72
2021-07-15,Orange,059,3164182,260268,257805,11754,269559,5136
2021-07-15,Placer,061,380077,24514,24169,1666,25835,303
2021-07-15,Plumas,063,18699,741,721,14,735,4
2021-07-15,Riverside,065,2383286,299114,294751,14233,308984,4542
2021-07-15,Sacramento,067,1510023,111758,110432,1978,112410,1694
2021-07-15,San Benito,069,59416,6183,6181,113,6294,63
2021-07-15,San Bernardino,071,2135413,298055,296048,9162,305210,5218
2021-07-15,San Diego,073,3302833,288539,285698,16244,301942,3786
2021-07-15,San Francisco,075,870044,38599,37978,1354,39332,560
2021-07-15,San Joaquin,077,732212,75413,74695,3712,78407,1430
2021-07-15,San Luis Obispo,079,281455,21787,21462,772,22234,258
2021-07-15,San Mateo,081,765935,43691,43324,519,43843,542
2021-07-15,Santa Barbara,083,443738,35067,34769,1142,35911,461
2021-07-15,Santa Clara,085,1922200,121277,119980,793,120773,2097
2021-07-15,Santa Cruz,087,273765,16500,16337,806,17143,207
2021-07-15,Shasta,089,179085,12772,12683,1682,14365,210
2021-07-15,Sierra,091,2930,66,62,12,74,0
2021-07-15,Siskiyou,093,43540,2022,1922,403,2325,29
2021-07-15,Solano,095,438530,34407,34015,630,34645,263
2021-07-15,Sonoma,097,501317,31834,31536,366,31902,322
2021-07-15,Stanislaus,099,539301,57786,57400,6087,63487,1028
2021-07-15,Sutter,101,95872,9830,9778,92,9870,114
2021-07-15,Tehama,103,63373,5200,5145,588,5733,64
2021-07-15,Trinity,105,12862,502,341,103,444,3
2021-07-15,Tulare,107,460477,50723,49937,9155,59092,854
2021-07-15,Tuolumne,109,53932,4149,4131,46,4177,64
2021-07-15,Ventura,111,848112,82847,82125,3245,85370,1041
2021-07-15,Yolo,113,214977,14542,14356,330,14686,213
2021-07-15,Yuba,115,75493,6406,6309,131,6440,52
2021-07-14,Alameda,001,1643700,92379,91092,2035,93127,1255
2021-07-14,Alpine,003,1148,88,89,0,89,0
2021-07-14,Amador,005,37829,3801,3784,33,3817,48
2021-07-14,Butte,007,227075,12997,12813,1904,14717,202
2021-07-14,Calaveras,009,45235,2252,2234,15,2249,57
2021-07-14,Colusa,011,21464,1993,1974,334,2308,16
2021-07-14,Contra Costa,013,1133247,73142,72091,1361,73452,823
2021-07-14,Del Norte,015,27424,1515,1472,14,1486,8
2021-07-14,El Dorado,017,186661,10777,10598,812,11410,114
2021-07-14,Fresno,019,978130,104325,102966,8824,111790,1728
2021-07-14,Glenn,021,27897,2471,2449,572,3021,20
2021-07-14,Humboldt,023,135768,4709,4644,56,4700,52
2021-07-14,Imperial,025,180216,28997,28822,2701,31523,742
2021-07-14,Inyo,027,18085,1422,1415,12,1427,36
2021-07-14,Kern,029,883053,98649,97736,11283,109019,1346
2021-07-14,Kings,031,150075,23469,23142,1105,24247,246
2021-07-14,Lake,033,64148,3856,3739,14,3753,63
2021-07-14,Lassen,035,31185,5319,5298,118,5416,21
2021-07-14,Los Angeles,037,10098052,1230693,1218265,42781,1261046,24578
2021-07-14,Madera,039,155013,16989,16786,959,17745,240
2021-07-14,Marin,041,260295,14482,14269,265,14534,233
2021-07-14,Mariposa,043,17540,447,445,11,456,5
2021-07-14,Mendocino,045,87422,4315,4193,87,4280,49
2021-07-14,Merced,047,269075,31508,31412,1056,32468,471
2021-07-14,Modoc,049,8938,420,412,148,560,4
2021-07-14,Mono,051,14174,1274,1278,17,1295,3
2021-07-14,Monterey,053,433212,43571,43347,1883,45230,504
2021-07-14,Napa,055,140530,10191,10121,40,10161,81
2021-07-14,Nevada,057,99092,5162,5058,195,5253,72
2021-07-14,Orange,059,3164182,259951,257558,11724,269282,5137
2021-07-14,Placer,061,380077,24461,24125,1654,25779,303
2021-07-14,Plumas,063,18699,734,719,14,733,4
2021-07-14,Riverside,065,2383286,298790,294511,14217,308728,4542
2021-07-14,Sacramento,067,1510023,111430,110193,1954,112147,1688
2021-07-14,San Benito,069,59416,6180,6177,113,6290,63
2021-07-14,San Bernardino,071,2135413,297755,295820,9147,304967,5193
2021-07-14,San Diego,073,3302833,287967,285269,16164,301433,3786
2021-07-14,San Francisco,075,870044,38460,37836,1349,39185,559
2021-07-14,San Joaquin,077,732212,75321,74599,3703,78302,1416
2021-07-14,San Luis Obispo,079,281455,21765,21444,770,22214,258
2021-07-14,San Mateo,081,765935,43592,43249,515,43764,542
2021-07-14,Santa Barbara,083,443738,35025,34719,1140,35859,461
2021-07-14,Santa Clara,085,1922200,121127,119844,790,120634,2098
2021-07-14,Santa Cruz,087,273765,16488,16326,806,17132,207
2021-07-14,Shasta,089,179085,12752,12669,1679,14348,209
2021-07-14,Sierra,091,2930,66,62,12,74,0
2021-07-14,Siskiyou,093,43540,2015,1922,400,2322,29
2021-07-14,Solano,095,438530,34334,33948,630,34578,268
2021-07-14,Sonoma,097,501317,31782,31470,366,31836,322
2021-07-14,Stanislaus,099,539301,57711,57340,6075,63415,1028
2021-07-14,Sutter,101,95872,9808,9766,92,9858,114
2021-07-14,Tehama,103,63373,5198,5142,588,5730,64
2021-07-14,Trinity,105,12862,502,341,103,444,3
2021-07-14,Tulare,107,460477,50706,49908,9141,59049,853
2021-07-14,Tuolumne,109,53932,4146,4128,45,4173,64
2021-07-14,Ventura,111,848112,82753,82041,3234,85275,1040
2021-07-14,Yolo,113,214977,14509,14332,327,14659,213
2021-07-14,Yuba,115,75493,6388,6294,131,6425,52
2021-07-13,Alameda,001,1643700,92114,90874,2025,92899,1255
2021-07-13,Alpine,003,1148,88,89,0,89,0
2021-07-13,Amador,005,37829,3794,3783,33,3816,48
2021-07-13,Butte,007,227075,12983,12802,1903,14705,202
2021-07-13,Calaveras,009,45235,2248,2230,15,2245,57
2021-07-13,Colusa,011,21464,1991,1972,331,2303,16
2021-07-13,Contra Costa,013,1133247,72917,71963,1352,73315,823
2021-07-13,Del Norte,015,27424,1511,1471,14,1485,8
2021-07-13,El Dorado,017,186661,10760,10581,810,11391,114
2021-07-13,Fresno,019,978130,104249,102909,8814,111723,1727
2021-07-13,Glenn,021,27897,2469,2448,572,3020,20
2021-07-13,Humboldt,023,135768,4694,4634,56,4690,51
2021-07-13,Imperial,025,180216,28986,28792,2701,31493,741
2021-07-13,Inyo,027,18085,1421,1415,12,1427,36
2021-07-13,Kern,029,883053,98560,97698,11244,108942,1346
2021-07-13,Kings,031,150075,23451,23132,1105,24237,246
2021-07-13,Lake,033,64148,3829,3719,13,3732,63
2021-07-13,Lassen,035,31185,5317,5292,118,5410,21
2021-07-13,Los Angeles,037,10098052,1228843,1217184,42611,1259795,24569
2021-07-13,Madera,039,155013,16979,16773,955,17728,240
2021-07-13,Marin,041,260295,14453,14254,264,14518,233
2021-07-13,Mariposa,043,17540,446,443,11,454,5
2021-07-13,Mendocino,045,87422,4308,4185,87,4272,49
2021-07-13,Merced,047,269075,31487,31379,1053,32432,471
2021-07-13,Modoc,049,8938,420,411,148,559,4
2021-07-13,Mono,051,14174,1273,1277,17,1294,3
2021-07-13,Monterey,053,433212,43553,43333,1879,45212,504
2021-07-13,Napa,055,140530,10170,10118,40,10158,81
2021-07-13,Nevada,057,99092,5137,5053,195,5248,72
2021-07-13,Orange,059,3164182,259621,257339,11696,269035,5136
2021-07-13,Placer,061,380077,24415,24091,1641,25732,303
2021-07-13,Plumas,063,18699,733,716,14,730,4
2021-07-13,Riverside,065,2383286,298467,294302,14190,308492,4541
2021-07-13,Sacramento,067,1510023,111120,109990,1931,111921,1687
2021-07-13,San Benito,069,59416,6178,6173,113,6286,63
2021-07-13,San Bernardino,071,2135413,297477,295596,9125,304721,5183
2021-07-13,San Diego,073,3302833,287419,284997,16085,301082,3785
2021-07-13,San Francisco,075,870044,38316,37725,1343,39068,559
2021-07-13,San Joaquin,077,732212,75205,74500,3700,78200,1417
2021-07-13,San Luis Obispo,079,281455,21739,21423,767,22190,258
2021-07-13,San Mateo,081,765935,43523,43180,514,43694,542
2021-07-13,Santa Barbara,083,443738,34976,34679,1137,35816,461
2021-07-13,Santa Clara,085,1922200,120974,119727,786,120513,2098
2021-07-13,Santa Cruz,087,273765,16479,16315,804,17119,207
2021-07-13,Shasta,089,179085,12739,12659,1672,14331,209
2021-07-13,Sierra,091,2930,66,62,12,74,0
2021-07-13,Siskiyou,093,43540,2014,1916,398,2314,29
2021-07-13,Solano,095,438530,34269,33918,624,34542,268
2021-07-13,Sonoma,097,501317,31723,31431,366,31797,322
2021-07-13,Stanislaus,099,539301,57641,57282,6060,63342,1028
2021-07-13,Sutter,101,95872,9790,9752,91,9843,114
2021-07-13,Tehama,103,63373,5191,5144,588,5732,64
2021-07-13,Trinity,105,12862,502,341,102,443,3
2021-07-13,Tulare,107,460477,50681,49891,9125,59016,853
2021-07-13,Tuolumne,109,53932,4138,4122,44,4166,64
2021-07-13,Ventura,111,848112,82668,81982,3209,85191,1040
2021-07-13,Yolo,113,214977,14481,14320,320,14640,213
2021-07-13,Yuba,115,75493,6371,6279,131,6410,52
2021-07-12,Alameda,001,1643700,91854,90720,2018,92738,1254
2021-07-12,Alpine,003,1148,88,89,0,89,0
2021-07-12,Amador,005,37829,3787,3781,33,3814,47
2021-07-12,Butte,007,227075,12963,12796,1901,14697,202
2021-07-12,Calaveras,009,45235,2246,2228,15,2243,57
2021-07-12,Colusa,011,21464,1987,1971,330,2301,16
2021-07-12,Contra Costa,013,1133247,72715,71833,1347,73180,823
2021-07-12,Del Norte,015,27424,1508,1469,14,1483,8
2021-07-12,El Dorado,017,186661,10731,10569,808,11377,114
2021-07-12,Fresno,019,978130,104155,102853,8802,111655,1728
2021-07-12,Glenn,021,27897,2469,2446,572,3018,20
2021-07-12,Humboldt,023,135768,4678,4621,56,4677,51
2021-07-12,Imperial,025,180216,28956,28789,2701,31490,741
2021-07-12,Inyo,027,18085,1421,1415,12,1427,36
2021-07-12,Kern,029,883053,98491,97660,11219,108879,1346
2021-07-12,Kings,031,150075,23431,23124,1103,24227,246
2021-07-12,Lake,033,64148,3808,3706,13,3719,63
2021-07-12,Lassen,035,31185,5316,5292,118,5410,21
2021-07-12,Los Angeles,037,10098052,1227046,1216230,42478,1258708,24559
2021-07-12,Madera,039,155013,16968,16772,955,17727,240
2021-07-12,Marin,041,260295,14428,14238,263,14501,233
2021-07-12,Mariposa,043,17540,446,442,11,453,5
2021-07-12,Mendocino,045,87422,4297,4175,87,4262,49
2021-07-12,Merced,047,269075,31456,31374,1052,32426,471
2021-07-12,Modoc,049,8938,419,411,148,559,4
2021-07-12,Mono,051,14174,1271,1275,17,1292,3
2021-07-12,Monterey,053,433212,43532,43315,1875,45190,504
2021-07-12,Napa,055,140530,10152,10104,39,10143,81
2021-07-12,Nevada,057,99092,5114,5046,195,5241,72
2021-07-12,Orange,059,3164182,259268,257171,11673,268844,5136
2021-07-12,Placer,061,380077,24364,24052,1635,25687,302
2021-07-12,Plumas,063,18699,733,716,14,730,4
2021-07-12,Riverside,065,2383286,298159,294108,14161,308269,4541
2021-07-12,Sacramento,067,1510023,110905,109849,1905,111754,1685
2021-07-12,San Benito,069,59416,6175,6166,113,6279,63
2021-07-12,San Bernardino,071,2135413,297205,295447,9110,304557,5171
2021-07-12,San Diego,073,3302833,286950,284648,16009,300657,3785
2021-07-12,San Francisco,075,870044,38170,37656,1340,38996,559
2021-07-12,San Joaquin,077,732212,75111,74424,3690,78114,1415
2021-07-12,San Luis Obispo,079,281455,21720,21408,766,22174,258
2021-07-12,San Mateo,081,765935,43429,43138,507,43645,542
2021-07-12,Santa Barbara,083,443738,34933,34664,1135,35799,461
2021-07-12,Santa Clara,085,1922200,120809,119634,783,120417,2098
2021-07-12,Santa Cruz,087,273765,16454,16310,803,17113,207
2021-07-12,Shasta,089,179085,12732,12648,1669,14317,208
2021-07-12,Sierra,091,2930,66,62,12,74,0
2021-07-12,Siskiyou,093,43540,2009,1916,393,2309,29
2021-07-12,Solano,095,438530,34179,33859,615,34474,268
2021-07-12,Sonoma,097,501317,31675,31377,365,31742,322
2021-07-12,Stanislaus,099,539301,57572,57243,6053,63296,1028
2021-07-12,Sutter,101,95872,9773,9736,90,9826,114
2021-07-12,Tehama,103,63373,5186,5138,587,5725,63
2021-07-12,Trinity,105,12862,498,340,100,440,3
2021-07-12,Tulare,107,460477,50653,49882,9112,58994,853
2021-07-12,Tuolumne,109,53932,4134,4116,44,4160,64
2021-07-12,Ventura,111,848112,82567,81919,3188,85107,1040
2021-07-12,Yolo,113,214977,14453,14303,316,14619,213
2021-07-12,Yuba,115,75493,6356,6266,131,6397,52
2021-07-11,Alameda,001,1643700,91523,90597,2006,92603,1254
2021-07-11,Alpine,003,1148,88,89,0,89,0
2021-07-11,Amador,005,37829,3785,3779,33,3812,47
2021-07-11,Butte,007,227075,12941,12794,1895,14689,202
2021-07-11,Calaveras,009,45235,2244,2226,14,2240,57
2021-07-11,Colusa,011,21464,1986,1971,329,2300,16
2021-07-11,Contra Costa,013,1133247,72505,71744,1340,73084,823
2021-07-11,Del Norte,015,27424,1504,1467,13,1480,8
2021-07-11,El Dorado,017,186661,10702,10554,806,11360,114
2021-07-11,Fresno,019,978130,104060,102813,8782,111595,1728
2021-07-11,Glenn,021,27897,2468,2446,572,3018,20
2021-07-11,Humboldt,023,135768,4665,4611,55,4666,51
2021-07-11,Imperial,025,180216,28938,28787,2700,31487,741
2021-07-11,Inyo,027,18085,1419,1415,12,1427,36
2021-07-11,Kern,029,883053,98418,97637,11203,108840,1346
2021-07-11,Kings,031,150075,23400,23116,1100,24216,246
2021-07-11,Lake,033,64148,3777,3699,13,3712,63
2021-07-11,Lassen,035,31185,5313,5291,118,5409,21
2021-07-11,Los Angeles,037,10098052,1225291,1215182,42322,1257504,24558
2021-07-11,Madera,039,155013,16949,16766,954,17720,240
2021-07-11,Marin,041,260295,14402,14231,263,14494,233
2021-07-11,Mariposa,043,17540,445,442,11,453,5
2021-07-11,Mendocino,045,87422,4277,4167,87,4254,49
2021-07-11,Merced,047,269075,31432,31366,1047,32413,471
2021-07-11,Modoc,049,8938,418,411,148,559,4
2021-07-11,Mono,051,14174,1271,1275,17,1292,3
2021-07-11,Monterey,053,433212,43513,43307,1871,45178,504
2021-07-11,Napa,055,140530,10148,10100,39,10139,81
2021-07-11,Nevada,057,99092,5103,5035,194,5229,72
2021-07-11,Orange,059,3164182,258955,257009,11645,268654,5136
2021-07-11,Placer,061,380077,24307,24017,1623,25640,302
2021-07-11,Plumas,063,18699,733,716,14,730,4
2021-07-11,Riverside,065,2383286,297895,293969,14143,308112,4541
2021-07-11,Sacramento,067,1510023,110626,109696,1895,111591,1685
2021-07-11,San Benito,069,59416,6170,6163,113,6276,63
2021-07-11,San Bernardino,071,2135413,296898,295342,9085,304427,5167
2021-07-11,San Diego,073,3302833,286536,283819,15923,299742,3784
2021-07-11,San Francisco,075,870044,38042,37596,1334,38930,559
2021-07-11,San Joaquin,077,732212,74994,74376,3673,78049,1415
2021-07-11,San Luis Obispo,079,281455,21687,21403,765,22168,258
2021-07-11,San Mateo,081,765935,43350,43107,501,43608,542
2021-07-11,Santa Barbara,083,443738,34886,34646,1135,35781,461
2021-07-11,Santa Clara,085,1922200,120655,119549,782,120331,2098
2021-07-11,Santa Cruz,087,273765,16438,16303,803,17106,207
2021-07-11,Shasta,089,179085,12715,12647,1667,14314,208
2021-07-11,Sierra,091,2930,66,62,12,74,0
2021-07-11,Siskiyou,093,43540,2005,1915,391,2306,29
2021-07-11,Solano,095,438530,34097,33837,611,34448,268
2021-07-11,Sonoma,097,501317,31593,31352,365,31717,322
2021-07-11,Stanislaus,099,539301,57506,57230,6042,63272,1028
2021-07-11,Sutter,101,95872,9759,9728,90,9818,114
2021-07-11,Tehama,103,63373,5183,5138,587,5725,63
2021-07-11,Trinity,105,12862,497,340,100,440,3
2021-07-11,Tulare,107,460477,50627,49877,9094,58971,853
2021-07-11,Tuolumne,109,53932,4128,4116,44,4160,64
2021-07-11,Ventura,111,848112,82494,81875,3168,85043,1040
2021-07-11,Yolo,113,214977,14428,14285,310,14595,213
2021-07-11,Yuba,115,75493,6345,6260,131,6391,52
2021-07-10,Alameda,001,1643700,91372,90090,2002,92092,1252
2021-07-10,Alpine,003,1148,88,89,0,89,0
2021-07-10,Amador,005,37829,3779,3773,33,3806,47
2021-07-10,Butte,007,227075,12930,12764,1892,14656,202
2021-07-10,Calaveras,009,45235,2243,2214,14,2228,57
2021-07-10,Colusa,011,21464,1984,1969,329,2298,16
2021-07-10,Contra Costa,013,1133247,72405,71376,1339,72715,821
2021-07-10,Del Norte,015,27424,1502,1451,13,1464,8
2021-07-10,El Dorado,017,186661,10685,10508,803,11311,114
2021-07-10,Fresno,019,978130,104027,102675,8775,111450,1730
2021-07-10,Glenn,021,27897,2465,2440,571,3011,20
2021-07-10,Humboldt,023,135768,4656,4574,55,4629,51
2021-07-10,Imperial,025,180216,28925,28729,2700,31429,741
2021-07-10,Inyo,027,18085,1418,1415,12,1427,36
2021-07-10,Kern,029,883053,98378,97538,11186,108724,1346
2021-07-10,Kings,031,150075,23393,23090,1099,24189,246
2021-07-10,Lake,033,64148,3760,3667,13,3680,63
2021-07-10,Lassen,035,31185,5313,5290,118,5408,21
2021-07-10,Los Angeles,037,10098052,1224264,1212043,42220,1254263,24542
2021-07-10,Madera,039,155013,16943,16744,951,17695,241
2021-07-10,Marin,041,260295,14388,14194,263,14457,233
2021-07-10,Mariposa,043,17540,445,442,11,453,5
2021-07-10,Mendocino,045,87422,4270,4153,86,4239,49
2021-07-10,Merced,047,269075,31419,31328,1047,32375,470
2021-07-10,Modoc,049,8938,418,410,148,558,4
2021-07-10,Mono,051,14174,1271,1275,17,1292,3
2021-07-10,Monterey,053,433212,43499,43251,1869,45120,499
2021-07-10,Napa,055,140530,10136,10077,39,10116,81
2021-07-10,Nevada,057,99092,5094,5000,194,5194,72
2021-07-10,Orange,059,3164182,258777,256438,11629,268067,5135
2021-07-10,Placer,061,380077,24278,23916,1613,25529,302
2021-07-10,Plumas,063,18699,732,717,14,731,4
2021-07-10,Riverside,065,2383286,297705,293474,14130,307604,4541
2021-07-10,Sacramento,067,1510023,110477,109091,1890,110981,1682
2021-07-10,San Benito,069,59416,6165,6141,113,6254,63
2021-07-10,San Bernardino,071,2135413,296710,294932,9073,304005,5117
2021-07-10,San Diego,073,3302833,286246,283577,15870,299447,3783
2021-07-10,San Francisco,075,870044,37959,37338,1331,38669,559
2021-07-10,San Joaquin,077,732212,74937,74150,3667,77817,1412
2021-07-10,San Luis Obispo,079,281455,21676,21375,764,22139,258
2021-07-10,San Mateo,081,765935,43298,42948,499,43447,542
2021-07-10,Santa Barbara,083,443738,34859,34595,1135,35730,460
2021-07-10,Santa Clara,085,1922200,120552,119330,779,120109,2094
2021-07-10,Santa Cruz,087,273765,16431,16286,803,17089,207
2021-07-10,Shasta,089,179085,12702,12623,1662,14285,206
2021-07-10,Sierra,091,2930,66,61,12,73,0
2021-07-10,Siskiyou,093,43540,2003,1909,388,2297,29
2021-07-10,Solano,095,438530,34055,33678,605,34283,268
2021-07-10,Sonoma,097,501317,31542,31231,365,31596,317
2021-07-10,Stanislaus,099,539301,57470,57104,6032,63136,1026
2021-07-10,Sutter,101,95872,9747,9692,90,9782,114
2021-07-10,Tehama,103,63373,5180,5131,587,5718,63
2021-07-10,Trinity,105,12862,497,341,100,441,3
2021-07-10,Tulare,107,460477,50617,49850,9088,58938,853
2021-07-10,Tuolumne,109,53932,4126,4114,44,4158,64
2021-07-10,Ventura,111,848112,82449,81713,3150,84863,1039
2021-07-10,Yolo,113,214977,14407,14250,307,14557,213
2021-07-10,Yuba,115,75493,6335,6238,131,6369,52
2021-07-09,Alameda,001,1643700,91212,90090,1997,92087,1252
2021-07-09,Alpine,003,1148,88,89,0,89,0
2021-07-09,Amador,005,37829,3778,3773,33,3806,47
2021-07-09,Butte,007,227075,12919,12764,1890,14654,202
2021-07-09,Calaveras,009,45235,2241,2214,14,2228,57
2021-07-09,Colusa,011,21464,1983,1969,329,2298,16
2021-07-09,Contra Costa,013,1133247,72280,71376,1337,72713,821
2021-07-09,Del Norte,015,27424,1497,1451,13,1464,8
2021-07-09,El Dorado,017,186661,10670,10508,802,11310,114
2021-07-09,Fresno,019,978130,103971,102675,8768,111443,1730
2021-07-09,Glenn,021,27897,2464,2440,569,3009,20
2021-07-09,Humboldt,023,135768,4637,4574,55,4629,51
2021-07-09,Imperial,025,180216,28917,28729,2699,31428,741
2021-07-09,Inyo,027,18085,1417,1415,12,1427,36
2021-07-09,Kern,029,883053,98340,97538,11174,108712,1346
2021-07-09,Kings,031,150075,23382,23090,1098,24188,246
2021-07-09,Lake,033,64148,3746,3667,13,3680,63
2021-07-09,Lassen,035,31185,5311,5290,117,5407,21
2021-07-09,Los Angeles,037,10098052,1223261,1212043,42148,1254191,24542
2021-07-09,Madera,039,155013,16933,16744,950,17694,241
2021-07-09,Marin,041,260295,14367,14194,262,14456,233
2021-07-09,Mariposa,043,17540,445,442,11,453,5
2021-07-09,Mendocino,045,87422,4263,4153,86,4239,49
2021-07-09,Merced,047,269075,31404,31328,1047,32375,470
2021-07-09,Modoc,049,8938,418,410,148,558,4
2021-07-09,Mono,051,14174,1271,1275,17,1292,3
2021-07-09,Monterey,053,433212,43490,43251,1869,45120,499
2021-07-09,Napa,055,140530,10129,10077,39,10116,81
2021-07-09,Nevada,057,99092,5085,5000,194,5194,72
2021-07-09,Orange,059,3164182,258572,256438,11615,268053,5135
2021-07-09,Placer,061,380077,24256,23916,1607,25523,302
2021-07-09,Plumas,063,18699,730,717,14,731,4
2021-07-09,Riverside,065,2383286,297519,293474,14117,307591,4541
2021-07-09,Sacramento,067,1510023,110323,109091,1881,110972,1682
2021-07-09,San Benito,069,59416,6163,6141,113,6254,63
2021-07-09,San Bernardino,071,2135413,296558,294932,9066,303998,5117
2021-07-09,San Diego,073,3302833,285957,283577,15822,299399,3783
2021-07-09,San Francisco,075,870044,37879,37338,1324,38662,559
2021-07-09,San Joaquin,077,732212,74863,74150,3660,77810,1412
2021-07-09,San Luis Obispo,079,281455,21664,21375,764,22139,258
2021-07-09,San Mateo,081,765935,43254,42948,495,43443,542
2021-07-09,Santa Barbara,083,443738,34838,34595,1134,35729,460
2021-07-09,Santa Clara,085,1922200,120442,119330,779,120109,2094
2021-07-09,Santa Cruz,087,273765,16428,16286,803,17089,207
2021-07-09,Shasta,089,179085,12696,12623,1657,14280,206
2021-07-09,Sierra,091,2930,66,61,12,73,0
2021-07-09,Siskiyou,093,43540,2001,1909,387,2296,29
2021-07-09,Solano,095,438530,34019,33678,601,34279,268
2021-07-09,Sonoma,097,501317,31506,31231,365,31596,317
2021-07-09,Stanislaus,099,539301,57441,57104,6030,63134,1026
2021-07-09,Sutter,101,95872,9738,9692,90,9782,114
2021-07-09,Tehama,103,63373,5178,5131,587,5718,63
2021-07-09,Trinity,105,12862,496,341,97,438,3
2021-07-09,Tulare,107,460477,50604,49850,9082,58932,853
2021-07-09,Tuolumne,109,53932,4122,4114,44,4158,64
2021-07-09,Ventura,111,848112,82394,81713,3141,84854,1039
2021-07-09,Yolo,113,214977,14392,14250,303,14553,213
2021-07-09,Yuba,115,75493,6322,6238,131,6369,52
2021-07-08,Alameda,001,1643700,91005,90090,1994,92084,1252
2021-07-08,Alpine,003,1148,88,89,0,89,0
2021-07-08,Amador,005,37829,3776,3773,33,3806,47
2021-07-08,Butte,007,227075,12906,12764,1887,14651,202
2021-07-08,Calaveras,009,45235,2238,2214,13,2227,57
2021-07-08,Colusa,011,21464,1983,1969,329,2298,16
2021-07-08,Contra Costa,013,1133247,72152,71376,1332,72708,821
2021-07-08,Del Norte,015,27424,1495,1451,13,1464,8
2021-07-08,El Dorado,017,186661,10653,10508,795,11303,114
2021-07-08,Fresno,019,978130,103909,102675,8757,111432,1730
2021-07-08,Glenn,021,27897,2464,2440,569,3009,20
2021-07-08,Humboldt,023,135768,4621,4574,54,4628,51
2021-07-08,Imperial,025,180216,28905,28729,2698,31427,741
2021-07-08,Inyo,027,18085,1417,1415,12,1427,36
2021-07-08,Kern,029,883053,98292,97538,11159,108697,1346
2021-07-08,Kings,031,150075,23373,23090,1098,24188,246
2021-07-08,Lake,033,64148,3732,3667,13,3680,63
2021-07-08,Lassen,035,31185,5308,5290,117,5407,21
2021-07-08,Los Angeles,037,10098052,1222049,1212043,42053,1254096,24542
2021-07-08,Madera,039,155013,16917,16744,950,17694,241
2021-07-08,Marin,041,260295,14353,14194,262,14456,233
2021-07-08,Mariposa,043,17540,444,442,11,453,5
2021-07-08,Mendocino,045,87422,4260,4153,86,4239,49
2021-07-08,Merced,047,269075,31390,31328,1045,32373,470
2021-07-08,Modoc,049,8938,418,410,148,558,4
2021-07-08,Mono,051,14174,1271,1275,17,1292,3
2021-07-08,Monterey,053,433212,43470,43251,1863,45114,499
2021-07-08,Napa,055,140530,10125,10077,39,10116,81
2021-07-08,Nevada,057,99092,5079,5000,194,5194,72
2021-07-08,Orange,059,3164182,258377,256438,11593,268031,5135
2021-07-08,Placer,061,380077,24217,23916,1599,25515,302
2021-07-08,Plumas,063,18699,729,717,14,731,4
2021-07-08,Riverside,065,2383286,297318,293474,14101,307575,4541
2021-07-08,Sacramento,067,1510023,110101,109091,1876,110967,1682
2021-07-08,San Benito,069,59416,6160,6141,113,6254,63
2021-07-08,San Bernardino,071,2135413,296383,294932,9057,303989,5117
2021-07-08,San Diego,073,3302833,285630,283577,15774,299351,3783
2021-07-08,San Francisco,075,870044,37799,37338,1320,38658,559
2021-07-08,San Joaquin,077,732212,74775,74150,3647,77797,1412
2021-07-08,San Luis Obispo,079,281455,21652,21375,761,22136,258
2021-07-08,San Mateo,081,765935,43203,42948,494,43442,542
2021-07-08,Santa Barbara,083,443738,34811,34595,1132,35727,460
2021-07-08,Santa Clara,085,1922200,120349,119330,778,120108,2094
2021-07-08,Santa Cruz,087,273765,16422,16286,803,17089,207
2021-07-08,Shasta,089,179085,12690,12623,1653,14276,206
2021-07-08,Sierra,091,2930,66,61,12,73,0
2021-07-08,Siskiyou,093,43540,1996,1909,384,2293,29
2021-07-08,Solano,095,438530,33964,33678,595,34273,268
2021-07-08,Sonoma,097,501317,31475,31231,364,31595,317
2021-07-08,Stanislaus,099,539301,57415,57104,6026,63130,1026
2021-07-08,Sutter,101,95872,9724,9692,88,9780,114
2021-07-08,Tehama,103,63373,5175,5131,586,5717,63
2021-07-08,Trinity,105,12862,496,341,97,438,3
2021-07-08,Tulare,107,460477,50586,49850,9075,58925,853
2021-07-08,Tuolumne,109,53932,4120,4114,44,4158,64
2021-07-08,Ventura,111,848112,82330,81713,3125,84838,1039
2021-07-08,Yolo,113,214977,14372,14250,301,14551,213
2021-07-08,Yuba,115,75493,6314,6238,131,6369,52
2021-07-07,Alameda,001,1643700,90820,89995,1988,91983,1253
2021-07-07,Alpine,003,1148,88,89,0,89,0
2021-07-07,Amador,005,37829,3771,3770,33,3803,47
2021-07-07,Butte,007,227075,12893,12750,1882,14632,202
2021-07-07,Calaveras,009,45235,2231,2212,13,2225,57
2021-07-07,Colusa,011,21464,1979,1969,329,2298,16
2021-07-07,Contra Costa,013,1133247,72005,71308,1330,72638,821
2021-07-07,Del Norte,015,27424,1490,1446,13,1459,8
2021-07-07,El Dorado,017,186661,10633,10494,793,11287,114
2021-07-07,Fresno,019,978130,103859,102639,8750,111389,1729
2021-07-07,Glenn,021,27897,2464,2441,569,3010,20
2021-07-07,Humboldt,023,135768,4607,4566,54,4620,51
2021-07-07,Imperial,025,180216,28898,28701,2698,31399,740
2021-07-07,Inyo,027,18085,1416,1415,12,1427,36
2021-07-07,Kern,029,883053,98248,97507,11144,108651,1348
2021-07-07,Kings,031,150075,23360,23085,1095,24180,245
2021-07-07,Lake,033,64148,3713,3660,13,3673,63
2021-07-07,Lassen,035,31185,5308,5286,117,5403,21
2021-07-07,Los Angeles,037,10098052,1220869,1211316,41949,1253265,24531
2021-07-07,Madera,039,155013,16906,16733,948,17681,241
2021-07-07,Marin,041,260295,14334,14183,261,14444,233
2021-07-07,Mariposa,043,17540,442,442,11,453,5
2021-07-07,Mendocino,045,87422,4251,4145,86,4231,49
2021-07-07,Merced,047,269075,31375,31317,1045,32362,470
2021-07-07,Modoc,049,8938,418,410,148,558,4
2021-07-07,Mono,051,14174,1270,1274,17,1291,3
2021-07-07,Monterey,053,433212,43446,43233,1861,45094,494
2021-07-07,Napa,055,140530,10114,10078,39,10117,81
2021-07-07,Nevada,057,99092,5072,4996,194,5190,72
2021-07-07,Orange,059,3164182,258151,256301,11572,267873,5132
2021-07-07,Placer,061,380077,24181,23901,1589,25490,302
2021-07-07,Plumas,063,18699,729,710,14,724,4
2021-07-07,Riverside,065,2383286,297104,293331,14091,307422,4538
2021-07-07,Sacramento,067,1510023,109911,108954,1868,110822,1682
2021-07-07,San Benito,069,59416,6155,6137,113,6250,63
2021-07-07,San Bernardino,071,2135413,296214,294787,9050,303837,5087
2021-07-07,San Diego,073,3302833,285310,283377,15734,299111,3782
2021-07-07,San Francisco,075,870044,37707,37284,1317,38601,558
2021-07-07,San Joaquin,077,732212,74699,74095,3632,77727,1410
2021-07-07,San Luis Obispo,079,281455,21643,21360,759,22119,258
2021-07-07,San Mateo,081,765935,43149,42908,491,43399,542
2021-07-07,Santa Barbara,083,443738,34785,34582,1132,35714,460
2021-07-07,Santa Clara,085,1922200,120251,119250,777,120027,2094
2021-07-07,Santa Cruz,087,273765,16413,16279,802,17081,207
2021-07-07,Shasta,089,179085,12682,12613,1650,14263,206
2021-07-07,Sierra,091,2930,66,60,12,72,0
2021-07-07,Siskiyou,093,43540,1990,1908,380,2288,29
2021-07-07,Solano,095,438530,33915,33659,588,34247,268
2021-07-07,Sonoma,097,501317,31429,31172,364,31536,316
2021-07-07,Stanislaus,099,539301,57383,57102,6021,63123,1028
2021-07-07,Sutter,101,95872,9714,9683,88,9771,114
2021-07-07,Tehama,103,63373,5174,5129,586,5715,63
2021-07-07,Trinity,105,12862,496,341,97,438,3
2021-07-07,Tulare,107,460477,50582,49835,9066,58901,853
2021-07-07,Tuolumne,109,53932,4116,4115,43,4158,64
2021-07-07,Ventura,111,848112,82286,81608,3111,84719,1036
2021-07-07,Yolo,113,214977,14361,14236,298,14534,213
2021-07-07,Yuba,115,75493,6298,6233,131,6364,51
2021-07-06,Alameda,001,1643700,90623,89918,1980,91898,1253
2021-07-06,Alpine,003,1148,88,89,0,89,0
2021-07-06,Amador,005,37829,3770,3768,32,3800,47
2021-07-06,Butte,007,227075,12880,12744,1879,14623,201
2021-07-06,Calaveras,009,45235,2231,2211,13,2224,55
2021-07-06,Colusa,011,21464,1978,1967,326,2293,16
2021-07-06,Contra Costa,013,1133247,71876,71262,1327,72589,820
2021-07-06,Del Norte,015,27424,1486,1445,13,1458,8
2021-07-06,El Dorado,017,186661,10615,10484,791,11275,113
2021-07-06,Fresno,019,978130,103807,102616,8738,111354,1727
2021-07-06,Glenn,021,27897,2463,2438,569,3007,20
2021-07-06,Humboldt,023,135768,4593,4565,53,4618,49
2021-07-06,Imperial,025,180216,28883,28693,2696,31389,739
2021-07-06,Inyo,027,18085,1416,1412,12,1424,36
2021-07-06,Kern,029,883053,98206,97491,11133,108624,1346
2021-07-06,Kings,031,150075,23352,23077,1094,24171,245
2021-07-06,Lake,033,64148,3703,3659,13,3672,63
2021-07-06,Lassen,035,31185,5307,5288,116,5404,21
2021-07-06,Los Angeles,037,10098052,1219653,1210965,41850,1252815,24525
2021-07-06,Madera,039,155013,16894,16730,948,17678,241
2021-07-06,Marin,041,260295,14320,14181,261,14442,233
2021-07-06,Mariposa,043,17540,442,442,11,453,5
2021-07-06,Mendocino,045,87422,4244,4143,86,4229,49
2021-07-06,Merced,047,269075,31358,31317,1044,32361,470
2021-07-06,Modoc,049,8938,418,411,148,559,4
2021-07-06,Mono,051,14174,1269,1274,17,1291,3
2021-07-06,Monterey,053,433212,43424,43224,1859,45083,494
2021-07-06,Napa,055,140530,10103,10081,39,10120,81
2021-07-06,Nevada,057,99092,5063,4988,194,5182,72
2021-07-06,Orange,059,3164182,257907,256227,11555,267782,5129
2021-07-06,Placer,061,380077,24140,23876,1583,25459,302
2021-07-06,Plumas,063,18699,728,708,14,722,4
2021-07-06,Riverside,065,2383286,296902,293227,14073,307300,4539
2021-07-06,Sacramento,067,1510023,109700,108850,1860,110710,1679
2021-07-06,San Benito,069,59416,6151,6137,113,6250,63
2021-07-06,San Bernardino,071,2135413,296035,294712,9037,303749,5056
2021-07-06,San Diego,073,3302833,284952,283278,15675,298953,3782
2021-07-06,San Francisco,075,870044,37592,37251,1316,38567,558
2021-07-06,San Joaquin,077,732212,74629,74019,3620,77639,1410
2021-07-06,San Luis Obispo,079,281455,21626,21354,757,22111,257
2021-07-06,San Mateo,081,765935,43074,42895,491,43386,541
2021-07-06,Santa Barbara,083,443738,34766,34572,1131,35703,460
2021-07-06,Santa Clara,085,1922200,120133,119194,774,119968,2095
2021-07-06,Santa Cruz,087,273765,16408,16274,801,17075,207
2021-07-06,Shasta,089,179085,12672,12606,1648,14254,205
2021-07-06,Sierra,091,2930,65,60,12,72,0
2021-07-06,Siskiyou,093,43540,1987,1905,376,2281,29
2021-07-06,Solano,095,438530,33864,33619,585,34204,268
2021-07-06,Sonoma,097,501317,31366,31130,363,31493,316
2021-07-06,Stanislaus,099,539301,57334,57120,6010,63130,1029
2021-07-06,Sutter,101,95872,9705,9674,87,9761,114
2021-07-06,Tehama,103,63373,5171,5126,585,5711,63
2021-07-06,Trinity,105,12862,496,341,97,438,3
2021-07-06,Tulare,107,460477,50567,49826,9056,58882,853
2021-07-06,Tuolumne,109,53932,4114,4113,43,4156,64
2021-07-06,Ventura,111,848112,82246,81534,3086,84620,1033
2021-07-06,Yolo,113,214977,14339,14227,295,14522,213
2021-07-06,Yuba,115,75493,6287,6231,131,6362,51
2021-07-05,Alameda,001,1643700,90445,89892,1975,91867,1253
2021-07-05,Alpine,003,1148,88,89,0,89,0
2021-07-05,Amador,005,37829,3768,3768,32,3800,47
2021-07-05,Butte,007,227075,12872,12740,1870,14610,201
2021-07-05,Calaveras,009,45235,2229,2211,13,2224,55
2021-07-05,Colusa,011,21464,1976,1966,325,2291,16
2021-07-05,Contra Costa,013,1133247,71748,71235,1327,72562,820
2021-07-05,Del Norte,015,27424,1482,1446,13,1459,8
2021-07-05,El Dorado,017,186661,10590,10481,791,11272,113
2021-07-05,Fresno,019,978130,103748,102592,8723,111315,1727
2021-07-05,Glenn,021,27897,2460,2438,568,3006,20
2021-07-05,Humboldt,023,135768,4579,4563,53,4616,49
2021-07-05,Imperial,025,180216,28864,28689,2696,31385,739
2021-07-05,Inyo,027,18085,1416,1412,12,1424,36
2021-07-05,Kern,029,883053,98158,97479,11112,108591,1346
2021-07-05,Kings,031,150075,23344,23065,1091,24156,245
2021-07-05,Lake,033,64148,3685,3645,13,3658,63
2021-07-05,Lassen,035,31185,5304,5288,115,5403,21
2021-07-05,Los Angeles,037,10098052,1218457,1210653,41749,1252402,24522
2021-07-05,Madera,039,155013,16883,16722,947,17669,241
2021-07-05,Marin,041,260295,14299,14178,261,14439,233
2021-07-05,Mariposa,043,17540,442,441,11,452,5
2021-07-05,Mendocino,045,87422,4239,4139,86,4225,49
2021-07-05,Merced,047,269075,31338,31312,1044,32356,470
2021-07-05,Modoc,049,8938,418,410,148,558,4
2021-07-05,Mono,051,14174,1269,1273,17,1290,3
2021-07-05,Monterey,053,433212,43404,43218,1854,45072,494
2021-07-05,Napa,055,140530,10097,10074,39,10113,81
2021-07-05,Nevada,057,99092,5045,4980,193,5173,72
2021-07-05,Orange,059,3164182,257706,256173,11537,267710,5129
2021-07-05,Placer,061,380077,24093,23867,1575,25442,302
2021-07-05,Plumas,063,18699,727,708,14,722,4
2021-07-05,Riverside,065,2383286,296711,293193,14061,307254,4539
2021-07-05,Sacramento,067,1510023,109518,108758,1851,110609,1679
2021-07-05,San Benito,069,59416,6144,6137,113,6250,63
2021-07-05,San Bernardino,071,2135413,295873,294647,9031,303678,5037
2021-07-05,San Diego,073,3302833,284589,282834,15631,298465,3782
2021-07-05,San Francisco,075,870044,37505,37237,1311,38548,558
2021-07-05,San Joaquin,077,732212,74559,73999,3615,77614,1410
2021-07-05,San Luis Obispo,079,281455,21613,21351,756,22107,257
2021-07-05,San Mateo,081,765935,43022,42876,488,43364,541
2021-07-05,Santa Barbara,083,443738,34746,34569,1131,35700,460
2021-07-05,Santa Clara,085,1922200,120027,119184,772,119956,2095
2021-07-05,Santa Cruz,087,273765,16399,16273,800,17073,208
2021-07-05,Shasta,089,179085,12663,12603,1646,14249,205
2021-07-05,Sierra,091,2930,65,60,12,72,0
2021-07-05,Siskiyou,093,43540,1985,1904,375,2279,29
2021-07-05,Solano,095,438530,33794,33612,579,34191,268
2021-07-05,Sonoma,097,501317,31313,31116,363,31479,316
2021-07-05,Stanislaus,099,539301,57304,57109,5999,63108,1029
2021-07-05,Sutter,101,95872,9693,9667,87,9754,114
2021-07-05,Tehama,103,63373,5170,5125,585,5710,63
2021-07-05,Trinity,105,12862,495,341,96,437,3
2021-07-05,Tulare,107,460477,50549,49818,9053,58871,853
2021-07-05,Tuolumne,109,53932,4110,4112,43,4155,64
2021-07-05,Ventura,111,848112,82195,81519,3067,84586,1033
2021-07-05,Yolo,113,214977,14319,14225,287,14512,213
2021-07-05,Yuba,115,75493,6279,6223,131,6354,51
2021-07-04,Alameda,001,1643700,90281,89683,1972,91655,1253
2021-07-04,Alpine,003,1148,88,89,0,89,0
2021-07-04,Amador,005,37829,3767,3758,32,3790,46
2021-07-04,Butte,007,227075,12862,12684,1870,14554,201
2021-07-04,Calaveras,009,45235,2225,2200,13,2213,55
2021-07-04,Colusa,011,21464,1976,1969,325,2294,15
2021-07-04,Contra Costa,013,1133247,71642,70941,1322,72263,818
2021-07-04,Del Norte,015,27424,1479,1439,13,1452,8
2021-07-04,El Dorado,017,186661,10581,10433,790,11223,113
2021-07-04,Fresno,019,978130,103702,102512,8708,111220,1727
2021-07-04,Glenn,021,27897,2458,2442,567,3009,20
2021-07-04,Humboldt,023,135768,4571,4530,53,4583,49
2021-07-04,Imperial,025,180216,28858,28661,2696,31357,739
2021-07-04,Inyo,027,18085,1416,1412,12,1424,35
2021-07-04,Kern,029,883053,98139,97421,11103,108524,1347
2021-07-04,Kings,031,150075,23336,23051,1091,24142,245
2021-07-04,Lake,033,64148,3675,3623,13,3636,62
2021-07-04,Lassen,035,31185,5303,5277,115,5392,20
2021-07-04,Los Angeles,037,10098052,1217596,1208705,41664,1250369,24506
2021-07-04,Madera,039,155013,16871,16696,946,17642,240
2021-07-04,Marin,041,260295,14284,14143,261,14404,233
2021-07-04,Mariposa,043,17540,442,441,11,452,5
2021-07-04,Mendocino,045,87422,4229,4122,86,4208,49
2021-07-04,Merced,047,269075,31327,31297,1044,32341,469
2021-07-04,Modoc,049,8938,418,410,148,558,4
2021-07-04,Mono,051,14174,1269,1275,17,1292,3
2021-07-04,Monterey,053,433212,43388,43212,1853,45065,492
2021-07-04,Napa,055,140530,10089,10045,38,10083,81
2021-07-04,Nevada,057,99092,5035,4966,193,5159,72
2021-07-04,Orange,059,3164182,257531,255823,11517,267340,5126
2021-07-04,Placer,061,380077,24056,23764,1569,25333,299
2021-07-04,Plumas,063,18699,727,707,14,721,4
2021-07-04,Riverside,065,2383286,296551,293260,14055,307315,4536
2021-07-04,Sacramento,067,1510023,109348,108257,1845,110102,1676
2021-07-04,San Benito,069,59416,6137,6108,113,6221,63
2021-07-04,San Bernardino,071,2135413,295706,294294,9024,303318,5003
2021-07-04,San Diego,073,3302833,284364,282692,15594,298286,3780
2021-07-04,San Francisco,075,870044,37446,37107,1305,38412,558
2021-07-04,San Joaquin,077,732212,74493,73841,3607,77448,1409
2021-07-04,San Luis Obispo,079,281455,21607,21330,755,22085,256
2021-07-04,San Mateo,081,765935,42988,42691,488,43179,541
2021-07-04,Santa Barbara,083,443738,34723,34526,1130,35656,456
2021-07-04,Santa Clara,085,1922200,119937,118966,771,119737,2090
2021-07-04,Santa Cruz,087,273765,16388,16254,800,17054,208
2021-07-04,Shasta,089,179085,12659,12582,1645,14227,204
2021-07-04,Sierra,091,2930,64,60,12,72,0
2021-07-04,Siskiyou,093,43540,1981,1899,374,2273,29
2021-07-04,Solano,095,438530,33753,33486,577,34063,268
2021-07-04,Sonoma,097,501317,31283,31000,363,31363,316
2021-07-04,Stanislaus,099,539301,57289,57018,5993,63011,1018
2021-07-04,Sutter,101,95872,9682,9644,87,9731,114
2021-07-04,Tehama,103,63373,5166,5124,585,5709,63
2021-07-04,Trinity,105,12862,494,341,96,437,3
2021-07-04,Tulare,107,460477,50539,49789,9050,58839,853
2021-07-04,Tuolumne,109,53932,4102,4113,43,4156,64
2021-07-04,Ventura,111,848112,82137,81425,3056,84481,1033
2021-07-04,Yolo,113,214977,14298,14188,284,14472,213
2021-07-04,Yuba,115,75493,6271,6197,131,6328,51
2021-07-03,Alameda,001,1643700,90194,89683,1964,91647,1253
2021-07-03,Alpine,003,1148,88,89,0,89,0
2021-07-03,Amador,005,37829,3767,3758,32,3790,46
2021-07-03,Butte,007,227075,12858,12684,1869,14553,201
2021-07-03,Calaveras,009,45235,2223,2200,13,2213,55
2021-07-03,Colusa,011,21464,1975,1969,325,2294,15
2021-07-03,Contra Costa,013,1133247,71582,70941,1319,72260,818
2021-07-03,Del Norte,015,27424,1476,1439,13,1452,8
2021-07-03,El Dorado,017,186661,10575,10433,788,11221,113
2021-07-03,Fresno,019,978130,103678,102512,8699,111211,1727
2021-07-03,Glenn,021,27897,2458,2442,567,3009,20
2021-07-03,Humboldt,023,135768,4566,4530,53,4583,49
2021-07-03,Imperial,025,180216,28848,28661,2696,31357,739
2021-07-03,Inyo,027,18085,1416,1412,12,1424,35
2021-07-03,Kern,029,883053,98119,97421,11095,108516,1347
2021-07-03,Kings,031,150075,23336,23051,1090,24141,245
2021-07-03,Lake,033,64148,3665,3623,13,3636,62
2021-07-03,Lassen,035,31185,5302,5277,115,5392,20
2021-07-03,Los Angeles,037,10098052,1217167,1208705,41633,1250338,24506
2021-07-03,Madera,039,155013,16862,16696,943,17639,240
2021-07-03,Marin,041,260295,14280,14143,261,14404,233
2021-07-03,Mariposa,043,17540,442,441,11,452,5
2021-07-03,Mendocino,045,87422,4228,4122,86,4208,49
2021-07-03,Merced,047,269075,31314,31297,1043,32340,469
2021-07-03,Modoc,049,8938,417,410,148,558,4
2021-07-03,Mono,051,14174,1268,1275,17,1292,3
2021-07-03,Monterey,053,433212,43376,43212,1851,45063,492
2021-07-03,Napa,055,140530,10084,10045,38,10083,81
2021-07-03,Nevada,057,99092,5021,4966,193,5159,72
2021-07-03,Orange,059,3164182,257447,255823,11510,267333,5126
2021-07-03,Placer,061,380077,24037,23764,1566,25330,299
2021-07-03,Plumas,063,18699,727,707,14,721,4
2021-07-03,Riverside,065,2383286,296459,293260,14051,307311,4536
2021-07-03,Sacramento,067,1510023,109274,108257,1842,110099,1676
2021-07-03,San Benito,069,59416,6130,6108,113,6221,63
2021-07-03,San Bernardino,071,2135413,295616,294294,9021,303315,5003
2021-07-03,San Diego,073,3302833,284233,282692,15575,298267,3780
2021-07-03,San Francisco,075,870044,37405,37107,1302,38409,558
2021-07-03,San Joaquin,077,732212,74457,73841,3602,77443,1409
2021-07-03,San Luis Obispo,079,281455,21595,21330,755,22085,256
2021-07-03,San Mateo,081,765935,42963,42691,487,43178,541
2021-07-03,Santa Barbara,083,443738,34714,34526,1129,35655,456
2021-07-03,Santa Clara,085,1922200,119890,118966,771,119737,2090
2021-07-03,Santa Cruz,087,273765,16381,16254,800,17054,208
2021-07-03,Shasta,089,179085,12655,12582,1643,14225,204
2021-07-03,Sierra,091,2930,64,60,12,72,0
2021-07-03,Siskiyou,093,43540,1980,1899,373,2272,29
2021-07-03,Solano,095,438530,33709,33486,577,34063,268
2021-07-03,Sonoma,097,501317,31249,31000,363,31363,316
2021-07-03,Stanislaus,099,539301,57278,57018,5986,63004,1018
2021-07-03,Sutter,101,95872,9672,9644,87,9731,114
2021-07-03,Tehama,103,63373,5164,5124,585,5709,63
2021-07-03,Trinity,105,12862,494,341,96,437,3
2021-07-03,Tulare,107,460477,50533,49789,9044,58833,853
2021-07-03,Tuolumne,109,53932,4101,4113,43,4156,64
2021-07-03,Ventura,111,848112,82107,81425,3048,84473,1033
2021-07-03,Yolo,113,214977,14288,14188,281,14469,213
2021-07-03,Yuba,115,75493,6265,6197,131,6328,51
2021-07-02,Alameda,001,1643700,90111,89683,1963,91646,1253
2021-07-02,Alpine,003,1148,88,89,0,89,0
2021-07-02,Amador,005,37829,3765,3758,32,3790,46
2021-07-02,Butte,007,227075,12851,12684,1869,14553,201
2021-07-02,Calaveras,009,45235,2221,2200,13,2213,55
2021-07-02,Colusa,011,21464,1974,1969,324,2293,15
2021-07-02,Contra Costa,013,1133247,71512,70941,1315,72256,818
2021-07-02,Del Norte,015,27424,1476,1439,13,1452,8
2021-07-02,El Dorado,017,186661,10567,10433,788,11221,113
2021-07-02,Fresno,019,978130,103650,102512,8693,111205,1727
2021-07-02,Glenn,021,27897,2457,2442,566,3008,20
2021-07-02,Humboldt,023,135768,4563,4530,52,4582,49
2021-07-02,Imperial,025,180216,28842,28661,2695,31356,739
2021-07-02,Inyo,027,18085,1416,1412,12,1424,35
2021-07-02,Kern,029,883053,98101,97421,11087,108508,1347
2021-07-02,Kings,031,150075,23326,23051,1090,24141,245
2021-07-02,Lake,033,64148,3659,3623,13,3636,62
2021-07-02,Lassen,035,31185,5302,5277,115,5392,20
2021-07-02,Los Angeles,037,10098052,1216694,1208705,41596,1250301,24506
2021-07-02,Madera,039,155013,16853,16696,942,17638,240
2021-07-02,Marin,041,260295,14276,14143,261,14404,233
2021-07-02,Mariposa,043,17540,442,441,11,452,5
2021-07-02,Mendocino,045,87422,4224,4122,85,4207,49
2021-07-02,Merced,047,269075,31305,31297,1043,32340,469
2021-07-02,Modoc,049,8938,417,410,148,558,4
2021-07-02,Mono,051,14174,1267,1275,17,1292,3
2021-07-02,Monterey,053,433212,43368,43212,1850,45062,492
2021-07-02,Napa,055,140530,10079,10045,38,10083,81
2021-07-02,Nevada,057,99092,5012,4966,193,5159,72
2021-07-02,Orange,059,3164182,257336,255823,11503,267326,5126
2021-07-02,Placer,061,380077,24020,23764,1559,25323,299
2021-07-02,Plumas,063,18699,727,707,14,721,4
2021-07-02,Riverside,065,2383286,296361,293260,14046,307306,4536
2021-07-02,Sacramento,067,1510023,109196,108257,1841,110098,1676
2021-07-02,San Benito,069,59416,6127,6108,113,6221,63
2021-07-02,San Bernardino,071,2135413,295529,294294,9019,303313,5003
2021-07-02,San Diego,073,3302833,284088,282692,15549,298241,3780
2021-07-02,San Francisco,075,870044,37357,37107,1300,38407,558
2021-07-02,San Joaquin,077,732212,74425,73841,3596,77437,1409
2021-07-02,San Luis Obispo,079,281455,21589,21330,754,22084,256
2021-07-02,San Mateo,081,765935,42927,42691,487,43178,541
2021-07-02,Santa Barbara,083,443738,34704,34526,1129,35655,456
2021-07-02,Santa Clara,085,1922200,119812,118966,771,119737,2090
2021-07-02,Santa Cruz,087,273765,16377,16254,800,17054,208
2021-07-02,Shasta,089,179085,12651,12582,1643,14225,204
2021-07-02,Sierra,091,2930,63,60,12,72,0
2021-07-02,Siskiyou,093,43540,1977,1899,372,2271,29
2021-07-02,Solano,095,438530,33684,33486,577,34063,268
2021-07-02,Sonoma,097,501317,31226,31000,363,31363,316
2021-07-02,Stanislaus,099,539301,57261,57018,5985,63003,1018
2021-07-02,Sutter,101,95872,9668,9644,87,9731,114
2021-07-02,Tehama,103,63373,5162,5124,583,5707,63
2021-07-02,Trinity,105,12862,494,341,96,437,3
2021-07-02,Tulare,107,460477,50523,49789,9036,58825,853
2021-07-02,Tuolumne,109,53932,4098,4113,43,4156,64
2021-07-02,Ventura,111,848112,82064,81425,3040,84465,1033
2021-07-02,Yolo,113,214977,14272,14188,279,14467,213
2021-07-02,Yuba,115,75493,6257,6197,131,6328,51
2021-07-01,Alameda,001,1643700,90011,89683,1961,91644,1253
2021-07-01,Alpine,003,1148,88,89,0,89,0
2021-07-01,Amador,005,37829,3764,3758,32,3790,46
2021-07-01,Butte,007,227075,12839,12684,1867,14551,201
2021-07-01,Calaveras,009,45235,2219,2200,13,2213,55
2021-07-01,Colusa,011,21464,1974,1969,322,2291,15
2021-07-01,Contra Costa,013,1133247,71440,70941,1315,72256,818
2021-07-01,Del Norte,015,27424,1475,1439,13,1452,8
2021-07-01,El Dorado,017,186661,10555,10433,788,11221,113
2021-07-01,Fresno,019,978130,103611,102512,8688,111200,1727
2021-07-01,Glenn,021,27897,2457,2442,566,3008,20
2021-07-01,Humboldt,023,135768,4561,4530,52,4582,49
2021-07-01,Imperial,025,180216,28825,28661,2695,31356,739
2021-07-01,Inyo,027,18085,1416,1412,12,1424,35
2021-07-01,Kern,029,883053,98075,97421,11077,108498,1347
2021-07-01,Kings,031,150075,23312,23051,1090,24141,245
2021-07-01,Lake,033,64148,3656,3623,13,3636,62
2021-07-01,Lassen,035,31185,5300,5277,115,5392,20
2021-07-01,Los Angeles,037,10098052,1216090,1208705,41541,1250246,24506
2021-07-01,Madera,039,155013,16844,16696,941,17637,240
2021-07-01,Marin,041,260295,14272,14143,261,14404,233
2021-07-01,Mariposa,043,17540,442,441,11,452,5
2021-07-01,Mendocino,045,87422,4220,4122,84,4206,49
2021-07-01,Merced,047,269075,31299,31297,1043,32340,469
2021-07-01,Modoc,049,8938,417,410,148,558,4
2021-07-01,Mono,051,14174,1266,1275,17,1292,3
2021-07-01,Monterey,053,433212,43360,43212,1847,45059,492
2021-07-01,Napa,055,140530,10072,10045,38,10083,81
2021-07-01,Nevada,057,99092,5007,4966,193,5159,72
2021-07-01,Orange,059,3164182,257215,255823,11484,267307,5126
2021-07-01,Placer,061,380077,24001,23764,1556,25320,299
2021-07-01,Plumas,063,18699,724,707,12,719,4
2021-07-01,Riverside,065,2383286,296252,293260,14038,307298,4536
2021-07-01,Sacramento,067,1510023,109070,108257,1834,110091,1676
2021-07-01,San Benito,069,59416,6123,6108,113,6221,63
2021-07-01,San Bernardino,071,2135413,295408,294294,9014,303308,5003
2021-07-01,San Diego,073,3302833,283910,282692,15512,298204,3780
2021-07-01,San Francisco,075,870044,37321,37107,1298,38405,558
2021-07-01,San Joaquin,077,732212,74374,73841,3592,77433,1409
2021-07-01,San Luis Obispo,079,281455,21574,21330,753,22083,256
2021-07-01,San Mateo,081,765935,42899,42691,486,43177,541
2021-07-01,Santa Barbara,083,443738,34691,34526,1129,35655,456
2021-07-01,Santa Clara,085,1922200,119763,118966,771,119737,2090
2021-07-01,Santa Cruz,087,273765,16372,16254,800,17054,208
2021-07-01,Shasta,089,179085,12643,12582,1642,14224,204
2021-07-01,Sierra,091,2930,63,60,12,72,0
2021-07-01,Siskiyou,093,43540,1977,1899,372,2271,29
2021-07-01,Solano,095,438530,33643,33486,576,34062,268
2021-07-01,Sonoma,097,501317,31182,31000,363,31363,316
2021-07-01,Stanislaus,099,539301,57243,57018,5981,62999,1018
2021-07-01,Sutter,101,95872,9659,9644,87,9731,114
2021-07-01,Tehama,103,63373,5162,5124,582,5706,63
2021-07-01,Trinity,105,12862,494,341,96,437,3
2021-07-01,Tulare,107,460477,50514,49789,9029,58818,853
2021-07-01,Tuolumne,109,53932,4091,4113,43,4156,64
2021-07-01,Ventura,111,848112,82033,81425,3030,84455,1033
2021-07-01,Yolo,113,214977,14256,14188,277,14465,213
2021-07-01,Yuba,115,75493,6250,6197,131,6328,51
2021-06-30,Alameda,001,1643700,89932,89597,1957,91554,1256
2021-06-30,Alpine,003,1148,88,89,0,89,0
2021-06-30,Amador,005,37829,3762,3756,32,3788,46
2021-06-30,Butte,007,227075,12832,12676,1858,14534,201
2021-06-30,Calaveras,009,45235,2213,2198,13,2211,55
2021-06-30,Colusa,011,21464,1972,1967,319,2286,15
2021-06-30,Contra Costa,013,1133247,71375,70869,1312,72181,818
2021-06-30,Del Norte,015,27424,1470,1435,13,1448,8
2021-06-30,El Dorado,017,186661,10535,10420,788,11208,113
2021-06-30,Fresno,019,978130,103574,102490,8685,111175,1727
2021-06-30,Glenn,021,27897,2455,2440,566,3006,20
2021-06-30,Humboldt,023,135768,4545,4522,50,4572,49
2021-06-30,Imperial,025,180216,28817,28651,2695,31346,739
2021-06-30,Inyo,027,18085,1416,1409,12,1421,35
2021-06-30,Kern,029,883053,98034,97267,11065,108332,1348
2021-06-30,Kings,031,150075,23307,23038,1089,24127,245
2021-06-30,Lake,033,64148,3643,3601,13,3614,56
2021-06-30,Lassen,035,31185,5295,5269,115,5384,20
2021-06-30,Los Angeles,037,10098052,1215416,1208246,41496,1249742,24499
2021-06-30,Madera,039,155013,16836,16688,939,17627,240
2021-06-30,Marin,041,260295,14263,14133,260,14393,232
2021-06-30,Mariposa,043,17540,441,441,11,452,5
2021-06-30,Mendocino,045,87422,4210,4115,84,4199,49
2021-06-30,Merced,047,269075,31289,31286,1043,32329,469
2021-06-30,Modoc,049,8938,417,410,148,558,4
2021-06-30,Mono,051,14174,1266,1275,17,1292,3
2021-06-30,Monterey,053,433212,43355,43209,1845,45054,492
2021-06-30,Napa,055,140530,10064,10039,38,10077,81
2021-06-30,Nevada,057,99092,4996,4958,193,5151,72
2021-06-30,Orange,059,3164182,257088,255764,11474,267238,5125
2021-06-30,Placer,061,380077,23977,23721,1553,25274,299
2021-06-30,Plumas,063,18699,724,705,12,717,4
2021-06-30,Riverside,065,2383286,296138,293280,14030,307310,4535
2021-06-30,Sacramento,067,1510023,108931,108137,1830,109967,1676
2021-06-30,San Benito,069,59416,6119,6105,113,6218,63
2021-06-30,San Bernardino,071,2135413,295248,294211,9009,303220,4975
2021-06-30,San Diego,073,3302833,283774,282583,15484,298067,3780
2021-06-30,San Francisco,075,870044,37272,37065,1293,38358,558
2021-06-30,San Joaquin,077,732212,74312,73777,3591,77368,1409
2021-06-30,San Luis Obispo,079,281455,21561,21326,752,22078,256
2021-06-30,San Mateo,081,765935,42862,42599,485,43084,537
2021-06-30,Santa Barbara,083,443738,34675,34521,1129,35650,456
2021-06-30,Santa Clara,085,1922200,119716,118930,768,119698,2090
2021-06-30,Santa Cruz,087,273765,16366,16250,800,17050,208
2021-06-30,Shasta,089,179085,12637,12564,1642,14206,204
2021-06-30,Sierra,091,2930,63,60,12,72,0
2021-06-30,Siskiyou,093,43540,1975,1900,369,2269,29
2021-06-30,Solano,095,438530,33604,33453,574,34027,268
2021-06-30,Sonoma,097,501317,31152,30947,363,31310,316
2021-06-30,Stanislaus,099,539301,57226,56997,5980,62977,1018
2021-06-30,Sutter,101,95872,9649,9638,87,9725,114
2021-06-30,Tehama,103,63373,5160,5124,582,5706,63
2021-06-30,Trinity,105,12862,494,341,96,437,3
2021-06-30,Tulare,107,460477,50503,49764,9018,58782,853
2021-06-30,Tuolumne,109,53932,4088,4112,43,4155,64
2021-06-30,Ventura,111,848112,81990,81392,3025,84417,1032
2021-06-30,Yolo,113,214977,14250,14178,274,14452,213
2021-06-30,Yuba,115,75493,6243,6191,131,6322,51
2021-06-29,Alameda,001,1643700,89825,89519,1955,91474,1257
2021-06-29,Alpine,003,1148,88,89,0,89,0
2021-06-29,Amador,005,37829,3758,3754,32,3786,46
2021-06-29,Butte,007,227075,12824,12669,1858,14527,201
2021-06-29,Calaveras,009,45235,2207,2198,13,2211,55
2021-06-29,Colusa,011,21464,1970,1967,319,2286,15
2021-06-29,Contra Costa,013,1133247,71301,70775,1311,72086,817
2021-06-29,Del Norte,015,27424,1469,1435,13,1448,8
2021-06-29,El Dorado,017,186661,10522,10403,784,11187,113
2021-06-29,Fresno,019,978130,103541,102464,8682,111146,1725
2021-06-29,Glenn,021,27897,2454,2439,566,3005,20
2021-06-29,Humboldt,023,135768,4541,4514,49,4563,49
2021-06-29,Imperial,025,180216,28808,28645,2694,31339,737
2021-06-29,Inyo,027,18085,1416,1408,12,1420,35
2021-06-29,Kern,029,883053,98013,97173,11059,108232,1347
2021-06-29,Kings,031,150075,23298,23035,1088,24123,245
2021-06-29,Lake,033,64148,3637,3594,13,3607,56
2021-06-29,Lassen,035,31185,5288,5268,115,5383,20
2021-06-29,Los Angeles,037,10098052,1214801,1207895,41467,1249362,24498
2021-06-29,Madera,039,155013,16832,16680,938,17618,240
2021-06-29,Marin,041,260295,14251,14127,260,14387,232
2021-06-29,Mariposa,043,17540,441,441,11,452,5
2021-06-29,Mendocino,045,87422,4206,4107,83,4190,49
2021-06-29,Merced,047,269075,31277,31277,1043,32320,469
2021-06-29,Modoc,049,8938,416,408,148,556,3
2021-06-29,Mono,051,14174,1266,1275,17,1292,3
2021-06-29,Monterey,053,433212,43345,43196,1843,45039,471
2021-06-29,Napa,055,140530,10058,10033,38,10071,81
2021-06-29,Nevada,057,99092,4989,4952,193,5145,72
2021-06-29,Orange,059,3164182,256988,255686,11459,267145,5124
2021-06-29,Placer,061,380077,23957,23693,1551,25244,299
2021-06-29,Plumas,063,18699,724,704,12,716,4
2021-06-29,Riverside,065,2383286,296039,292962,14023,306985,4524
2021-06-29,Sacramento,067,1510023,108779,108067,1827,109894,1677
2021-06-29,San Benito,069,59416,6108,6099,113,6212,63
2021-06-29,San Bernardino,071,2135413,295136,294118,9008,303126,4940
2021-06-29,San Diego,073,3302833,283618,282499,15457,297956,3780
2021-06-29,San Francisco,075,870044,37234,37041,1290,38331,558
2021-06-29,San Joaquin,077,732212,74264,73724,3588,77312,1409
2021-06-29,San Luis Obispo,079,281455,21551,21324,751,22075,256
2021-06-29,San Mateo,081,765935,42828,42540,485,43025,540
2021-06-29,Santa Barbara,083,443738,34665,34507,1128,35635,455
2021-06-29,Santa Clara,085,1922200,119662,118893,767,119660,2090
2021-06-29,Santa Cruz,087,273765,16360,16249,800,17049,208
2021-06-29,Shasta,089,179085,12625,12564,1641,14205,204
2021-06-29,Sierra,091,2930,63,59,12,71,0
2021-06-29,Siskiyou,093,43540,1972,1897,365,2262,29
2021-06-29,Solano,095,438530,33571,33440,572,34012,268
2021-06-29,Sonoma,097,501317,31110,30950,361,31311,316
2021-06-29,Stanislaus,099,539301,57205,56980,5973,62953,1018
2021-06-29,Sutter,101,95872,9638,9634,87,9721,114
2021-06-29,Tehama,103,63373,5160,5124,582,5706,63
2021-06-29,Trinity,105,12862,494,341,96,437,3
2021-06-29,Tulare,107,460477,50490,49751,9013,58764,852
2021-06-29,Tuolumne,109,53932,4086,4111,43,4154,64
2021-06-29,Ventura,111,848112,81952,81363,3019,84382,1032
2021-06-29,Yolo,113,214977,14238,14171,273,14444,213
2021-06-29,Yuba,115,75493,6233,6188,131,6319,51
2021-06-28,Alameda,001,1643700,89731,89638,1952,91590,1259
2021-06-28,Alpine,003,1148,88,89,0,89,0
2021-06-28,Amador,005,37829,3757,3753,32,3785,46
2021-06-28,Butte,007,227075,12815,12697,1856,14553,198
2021-06-28,Calaveras,009,45235,2204,2203,13,2216,55
2021-06-28,Colusa,011,21464,1968,1974,319,2293,15
2021-06-28,Contra Costa,013,1133247,71227,70807,1309,72116,816
2021-06-28,Del Norte,015,27424,1469,1436,13,1449,8
2021-06-28,El Dorado,017,186661,10512,10422,780,11202,115
2021-06-28,Fresno,019,978130,103510,103121,8680,111801,1727
2021-06-28,Glenn,021,27897,2454,2439,566,3005,20
2021-06-28,Humboldt,023,135768,4534,4520,48,4568,49
2021-06-28,Imperial,025,180216,28800,28981,2693,31674,741
2021-06-28,Inyo,027,18085,1413,1407,12,1419,35
2021-06-28,Kern,029,883053,97994,97252,11054,108306,1348
2021-06-28,Kings,031,150075,23292,23134,1088,24222,246
2021-06-28,Lake,033,64148,3629,3591,13,3604,56
2021-06-28,Lassen,035,31185,5286,5268,115,5383,20
2021-06-28,Los Angeles,037,10098052,1214282,1207714,41432,1249146,24496
2021-06-28,Madera,039,155013,16821,16683,937,17620,240
2021-06-28,Marin,041,260295,14236,14186,260,14446,232
2021-06-28,Mariposa,043,17540,441,440,11,451,5
2021-06-28,Mendocino,045,87422,4197,4102,82,4184,49
2021-06-28,Merced,047,269075,31265,31277,1043,32320,469
2021-06-28,Modoc,049,8938,416,411,147,558,3
2021-06-28,Mono,051,14174,1266,1276,17,1293,3
2021-06-28,Monterey,053,433212,43341,43202,1842,45044,462
2021-06-28,Napa,055,140530,10049,10050,37,10087,81
2021-06-28,Nevada,057,99092,4985,4951,193,5144,72
2021-06-28,Orange,059,3164182,256898,255755,11445,267200,5123
2021-06-28,Placer,061,380077,23937,23756,1547,25303,299
2021-06-28,Plumas,063,18699,722,704,12,716,4
2021-06-28,Riverside,065,2383286,295913,292647,14011,306658,4507
2021-06-28,Sacramento,067,1510023,108647,108342,1822,110164,1675
2021-06-28,San Benito,069,59416,6106,6101,113,6214,63
2021-06-28,San Bernardino,071,2135413,295035,294151,9003,303154,4928
2021-06-28,San Diego,073,3302833,283454,282417,15428,297845,3780
2021-06-28,San Francisco,075,870044,37198,37372,1288,38660,559
2021-06-28,San Joaquin,077,732212,74217,73973,3585,77558,1411
2021-06-28,San Luis Obispo,079,281455,21547,21340,750,22090,256
2021-06-28,San Mateo,081,765935,42794,42927,484,43411,540
2021-06-28,Santa Barbara,083,443738,34658,34534,1126,35660,455
2021-06-28,Santa Clara,085,1922200,119598,120377,766,121143,2103
2021-06-28,Santa Cruz,087,273765,16355,16245,800,17045,208
2021-06-28,Shasta,089,179085,12621,12642,1639,14281,203
2021-06-28,Sierra,091,2930,63,58,12,70,0
2021-06-28,Siskiyou,093,43540,1971,1896,365,2261,29
2021-06-28,Solano,095,438530,33535,33524,570,34094,267
2021-06-28,Sonoma,097,501317,31073,31137,360,31497,315
2021-06-28,Stanislaus,099,539301,57187,57047,5969,63016,1018
2021-06-28,Sutter,101,95872,9634,9682,87,9769,114
2021-06-28,Tehama,103,63373,5158,5122,582,5704,63
2021-06-28,Trinity,105,12862,494,341,96,437,3
2021-06-28,Tulare,107,460477,50480,49751,9009,58760,850
2021-06-28,Tuolumne,109,53932,4078,4121,43,4164,64
2021-06-28,Ventura,111,848112,81895,81393,3014,84407,1032
2021-06-28,Yolo,113,214977,14229,14199,270,14469,213
2021-06-28,Yuba,115,75493,6228,6207,131,6338,51
2021-06-27,Alameda,001,1643700,89644,89611,1948,91559,1259
2021-06-27,Alpine,003,1148,88,89,0,89,0
2021-06-27,Amador,005,37829,3756,3752,32,3784,46
2021-06-27,Butte,007,227075,12806,12696,1855,14551,198
2021-06-27,Calaveras,009,45235,2203,2203,13,2216,55
2021-06-27,Colusa,011,21464,1968,1974,319,2293,15
2021-06-27,Contra Costa,013,1133247,71141,70762,1305,72067,816
2021-06-27,Del Norte,015,27424,1466,1436,13,1449,8
2021-06-27,El Dorado,017,186661,10500,10418,777,11195,115
2021-06-27,Fresno,019,978130,103481,103110,8678,111788,1727
2021-06-27,Glenn,021,27897,2453,2439,565,3004,20
2021-06-27,Humboldt,023,135768,4522,4513,45,4558,49
2021-06-27,Imperial,025,180216,28786,28987,2693,31680,741
2021-06-27,Inyo,027,18085,1413,1407,12,1419,35
2021-06-27,Kern,029,883053,97968,97249,11047,108296,1348
2021-06-27,Kings,031,150075,23282,23132,1088,24220,246
2021-06-27,Lake,033,64148,3622,3581,13,3594,56
2021-06-27,Lassen,035,31185,5285,5265,115,5380,20
2021-06-27,Los Angeles,037,10098052,1213730,1207461,41392,1248853,24493
2021-06-27,Madera,039,155013,16813,16680,937,17617,240
2021-06-27,Marin,041,260295,14227,14182,260,14442,232
2021-06-27,Mariposa,043,17540,441,440,11,451,5
2021-06-27,Mendocino,045,87422,4190,4100,82,4182,49
2021-06-27,Merced,047,269075,31253,31266,1043,32309,469
2021-06-27,Modoc,049,8938,416,411,147,558,3
2021-06-27,Mono,051,14174,1266,1279,17,1296,3
2021-06-27,Monterey,053,433212,43328,43199,1842,45041,462
2021-06-27,Napa,055,140530,10043,10046,37,10083,81
2021-06-27,Nevada,057,99092,4979,4946,193,5139,72
2021-06-27,Orange,059,3164182,256784,255710,11434,267144,5123
2021-06-27,Placer,061,380077,23904,23731,1544,25275,299
2021-06-27,Plumas,063,18699,722,704,12,716,4
2021-06-27,Riverside,065,2383286,295811,292641,14005,306646,4507
2021-06-27,Sacramento,067,1510023,108512,108279,1818,110097,1675
2021-06-27,San Benito,069,59416,6100,6101,113,6214,63
2021-06-27,San Bernardino,071,2135413,294922,294115,9001,303116,4927
2021-06-27,San Diego,073,3302833,283314,282359,15402,297761,3780
2021-06-27,San Francisco,075,870044,37161,37360,1287,38647,559
2021-06-27,San Joaquin,077,732212,74181,73960,3583,77543,1411
2021-06-27,San Luis Obispo,079,281455,21540,21340,749,22089,256
2021-06-27,San Mateo,081,765935,42765,42925,481,43406,539
2021-06-27,Santa Barbara,083,443738,34644,34533,1124,35657,455
2021-06-27,Santa Clara,085,1922200,119547,120352,765,121117,2103
2021-06-27,Santa Cruz,087,273765,16346,16241,800,17041,208
2021-06-27,Shasta,089,179085,12615,12640,1638,14278,203
2021-06-27,Sierra,091,2930,63,58,12,70,0
2021-06-27,Siskiyou,093,43540,1969,1896,364,2260,29
2021-06-27,Solano,095,438530,33507,33516,570,34086,267
2021-06-27,Sonoma,097,501317,31035,31129,360,31489,315
2021-06-27,Stanislaus,099,539301,57147,57021,5966,62987,1018
2021-06-27,Sutter,101,95872,9628,9678,87,9765,114
2021-06-27,Tehama,103,63373,5154,5122,582,5704,63
2021-06-27,Trinity,105,12862,494,341,95,436,3
2021-06-27,Tulare,107,460477,50467,49749,9002,58751,850
2021-06-27,Tuolumne,109,53932,4076,4121,43,4164,64
2021-06-27,Ventura,111,848112,81861,81361,3005,84366,1032
2021-06-27,Yolo,113,214977,14214,14194,266,14460,213
2021-06-27,Yuba,115,75493,6222,6205,131,6336,51
2021-06-26,Alameda,001,1643700,89587,89560,1946,91506,1259
2021-06-26,Alpine,003,1148,88,89,0,89,0
2021-06-26,Amador,005,37829,3756,3748,32,3780,46
2021-06-26,Butte,007,227075,12802,12693,1852,14545,198
2021-06-26,Calaveras,009,45235,2201,2202,13,2215,55
2021-06-26,Colusa,011,21464,1968,1973,319,2292,15
2021-06-26,Contra Costa,013,1133247,71098,70712,1304,72016,816
2021-06-26,Del Norte,015,27424,1465,1432,13,1445,8
2021-06-26,El Dorado,017,186661,10492,10414,775,11189,115
2021-06-26,Fresno,019,978130,103461,103091,8676,111767,1727
2021-06-26,Glenn,021,27897,2451,2441,565,3006,20
2021-06-26,Humboldt,023,135768,4519,4509,45,4554,49
2021-06-26,Imperial,025,180216,28782,28970,2693,31663,741
2021-06-26,Inyo,027,18085,1413,1407,12,1419,35
2021-06-26,Kern,029,883053,97942,97239,11038,108277,1348
2021-06-26,Kings,031,150075,23278,23128,1087,24215,246
2021-06-26,Lake,033,64148,3611,3576,13,3589,56
2021-06-26,Lassen,035,31185,5282,5263,115,5378,20
2021-06-26,Los Angeles,037,10098052,1213425,1207198,41360,1248558,24490
2021-06-26,Madera,039,155013,16806,16679,936,17615,240
2021-06-26,Marin,041,260295,14218,14180,260,14440,232
2021-06-26,Mariposa,043,17540,441,440,11,451,5
2021-06-26,Mendocino,045,87422,4188,4096,82,4178,49
2021-06-26,Merced,047,269075,31247,31259,1042,32301,469
2021-06-26,Modoc,049,8938,416,411,147,558,3
2021-06-26,Mono,051,14174,1266,1279,17,1296,3
2021-06-26,Monterey,053,433212,43325,43192,1842,45034,462
2021-06-26,Napa,055,140530,10036,10043,37,10080,81
2021-06-26,Nevada,057,99092,4974,4939,193,5132,72
2021-06-26,Orange,059,3164182,256705,255640,11427,267067,5123
2021-06-26,Placer,061,380077,23890,23702,1542,25244,299
2021-06-26,Plumas,063,18699,722,704,12,716,4
2021-06-26,Riverside,065,2383286,295753,292480,13999,306479,4505
2021-06-26,Sacramento,067,1510023,108441,108179,1816,109995,1675
2021-06-26,San Benito,069,59416,6096,6100,113,6213,63
2021-06-26,San Bernardino,071,2135413,294828,294034,8997,303031,4928
2021-06-26,San Diego,073,3302833,283229,282263,15384,297647,3780
2021-06-26,San Francisco,075,870044,37129,37348,1286,38634,559
2021-06-26,San Joaquin,077,732212,74152,73928,3582,77510,1411
2021-06-26,San Luis Obispo,079,281455,21539,21330,748,22078,256
2021-06-26,San Mateo,081,765935,42745,42898,481,43379,539
2021-06-26,Santa Barbara,083,443738,34635,34525,1124,35649,455
2021-06-26,Santa Clara,085,1922200,119514,120321,765,121086,2103
2021-06-26,Santa Cruz,087,273765,16343,16239,800,17039,208
2021-06-26,Shasta,089,179085,12611,12635,1634,14269,203
2021-06-26,Sierra,091,2930,63,58,12,70,0
2021-06-26,Siskiyou,093,43540,1968,1896,363,2259,29
2021-06-26,Solano,095,438530,33489,33489,568,34057,267
2021-06-26,Sonoma,097,501317,31009,31088,360,31448,315
2021-06-26,Stanislaus,099,539301,57131,57006,5963,62969,1018
2021-06-26,Sutter,101,95872,9627,9669,87,9756,114
2021-06-26,Tehama,103,63373,5154,5119,582,5701,63
2021-06-26,Trinity,105,12862,494,341,95,436,3
2021-06-26,Tulare,107,460477,50461,49745,9002,58747,850
2021-06-26,Tuolumne,109,53932,4076,4121,43,4164,64
2021-06-26,Ventura,111,848112,81837,81352,3004,84356,1032
2021-06-26,Yolo,113,214977,14206,14184,266,14450,213
2021-06-26,Yuba,115,75493,6219,6200,131,6331,51
2021-06-25,Alameda,001,1643700,89519,89453,1944,91397,1271
2021-06-25,Alpine,003,1148,88,89,0,89,0
2021-06-25,Amador,005,37829,3755,3746,32,3778,46
2021-06-25,Butte,007,227075,12797,12682,1849,14531,198
2021-06-25,Calaveras,009,45235,2200,2201,13,2214,55
2021-06-25,Colusa,011,21464,1968,1972,319,2291,15
2021-06-25,Contra Costa,013,1133247,71062,70659,1304,71963,815
2021-06-25,Del Norte,015,27424,1465,1426,13,1439,8
2021-06-25,El Dorado,017,186661,10484,10406,772,11178,115
2021-06-25,Fresno,019,978130,103443,103073,8672,111745,1727
2021-06-25,Glenn,021,27897,2451,2441,565,3006,20
2021-06-25,Humboldt,023,135768,4513,4503,43,4546,49
2021-06-25,Imperial,025,180216,28779,28968,2693,31661,740
2021-06-25,Inyo,027,18085,1412,1406,12,1418,35
2021-06-25,Kern,029,883053,97923,97182,11034,108216,1347
2021-06-25,Kings,031,150075,23272,23118,1087,24205,246
2021-06-25,Lake,033,64148,3605,3571,13,3584,56
2021-06-25,Lassen,035,31185,5281,5259,115,5374,20
2021-06-25,Los Angeles,037,10098052,1213142,1206909,41343,1248252,24483
2021-06-25,Madera,039,155013,16803,16670,936,17606,240
2021-06-25,Marin,041,260295,14215,14179,260,14439,232
2021-06-25,Mariposa,043,17540,441,440,11,451,5
2021-06-25,Mendocino,045,87422,4185,4089,82,4171,49
2021-06-25,Merced,047,269075,31239,31256,1042,32298,467
2021-06-25,Modoc,049,8938,416,411,147,558,3
2021-06-25,Mono,051,14174,1266,1279,17,1296,3
2021-06-25,Monterey,053,433212,43320,43184,1841,45025,462
2021-06-25,Napa,055,140530,10031,10037,37,10074,81
2021-06-25,Nevada,057,99092,4971,4932,193,5125,72
2021-06-25,Orange,059,3164182,256634,255574,11425,266999,5119
2021-06-25,Placer,061,380077,23871,23672,1541,25213,299
2021-06-25,Plumas,063,18699,722,702,11,713,4
2021-06-25,Riverside,065,2383286,295685,291663,13992,305655,4490
2021-06-25,Sacramento,067,1510023,108369,108034,1813,109847,1673
2021-06-25,San Benito,069,59416,6092,6098,113,6211,63
2021-06-25,San Bernardino,071,2135413,294773,293941,8995,302936,4911
2021-06-25,San Diego,073,3302833,283169,282157,15371,297528,3779
2021-06-25,San Francisco,075,870044,37106,37338,1285,38623,559
2021-06-25,San Joaquin,077,732212,74119,73860,3580,77440,1410
2021-06-25,San Luis Obispo,079,281455,21536,21325,747,22072,256
2021-06-25,San Mateo,081,765935,42727,42849,481,43330,537
2021-06-25,Santa Barbara,083,443738,34626,34518,1123,35641,454
2021-06-25,Santa Clara,085,1922200,119494,120272,765,121037,2103
2021-06-25,Santa Cruz,087,273765,16340,16230,798,17028,208
2021-06-25,Shasta,089,179085,12601,12633,1633,14266,202
2021-06-25,Sierra,091,2930,63,58,12,70,0
2021-06-25,Siskiyou,093,43540,1967,1894,363,2257,29
2021-06-25,Solano,095,438530,33469,33449,568,34017,267
2021-06-25,Sonoma,097,501317,30986,31043,360,31403,314
2021-06-25,Stanislaus,099,539301,57115,56973,5956,62929,1018
2021-06-25,Sutter,101,95872,9620,9664,87,9751,114
2021-06-25,Tehama,103,63373,5153,5119,582,5701,63
2021-06-25,Trinity,105,12862,494,338,95,433,3
2021-06-25,Tulare,107,460477,50454,49731,8999,58730,850
2021-06-25,Tuolumne,109,53932,4075,4121,43,4164,64
2021-06-25,Ventura,111,848112,81808,81342,2998,84340,1032
2021-06-25,Yolo,113,214977,14200,14172,266,14438,213
2021-06-25,Yuba,115,75493,6215,6195,131,6326,51
2021-06-24,Alameda,001,1643700,89447,89358,1941,91299,1268
2021-06-24,Alpine,003,1148,88,89,0,89,0
2021-06-24,Amador,005,37829,3751,3745,32,3777,46
2021-06-24,Butte,007,227075,12791,12673,1847,14520,198
2021-06-24,Calaveras,009,45235,2197,2202,13,2215,55
2021-06-24,Colusa,011,21464,1967,1972,319,2291,15
2021-06-24,Contra Costa,013,1133247,71003,70590,1304,71894,813
2021-06-24,Del Norte,015,27424,1464,1421,13,1434,8
2021-06-24,El Dorado,017,186661,10477,10402,772,11174,115
2021-06-24,Fresno,019,978130,103423,103061,8670,111731,1727
2021-06-24,Glenn,021,27897,2450,2439,565,3004,20
2021-06-24,Humboldt,023,135768,4508,4493,43,4536,49
2021-06-24,Imperial,025,180216,28776,28981,2693,31674,740
2021-06-24,Inyo,027,18085,1411,1406,12,1418,35
2021-06-24,Kern,029,883053,97904,97129,11021,108150,1346
2021-06-24,Kings,031,150075,23268,23114,1086,24200,246
2021-06-24,Lake,033,64148,3599,3571,13,3584,56
2021-06-24,Lassen,035,31185,5280,5258,115,5373,20
2021-06-24,Los Angeles,037,10098052,1212818,1206590,41319,1247909,24480
2021-06-24,Madera,039,155013,16792,16662,935,17597,240
2021-06-24,Marin,041,260295,14211,14180,260,14440,232
2021-06-24,Mariposa,043,17540,441,440,11,451,5
2021-06-24,Mendocino,045,87422,4177,4085,82,4167,49
2021-06-24,Merced,047,269075,31229,31248,1041,32289,466
2021-06-24,Modoc,049,8938,416,411,147,558,3
2021-06-24,Mono,051,14174,1266,1276,17,1293,3
2021-06-24,Monterey,053,433212,43313,43180,1841,45021,451
2021-06-24,Napa,055,140530,10029,10036,37,10073,80
2021-06-24,Nevada,057,99092,4969,4927,193,5120,72
2021-06-24,Orange,059,3164182,256570,255520,11417,266937,5117
2021-06-24,Placer,061,380077,23846,23659,1539,25198,299
2021-06-24,Plumas,063,18699,721,702,11,713,4
2021-06-24,Riverside,065,2383286,295605,291067,13981,305048,4473
2021-06-24,Sacramento,067,1510023,108281,107965,1811,109776,1672
2021-06-24,San Benito,069,59416,6089,6098,113,6211,63
2021-06-24,San Bernardino,071,2135413,294702,293895,8990,302885,4898
2021-06-24,San Diego,073,3302833,283065,282053,15358,297411,3778
2021-06-24,San Francisco,075,870044,37084,37320,1283,38603,559
2021-06-24,San Joaquin,077,732212,74071,73814,3580,77394,1408
2021-06-24,San Luis Obispo,079,281455,21530,21326,747,22073,256
2021-06-24,San Mateo,081,765935,42701,42814,480,43294,542
2021-06-24,Santa Barbara,083,443738,34620,34512,1122,35634,454
2021-06-24,Santa Clara,085,1922200,119463,120274,764,121038,2103
2021-06-24,Santa Cruz,087,273765,16339,16227,798,17025,208
2021-06-24,Shasta,089,179085,12596,12629,1629,14258,202
2021-06-24,Sierra,091,2930,63,58,12,70,0
2021-06-24,Siskiyou,093,43540,1967,1892,363,2255,28
2021-06-24,Solano,095,438530,33446,33432,566,33998,267
2021-06-24,Sonoma,097,501317,30957,31020,360,31380,314
2021-06-24,Stanislaus,099,539301,57089,56946,5956,62902,1018
2021-06-24,Sutter,101,95872,9613,9660,87,9747,113
2021-06-24,Tehama,103,63373,5150,5115,582,5697,63
2021-06-24,Trinity,105,12862,493,338,95,433,3
2021-06-24,Tulare,107,460477,50443,49730,8997,58727,850
2021-06-24,Tuolumne,109,53932,4073,4120,43,4163,64
2021-06-24,Ventura,111,848112,81780,81332,2997,84329,1032
2021-06-24,Yolo,113,214977,14191,14169,263,14432,213
2021-06-24,Yuba,115,75493,6210,6195,131,6326,51
2021-06-23,Alameda,001,1643700,89375,89338,1940,91278,1266
2021-06-23,Alpine,003,1148,88,88,0,88,0
2021-06-23,Amador,005,37829,3749,3743,32,3775,46
2021-06-23,Butte,007,227075,12784,12666,1847,14513,198
2021-06-23,Calaveras,009,45235,2196,2199,13,2212,55
2021-06-23,Colusa,011,21464,1966,1972,319,2291,15
2021-06-23,Contra Costa,013,1133247,70938,70526,1303,71829,813
2021-06-23,Del Norte,015,27424,1460,1418,13,1431,8
2021-06-23,El Dorado,017,186661,10467,10395,769,11164,115
2021-06-23,Fresno,019,978130,103394,103020,8668,111688,1724
2021-06-23,Glenn,021,27897,2450,2437,564,3001,20
2021-06-23,Humboldt,023,135768,4499,4490,43,4533,48
2021-06-23,Imperial,025,180216,28769,28908,2693,31601,740
2021-06-23,Inyo,027,18085,1411,1406,12,1418,35
2021-06-23,Kern,029,883053,97876,97078,11008,108086,1345
2021-06-23,Kings,031,150075,23261,23105,1084,24189,245
2021-06-23,Lake,033,64148,3590,3566,13,3579,53
2021-06-23,Lassen,035,31185,5277,5257,115,5372,20
2021-06-23,Los Angeles,037,10098052,1212481,1206358,41309,1247667,24472
2021-06-23,Madera,039,155013,16785,16660,935,17595,240
2021-06-23,Marin,041,260295,14205,14177,260,14437,230
2021-06-23,Mariposa,043,17540,441,439,11,450,5
2021-06-23,Mendocino,045,87422,4173,4078,82,4160,49
2021-06-23,Merced,047,269075,31220,31260,1041,32301,465
2021-06-23,Modoc,049,8938,414,407,147,554,3
2021-06-23,Mono,051,14174,1266,1279,17,1296,3
2021-06-23,Monterey,053,433212,43304,43166,1841,45007,439
2021-06-23,Napa,055,140530,10020,10032,37,10069,80
2021-06-23,Nevada,057,99092,4966,4924,193,5117,72
2021-06-23,Orange,059,3164182,256504,255479,11409,266888,5116
2021-06-23,Placer,061,380077,23817,23630,1534,25164,299
2021-06-23,Plumas,063,18699,720,701,11,712,4
2021-06-23,Riverside,065,2383286,295522,290343,13979,304322,4462
2021-06-23,Sacramento,067,1510023,108189,107868,1806,109674,1671
2021-06-23,San Benito,069,59416,6085,6097,113,6210,63
2021-06-23,San Bernardino,071,2135413,294623,293816,8985,302801,4886
2021-06-23,San Diego,073,3302833,282965,281937,15337,297274,3777
2021-06-23,San Francisco,075,870044,37060,37304,1281,38585,559
2021-06-23,San Joaquin,077,732212,74032,73764,3578,77342,1405
2021-06-23,San Luis Obispo,079,281455,21526,21323,746,22069,257
2021-06-23,San Mateo,081,765935,42685,42756,480,43236,542
2021-06-23,Santa Barbara,083,443738,34610,34505,1122,35627,454
2021-06-23,Santa Clara,085,1922200,119434,120233,764,120997,2098
2021-06-23,Santa Cruz,087,273765,16335,16215,798,17013,209
2021-06-23,Shasta,089,179085,12589,12604,1627,14231,202
2021-06-23,Sierra,091,2930,63,57,12,69,0
2021-06-23,Siskiyou,093,43540,1965,1892,363,2255,28
2021-06-23,Solano,095,438530,33402,33408,566,33974,267
2021-06-23,Sonoma,097,501317,30917,30959,358,31317,314
2021-06-23,Stanislaus,099,539301,57059,56926,5955,62881,1017
2021-06-23,Sutter,101,95872,9607,9653,87,9740,113
2021-06-23,Tehama,103,63373,5150,5119,581,5700,63
2021-06-23,Trinity,105,12862,493,338,95,433,3
2021-06-23,Tulare,107,460477,50436,49711,8994,58705,850
2021-06-23,Tuolumne,109,53932,4070,4120,43,4163,64
2021-06-23,Ventura,111,848112,81757,81312,2994,84306,1032
2021-06-23,Yolo,113,214977,14181,14161,263,14424,212
2021-06-23,Yuba,115,75493,6207,6190,131,6321,51
2021-06-22,Alameda,001,1643700,89308,89308,1940,91248,1263
2021-06-22,Alpine,003,1148,88,88,0,88,0
2021-06-22,Amador,005,37829,3746,3743,32,3775,46
2021-06-22,Butte,007,227075,12780,12662,1844,14506,198
2021-06-22,Calaveras,009,45235,2195,2198,13,2211,55
2021-06-22,Colusa,011,21464,1965,1971,319,2290,15
2021-06-22,Contra Costa,013,1133247,70882,70480,1302,71782,813
2021-06-22,Del Norte,015,27424,1457,1417,13,1430,8
2021-06-22,El Dorado,017,186661,10462,10380,768,11148,113
2021-06-22,Fresno,019,978130,103375,102996,8664,111660,1724
2021-06-22,Glenn,021,27897,2449,2435,562,2997,19
2021-06-22,Humboldt,023,135768,4489,4483,43,4526,42
2021-06-22,Imperial,025,180216,28764,28880,2693,31573,740
2021-06-22,Inyo,027,18085,1411,1405,12,1417,35
2021-06-22,Kern,029,883053,97863,97013,11004,108017,1342
2021-06-22,Kings,031,150075,23253,23098,1083,24181,245
2021-06-22,Lake,033,64148,3588,3564,13,3577,45
2021-06-22,Lassen,035,31185,5272,5254,115,5369,20
2021-06-22,Los Angeles,037,10098052,1212165,1206146,41297,1247443,24461
2021-06-22,Madera,039,155013,16780,16652,935,17587,240
2021-06-22,Marin,041,260295,14203,14174,260,14434,230
2021-06-22,Mariposa,043,17540,441,439,11,450,5
2021-06-22,Mendocino,045,87422,4167,4072,82,4154,49
2021-06-22,Merced,047,269075,31209,31267,1041,32308,464
2021-06-22,Modoc,049,8938,412,405,146,551,3
2021-06-22,Mono,051,14174,1266,1277,17,1294,3
2021-06-22,Monterey,053,433212,43301,43162,1840,45002,427
2021-06-22,Napa,055,140530,10016,10029,37,10066,80
2021-06-22,Nevada,057,99092,4960,4923,193,5116,72
2021-06-22,Orange,059,3164182,256435,255452,11398,266850,5114
2021-06-22,Placer,061,380077,23795,23603,1534,25137,299
2021-06-22,Plumas,063,18699,720,697,11,708,4
2021-06-22,Riverside,065,2383286,295461,289839,13975,303814,4456
2021-06-22,Sacramento,067,1510023,108088,107801,1801,109602,1670
2021-06-22,San Benito,069,59416,6084,6098,113,6211,63
2021-06-22,San Bernardino,071,2135413,294547,293770,8979,302749,4873
2021-06-22,San Diego,073,3302833,282861,281867,15314,297181,3771
2021-06-22,San Francisco,075,870044,37046,37287,1281,38568,556
2021-06-22,San Joaquin,077,732212,74002,73723,3576,77299,1405
2021-06-22,San Luis Obispo,079,281455,21523,21321,745,22066,257
2021-06-22,San Mateo,081,765935,42671,42725,475,43200,542
2021-06-22,Santa Barbara,083,443738,34599,34500,1121,35621,454
2021-06-22,Santa Clara,085,1922200,119402,120194,764,120958,2095
2021-06-22,Santa Cruz,087,273765,16330,16218,798,17016,209
2021-06-22,Shasta,089,179085,12578,12616,1624,14240,202
2021-06-22,Sierra,091,2930,62,57,12,69,0
2021-06-22,Siskiyou,093,43540,1965,1892,363,2255,28
2021-06-22,Solano,095,438530,33384,33397,565,33962,267
2021-06-22,Sonoma,097,501317,30877,30933,358,31291,314
2021-06-22,Stanislaus,099,539301,57043,56915,5953,62868,1017
2021-06-22,Sutter,101,95872,9600,9649,87,9736,113
2021-06-22,Tehama,103,63373,5148,5118,580,5698,63
2021-06-22,Trinity,105,12862,491,337,95,432,3
2021-06-22,Tulare,107,460477,50427,49706,8989,58695,850
2021-06-22,Tuolumne,109,53932,4068,4119,43,4162,64
2021-06-22,Ventura,111,848112,81743,81300,2993,84293,1032
2021-06-22,Yolo,113,214977,14176,14157,261,14418,212
2021-06-22,Yuba,115,75493,6203,6181,131,6312,51
2021-06-21,Alameda,001,1643700,89252,89281,1939,91220,1262
2021-06-21,Alpine,003,1148,88,88,0,88,0
2021-06-21,Amador,005,37829,3740,3742,32,3774,46
2021-06-21,Butte,007,227075,12774,12668,1842,14510,195
2021-06-21,Calaveras,009,45235,2193,2194,13,2207,55
2021-06-21,Colusa,011,21464,1964,1970,318,2288,15
2021-06-21,Contra Costa,013,1133247,70811,70439,1301,71740,813
2021-06-21,Del Norte,015,27424,1453,1416,13,1429,8
2021-06-21,El Dorado,017,186661,10456,10375,767,11142,113
2021-06-21,Fresno,019,978130,103355,102971,8661,111632,1724
2021-06-21,Glenn,021,27897,2448,2433,562,2995,19
2021-06-21,Humboldt,023,135768,4480,4478,42,4520,42
2021-06-21,Imperial,025,180216,28760,28855,2693,31548,740
2021-06-21,Inyo,027,18085,1410,1405,12,1417,35
2021-06-21,Kern,029,883053,97834,96995,10996,107991,1342
2021-06-21,Kings,031,150075,23246,23091,1080,24171,245
2021-06-21,Lake,033,64148,3582,3563,13,3576,45
2021-06-21,Lassen,035,31185,5270,5233,115,5348,19
2021-06-21,Los Angeles,037,10098052,1211870,1205994,41275,1247269,24459
2021-06-21,Madera,039,155013,16771,16647,935,17582,240
2021-06-21,Marin,041,260295,14199,14173,260,14433,230
2021-06-21,Mariposa,043,17540,441,439,11,450,5
2021-06-21,Mendocino,045,87422,4164,4085,82,4167,49
2021-06-21,Merced,047,269075,31199,31264,1040,32304,465
2021-06-21,Modoc,049,8938,412,405,146,551,3
2021-06-21,Mono,051,14174,1266,1277,17,1294,3
2021-06-21,Monterey,053,433212,43298,43157,1840,44997,427
2021-06-21,Napa,055,140530,10011,10028,37,10065,80
2021-06-21,Nevada,057,99092,4956,4921,193,5114,72
2021-06-21,Orange,059,3164182,256362,255400,11391,266791,5113
2021-06-21,Placer,061,380077,23771,23577,1534,25111,298
2021-06-21,Plumas,063,18699,718,697,11,708,4
2021-06-21,Riverside,065,2383286,295385,289797,13970,303767,4456
2021-06-21,Sacramento,067,1510023,107977,107757,1800,109557,1669
2021-06-21,San Benito,069,59416,6080,6098,113,6211,63
2021-06-21,San Bernardino,071,2135413,294460,293736,8975,302711,4850
2021-06-21,San Diego,073,3302833,282756,281811,15294,297105,3771
2021-06-21,San Francisco,075,870044,37030,37275,1280,38555,556
2021-06-21,San Joaquin,077,732212,73961,73687,3575,77262,1405
2021-06-21,San Luis Obispo,079,281455,21514,21316,745,22061,257
2021-06-21,San Mateo,081,765935,42655,42685,474,43159,542
2021-06-21,Santa Barbara,083,443738,34594,34492,1121,35613,455
2021-06-21,Santa Clara,085,1922200,119369,120192,763,120955,2093
2021-06-21,Santa Cruz,087,273765,16328,16212,798,17010,208
2021-06-21,Shasta,089,179085,12565,12617,1621,14238,201
2021-06-21,Sierra,091,2930,62,57,12,69,0
2021-06-21,Siskiyou,093,43540,1965,1892,363,2255,27
2021-06-21,Solano,095,438530,33361,33383,564,33947,266
2021-06-21,Sonoma,097,501317,30854,30912,358,31270,314
2021-06-21,Stanislaus,099,539301,57013,56891,5948,62839,1017
2021-06-21,Sutter,101,95872,9597,9649,87,9736,113
2021-06-21,Tehama,103,63373,5148,5115,579,5694,63
2021-06-21,Trinity,105,12862,491,337,95,432,3
2021-06-21,Tulare,107,460477,50416,49689,8985,58674,849
2021-06-21,Tuolumne,109,53932,4064,4119,43,4162,63
2021-06-21,Ventura,111,848112,81715,81291,2989,84280,1031
2021-06-21,Yolo,113,214977,14170,14165,261,14426,212
2021-06-21,Yuba,115,75493,6202,6172,131,6303,51
2021-06-20,Alameda,001,1643700,89187,89255,1938,91193,1263
2021-06-20,Alpine,003,1148,88,88,0,88,0
2021-06-20,Amador,005,37829,3737,3740,32,3772,46
2021-06-20,Butte,007,227075,12767,12668,1841,14509,194
2021-06-20,Calaveras,009,45235,2192,2193,13,2206,55
2021-06-20,Colusa,011,21464,1964,1970,318,2288,15
2021-06-20,Contra Costa,013,1133247,70754,70401,1299,71700,813
2021-06-20,Del Norte,015,27424,1449,1416,13,1429,8
2021-06-20,El Dorado,017,186661,10442,10372,764,11136,113
2021-06-20,Fresno,019,978130,103314,102947,8658,111605,1724
2021-06-20,Glenn,021,27897,2448,2434,562,2996,19
2021-06-20,Humboldt,023,135768,4474,4472,42,4514,42
2021-06-20,Imperial,025,180216,28751,28855,2693,31548,740
2021-06-20,Inyo,027,18085,1409,1405,12,1417,35
2021-06-20,Kern,029,883053,97813,96985,10985,107970,1342
2021-06-20,Kings,031,150075,23241,23088,1078,24166,245
2021-06-20,Lake,033,64148,3580,3563,13,3576,45
2021-06-20,Lassen,035,31185,5267,5230,115,5345,19
2021-06-20,Los Angeles,037,10098052,1211565,1205874,41267,1247141,24456
2021-06-20,Madera,039,155013,16763,16638,933,17571,240
2021-06-20,Marin,041,260295,14196,14166,260,14426,230
2021-06-20,Mariposa,043,17540,439,439,11,450,5
2021-06-20,Mendocino,045,87422,4157,4080,82,4162,49
2021-06-20,Merced,047,269075,31186,31265,1040,32305,465
2021-06-20,Modoc,049,8938,412,405,146,551,3
2021-06-20,Mono,051,14174,1266,1275,17,1292,3
2021-06-20,Monterey,053,433212,43289,43156,1839,44995,427
2021-06-20,Napa,055,140530,10004,10026,36,10062,80
2021-06-20,Nevada,057,99092,4949,4919,193,5112,72
2021-06-20,Orange,059,3164182,256298,255377,11380,266757,5113
2021-06-20,Placer,061,380077,23737,23562,1530,25092,298
2021-06-20,Plumas,063,18699,717,697,11,708,4
2021-06-20,Riverside,065,2383286,295306,289770,13959,303729,4456
2021-06-20,Sacramento,067,1510023,107866,107700,1797,109497,1669
2021-06-20,San Benito,069,59416,6080,6098,113,6211,63
2021-06-20,San Bernardino,071,2135413,294360,293713,8971,302684,4845
2021-06-20,San Diego,073,3302833,282650,281750,15272,297022,3771
2021-06-20,San Francisco,075,870044,37007,37269,1280,38549,556
2021-06-20,San Joaquin,077,732212,73916,73676,3566,77242,1405
2021-06-20,San Luis Obispo,079,281455,21512,21313,745,22058,257
2021-06-20,San Mateo,081,765935,42626,42681,474,43155,542
2021-06-20,Santa Barbara,083,443738,34585,34487,1121,35608,455
2021-06-20,Santa Clara,085,1922200,119334,120163,763,120926,2093
2021-06-20,Santa Cruz,087,273765,16322,16210,798,17008,208
2021-06-20,Shasta,089,179085,12560,12617,1619,14236,201
2021-06-20,Sierra,091,2930,62,57,12,69,0
2021-06-20,Siskiyou,093,43540,1964,1891,363,2254,27
2021-06-20,Solano,095,438530,33339,33361,562,33923,266
2021-06-20,Sonoma,097,501317,30807,30884,355,31239,314
2021-06-20,Stanislaus,099,539301,56980,56868,5947,62815,1017
2021-06-20,Sutter,101,95872,9594,9645,87,9732,113
2021-06-20,Tehama,103,63373,5144,5115,579,5694,63
2021-06-20,Trinity,105,12862,491,337,95,432,3
2021-06-20,Tulare,107,460477,50407,49685,8983,58668,849
2021-06-20,Tuolumne,109,53932,4061,4117,43,4160,63
2021-06-20,Ventura,111,848112,81699,81282,2987,84269,1031
2021-06-20,Yolo,113,214977,14163,14160,261,14421,212
2021-06-20,Yuba,115,75493,6195,6167,131,6298,51
2021-06-19,Alameda,001,1643700,89152,89202,1938,91140,1263
2021-06-19,Alpine,003,1148,88,88,0,88,0
2021-06-19,Amador,005,37829,3735,3739,32,3771,46
2021-06-19,Butte,007,227075,12763,12659,1841,14500,194
2021-06-19,Calaveras,009,45235,2192,2192,13,2205,55
2021-06-19,Colusa,011,21464,1964,1969,318,2287,15
2021-06-19,Contra Costa,013,1133247,70723,70334,1298,71632,813
2021-06-19,Del Norte,015,27424,1448,1416,13,1429,8
2021-06-19,El Dorado,017,186661,10441,10363,763,11126,113
2021-06-19,Fresno,019,978130,103301,102922,8657,111579,1724
2021-06-19,Glenn,021,27897,2447,2434,561,2995,19
2021-06-19,Humboldt,023,135768,4463,4463,42,4505,42
2021-06-19,Imperial,025,180216,28750,28813,2693,31506,740
2021-06-19,Inyo,027,18085,1409,1405,12,1417,35
2021-06-19,Kern,029,883053,97797,96966,10981,107947,1342
2021-06-19,Kings,031,150075,23238,23086,1078,24164,245
2021-06-19,Lake,033,64148,3576,3563,13,3576,45
2021-06-19,Lassen,035,31185,5266,5225,115,5340,19
2021-06-19,Los Angeles,037,10098052,1211362,1205602,41251,1246853,24454
2021-06-19,Madera,039,155013,16761,16632,933,17565,240
2021-06-19,Marin,041,260295,14188,14152,260,14412,230
2021-06-19,Mariposa,043,17540,439,439,11,450,5
2021-06-19,Mendocino,045,87422,4152,4077,82,4159,49
2021-06-19,Merced,047,269075,31184,31256,1040,32296,465
2021-06-19,Modoc,049,8938,411,402,146,548,3
2021-06-19,Mono,051,14174,1266,1275,17,1292,3
2021-06-19,Monterey,053,433212,43283,43153,1839,44992,427
2021-06-19,Napa,055,140530,10000,10025,36,10061,80
2021-06-19,Nevada,057,99092,4944,4910,193,5103,72
2021-06-19,Orange,059,3164182,256251,255329,11377,266706,5112
2021-06-19,Placer,061,380077,23721,23537,1527,25064,298
2021-06-19,Plumas,063,18699,716,697,11,708,4
2021-06-19,Riverside,065,2383286,295260,289720,13959,303679,4456
2021-06-19,Sacramento,067,1510023,107820,107631,1794,109425,1669
2021-06-19,San Benito,069,59416,6079,6098,113,6211,63
2021-06-19,San Bernardino,071,2135413,294317,293673,8969,302642,4844
2021-06-19,San Diego,073,3302833,282590,281682,15258,296940,3771
2021-06-19,San Francisco,075,870044,36994,37256,1280,38536,556
2021-06-19,San Joaquin,077,732212,73900,73652,3562,77214,1405
2021-06-19,San Luis Obispo,079,281455,21510,21308,743,22051,257
2021-06-19,San Mateo,081,765935,42608,42646,472,43118,542
2021-06-19,Santa Barbara,083,443738,34583,34472,1121,35593,455
2021-06-19,Santa Clara,085,1922200,119311,120110,762,120872,2093
2021-06-19,Santa Cruz,087,273765,16317,16206,798,17004,208
2021-06-19,Shasta,089,179085,12558,12615,1618,14233,201
2021-06-19,Sierra,091,2930,62,57,12,69,0
2021-06-19,Siskiyou,093,43540,1964,1891,363,2254,27
2021-06-19,Solano,095,438530,33329,33341,561,33902,266
2021-06-19,Sonoma,097,501317,30766,30841,355,31196,314
2021-06-19,Stanislaus,099,539301,56961,56847,5944,62791,1017
2021-06-19,Sutter,101,95872,9591,9645,87,9732,113
2021-06-19,Tehama,103,63373,5143,5115,579,5694,63
2021-06-19,Trinity,105,12862,491,337,95,432,3
2021-06-19,Tulare,107,460477,50400,49681,8978,58659,849
2021-06-19,Tuolumne,109,53932,4061,4117,43,4160,63
2021-06-19,Ventura,111,848112,81686,81270,2986,84256,1031
2021-06-19,Yolo,113,214977,14159,14156,260,14416,212
2021-06-19,Yuba,115,75493,6194,6157,131,6288,51
2021-06-18,Alameda,001,1643700,89115,89123,1938,91061,1263
2021-06-18,Alpine,003,1148,88,88,0,88,0
2021-06-18,Amador,005,37829,3735,3739,32,3771,46
2021-06-18,Butte,007,227075,12760,12653,1838,14491,194
2021-06-18,Calaveras,009,45235,2192,2191,13,2204,55
2021-06-18,Colusa,011,21464,1963,1969,318,2287,15
2021-06-18,Contra Costa,013,1133247,70681,70271,1296,71567,813
2021-06-18,Del Norte,015,27424,1448,1415,13,1428,8
2021-06-18,El Dorado,017,186661,10438,10348,761,11109,113
2021-06-18,Fresno,019,978130,103285,102894,8655,111549,1722
2021-06-18,Glenn,021,27897,2446,2430,561,2991,19
2021-06-18,Humboldt,023,135768,4455,4450,42,4492,42
2021-06-18,Imperial,025,180216,28748,28809,2693,31502,740
2021-06-18,Inyo,027,18085,1409,1405,12,1417,35
2021-06-18,Kern,029,883053,97786,96948,10975,107923,1341
2021-06-18,Kings,031,150075,23233,23082,1078,24160,245
2021-06-18,Lake,033,64148,3572,3563,13,3576,45
2021-06-18,Lassen,035,31185,5265,5224,115,5339,19
2021-06-18,Los Angeles,037,10098052,1211196,1205472,41234,1246706,24451
2021-06-18,Madera,039,155013,16755,16625,933,17558,241
2021-06-18,Marin,041,260295,14185,14147,260,14407,230
2021-06-18,Mariposa,043,17540,439,439,11,450,5
2021-06-18,Mendocino,045,87422,4147,4068,82,4150,49
2021-06-18,Merced,047,269075,31182,31262,1040,32302,464
2021-06-18,Modoc,049,8938,411,402,146,548,3
2021-06-18,Mono,051,14174,1265,1275,16,1291,3
2021-06-18,Monterey,053,433212,43280,43148,1839,44987,427
2021-06-18,Napa,055,140530,9996,10021,36,10057,80
2021-06-18,Nevada,057,99092,4936,4903,193,5096,72
2021-06-18,Orange,059,3164182,256214,255274,11374,266648,5108
2021-06-18,Placer,061,380077,23713,23500,1524,25024,298
2021-06-18,Plumas,063,18699,716,697,11,708,4
2021-06-18,Riverside,065,2383286,295212,289676,13958,303634,4457
2021-06-18,Sacramento,067,1510023,107772,107570,1794,109364,1669
2021-06-18,San Benito,069,59416,6078,6097,113,6210,63
2021-06-18,San Bernardino,071,2135413,294272,293629,8965,302594,4826
2021-06-18,San Diego,073,3302833,282514,281608,15247,296855,3771
2021-06-18,San Francisco,075,870044,36985,37246,1280,38526,556
2021-06-18,San Joaquin,077,732212,73882,73623,3560,77183,1403
2021-06-18,San Luis Obispo,079,281455,21506,21301,742,22043,257
2021-06-18,San Mateo,081,765935,42597,42630,471,43101,542
2021-06-18,Santa Barbara,083,443738,34573,34469,1121,35590,455
2021-06-18,Santa Clara,085,1922200,119290,120081,760,120841,2093
2021-06-18,Santa Cruz,087,273765,16313,16202,798,17000,208
2021-06-18,Shasta,089,179085,12554,12607,1616,14223,201
2021-06-18,Sierra,091,2930,61,57,12,69,0
2021-06-18,Siskiyou,093,43540,1964,1890,363,2253,27
2021-06-18,Solano,095,438530,33315,33323,561,33884,266
2021-06-18,Sonoma,097,501317,30748,30816,354,31170,313
2021-06-18,Stanislaus,099,539301,56946,56803,5942,62745,1012
2021-06-18,Sutter,101,95872,9588,9643,87,9730,113
2021-06-18,Tehama,103,63373,5141,5114,579,5693,63
2021-06-18,Trinity,105,12862,491,337,94,431,3
2021-06-18,Tulare,107,460477,50398,49664,8971,58635,849
2021-06-18,Tuolumne,109,53932,4058,4116,43,4159,63
2021-06-18,Ventura,111,848112,81676,81256,2981,84237,1031
2021-06-18,Yolo,113,214977,14156,14148,258,14406,212
2021-06-18,Yuba,115,75493,6188,6150,131,6281,51
2021-06-17,Alameda,001,1643700,89068,89087,1938,91025,1262
2021-06-17,Alpine,003,1148,88,88,0,88,0
2021-06-17,Amador,005,37829,3733,3731,32,3763,46
2021-06-17,Butte,007,227075,12750,12644,1837,14481,194
2021-06-17,Calaveras,009,45235,2191,2189,13,2202,55
2021-06-17,Colusa,011,21464,1962,1969,318,2287,15
2021-06-17,Contra Costa,013,1133247,70642,70190,1292,71482,810
2021-06-17,Del Norte,015,27424,1446,1413,13,1426,8
2021-06-17,El Dorado,017,186661,10428,10341,761,11102,113
2021-06-17,Fresno,019,978130,103259,102867,8651,111518,1722
2021-06-17,Glenn,021,27897,2446,2430,561,2991,19
2021-06-17,Humboldt,023,135768,4446,4438,42,4480,42
2021-06-17,Imperial,025,180216,28740,28801,2693,31494,741
2021-06-17,Inyo,027,18085,1409,1405,12,1417,35
2021-06-17,Kern,029,883053,97771,96840,10969,107809,1340
2021-06-17,Kings,031,150075,23229,23078,1077,24155,245
2021-06-17,Lake,033,64148,3569,3563,9,3572,45
2021-06-17,Lassen,035,31185,5261,5223,115,5338,19
2021-06-17,Los Angeles,037,10098052,1210981,1205301,41207,1246508,24444
2021-06-17,Madera,039,155013,16750,16618,933,17551,241
2021-06-17,Marin,041,260295,14185,14141,260,14401,229
2021-06-17,Mariposa,043,17540,439,439,11,450,5
2021-06-17,Mendocino,045,87422,4140,4054,82,4136,49
2021-06-17,Merced,047,269075,31177,31262,1040,32302,464
2021-06-17,Modoc,049,8938,410,401,146,547,3
2021-06-17,Mono,051,14174,1264,1275,16,1291,3
2021-06-17,Monterey,053,433212,43272,43140,1839,44979,416
2021-06-17,Napa,055,140530,9996,10014,36,10050,80
2021-06-17,Nevada,057,99092,4932,4898,193,5091,72
2021-06-17,Orange,059,3164182,256168,255240,11363,266603,5109
2021-06-17,Placer,061,380077,23697,23461,1522,24983,298
2021-06-17,Plumas,063,18699,715,697,11,708,4
2021-06-17,Riverside,065,2383286,295158,289627,13956,303583,4458
2021-06-17,Sacramento,067,1510023,107708,107492,1792,109284,1666
2021-06-17,San Benito,069,59416,6078,6097,113,6210,63
2021-06-17,San Bernardino,071,2135413,294231,293560,8965,302525,4811
2021-06-17,San Diego,073,3302833,282438,281531,15233,296764,3771
2021-06-17,San Francisco,075,870044,36974,37243,1279,38522,556
2021-06-17,San Joaquin,077,732212,73859,73560,3555,77115,1403
2021-06-17,San Luis Obispo,079,281455,21504,21297,742,22039,257
2021-06-17,San Mateo,081,765935,42591,42615,471,43086,542
2021-06-17,Santa Barbara,083,443738,34567,34466,1121,35587,453
2021-06-17,Santa Clara,085,1922200,119265,120032,759,120791,2093
2021-06-17,Santa Cruz,087,273765,16309,16197,798,16995,208
2021-06-17,Shasta,089,179085,12546,12597,1616,14213,201
2021-06-17,Sierra,091,2930,61,56,12,68,0
2021-06-17,Siskiyou,093,43540,1963,1889,363,2252,27
2021-06-17,Solano,095,438530,33294,33296,560,33856,266
2021-06-17,Sonoma,097,501317,30718,30793,354,31147,323
2021-06-17,Stanislaus,099,539301,56915,56752,5937,62689,1012
2021-06-17,Sutter,101,95872,9585,9629,87,9716,113
2021-06-17,Tehama,103,63373,5140,5112,577,5689,63
2021-06-17,Trinity,105,12862,490,337,94,431,3
2021-06-17,Tulare,107,460477,50393,49649,8963,58612,849
2021-06-17,Tuolumne,109,53932,4057,4116,43,4159,63
2021-06-17,Ventura,111,848112,81667,81248,2978,84226,1030
2021-06-17,Yolo,113,214977,14148,14141,258,14399,212
2021-06-17,Yuba,115,75493,6179,6140,131,6271,51
2021-06-16,Alameda,001,1643700,89019,89045,1937,90982,1265
2021-06-16,Alpine,003,1148,88,88,0,88,0
2021-06-16,Amador,005,37829,3732,3730,32,3762,46
2021-06-16,Butte,007,227075,12748,12635,1835,14470,194
2021-06-16,Calaveras,009,45235,2189,2188,13,2201,55
2021-06-16,Colusa,011,21464,1962,1967,318,2285,15
2021-06-16,Contra Costa,013,1133247,70590,70136,1291,71427,810
2021-06-16,Del Norte,015,27424,1443,1413,13,1426,8
2021-06-16,El Dorado,017,186661,10422,10334,760,11094,113
2021-06-16,Fresno,019,978130,103228,102842,8647,111489,1722
2021-06-16,Glenn,021,27897,2446,2430,561,2991,19
2021-06-16,Humboldt,023,135768,4437,4427,41,4468,42
2021-06-16,Imperial,025,180216,28737,28796,2693,31489,741
2021-06-16,Inyo,027,18085,1408,1405,12,1417,35
2021-06-16,Kern,029,883053,97749,96789,10962,107751,1339
2021-06-16,Kings,031,150075,23228,23072,1076,24148,245
2021-06-16,Lake,033,64148,3569,3562,9,3571,45
2021-06-16,Lassen,035,31185,5258,5216,115,5331,19
2021-06-16,Los Angeles,037,10098052,1210758,1205102,41197,1246299,24439
2021-06-16,Madera,039,155013,16746,16603,933,17536,240
2021-06-16,Marin,041,260295,14183,14137,260,14397,229
2021-06-16,Mariposa,043,17540,439,437,11,448,5
2021-06-16,Mendocino,045,87422,4132,4041,82,4123,49
2021-06-16,Merced,047,269075,31169,31250,1040,32290,463
2021-06-16,Modoc,049,8938,409,383,145,528,3
2021-06-16,Mono,051,14174,1264,1275,16,1291,3
2021-06-16,Monterey,053,433212,43269,43122,1839,44961,416
2021-06-16,Napa,055,140530,9992,10011,36,10047,80
2021-06-16,Nevada,057,99092,4927,4894,193,5087,72
2021-06-16,Orange,059,3164182,256114,255188,11355,266543,5109
2021-06-16,Placer,061,380077,23687,23425,1518,24943,298
2021-06-16,Plumas,063,18699,715,697,11,708,4
2021-06-16,Riverside,065,2383286,295097,289539,13954,303493,4457
2021-06-16,Sacramento,067,1510023,107638,107422,1788,109210,1665
2021-06-16,San Benito,069,59416,6078,6090,113,6203,63
2021-06-16,San Bernardino,071,2135413,294182,293499,8963,302462,4797
2021-06-16,San Diego,073,3302833,282359,281423,15220,296643,3770
2021-06-16,San Francisco,075,870044,36961,37222,1277,38499,555
2021-06-16,San Joaquin,077,732212,73821,73530,3551,77081,1399
2021-06-16,San Luis Obispo,079,281455,21499,21294,742,22036,257
2021-06-16,San Mateo,081,765935,42575,42601,471,43072,542
2021-06-16,Santa Barbara,083,443738,34561,34459,1121,35580,460
2021-06-16,Santa Clara,085,1922200,119233,119982,759,120741,2087
2021-06-16,Santa Cruz,087,273765,16306,16187,798,16985,208
2021-06-16,Shasta,089,179085,12541,12592,1615,14207,200
2021-06-16,Sierra,091,2930,61,56,12,68,0
2021-06-16,Siskiyou,093,43540,1962,1886,363,2249,26
2021-06-16,Solano,095,438530,33266,33276,560,33836,266
2021-06-16,Sonoma,097,501317,30682,30741,354,31095,323
2021-06-16,Stanislaus,099,539301,56884,56738,5935,62673,984
2021-06-16,Sutter,101,95872,9581,9620,87,9707,113
2021-06-16,Tehama,103,63373,5138,5106,577,5683,63
2021-06-16,Trinity,105,12862,489,332,94,426,3
2021-06-16,Tulare,107,460477,50388,49578,8959,58537,849
2021-06-16,Tuolumne,109,53932,4057,4110,43,4153,63
2021-06-16,Ventura,111,848112,81653,81229,2976,84205,1029
2021-06-16,Yolo,113,214977,14139,14135,257,14392,212
2021-06-16,Yuba,115,75493,6169,6134,131,6265,51
2021-06-15,Alameda,001,1643700,88977,89008,1937,90945,1262
2021-06-15,Alpine,003,1148,88,88,0,88,0
2021-06-15,Amador,005,37829,3729,3723,32,3755,46
2021-06-15,Butte,007,227075,12740,12620,1834,14454,194
2021-06-15,Calaveras,009,45235,2188,2188,13,2201,55
2021-06-15,Colusa,011,21464,1962,1967,316,2283,15
2021-06-15,Contra Costa,013,1133247,70528,70101,1291,71392,810
2021-06-15,Del Norte,015,27424,1442,1411,13,1424,8
2021-06-15,El Dorado,017,186661,10413,10330,760,11090,113
2021-06-15,Fresno,019,978130,103196,102828,8646,111474,1722
2021-06-15,Glenn,021,27897,2445,2426,561,2987,19
2021-06-15,Humboldt,023,135768,4428,4414,40,4454,42
2021-06-15,Imperial,025,180216,28731,28789,2693,31482,741
2021-06-15,Inyo,027,18085,1408,1405,12,1417,35
2021-06-15,Kern,029,883053,97721,96782,10954,107736,1338
2021-06-15,Kings,031,150075,23222,23070,1074,24144,245
2021-06-15,Lake,033,64148,3568,3559,9,3568,45
2021-06-15,Lassen,035,31185,5257,5211,115,5326,19
2021-06-15,Los Angeles,037,10098052,1210533,1204926,41189,1246115,24435
2021-06-15,Madera,039,155013,16739,16600,932,17532,240
2021-06-15,Marin,041,260295,14175,14135,260,14395,229
2021-06-15,Mariposa,043,17540,439,437,11,448,5
2021-06-15,Mendocino,045,87422,4125,4034,82,4116,49
2021-06-15,Merced,047,269075,31163,31244,1040,32284,461
2021-06-15,Modoc,049,8938,408,383,145,528,3
2021-06-15,Mono,051,14174,1264,1275,16,1291,3
2021-06-15,Monterey,053,433212,43263,43118,1839,44957,416
2021-06-15,Napa,055,140530,9990,10010,36,10046,80
2021-06-15,Nevada,057,99092,4924,4888,193,5081,72
2021-06-15,Orange,059,3164182,256073,255127,11346,266473,5105
2021-06-15,Placer,061,380077,23665,23396,1517,24913,298
2021-06-15,Plumas,063,18699,714,697,11,708,4
2021-06-15,Riverside,065,2383286,295037,289508,13950,303458,4455
2021-06-15,Sacramento,067,1510023,107563,107370,1782,109152,1662
2021-06-15,San Benito,069,59416,6077,6089,113,6202,63
2021-06-15,San Bernardino,071,2135413,294132,293463,8957,302420,4790
2021-06-15,San Diego,073,3302833,282275,281375,15205,296580,3770
2021-06-15,San Francisco,075,870044,36952,37210,1276,38486,555
2021-06-15,San Joaquin,077,732212,73781,73494,3546,77040,1399
2021-06-15,San Luis Obispo,079,281455,21494,21293,741,22034,257
2021-06-15,San Mateo,081,765935,42562,42593,471,43064,543
2021-06-15,Santa Barbara,083,443738,34556,34451,1121,35572,460
2021-06-15,Santa Clara,085,1922200,119195,119963,759,120722,2086
2021-06-15,Santa Cruz,087,273765,16300,16180,797,16977,208
2021-06-15,Shasta,089,179085,12535,12583,1615,14198,201
2021-06-15,Sierra,091,2930,60,55,12,67,0
2021-06-15,Siskiyou,093,43540,1961,1887,363,2250,26
2021-06-15,Solano,095,438530,33247,33264,560,33824,266
2021-06-15,Sonoma,097,501317,30643,30707,353,31060,323
2021-06-15,Stanislaus,099,539301,56856,56724,5932,62656,979
2021-06-15,Sutter,101,95872,9572,9616,87,9703,113
2021-06-15,Tehama,103,63373,5136,5102,577,5679,63
2021-06-15,Trinity,105,12862,488,332,93,425,3
2021-06-15,Tulare,107,460477,50382,49561,8956,58517,848
2021-06-15,Tuolumne,109,53932,4057,4111,43,4154,63
2021-06-15,Ventura,111,848112,81642,81215,2973,84188,1029
2021-06-15,Yolo,113,214977,14135,14127,255,14382,212
2021-06-15,Yuba,115,75493,6158,6130,131,6261,51
2021-06-14,Alameda,001,1643700,88929,88966,1937,90903,1264
2021-06-14,Alpine,003,1148,88,88,0,88,0
2021-06-14,Amador,005,37829,3728,3722,32,3754,46
2021-06-14,Butte,007,227075,12729,12613,1830,14443,194
2021-06-14,Calaveras,009,45235,2187,2190,13,2203,55
2021-06-14,Colusa,011,21464,1961,1966,316,2282,15
2021-06-14,Contra Costa,013,1133247,70475,70069,1289,71358,810
2021-06-14,Del Norte,015,27424,1442,1411,13,1424,8
2021-06-14,El Dorado,017,186661,10404,10327,758,11085,113
2021-06-14,Fresno,019,978130,103174,102812,8644,111456,1719
2021-06-14,Glenn,021,27897,2445,2426,561,2987,19
2021-06-14,Humboldt,023,135768,4420,4407,39,4446,42
2021-06-14,Imperial,025,180216,28719,28836,2693,31529,741
2021-06-14,Inyo,027,18085,1407,1405,12,1417,35
2021-06-14,Kern,029,883053,97701,96760,10944,107704,1337
2021-06-14,Kings,031,150075,23219,23071,1073,24144,245
2021-06-14,Lake,033,64148,3567,3557,9,3566,45
2021-06-14,Lassen,035,31185,5254,5209,114,5323,19
2021-06-14,Los Angeles,037,10098052,1210291,1204748,41179,1245927,24434
2021-06-14,Madera,039,155013,16733,16597,931,17528,240
2021-06-14,Marin,041,260295,14173,14133,260,14393,229
2021-06-14,Mariposa,043,17540,438,437,11,448,5
2021-06-14,Mendocino,045,87422,4119,4028,82,4110,49
2021-06-14,Merced,047,269075,31154,31241,1039,32280,461
2021-06-14,Modoc,049,8938,399,382,143,525,3
2021-06-14,Mono,051,14174,1264,1275,16,1291,3
2021-06-14,Monterey,053,433212,43260,43110,1839,44949,415
2021-06-14,Napa,055,140530,9986,10000,36,10036,80
2021-06-14,Nevada,057,99092,4917,4885,193,5078,72
2021-06-14,Orange,059,3164182,256035,255069,11342,266411,5103
2021-06-14,Placer,061,380077,23640,23379,1516,24895,298
2021-06-14,Plumas,063,18699,714,696,11,707,4
2021-06-14,Riverside,065,2383286,294983,289476,13950,303426,4453
2021-06-14,Sacramento,067,1510023,107509,107334,1777,109111,1661
2021-06-14,San Benito,069,59416,6077,6087,113,6200,63
2021-06-14,San Bernardino,071,2135413,294076,293446,8953,302399,4790
2021-06-14,San Diego,073,3302833,282169,281314,15185,296499,3770
2021-06-14,San Francisco,075,870044,36940,37206,1276,38482,555
2021-06-14,San Joaquin,077,732212,73752,73453,3546,76999,1398
2021-06-14,San Luis Obispo,079,281455,21492,21302,741,22043,256
2021-06-14,San Mateo,081,765935,42549,42619,470,43089,543
2021-06-14,Santa Barbara,083,443738,34553,34449,1121,35570,460
2021-06-14,Santa Clara,085,1922200,119164,119957,758,120715,2085
2021-06-14,Santa Cruz,087,273765,16297,16175,797,16972,208
2021-06-14,Shasta,089,179085,12524,12561,1612,14173,201
2021-06-14,Sierra,091,2930,59,55,12,67,0
2021-06-14,Siskiyou,093,43540,1961,1886,363,2249,26
2021-06-14,Solano,095,438530,33230,33243,559,33802,266
2021-06-14,Sonoma,097,501317,30611,30679,352,31031,323
2021-06-14,Stanislaus,099,539301,56819,56689,5929,62618,975
2021-06-14,Sutter,101,95872,9569,9607,87,9694,112
2021-06-14,Tehama,103,63373,5134,5102,577,5679,63
2021-06-14,Trinity,105,12862,488,332,93,425,3
2021-06-14,Tulare,107,460477,50377,49538,8953,58491,848
2021-06-14,Tuolumne,109,53932,4054,4108,43,4151,63
2021-06-14,Ventura,111,848112,81632,81209,2973,84182,1028
2021-06-14,Yolo,113,214977,14127,14123,255,14378,212
2021-06-14,Yuba,115,75493,6151,6127,131,6258,50
2021-06-13,Alameda,001,1643700,88872,88947,1936,90883,1264
2021-06-13,Alpine,003,1148,87,88,0,88,0
2021-06-13,Amador,005,37829,3724,3721,32,3753,46
2021-06-13,Butte,007,227075,12718,12586,1827,14413,194
2021-06-13,Calaveras,009,45235,2187,2189,13,2202,55
2021-06-13,Colusa,011,21464,1961,1965,315,2280,15
2021-06-13,Contra Costa,013,1133247,70421,70040,1287,71327,810
2021-06-13,Del Norte,015,27424,1440,1412,13,1425,8
2021-06-13,El Dorado,017,186661,10395,10324,758,11082,113
2021-06-13,Fresno,019,978130,103144,102795,8639,111434,1719
2021-06-13,Glenn,021,27897,2444,2425,559,2984,19
2021-06-13,Humboldt,023,135768,4407,4401,39,4440,42
2021-06-13,Imperial,025,180216,28710,28800,2693,31493,741
2021-06-13,Inyo,027,18085,1407,1405,12,1417,35
2021-06-13,Kern,029,883053,97677,96743,10932,107675,1337
2021-06-13,Kings,031,150075,23214,23069,1072,24141,245
2021-06-13,Lake,033,64148,3567,3556,9,3565,45
2021-06-13,Lassen,035,31185,5249,5209,114,5323,19
2021-06-13,Los Angeles,037,10098052,1210024,1204614,41167,1245781,24433
2021-06-13,Madera,039,155013,16719,16590,931,17521,240
2021-06-13,Marin,041,260295,14167,14126,260,14386,229
2021-06-13,Mariposa,043,17540,438,434,11,445,5
2021-06-13,Mendocino,045,87422,4112,4026,82,4108,49
2021-06-13,Merced,047,269075,31148,31240,1038,32278,461
2021-06-13,Modoc,049,8938,397,382,141,523,3
2021-06-13,Mono,051,14174,1264,1275,16,1291,3
2021-06-13,Monterey,053,433212,43252,43108,1839,44947,415
2021-06-13,Napa,055,140530,9980,9995,36,10031,80
2021-06-13,Nevada,057,99092,4912,4883,193,5076,72
2021-06-13,Orange,059,3164182,255980,255043,11339,266382,5103
2021-06-13,Placer,061,380077,23614,23365,1514,24879,295
2021-06-13,Plumas,063,18699,713,696,11,707,4
2021-06-13,Riverside,065,2383286,294916,289447,13947,303394,4453
2021-06-13,Sacramento,067,1510023,107433,107289,1774,109063,1658
2021-06-13,San Benito,069,59416,6077,6086,113,6199,63
2021-06-13,San Bernardino,071,2135413,294024,293416,8948,302364,4788
2021-06-13,San Diego,073,3302833,282090,281268,15169,296437,3770
2021-06-13,San Francisco,075,870044,36928,37197,1276,38473,555
2021-06-13,San Joaquin,077,732212,73717,73438,3544,76982,1398
2021-06-13,San Luis Obispo,079,281455,21486,21298,740,22038,256
2021-06-13,San Mateo,081,765935,42536,42611,470,43081,542
2021-06-13,Santa Barbara,083,443738,34542,34449,1120,35569,460
2021-06-13,Santa Clara,085,1922200,119140,119946,758,120704,2085
2021-06-13,Santa Cruz,087,273765,16290,16172,797,16969,208
2021-06-13,Shasta,089,179085,12515,12560,1611,14171,201
2021-06-13,Sierra,091,2930,59,55,12,67,0
2021-06-13,Siskiyou,093,43540,1960,1885,363,2248,26
2021-06-13,Solano,095,438530,33209,33234,559,33793,266
2021-06-13,Sonoma,097,501317,30576,30663,350,31013,323
2021-06-13,Stanislaus,099,539301,56793,56671,5926,62597,975
2021-06-13,Sutter,101,95872,9562,9603,87,9690,112
2021-06-13,Tehama,103,63373,5132,5100,577,5677,63
2021-06-13,Trinity,105,12862,487,332,93,425,3
2021-06-13,Tulare,107,460477,50368,49537,8948,58485,848
2021-06-13,Tuolumne,109,53932,4052,4107,42,4149,63
2021-06-13,Ventura,111,848112,81618,81201,2973,84174,1028
2021-06-13,Yolo,113,214977,14118,14120,253,14373,212
2021-06-13,Yuba,115,75493,6144,6125,131,6256,50
2021-06-12,Alameda,001,1643700,88844,88901,1936,90837,1271
2021-06-12,Alpine,003,1148,87,88,0,88,0
2021-06-12,Amador,005,37829,3723,3721,32,3753,46
2021-06-12,Butte,007,227075,12714,12576,1827,14403,194
2021-06-12,Calaveras,009,45235,2187,2189,13,2202,55
2021-06-12,Colusa,011,21464,1961,1965,315,2280,15
2021-06-12,Contra Costa,013,1133247,70390,69989,1285,71274,810
2021-06-12,Del Norte,015,27424,1440,1412,13,1425,8
2021-06-12,El Dorado,017,186661,10390,10320,757,11077,113
2021-06-12,Fresno,019,978130,103134,102783,8638,111421,1720
2021-06-12,Glenn,021,27897,2442,2425,559,2984,19
2021-06-12,Humboldt,023,135768,4399,4396,39,4435,42
2021-06-12,Imperial,025,180216,28707,28799,2693,31492,741
2021-06-12,Inyo,027,18085,1407,1405,12,1417,35
2021-06-12,Kern,029,883053,97662,96731,10928,107659,1337
2021-06-12,Kings,031,150075,23212,23067,1072,24139,245
2021-06-12,Lake,033,64148,3566,3552,9,3561,45
2021-06-12,Lassen,035,31185,5249,5208,114,5322,19
2021-06-12,Los Angeles,037,10098052,1209883,1204439,41161,1245600,24434
2021-06-12,Madera,039,155013,16715,16586,931,17517,240
2021-06-12,Marin,041,260295,14164,14121,260,14381,229
2021-06-12,Mariposa,043,17540,438,434,11,445,5
2021-06-12,Mendocino,045,87422,4109,4024,82,4106,49
2021-06-12,Merced,047,269075,31145,31236,1038,32274,461
2021-06-12,Modoc,049,8938,396,382,141,523,3
2021-06-12,Mono,051,14174,1264,1275,16,1291,3
2021-06-12,Monterey,053,433212,43247,43103,1839,44942,415
2021-06-12,Napa,055,140530,9976,9986,36,10022,80
2021-06-12,Nevada,057,99092,4906,4878,193,5071,72
2021-06-12,Orange,059,3164182,255947,255004,11337,266341,5103
2021-06-12,Placer,061,380077,23595,23345,1514,24859,295
2021-06-12,Plumas,063,18699,713,696,11,707,4
2021-06-12,Riverside,065,2383286,294874,289413,13944,303357,4453
2021-06-12,Sacramento,067,1510023,107374,107199,1771,108970,1658
2021-06-12,San Benito,069,59416,6075,6083,113,6196,63
2021-06-12,San Bernardino,071,2135413,293989,293375,8946,302321,4788
2021-06-12,San Diego,073,3302833,282033,281203,15160,296363,3770
2021-06-12,San Francisco,075,870044,36918,37189,1276,38465,555
2021-06-12,San Joaquin,077,732212,73698,73413,3543,76956,1398
2021-06-12,San Luis Obispo,079,281455,21483,21293,740,22033,256
2021-06-12,San Mateo,081,765935,42530,42604,470,43074,542
2021-06-12,Santa Barbara,083,443738,34537,34450,1120,35570,460
2021-06-12,Santa Clara,085,1922200,119100,119894,758,120652,2085
2021-06-12,Santa Cruz,087,273765,16282,16170,797,16967,208
2021-06-12,Shasta,089,179085,12512,12556,1610,14166,201
2021-06-12,Sierra,091,2930,59,55,12,67,0
2021-06-12,Siskiyou,093,43540,1959,1884,363,2247,25
2021-06-12,Solano,095,438530,33200,33219,559,33778,266
2021-06-12,Sonoma,097,501317,30547,30647,350,30997,323
2021-06-12,Stanislaus,099,539301,56776,56649,5925,62574,974
2021-06-12,Sutter,101,95872,9558,9603,87,9690,112
2021-06-12,Tehama,103,63373,5132,5099,576,5675,63
2021-06-12,Trinity,105,12862,487,332,93,425,3
2021-06-12,Tulare,107,460477,50363,49533,8941,58474,848
2021-06-12,Tuolumne,109,53932,4051,4105,42,4147,63
2021-06-12,Ventura,111,848112,81606,81197,2973,84170,1028
2021-06-12,Yolo,113,214977,14115,14118,252,14370,212
2021-06-12,Yuba,115,75493,6139,6120,131,6251,50
2021-06-11,Alameda,001,1643700,88816,88844,1936,90780,1278
2021-06-11,Alpine,003,1148,87,88,0,88,0
2021-06-11,Amador,005,37829,3722,3710,32,3742,46
2021-06-11,Butte,007,227075,12710,12576,1825,14401,194
2021-06-11,Calaveras,009,45235,2187,2188,13,2201,55
2021-06-11,Colusa,011,21464,1960,1964,315,2279,15
2021-06-11,Contra Costa,013,1133247,70357,69940,1283,71223,808
2021-06-11,Del Norte,015,27424,1440,1409,13,1422,8
2021-06-11,El Dorado,017,186661,10387,10316,757,11073,113
2021-06-11,Fresno,019,978130,103115,102770,8637,111407,1720
2021-06-11,Glenn,021,27897,2442,2425,559,2984,19
2021-06-11,Humboldt,023,135768,4395,4389,39,4428,42
2021-06-11,Imperial,025,180216,28702,28793,2693,31486,741
2021-06-11,Inyo,027,18085,1407,1405,12,1417,35
2021-06-11,Kern,029,883053,97650,96718,10925,107643,1340
2021-06-11,Kings,031,150075,23208,23069,1071,24140,245
2021-06-11,Lake,033,64148,3565,3550,9,3559,45
2021-06-11,Lassen,035,31185,5248,5204,114,5318,18
2021-06-11,Los Angeles,037,10098052,1209733,1204259,41146,1245405,24434
2021-06-11,Madera,039,155013,16712,16582,931,17513,240
2021-06-11,Marin,041,260295,14161,14116,260,14376,229
2021-06-11,Mariposa,043,17540,438,434,11,445,5
2021-06-11,Mendocino,045,87422,4106,4022,82,4104,49
2021-06-11,Merced,047,269075,31140,31231,1038,32269,461
2021-06-11,Modoc,049,8938,396,382,140,522,3
2021-06-11,Mono,051,14174,1264,1274,16,1290,3
2021-06-11,Monterey,053,433212,43243,43097,1839,44936,415
2021-06-11,Napa,055,140530,9973,9977,36,10013,80
2021-06-11,Nevada,057,99092,4904,4873,193,5066,72
2021-06-11,Orange,059,3164182,255913,254975,11334,266309,5101
2021-06-11,Placer,061,380077,23590,23330,1514,24844,294
2021-06-11,Plumas,063,18699,713,696,11,707,4
2021-06-11,Riverside,065,2383286,294836,289376,13939,303315,4451
2021-06-11,Sacramento,067,1510023,107314,107119,1770,108889,1659
2021-06-11,San Benito,069,59416,6074,6082,113,6195,63
2021-06-11,San Bernardino,071,2135413,293953,293335,8942,302277,4788
2021-06-11,San Diego,073,3302833,281993,281144,15153,296297,3768
2021-06-11,San Francisco,075,870044,36914,37177,1276,38453,555
2021-06-11,San Joaquin,077,732212,73681,73347,3540,76887,1397
2021-06-11,San Luis Obispo,079,281455,21482,21288,740,22028,256
2021-06-11,San Mateo,081,765935,42516,42585,470,43055,542
2021-06-11,Santa Barbara,083,443738,34534,34438,1120,35558,460
2021-06-11,Santa Clara,085,1922200,119080,119860,758,120618,2083
2021-06-11,Santa Cruz,087,273765,16274,16164,797,16961,208
2021-06-11,Shasta,089,179085,12504,12550,1608,14158,201
2021-06-11,Sierra,091,2930,59,55,12,67,0
2021-06-11,Siskiyou,093,43540,1958,1882,363,2245,25
2021-06-11,Solano,095,438530,33180,33179,558,33737,266
2021-06-11,Sonoma,097,501317,30529,30624,350,30974,323
2021-06-11,Stanislaus,099,539301,56750,56617,5921,62538,974
2021-06-11,Sutter,101,95872,9555,9600,86,9686,112
2021-06-11,Tehama,103,63373,5131,5099,576,5675,63
2021-06-11,Trinity,105,12862,487,331,93,424,3
2021-06-11,Tulare,107,460477,50357,49516,8940,58456,848
2021-06-11,Tuolumne,109,53932,4048,4104,42,4146,63
2021-06-11,Ventura,111,848112,81596,81189,2973,84162,1026
2021-06-11,Yolo,113,214977,14108,14111,248,14359,212
2021-06-11,Yuba,115,75493,6135,6113,131,6244,50
2021-06-10,Alameda,001,1643700,88772,88806,1935,90741,1275
2021-06-10,Alpine,003,1148,87,88,0,88,0
2021-06-10,Amador,005,37829,3718,3709,32,3741,46
2021-06-10,Butte,007,227075,12693,12565,1825,14390,194
2021-06-10,Calaveras,009,45235,2186,2188,13,2201,55
2021-06-10,Colusa,011,21464,1958,1964,315,2279,15
2021-06-10,Contra Costa,013,1133247,70303,69876,1283,71159,807
2021-06-10,Del Norte,015,27424,1440,1405,13,1418,8
2021-06-10,El Dorado,017,186661,10380,10314,753,11067,113
2021-06-10,Fresno,019,978130,103089,102724,8636,111360,1717
2021-06-10,Glenn,021,27897,2442,2425,559,2984,19
2021-06-10,Humboldt,023,135768,4387,4384,39,4423,42
2021-06-10,Imperial,025,180216,28696,28779,2693,31472,739
2021-06-10,Inyo,027,18085,1407,1405,12,1417,35
2021-06-10,Kern,029,883053,97636,96706,10920,107626,1336
2021-06-10,Kings,031,150075,23207,23067,1071,24138,245
2021-06-10,Lake,033,64148,3560,3550,9,3559,45
2021-06-10,Lassen,035,31185,5246,5201,114,5315,18
2021-06-10,Los Angeles,037,10098052,1209568,1204110,41130,1245240,24440
2021-06-10,Madera,039,155013,16705,16581,930,17511,240
2021-06-10,Marin,041,260295,14158,14118,260,14378,229
2021-06-10,Mariposa,043,17540,436,434,11,445,5
2021-06-10,Mendocino,045,87422,4101,4016,82,4098,48
2021-06-10,Merced,047,269075,31132,31231,1035,32266,461
2021-06-10,Modoc,049,8938,395,381,140,521,3
2021-06-10,Mono,051,14174,1263,1274,16,1290,3
2021-06-10,Monterey,053,433212,43237,43090,1839,44929,415
2021-06-10,Napa,055,140530,9972,9974,36,10010,80
2021-06-10,Nevada,057,99092,4899,4866,193,5059,72
2021-06-10,Orange,059,3164182,255883,254950,11327,266277,5097
2021-06-10,Placer,061,380077,23577,23296,1514,24810,293
2021-06-10,Plumas,063,18699,713,696,11,707,4
2021-06-10,Riverside,065,2383286,294794,289335,13934,303269,4450
2021-06-10,Sacramento,067,1510023,107252,107049,1770,108819,1658
2021-06-10,San Benito,069,59416,6074,6079,113,6192,63
2021-06-10,San Bernardino,071,2135413,293912,293281,8939,302220,4782
2021-06-10,San Diego,073,3302833,281935,281052,15136,296188,3766
2021-06-10,San Francisco,075,870044,36904,37159,1274,38433,552
2021-06-10,San Joaquin,077,732212,73647,73276,3539,76815,1393
2021-06-10,San Luis Obispo,079,281455,21479,21280,740,22020,256
2021-06-10,San Mateo,081,765935,42509,42562,470,43032,666
2021-06-10,Santa Barbara,083,443738,34530,34434,1120,35554,460
2021-06-10,Santa Clara,085,1922200,119045,119832,757,120589,2075
2021-06-10,Santa Cruz,087,273765,16273,16159,797,16956,208
2021-06-10,Shasta,089,179085,12494,12536,1608,14144,201
2021-06-10,Sierra,091,2930,58,55,12,67,0
2021-06-10,Siskiyou,093,43540,1958,1881,363,2244,25
2021-06-10,Solano,095,438530,33163,33150,557,33707,265
2021-06-10,Sonoma,097,501317,30493,30571,348,30919,323
2021-06-10,Stanislaus,099,539301,56729,56588,5917,62505,974
2021-06-10,Sutter,101,95872,9548,9594,86,9680,112
2021-06-10,Tehama,103,63373,5131,5096,576,5672,63
2021-06-10,Trinity,105,12862,487,331,93,424,3
2021-06-10,Tulare,107,460477,50349,49503,8940,58443,848
2021-06-10,Tuolumne,109,53932,4048,4100,42,4142,63
2021-06-10,Ventura,111,848112,81585,81172,2972,84144,1026
2021-06-10,Yolo,113,214977,14105,14107,248,14355,212
2021-06-10,Yuba,115,75493,6131,6112,131,6243,50
2021-06-09,Alameda,001,1643700,88729,88762,1934,90696,1271
2021-06-09,Alpine,003,1148,87,88,0,88,0
2021-06-09,Amador,005,37829,3714,3706,32,3738,46
2021-06-09,Butte,007,227075,12687,12555,1823,14378,194
2021-06-09,Calaveras,009,45235,2184,2184,13,2197,55
2021-06-09,Colusa,011,21464,1958,1962,314,2276,15
2021-06-09,Contra Costa,013,1133247,70266,69829,1282,71111,803
2021-06-09,Del Norte,015,27424,1436,1403,13,1416,8
2021-06-09,El Dorado,017,186661,10377,10312,752,11064,113
2021-06-09,Fresno,019,978130,103069,102690,8632,111322,1717
2021-06-09,Glenn,021,27897,2441,2424,559,2983,19
2021-06-09,Humboldt,023,135768,4382,4379,38,4417,42
2021-06-09,Imperial,025,180216,28693,28754,2693,31447,739
2021-06-09,Inyo,027,18085,1407,1405,12,1417,35
2021-06-09,Kern,029,883053,97622,96697,10911,107608,1328
2021-06-09,Kings,031,150075,23205,23061,1071,24132,245
2021-06-09,Lake,033,64148,3557,3541,9,3550,45
2021-06-09,Lassen,035,31185,5245,5200,114,5314,18
2021-06-09,Los Angeles,037,10098052,1209380,1203955,41117,1245072,24432
2021-06-09,Madera,039,155013,16700,16580,930,17510,240
2021-06-09,Marin,041,260295,14153,14114,260,14374,229
2021-06-09,Mariposa,043,17540,436,434,11,445,5
2021-06-09,Mendocino,045,87422,4095,4008,82,4090,47
2021-06-09,Merced,047,269075,31128,31225,1035,32260,461
2021-06-09,Modoc,049,8938,393,377,139,516,3
2021-06-09,Mono,051,14174,1263,1274,16,1290,3
2021-06-09,Monterey,053,433212,43230,43082,1839,44921,415
2021-06-09,Napa,055,140530,9966,9971,36,10007,80
2021-06-09,Nevada,057,99092,4889,4863,192,5055,72
2021-06-09,Orange,059,3164182,255839,254893,11322,266215,5080
2021-06-09,Placer,061,380077,23558,23237,1514,24751,293
2021-06-09,Plumas,063,18699,712,697,11,708,4
2021-06-09,Riverside,065,2383286,294748,289299,13932,303231,4450
2021-06-09,Sacramento,067,1510023,107189,106971,1767,108738,1657
2021-06-09,San Benito,069,59416,6071,6078,113,6191,63
2021-06-09,San Bernardino,071,2135413,293870,293222,8939,302161,4782
2021-06-09,San Diego,073,3302833,281871,280941,15124,296065,3765
2021-06-09,San Francisco,075,870044,36891,37143,1273,38416,552
2021-06-09,San Joaquin,077,732212,73621,73232,3539,76771,1392
2021-06-09,San Luis Obispo,079,281455,21478,21259,740,21999,256
2021-06-09,San Mateo,081,765935,42493,42502,469,42971,666
2021-06-09,Santa Barbara,083,443738,34519,34422,1120,35542,460
2021-06-09,Santa Clara,085,1922200,119007,119793,756,120549,2068
2021-06-09,Santa Cruz,087,273765,16270,16155,797,16952,208
2021-06-09,Shasta,089,179085,12484,12521,1606,14127,201
2021-06-09,Sierra,091,2930,57,55,12,67,0
2021-06-09,Siskiyou,093,43540,1957,1871,363,2234,25
2021-06-09,Solano,095,438530,33147,33137,556,33693,264
2021-06-09,Sonoma,097,501317,30471,30540,348,30888,323
2021-06-09,Stanislaus,099,539301,56709,56560,5914,62474,974
2021-06-09,Sutter,101,95872,9539,9586,85,9671,111
2021-06-09,Tehama,103,63373,5130,5093,576,5669,63
2021-06-09,Trinity,105,12862,486,331,93,424,3
2021-06-09,Tulare,107,460477,50345,49496,8938,58434,847
2021-06-09,Tuolumne,109,53932,4045,4100,42,4142,63
2021-06-09,Ventura,111,848112,81575,81154,2971,84125,1026
2021-06-09,Yolo,113,214977,14103,14102,247,14349,212
2021-06-09,Yuba,115,75493,6127,6109,131,6240,50
2021-06-08,Alameda,001,1643700,88681,88731,1934,90665,1267
2021-06-08,Alpine,003,1148,87,88,0,88,0
2021-06-08,Amador,005,37829,3713,3704,32,3736,46
2021-06-08,Butte,007,227075,12681,12540,1821,14361,194
2021-06-08,Calaveras,009,45235,2183,2181,13,2194,55
2021-06-08,Colusa,011,21464,1958,1961,314,2275,15
2021-06-08,Contra Costa,013,1133247,70218,69762,1281,71043,803
2021-06-08,Del Norte,015,27424,1434,1402,13,1415,8
2021-06-08,El Dorado,017,186661,10372,10306,750,11056,113
2021-06-08,Fresno,019,978130,103044,102680,8630,111310,1717
2021-06-08,Glenn,021,27897,2440,2423,559,2982,19
2021-06-08,Humboldt,023,135768,4377,4363,38,4401,42
2021-06-08,Imperial,025,180216,28684,28752,2693,31445,738
2021-06-08,Inyo,027,18085,1407,1405,12,1417,35
2021-06-08,Kern,029,883053,97603,96671,10904,107575,1325
2021-06-08,Kings,031,150075,23204,23036,1071,24107,245
2021-06-08,Lake,033,64148,3556,3540,9,3549,45
2021-06-08,Lassen,035,31185,5245,5200,114,5314,18
2021-06-08,Los Angeles,037,10098052,1209182,1203794,41105,1244899,24426
2021-06-08,Madera,039,155013,16694,16579,929,17508,240
2021-06-08,Marin,041,260295,14151,14111,259,14370,229
2021-06-08,Mariposa,043,17540,436,434,11,445,5
2021-06-08,Mendocino,045,87422,4088,4002,82,4084,47
2021-06-08,Merced,047,269075,31120,31225,1035,32260,461
2021-06-08,Modoc,049,8938,387,377,138,515,3
2021-06-08,Mono,051,14174,1263,1274,16,1290,3
2021-06-08,Monterey,053,433212,43224,43078,1838,44916,415
2021-06-08,Napa,055,140530,9962,9962,36,9998,80
2021-06-08,Nevada,057,99092,4884,4861,192,5053,72
2021-06-08,Orange,059,3164182,255797,254852,11315,266167,5078
2021-06-08,Placer,061,380077,23540,23209,1510,24719,293
2021-06-08,Plumas,063,18699,712,692,11,703,4
2021-06-08,Riverside,065,2383286,294712,289268,13924,303192,4452
2021-06-08,Sacramento,067,1510023,107127,106901,1764,108665,1654
2021-06-08,San Benito,069,59416,6069,6076,113,6189,63
2021-06-08,San Bernardino,071,2135413,293821,293186,8935,302121,4778
2021-06-08,San Diego,073,3302833,281808,280879,15115,295994,3764
2021-06-08,San Francisco,075,870044,36876,37134,1272,38406,552
2021-06-08,San Joaquin,077,732212,73577,73186,3534,76720,1390
2021-06-08,San Luis Obispo,079,281455,21472,21251,739,21990,255
2021-06-08,San Mateo,081,765935,42480,42488,469,42957,663
2021-06-08,Santa Barbara,083,443738,34515,34418,1120,35538,459
2021-06-08,Santa Clara,085,1922200,118986,119770,755,120525,2068
2021-06-08,Santa Cruz,087,273765,16267,16160,797,16957,208
2021-06-08,Shasta,089,179085,12469,12498,1606,14104,201
2021-06-08,Sierra,091,2930,57,55,12,67,0
2021-06-08,Siskiyou,093,43540,1955,1870,361,2231,21
2021-06-08,Solano,095,438530,33126,33130,556,33686,259
2021-06-08,Sonoma,097,501317,30445,30523,346,30869,323
2021-06-08,Stanislaus,099,539301,56682,56548,5912,62460,973
2021-06-08,Sutter,101,95872,9536,9581,85,9666,111
2021-06-08,Tehama,103,63373,5127,5093,576,5669,63
2021-06-08,Trinity,105,12862,486,330,92,422,3
2021-06-08,Tulare,107,460477,50333,49485,8934,58419,847
2021-06-08,Tuolumne,109,53932,4041,4099,42,4141,63
2021-06-08,Ventura,111,848112,81559,81142,2970,84112,1026
2021-06-08,Yolo,113,214977,14098,14099,246,14345,212
2021-06-08,Yuba,115,75493,6125,6103,131,6234,50
2021-06-07,Alameda,001,1643700,88624,88688,1934,90622,1267
2021-06-07,Alpine,003,1148,87,88,0,88,0
2021-06-07,Amador,005,37829,3703,3697,32,3729,46
2021-06-07,Butte,007,227075,12674,12533,1820,14353,194
2021-06-07,Calaveras,009,45235,2182,2181,13,2194,55
2021-06-07,Colusa,011,21464,1957,1960,314,2274,15
2021-06-07,Contra Costa,013,1133247,70161,69718,1280,70998,817
2021-06-07,Del Norte,015,27424,1434,1401,13,1414,8
2021-06-07,El Dorado,017,186661,10367,10305,750,11055,113
2021-06-07,Fresno,019,978130,103013,102659,8622,111281,1717
2021-06-07,Glenn,021,27897,2440,2423,559,2982,19
2021-06-07,Humboldt,023,135768,4369,4354,38,4392,42
2021-06-07,Imperial,025,180216,28682,28754,2693,31447,738
2021-06-07,Inyo,027,18085,1407,1404,12,1416,35
2021-06-07,Kern,029,883053,97587,96645,10897,107542,1324
2021-06-07,Kings,031,150075,23200,23023,1071,24094,244
2021-06-07,Lake,033,64148,3554,3540,9,3549,45
2021-06-07,Lassen,035,31185,5240,5198,114,5312,18
2021-06-07,Los Angeles,037,10098052,1208957,1203664,41091,1244755,24413
2021-06-07,Madera,039,155013,16687,16572,929,17501,240
2021-06-07,Marin,041,260295,14147,14108,258,14366,229
2021-06-07,Mariposa,043,17540,436,434,11,445,5
2021-06-07,Mendocino,045,87422,4082,3998,82,4080,47
2021-06-07,Merced,047,269075,31108,31212,1034,32246,459
2021-06-07,Modoc,049,8938,386,375,135,510,3
2021-06-07,Mono,051,14174,1263,1275,16,1291,3
2021-06-07,Monterey,053,433212,43217,43077,1838,44915,415
2021-06-07,Napa,055,140530,9954,9962,36,9998,80
2021-06-07,Nevada,057,99092,4882,4860,192,5052,72
2021-06-07,Orange,059,3164182,255757,254808,11307,266115,5073
2021-06-07,Placer,061,380077,23521,23176,1508,24684,293
2021-06-07,Plumas,063,18699,712,692,11,703,4
2021-06-07,Riverside,065,2383286,294669,289232,13920,303152,4451
2021-06-07,Sacramento,067,1510023,107051,106841,1761,108602,1655
2021-06-07,San Benito,069,59416,6068,6074,113,6187,63
2021-06-07,San Bernardino,071,2135413,293783,293129,8934,302063,4775
2021-06-07,San Diego,073,3302833,281726,280808,15102,295910,3764
2021-06-07,San Francisco,075,870044,36860,37122,1272,38394,552
2021-06-07,San Joaquin,077,732212,73532,73130,3527,76657,1388
2021-06-07,San Luis Obispo,079,281455,21459,21252,739,21991,255
2021-06-07,San Mateo,081,765935,42464,42479,469,42948,664
2021-06-07,Santa Barbara,083,443738,34509,34407,1120,35527,459
2021-06-07,Santa Clara,085,1922200,118954,119743,755,120498,2066
2021-06-07,Santa Cruz,087,273765,16266,16159,797,16956,208
2021-06-07,Shasta,089,179085,12455,12483,1601,14084,200
2021-06-07,Sierra,091,2930,57,55,12,67,0
2021-06-07,Siskiyou,093,43540,1955,1869,361,2230,21
2021-06-07,Solano,095,438530,33104,33124,555,33679,258
2021-06-07,Sonoma,097,501317,30409,30504,345,30849,323
2021-06-07,Stanislaus,099,539301,56649,56521,5910,62431,972
2021-06-07,Sutter,101,95872,9532,9571,85,9656,111
2021-06-07,Tehama,103,63373,5123,5092,574,5666,63
2021-06-07,Trinity,105,12862,486,329,92,421,3
2021-06-07,Tulare,107,460477,50327,49471,8934,58405,847
2021-06-07,Tuolumne,109,53932,4040,4098,42,4140,63
2021-06-07,Ventura,111,848112,81542,81137,2968,84105,1025
2021-06-07,Yolo,113,214977,14093,14097,245,14342,211
2021-06-07,Yuba,115,75493,6123,6099,128,6227,49
2021-06-06,Alameda,001,1643700,88586,88636,1933,90569,1267
2021-06-06,Alpine,003,1148,87,88,0,88,0
2021-06-06,Amador,005,37829,3700,3696,32,3728,46
2021-06-06,Butte,007,227075,12663,12527,1819,14346,194
2021-06-06,Calaveras,009,45235,2181,2181,13,2194,55
2021-06-06,Colusa,011,21464,1955,1959,314,2273,15
2021-06-06,Contra Costa,013,1133247,70096,69659,1278,70937,817
2021-06-06,Del Norte,015,27424,1429,1401,13,1414,8
2021-06-06,El Dorado,017,186661,10360,10294,750,11044,113
2021-06-06,Fresno,019,978130,102980,102642,8619,111261,1717
2021-06-06,Glenn,021,27897,2439,2423,559,2982,19
2021-06-06,Humboldt,023,135768,4358,4353,38,4391,42
2021-06-06,Imperial,025,180216,28676,28762,2693,31455,738
2021-06-06,Inyo,027,18085,1406,1404,12,1416,35
2021-06-06,Kern,029,883053,97569,96623,10890,107513,1324
2021-06-06,Kings,031,150075,23194,23021,1071,24092,244
2021-06-06,Lake,033,64148,3554,3535,9,3544,45
2021-06-06,Lassen,035,31185,5238,5191,114,5305,18
2021-06-06,Los Angeles,037,10098052,1208758,1203539,41077,1244616,24410
2021-06-06,Madera,039,155013,16680,16567,929,17496,240
2021-06-06,Marin,041,260295,14141,14106,257,14363,229
2021-06-06,Mariposa,043,17540,435,435,11,446,5
2021-06-06,Mendocino,045,87422,4078,3993,82,4075,47
2021-06-06,Merced,047,269075,31102,31215,1033,32248,459
2021-06-06,Modoc,049,8938,386,375,134,509,3
2021-06-06,Mono,051,14174,1263,1275,16,1291,3
2021-06-06,Monterey,053,433212,43212,43078,1838,44916,415
2021-06-06,Napa,055,140530,9948,9963,36,9999,80
2021-06-06,Nevada,057,99092,4875,4854,191,5045,72
2021-06-06,Orange,059,3164182,255721,254782,11302,266084,5073
2021-06-06,Placer,061,380077,23496,23156,1505,24661,293
2021-06-06,Plumas,063,18699,712,692,11,703,4
2021-06-06,Riverside,065,2383286,294630,289201,13914,303115,4451
2021-06-06,Sacramento,067,1510023,106965,106749,1760,108509,1655
2021-06-06,San Benito,069,59416,6062,6074,113,6187,63
2021-06-06,San Bernardino,071,2135413,293727,293117,8925,302042,4773
2021-06-06,San Diego,073,3302833,281646,280743,15085,295828,3764
2021-06-06,San Francisco,075,870044,36847,37118,1270,38388,552
2021-06-06,San Joaquin,077,732212,73500,73105,3523,76628,1388
2021-06-06,San Luis Obispo,079,281455,21456,21246,739,21985,255
2021-06-06,San Mateo,081,765935,42447,42457,469,42926,664
2021-06-06,Santa Barbara,083,443738,34505,34403,1119,35522,459
2021-06-06,Santa Clara,085,1922200,118932,119711,755,120466,2066
2021-06-06,Santa Cruz,087,273765,16265,16158,797,16955,208
2021-06-06,Shasta,089,179085,12440,12478,1598,14076,200
2021-06-06,Sierra,091,2930,57,55,12,67,0
2021-06-06,Siskiyou,093,43540,1952,1869,361,2230,21
2021-06-06,Solano,095,438530,33077,33093,555,33648,258
2021-06-06,Sonoma,097,501317,30378,30478,344,30822,323
2021-06-06,Stanislaus,099,539301,56613,56486,5906,62392,972
2021-06-06,Sutter,101,95872,9525,9567,85,9652,111
2021-06-06,Tehama,103,63373,5113,5092,572,5664,63
2021-06-06,Trinity,105,12862,486,328,92,420,3
2021-06-06,Tulare,107,460477,50319,49466,8929,58395,847
2021-06-06,Tuolumne,109,53932,4037,4097,42,4139,63
2021-06-06,Ventura,111,848112,81531,81130,2965,84095,1025
2021-06-06,Yolo,113,214977,14085,14089,244,14333,210
2021-06-06,Yuba,115,75493,6115,6096,128,6224,49
2021-06-05,Alameda,001,1643700,88553,88612,1933,90545,1268
2021-06-05,Alpine,003,1148,87,88,0,88,0
2021-06-05,Amador,005,37829,3700,3694,32,3726,46
2021-06-05,Butte,007,227075,12657,12514,1818,14332,194
2021-06-05,Calaveras,009,45235,2181,2181,13,2194,55
2021-06-05,Colusa,011,21464,1955,1959,314,2273,15
2021-06-05,Contra Costa,013,1133247,70067,69601,1278,70879,817
2021-06-05,Del Norte,015,27424,1429,1400,13,1413,8
2021-06-05,El Dorado,017,186661,10358,10288,749,11037,113
2021-06-05,Fresno,019,978130,102971,102626,8619,111245,1717
2021-06-05,Glenn,021,27897,2438,2423,559,2982,19
2021-06-05,Humboldt,023,135768,4353,4346,38,4384,42
2021-06-05,Imperial,025,180216,28673,28764,2693,31457,738
2021-06-05,Inyo,027,18085,1406,1405,12,1417,35
2021-06-05,Kern,029,883053,97556,96597,10886,107483,1324
2021-06-05,Kings,031,150075,23191,23017,1071,24088,244
2021-06-05,Lake,033,64148,3551,3534,9,3543,45
2021-06-05,Lassen,035,31185,5237,5191,114,5305,18
2021-06-05,Los Angeles,037,10098052,1208629,1203338,41066,1244404,24411
2021-06-05,Madera,039,155013,16676,16563,929,17492,240
2021-06-05,Marin,041,260295,14139,14101,257,14358,229
2021-06-05,Mariposa,043,17540,435,435,11,446,5
2021-06-05,Mendocino,045,87422,4075,3989,82,4071,47
2021-06-05,Merced,047,269075,31100,31212,1032,32244,459
2021-06-05,Modoc,049,8938,386,375,133,508,3
2021-06-05,Mono,051,14174,1263,1274,16,1290,3
2021-06-05,Monterey,053,433212,43208,43071,1837,44908,415
2021-06-05,Napa,055,140530,9943,9960,36,9996,80
2021-06-05,Nevada,057,99092,4873,4849,191,5040,72
2021-06-05,Orange,059,3164182,255697,254752,11299,266051,5069
2021-06-05,Placer,061,380077,23480,23133,1505,24638,293
2021-06-05,Plumas,063,18699,712,692,11,703,4
2021-06-05,Riverside,065,2383286,294595,289157,13910,303067,4451
2021-06-05,Sacramento,067,1510023,106913,106688,1758,108446,1655
2021-06-05,San Benito,069,59416,6060,6074,113,6187,63
2021-06-05,San Bernardino,071,2135413,293694,293081,8924,302005,4772
2021-06-05,San Diego,073,3302833,281605,280676,15072,295748,3764
2021-06-05,San Francisco,075,870044,36838,37111,1270,38381,552
2021-06-05,San Joaquin,077,732212,73484,73078,3517,76595,1388
2021-06-05,San Luis Obispo,079,281455,21453,21236,739,21975,255
2021-06-05,San Mateo,081,765935,42437,42433,469,42902,664
2021-06-05,Santa Barbara,083,443738,34502,34399,1118,35517,459
2021-06-05,Santa Clara,085,1922200,118910,119676,753,120429,2066
2021-06-05,Santa Cruz,087,273765,16265,16154,797,16951,208
2021-06-05,Shasta,089,179085,12430,12472,1597,14069,200
2021-06-05,Sierra,091,2930,57,55,12,67,0
2021-06-05,Siskiyou,093,43540,1952,1867,361,2228,21
2021-06-05,Solano,095,438530,33062,33074,555,33629,257
2021-06-05,Sonoma,097,501317,30351,30450,342,30792,323
2021-06-05,Stanislaus,099,539301,56605,56463,5904,62367,973
2021-06-05,Sutter,101,95872,9522,9559,85,9644,111
2021-06-05,Tehama,103,63373,5112,5092,571,5663,63
2021-06-05,Trinity,105,12862,486,328,92,420,3
2021-06-05,Tulare,107,460477,50313,49463,8929,58392,847
2021-06-05,Tuolumne,109,53932,4035,4098,42,4140,63
2021-06-05,Ventura,111,848112,81522,81119,2963,84082,1025
2021-06-05,Yolo,113,214977,14083,14088,244,14332,210
2021-06-05,Yuba,115,75493,6114,6087,128,6215,49
2021-06-04,Alameda,001,1643700,88526,88585,1930,90515,1263
2021-06-04,Alpine,003,1148,87,88,0,88,0
2021-06-04,Amador,005,37829,3700,3690,32,3722,46
2021-06-04,Butte,007,227075,12646,12494,1815,14309,193
2021-06-04,Calaveras,009,45235,2181,2179,13,2192,55
2021-06-04,Colusa,011,21464,1955,1959,314,2273,15
2021-06-04,Contra Costa,013,1133247,70032,69540,1275,70815,816
2021-06-04,Del Norte,015,27424,1429,1398,13,1411,8
2021-06-04,El Dorado,017,186661,10354,10284,747,11031,112
2021-06-04,Fresno,019,978130,102955,102601,8619,111220,1712
2021-06-04,Glenn,021,27897,2438,2423,558,2981,19
2021-06-04,Humboldt,023,135768,4348,4327,38,4365,42
2021-06-04,Imperial,025,180216,28669,28753,2693,31446,738
2021-06-04,Inyo,027,18085,1406,1404,12,1416,35
2021-06-04,Kern,029,883053,97538,96573,10884,107457,1327
2021-06-04,Kings,031,150075,23190,23002,1071,24073,244
2021-06-04,Lake,033,64148,3549,3528,9,3537,45
2021-06-04,Lassen,035,31185,5237,5180,114,5294,18
2021-06-04,Los Angeles,037,10098052,1208508,1203106,41057,1244163,24400
2021-06-04,Madera,039,155013,16674,16557,929,17486,240
2021-06-04,Marin,041,260295,14138,14099,256,14355,229
2021-06-04,Mariposa,043,17540,435,435,11,446,5
2021-06-04,Mendocino,045,87422,4066,3983,82,4065,47
2021-06-04,Merced,047,269075,31095,31204,1031,32235,459
2021-06-04,Modoc,049,8938,384,375,133,508,3
2021-06-04,Mono,051,14174,1263,1275,16,1291,3
2021-06-04,Monterey,053,433212,43204,43068,1837,44905,415
2021-06-04,Napa,055,140530,9939,9958,36,9994,80
2021-06-04,Nevada,057,99092,4869,4844,191,5035,72
2021-06-04,Orange,059,3164182,255660,254730,11295,266025,5059
2021-06-04,Placer,061,380077,23464,23110,1504,24614,293
2021-06-04,Plumas,063,18699,712,691,11,702,4
2021-06-04,Riverside,065,2383286,294569,289098,13906,303004,4452
2021-06-04,Sacramento,067,1510023,106859,106616,1757,108373,1654
2021-06-04,San Benito,069,59416,6058,6073,113,6186,63
2021-06-04,San Bernardino,071,2135413,293670,293056,8922,301978,4768
2021-06-04,San Diego,073,3302833,281562,280556,15065,295621,3763
2021-06-04,San Francisco,075,870044,36833,37079,1269,38348,551
2021-06-04,San Joaquin,077,732212,73465,73039,3515,76554,1388
2021-06-04,San Luis Obispo,079,281455,21450,21234,738,21972,255
2021-06-04,San Mateo,081,765935,42425,42413,469,42882,478
2021-06-04,Santa Barbara,083,443738,34496,34402,1117,35519,459
2021-06-04,Santa Clara,085,1922200,118880,119619,753,120372,2065
2021-06-04,Santa Cruz,087,273765,16262,16150,797,16947,207
2021-06-04,Shasta,089,179085,12424,12458,1592,14050,200
2021-06-04,Sierra,091,2930,57,55,12,67,0
2021-06-04,Siskiyou,093,43540,1951,1865,361,2226,21
2021-06-04,Solano,095,438530,33051,33058,555,33613,256
2021-06-04,Sonoma,097,501317,30330,30411,342,30753,323
2021-06-04,Stanislaus,099,539301,56590,56442,5902,62344,973
2021-06-04,Sutter,101,95872,9517,9554,85,9639,111
2021-06-04,Tehama,103,63373,5107,5090,571,5661,63
2021-06-04,Trinity,105,12862,486,328,92,420,3
2021-06-04,Tulare,107,460477,50304,49452,8927,58379,847
2021-06-04,Tuolumne,109,53932,4034,4095,42,4137,63
2021-06-04,Ventura,111,848112,81515,81104,2961,84065,1023
2021-06-04,Yolo,113,214977,14081,14083,244,14327,210
2021-06-04,Yuba,115,75493,6111,6084,128,6212,49
2021-06-03,Alameda,001,1643700,88488,88555,1927,90482,1257
2021-06-03,Alpine,003,1148,87,88,0,88,0
2021-06-03,Amador,005,37829,3692,3688,32,3720,46
2021-06-03,Butte,007,227075,12642,12478,1814,14292,193
2021-06-03,Calaveras,009,45235,2181,2179,13,2192,55
2021-06-03,Colusa,011,21464,1955,1957,314,2271,15
2021-06-03,Contra Costa,013,1133247,69978,69500,1270,70770,816
2021-06-03,Del Norte,015,27424,1427,1397,13,1410,8
2021-06-03,El Dorado,017,186661,10348,10284,744,11028,112
2021-06-03,Fresno,019,978130,102938,102566,8619,111185,1709
2021-06-03,Glenn,021,27897,2438,2421,558,2979,19
2021-06-03,Humboldt,023,135768,4340,4314,38,4352,42
2021-06-03,Imperial,025,180216,28658,28737,2693,31430,738
2021-06-03,Inyo,027,18085,1406,1404,12,1416,35
2021-06-03,Kern,029,883053,97511,96507,10870,107377,1326
2021-06-03,Kings,031,150075,23186,22982,1071,24053,244
2021-06-03,Lake,033,64148,3547,3526,9,3535,45
2021-06-03,Lassen,035,31185,5228,5177,114,5291,12
2021-06-03,Los Angeles,037,10098052,1208337,1202923,41049,1243972,24386
2021-06-03,Madera,039,155013,16667,16554,929,17483,240
2021-06-03,Marin,041,260295,14133,14095,256,14351,230
2021-06-03,Mariposa,043,17540,435,435,11,446,5
2021-06-03,Mendocino,045,87422,4059,3978,82,4060,47
2021-06-03,Merced,047,269075,31092,31199,1031,32230,459
2021-06-03,Modoc,049,8938,383,376,132,508,3
2021-06-03,Mono,051,14174,1263,1275,16,1291,3
2021-06-03,Monterey,053,433212,43201,43063,1837,44900,415
2021-06-03,Napa,055,140530,9932,9957,36,9993,81
2021-06-03,Nevada,057,99092,4865,4837,191,5028,72
2021-06-03,Orange,059,3164182,255632,254676,11285,265961,5056
2021-06-03,Placer,061,380077,23455,23100,1503,24603,293
2021-06-03,Plumas,063,18699,712,691,11,702,4
2021-06-03,Riverside,065,2383286,294514,289035,13902,302937,4447
2021-06-03,Sacramento,067,1510023,106780,106526,1755,108281,1654
2021-06-03,San Benito,069,59416,6058,6073,113,6186,63
2021-06-03,San Bernardino,071,2135413,293639,293021,8922,301943,4762
2021-06-03,San Diego,073,3302833,281498,280430,15055,295485,3761
2021-06-03,San Francisco,075,870044,36827,37072,1269,38341,551
2021-06-03,San Joaquin,077,732212,73437,72989,3511,76500,1388
2021-06-03,San Luis Obispo,079,281455,21445,21224,738,21962,255
2021-06-03,San Mateo,081,765935,42412,42396,469,42865,467
2021-06-03,Santa Barbara,083,443738,34493,34391,1117,35508,459
2021-06-03,Santa Clara,085,1922200,118858,119592,751,120343,2058
2021-06-03,Santa Cruz,087,273765,16260,16144,797,16941,207
2021-06-03,Shasta,089,179085,12409,12441,1589,14030,199
2021-06-03,Sierra,091,2930,57,55,12,67,0
2021-06-03,Siskiyou,093,43540,1951,1862,360,2222,21
2021-06-03,Solano,095,438530,33037,33019,555,33574,256
2021-06-03,Sonoma,097,501317,30308,30383,341,30724,322
2021-06-03,Stanislaus,099,539301,56571,56401,5896,62297,973
2021-06-03,Sutter,101,95872,9508,9539,85,9624,111
2021-06-03,Tehama,103,63373,5107,5087,571,5658,63
2021-06-03,Trinity,105,12862,486,328,92,420,3
2021-06-03,Tulare,107,460477,50301,49442,8923,58365,848
2021-06-03,Tuolumne,109,53932,4032,4095,42,4137,63
2021-06-03,Ventura,111,848112,81503,81078,2959,84037,1023
2021-06-03,Yolo,113,214977,14077,14078,242,14320,210
2021-06-03,Yuba,115,75493,6104,6077,128,6205,49
2021-06-02,Alameda,001,1643700,88443,88525,1925,90450,1254
2021-06-02,Alpine,003,1148,87,88,0,88,0
2021-06-02,Amador,005,37829,3690,3687,32,3719,46
2021-06-02,Butte,007,227075,12622,12432,1811,14243,193
2021-06-02,Calaveras,009,45235,2178,2174,13,2187,55
2021-06-02,Colusa,011,21464,1954,1957,314,2271,15
2021-06-02,Contra Costa,013,1133247,69927,69455,1268,70723,814
2021-06-02,Del Norte,015,27424,1425,1395,13,1408,8
2021-06-02,El Dorado,017,186661,10344,10275,744,11019,110
2021-06-02,Fresno,019,978130,102914,102547,8616,111163,1707
2021-06-02,Glenn,021,27897,2438,2421,558,2979,19
2021-06-02,Humboldt,023,135768,4325,4302,38,4340,42
2021-06-02,Imperial,025,180216,28652,28737,2692,31429,738
2021-06-02,Inyo,027,18085,1405,1403,12,1415,35
2021-06-02,Kern,029,883053,97484,96481,10863,107344,1326
2021-06-02,Kings,031,150075,23184,22981,1070,24051,244
2021-06-02,Lake,033,64148,3542,3522,9,3531,45
2021-06-02,Lassen,035,31185,5227,5177,114,5291,6
2021-06-02,Los Angeles,037,10098052,1208132,1202760,41040,1243800,24375
2021-06-02,Madera,039,155013,16659,16550,929,17479,240
2021-06-02,Marin,041,260295,14131,14091,255,14346,229
2021-06-02,Mariposa,043,17540,435,434,11,445,5
2021-06-02,Mendocino,045,87422,4053,3970,82,4052,47
2021-06-02,Merced,047,269075,31079,31195,1030,32225,458
2021-06-02,Modoc,049,8938,382,375,131,506,3
2021-06-02,Mono,051,14174,1263,1275,16,1291,3
2021-06-02,Monterey,053,433212,43199,43056,1837,44893,380
2021-06-02,Napa,055,140530,9931,9953,36,9989,82
2021-06-02,Nevada,057,99092,4862,4833,191,5024,72
2021-06-02,Orange,059,3164182,255583,254637,11278,265915,5055
2021-06-02,Placer,061,380077,23434,23058,1501,24559,293
2021-06-02,Plumas,063,18699,712,690,11,701,4
2021-06-02,Riverside,065,2383286,294456,289012,13892,302904,4445
2021-06-02,Sacramento,067,1510023,106715,106435,1749,108184,1649
2021-06-02,San Benito,069,59416,6057,6073,113,6186,63
2021-06-02,San Bernardino,071,2135413,293591,293004,8917,301921,4760
2021-06-02,San Diego,073,3302833,281418,280347,15034,295381,3760
2021-06-02,San Francisco,075,870044,36807,37050,1268,38318,550
2021-06-02,San Joaquin,077,732212,73406,72893,3508,76401,1387
2021-06-02,San Luis Obispo,079,281455,21438,21214,737,21951,255
2021-06-02,San Mateo,081,765935,42402,42383,468,42851,464
2021-06-02,Santa Barbara,083,443738,34486,34381,1117,35498,456
2021-06-02,Santa Clara,085,1922200,118830,119553,750,120303,2058
2021-06-02,Santa Cruz,087,273765,16257,16144,797,16941,207
2021-06-02,Shasta,089,179085,12391,12426,1584,14010,199
2021-06-02,Sierra,091,2930,57,55,12,67,0
2021-06-02,Siskiyou,093,43540,1951,1861,358,2219,21
2021-06-02,Solano,095,438530,33025,33007,554,33561,256
2021-06-02,Sonoma,097,501317,30289,30359,336,30695,322
2021-06-02,Stanislaus,099,539301,56552,56377,5891,62268,973
2021-06-02,Sutter,101,95872,9505,9533,85,9618,111
2021-06-02,Tehama,103,63373,5104,5081,571,5652,63
2021-06-02,Trinity,105,12862,484,328,92,420,3
2021-06-02,Tulare,107,460477,50293,49434,8919,58353,846
2021-06-02,Tuolumne,109,53932,4031,4095,42,4137,63
2021-06-02,Ventura,111,848112,81478,81033,2959,83992,1020
2021-06-02,Yolo,113,214977,14074,14074,241,14315,210
2021-06-02,Yuba,115,75493,6098,6072,128,6200,48
2021-06-01,Alameda,001,1643700,88408,88472,1923,90395,1253
2021-06-01,Alpine,003,1148,87,88,0,88,0
2021-06-01,Amador,005,37829,3688,3687,32,3719,46
2021-06-01,Butte,007,227075,12608,12427,1810,14237,193
2021-06-01,Calaveras,009,45235,2176,2173,13,2186,55
2021-06-01,Colusa,011,21464,1953,1955,313,2268,15
2021-06-01,Contra Costa,013,1133247,69869,69404,1268,70672,813
2021-06-01,Del Norte,015,27424,1424,1394,13,1407,8
2021-06-01,El Dorado,017,186661,10338,10271,744,11015,110
2021-06-01,Fresno,019,978130,102890,102534,8613,111147,1706
2021-06-01,Glenn,021,27897,2438,2422,558,2980,18
2021-06-01,Humboldt,023,135768,4315,4299,38,4337,42
2021-06-01,Imperial,025,180216,28648,28722,2690,31412,736
2021-06-01,Inyo,027,18085,1405,1403,12,1415,35
2021-06-01,Kern,029,883053,97457,96477,10855,107332,1319
2021-06-01,Kings,031,150075,23180,22977,1070,24047,244
2021-06-01,Lake,033,64148,3541,3523,9,3532,45
2021-06-01,Lassen,035,31185,5220,5172,114,5286,6
2021-06-01,Los Angeles,037,10098052,1207895,1202673,41026,1243699,24367
2021-06-01,Madera,039,155013,16650,16549,928,17477,240
2021-06-01,Marin,041,260295,14129,14081,255,14336,229
2021-06-01,Mariposa,043,17540,435,431,11,442,5
2021-06-01,Mendocino,045,87422,4046,3966,82,4048,47
2021-06-01,Merced,047,269075,31069,31195,1030,32225,456
2021-06-01,Modoc,049,8938,380,375,131,506,3
2021-06-01,Mono,051,14174,1263,1275,16,1291,3
2021-06-01,Monterey,053,433212,43193,43051,1837,44888,379
2021-06-01,Napa,055,140530,9929,9949,36,9985,82
2021-06-01,Nevada,057,99092,4857,4825,191,5016,72
2021-06-01,Orange,059,3164182,255547,254603,11270,265873,5051
2021-06-01,Placer,061,380077,23404,23021,1499,24520,293
2021-06-01,Plumas,063,18699,711,690,11,701,4
2021-06-01,Riverside,065,2383286,294403,288996,13886,302882,4442
2021-06-01,Sacramento,067,1510023,106643,106330,1747,108077,1644
2021-06-01,San Benito,069,59416,6056,6073,112,6185,63
2021-06-01,San Bernardino,071,2135413,293566,292990,8916,301906,4758
2021-06-01,San Diego,073,3302833,281314,280305,15017,295322,3756
2021-06-01,San Francisco,075,870044,36791,37031,1268,38299,550
2021-06-01,San Joaquin,077,732212,73374,72858,3507,76365,1383
2021-06-01,San Luis Obispo,079,281455,21433,21217,737,21954,256
2021-06-01,San Mateo,081,765935,42386,42383,467,42850,462
2021-06-01,Santa Barbara,083,443738,34482,34374,1117,35491,456
2021-06-01,Santa Clara,085,1922200,118802,119528,750,120278,2057
2021-06-01,Santa Cruz,087,273765,16253,16143,796,16939,207
2021-06-01,Shasta,089,179085,12382,12409,1579,13988,199
2021-06-01,Sierra,091,2930,57,55,12,67,0
2021-06-01,Siskiyou,093,43540,1944,1860,357,2217,21
2021-06-01,Solano,095,438530,33000,32974,553,33527,256
2021-06-01,Sonoma,097,501317,30250,30324,335,30659,322
2021-06-01,Stanislaus,099,539301,56536,56348,5889,62237,973
2021-06-01,Sutter,101,95872,9498,9528,85,9613,111
2021-06-01,Tehama,103,63373,5102,5079,571,5650,63
2021-06-01,Trinity,105,12862,483,328,91,419,3
2021-06-01,Tulare,107,460477,50285,49419,8915,58334,845
2021-06-01,Tuolumne,109,53932,4031,4094,42,4136,63
2021-06-01,Ventura,111,848112,81462,81018,2958,83976,1021
2021-06-01,Yolo,113,214977,14068,14067,241,14308,210
2021-06-01,Yuba,115,75493,6094,6067,128,6195,48
2021-05-31,Alameda,001,1643700,88372,88458,1919,90377,1253
2021-05-31,Alpine,003,1148,87,88,0,88,0
2021-05-31,Amador,005,37829,3682,3687,32,3719,46
2021-05-31,Butte,007,227075,12595,12429,1810,14239,193
2021-05-31,Calaveras,009,45235,2175,2171,13,2184,55
2021-05-31,Colusa,011,21464,1953,1956,312,2268,15
2021-05-31,Contra Costa,013,1133247,69832,69390,1267,70657,813
2021-05-31,Del Norte,015,27424,1421,1394,13,1407,8
2021-05-31,El Dorado,017,186661,10332,10271,742,11013,110
2021-05-31,Fresno,019,978130,102853,102507,8613,111120,1706
2021-05-31,Glenn,021,27897,2437,2422,557,2979,18
2021-05-31,Humboldt,023,135768,4303,4295,38,4333,42
2021-05-31,Imperial,025,180216,28642,28732,2687,31419,736
2021-05-31,Inyo,027,18085,1404,1403,12,1415,35
2021-05-31,Kern,029,883053,97421,96457,10846,107303,1319
2021-05-31,Kings,031,150075,23176,22977,1070,24047,244
2021-05-31,Lake,033,64148,3536,3523,9,3532,45
2021-05-31,Lassen,035,31185,5218,5172,113,5285,6
2021-05-31,Los Angeles,037,10098052,1207652,1202567,41017,1243584,24364
2021-05-31,Madera,039,155013,16649,16543,927,17470,240
2021-05-31,Marin,041,260295,14127,14080,255,14335,229
2021-05-31,Mariposa,043,17540,435,430,11,441,5
2021-05-31,Mendocino,045,87422,4036,3961,82,4043,47
2021-05-31,Merced,047,269075,31064,31194,1030,32224,456
2021-05-31,Modoc,049,8938,379,374,131,505,3
2021-05-31,Mono,051,14174,1263,1275,16,1291,3
2021-05-31,Monterey,053,433212,43189,43051,1837,44888,379
2021-05-31,Napa,055,140530,9922,9948,36,9984,82
2021-05-31,Nevada,057,99092,4847,4823,190,5013,72
2021-05-31,Orange,059,3164182,255519,254572,11262,265834,5051
2021-05-31,Placer,061,380077,23377,23019,1495,24514,293
2021-05-31,Plumas,063,18699,710,690,11,701,4
2021-05-31,Riverside,065,2383286,294346,288970,13874,302844,4442
2021-05-31,Sacramento,067,1510023,106546,106278,1742,108020,1644
2021-05-31,San Benito,069,59416,6056,6072,112,6184,63
2021-05-31,San Bernardino,071,2135413,293518,292973,8915,301888,4758
2021-05-31,San Diego,073,3302833,281210,280254,15005,295259,3756
2021-05-31,San Francisco,075,870044,36776,37022,1267,38289,550
2021-05-31,San Joaquin,077,732212,73325,72856,3501,76357,1383
2021-05-31,San Luis Obispo,079,281455,21425,21215,737,21952,256
2021-05-31,San Mateo,081,765935,42370,42389,467,42856,442
2021-05-31,Santa Barbara,083,443738,34469,34369,1115,35484,456
2021-05-31,Santa Clara,085,1922200,118758,119515,750,120265,2057
2021-05-31,Santa Cruz,087,273765,16250,16139,796,16935,207
2021-05-31,Shasta,089,179085,12366,12408,1576,13984,199
2021-05-31,Sierra,091,2930,57,55,12,67,0
2021-05-31,Siskiyou,093,43540,1943,1856,356,2212,21
2021-05-31,Solano,095,438530,32950,32973,553,33526,256
2021-05-31,Sonoma,097,501317,30207,30314,335,30649,322
2021-05-31,Stanislaus,099,539301,56495,56335,5886,62221,973
2021-05-31,Sutter,101,95872,9479,9523,85,9608,111
2021-05-31,Tehama,103,63373,5099,5076,570,5646,63
2021-05-31,Trinity,105,12862,483,328,91,419,3
2021-05-31,Tulare,107,460477,50274,49404,8910,58314,845
2021-05-31,Tuolumne,109,53932,4029,4095,42,4137,63
2021-05-31,Ventura,111,848112,81447,81017,2955,83972,1021
2021-05-31,Yolo,113,214977,14064,14064,241,14305,210
2021-05-31,Yuba,115,75493,6088,6063,125,6188,48
2021-05-30,Alameda,001,1643700,88349,88429,1919,90348,1253
2021-05-30,Alpine,003,1148,87,88,0,88,0
2021-05-30,Amador,005,37829,3678,3685,32,3717,46
2021-05-30,Butte,007,227075,12585,12427,1808,14235,190
2021-05-30,Calaveras,009,45235,2171,2166,13,2179,55
2021-05-30,Colusa,011,21464,1953,1954,312,2266,15
2021-05-30,Contra Costa,013,1133247,69798,69381,1265,70646,813
2021-05-30,Del Norte,015,27424,1420,1393,13,1406,8
2021-05-30,El Dorado,017,186661,10329,10271,742,11013,110
2021-05-30,Fresno,019,978130,102836,102499,8609,111108,1706
2021-05-30,Glenn,021,27897,2437,2422,556,2978,18
2021-05-30,Humboldt,023,135768,4295,4291,38,4329,42
2021-05-30,Imperial,025,180216,28638,28732,2686,31418,736
2021-05-30,Inyo,027,18085,1404,1403,12,1415,35
2021-05-30,Kern,029,883053,97405,96443,10843,107286,1319
2021-05-30,Kings,031,150075,23175,22974,1070,24044,244
2021-05-30,Lake,033,64148,3536,3517,9,3526,45
2021-05-30,Lassen,035,31185,5216,5171,113,5284,6
2021-05-30,Los Angeles,037,10098052,1207537,1202425,41010,1243435,24360
2021-05-30,Madera,039,155013,16645,16538,927,17465,240
2021-05-30,Marin,041,260295,14123,14083,254,14337,229
2021-05-30,Mariposa,043,17540,435,430,11,441,5
2021-05-30,Mendocino,045,87422,4029,3955,82,4037,47
2021-05-30,Merced,047,269075,31060,31189,1029,32218,456
2021-05-30,Modoc,049,8938,379,374,131,505,3
2021-05-30,Mono,051,14174,1263,1275,16,1291,3
2021-05-30,Monterey,053,433212,43186,43049,1837,44886,379
2021-05-30,Napa,055,140530,9921,9948,36,9984,82
2021-05-30,Nevada,057,99092,4841,4818,190,5008,72
2021-05-30,Orange,059,3164182,255496,254559,11261,265820,5051
2021-05-30,Placer,061,380077,23371,23016,1495,24511,293
2021-05-30,Plumas,063,18699,708,690,11,701,4
2021-05-30,Riverside,065,2383286,294325,288961,13872,302833,4442
2021-05-30,Sacramento,067,1510023,106500,106252,1740,107992,1644
2021-05-30,San Benito,069,59416,6056,6072,112,6184,63
2021-05-30,San Bernardino,071,2135413,293492,292981,8914,301895,4758
2021-05-30,San Diego,073,3302833,281154,280209,15000,295209,3756
2021-05-30,San Francisco,075,870044,36757,37016,1267,38283,550
2021-05-30,San Joaquin,077,732212,73308,72853,3500,76353,1383
2021-05-30,San Luis Obispo,079,281455,21416,21211,736,21947,256
2021-05-30,San Mateo,081,765935,42362,42386,467,42853,439
2021-05-30,Santa Barbara,083,443738,34465,34369,1115,35484,456
2021-05-30,Santa Clara,085,1922200,118736,119510,746,120256,2057
2021-05-30,Santa Cruz,087,273765,16248,16140,796,16936,207
2021-05-30,Shasta,089,179085,12364,12408,1573,13981,199
2021-05-30,Sierra,091,2930,57,55,12,67,0
2021-05-30,Siskiyou,093,43540,1943,1856,356,2212,21
2021-05-30,Solano,095,438530,32939,32952,552,33504,256
2021-05-30,Sonoma,097,501317,30190,30310,334,30644,322
2021-05-30,Stanislaus,099,539301,56484,56323,5885,62208,973
2021-05-30,Sutter,101,95872,9478,9519,84,9603,111
2021-05-30,Tehama,103,63373,5099,5073,570,5643,63
2021-05-30,Trinity,105,12862,483,328,91,419,3
2021-05-30,Tulare,107,460477,50267,49397,8902,58299,845
2021-05-30,Tuolumne,109,53932,4029,4094,42,4136,63
2021-05-30,Ventura,111,848112,81443,81012,2954,83966,1021
2021-05-30,Yolo,113,214977,14059,14059,240,14299,210
2021-05-30,Yuba,115,75493,6081,6063,124,6187,48
2021-05-29,Alameda,001,1643700,88326,88433,1917,90350,1253
2021-05-29,Alpine,003,1148,87,88,0,88,0
2021-05-29,Amador,005,37829,3677,3683,32,3715,46
2021-05-29,Butte,007,227075,12579,12425,1808,14233,190
2021-05-29,Calaveras,009,45235,2170,2166,13,2179,55
2021-05-29,Colusa,011,21464,1950,1954,312,2266,15
2021-05-29,Contra Costa,013,1133247,69765,69351,1265,70616,813
2021-05-29,Del Norte,015,27424,1420,1391,13,1404,8
2021-05-29,El Dorado,017,186661,10328,10269,740,11009,110
2021-05-29,Fresno,019,978130,102824,102470,8606,111076,1706
2021-05-29,Glenn,021,27897,2437,2422,555,2977,18
2021-05-29,Humboldt,023,135768,4289,4283,38,4321,42
2021-05-29,Imperial,025,180216,28635,28729,2685,31414,736
2021-05-29,Inyo,027,18085,1404,1404,12,1416,35
2021-05-29,Kern,029,883053,97394,96424,10830,107254,1319
2021-05-29,Kings,031,150075,23174,22970,1069,24039,244
2021-05-29,Lake,033,64148,3536,3515,9,3524,45
2021-05-29,Lassen,035,31185,5216,5171,113,5284,6
2021-05-29,Los Angeles,037,10098052,1207414,1202264,41007,1243271,24359
2021-05-29,Madera,039,155013,16643,16535,927,17462,240
2021-05-29,Marin,041,260295,14119,14071,253,14324,229
2021-05-29,Mariposa,043,17540,434,428,11,439,5
2021-05-29,Mendocino,045,87422,4023,3952,82,4034,47
2021-05-29,Merced,047,269075,31048,31187,1029,32216,456
2021-05-29,Modoc,049,8938,379,374,131,505,3
2021-05-29,Mono,051,14174,1263,1275,16,1291,3
2021-05-29,Monterey,053,433212,43184,43042,1837,44879,379
2021-05-29,Napa,055,140530,9918,9948,36,9984,82
2021-05-29,Nevada,057,99092,4840,4816,190,5006,72
2021-05-29,Orange,059,3164182,255474,254537,11251,265788,5049
2021-05-29,Placer,061,380077,23356,23009,1494,24503,293
2021-05-29,Plumas,063,18699,708,689,11,700,4
2021-05-29,Riverside,065,2383286,294305,288908,13871,302779,4442
2021-05-29,Sacramento,067,1510023,106470,106218,1739,107957,1643
2021-05-29,San Benito,069,59416,6055,6072,112,6184,63
2021-05-29,San Bernardino,071,2135413,293460,292961,8913,301874,4757
2021-05-29,San Diego,073,3302833,281095,280151,14995,295146,3756
2021-05-29,San Francisco,075,870044,36748,37008,1267,38275,550
2021-05-29,San Joaquin,077,732212,73292,72827,3498,76325,1383
2021-05-29,San Luis Obispo,079,281455,21414,21201,736,21937,256
2021-05-29,San Mateo,081,765935,42354,42375,466,42841,439
2021-05-29,Santa Barbara,083,443738,34461,34367,1115,35482,456
2021-05-29,Santa Clara,085,1922200,118712,119498,745,120243,2056
2021-05-29,Santa Cruz,087,273765,16247,16137,796,16933,207
2021-05-29,Shasta,089,179085,12356,12401,1572,13973,199
2021-05-29,Sierra,091,2930,57,55,12,67,0
2021-05-29,Siskiyou,093,43540,1938,1856,356,2212,21
2021-05-29,Solano,095,438530,32930,32917,552,33469,256
2021-05-29,Sonoma,097,501317,30167,30298,333,30631,322
2021-05-29,Stanislaus,099,539301,56466,56305,5883,62188,974
2021-05-29,Sutter,101,95872,9474,9516,84,9600,111
2021-05-29,Tehama,103,63373,5098,5070,570,5640,63
2021-05-29,Trinity,105,12862,483,328,91,419,3
2021-05-29,Tulare,107,460477,50257,49392,8898,58290,845
2021-05-29,Tuolumne,109,53932,4029,4093,42,4135,63
2021-05-29,Ventura,111,848112,81435,81008,2954,83962,1021
2021-05-29,Yolo,113,214977,14058,14055,240,14295,210
2021-05-29,Yuba,115,75493,6081,6059,124,6183,48
2021-05-28,Alameda,001,1643700,88302,88391,1913,90304,1261
2021-05-28,Alpine,003,1148,87,88,0,88,0
2021-05-28,Amador,005,37829,3677,3680,32,3712,46
2021-05-28,Butte,007,227075,12576,12407,1807,14214,190
2021-05-28,Calaveras,009,45235,2169,2165,13,2178,55
2021-05-28,Colusa,011,21464,1950,1954,310,2264,15
2021-05-28,Contra Costa,013,1133247,69729,69290,1264,70554,813
2021-05-28,Del Norte,015,27424,1419,1390,13,1403,8
2021-05-28,El Dorado,017,186661,10325,10265,740,11005,110
2021-05-28,Fresno,019,978130,102809,102437,8606,111043,1705
2021-05-28,Glenn,021,27897,2437,2419,555,2974,18
2021-05-28,Humboldt,023,135768,4282,4265,38,4303,42
2021-05-28,Imperial,025,180216,28632,28722,2685,31407,736
2021-05-28,Inyo,027,18085,1404,1404,12,1416,35
2021-05-28,Kern,029,883053,97377,96396,10822,107218,1320
2021-05-28,Kings,031,150075,23172,22962,1069,24031,244
2021-05-28,Lake,033,64148,3534,3515,9,3524,45
2021-05-28,Lassen,035,31185,5216,5169,113,5282,6
2021-05-28,Los Angeles,037,10098052,1207303,1202103,40997,1243100,24357
2021-05-28,Madera,039,155013,16641,16530,927,17457,240
2021-05-28,Marin,041,260295,14118,14063,252,14315,229
2021-05-28,Mariposa,043,17540,434,428,11,439,5
2021-05-28,Mendocino,045,87422,4018,3947,82,4029,47
2021-05-28,Merced,047,269075,31045,31176,1029,32205,455
2021-05-28,Modoc,049,8938,379,374,131,505,3
2021-05-28,Mono,051,14174,1263,1274,16,1290,3
2021-05-28,Monterey,053,433212,43183,43036,1837,44873,379
2021-05-28,Napa,055,140530,9918,9941,36,9977,82
2021-05-28,Nevada,057,99092,4838,4813,190,5003,71
2021-05-28,Orange,059,3164182,255454,254494,11249,265743,5047
2021-05-28,Placer,061,380077,23346,22987,1492,24479,293
2021-05-28,Plumas,063,18699,706,688,11,699,4
2021-05-28,Riverside,065,2383286,294283,288872,13869,302741,4442
2021-05-28,Sacramento,067,1510023,106414,106131,1737,107868,1642
2021-05-28,San Benito,069,59416,6055,6074,112,6186,63
2021-05-28,San Bernardino,071,2135413,293437,292905,8913,301818,4757
2021-05-28,San Diego,073,3302833,281032,280043,14984,295027,3756
2021-05-28,San Francisco,075,870044,36742,36987,1267,38254,546
2021-05-28,San Joaquin,077,732212,73262,72793,3496,76289,1383
2021-05-28,San Luis Obispo,079,281455,21409,21190,734,21924,256
2021-05-28,San Mateo,081,765935,42348,42364,466,42830,439
2021-05-28,Santa Barbara,083,443738,34460,34371,1115,35486,455
2021-05-28,Santa Clara,085,1922200,118688,119462,745,120207,2056
2021-05-28,Santa Cruz,087,273765,16246,16129,796,16925,207
2021-05-28,Shasta,089,179085,12347,12383,1570,13953,198
2021-05-28,Sierra,091,2930,57,54,12,66,0
2021-05-28,Siskiyou,093,43540,1936,1850,356,2206,19
2021-05-28,Solano,095,438530,32915,32892,552,33444,256
2021-05-28,Sonoma,097,501317,30148,30270,333,30603,321
2021-05-28,Stanislaus,099,539301,56448,56278,5880,62158,974
2021-05-28,Sutter,101,95872,9470,9511,84,9595,111
2021-05-28,Tehama,103,63373,5092,5064,570,5634,63
2021-05-28,Trinity,105,12862,483,328,91,419,3
2021-05-28,Tulare,107,460477,50252,49375,8889,58264,846
2021-05-28,Tuolumne,109,53932,4029,4090,42,4132,63
2021-05-28,Ventura,111,848112,81424,80985,2953,83938,1021
2021-05-28,Yolo,113,214977,14055,14050,239,14289,210
2021-05-28,Yuba,115,75493,6079,6050,123,6173,48
2021-05-27,Alameda,001,1643700,88267,88342,1913,90255,1274
2021-05-27,Alpine,003,1148,87,88,0,88,0
2021-05-27,Amador,005,37829,3674,3680,32,3712,46
2021-05-27,Butte,007,227075,12571,12401,1806,14207,190
2021-05-27,Calaveras,009,45235,2168,2163,13,2176,55
2021-05-27,Colusa,011,21464,1947,1952,310,2262,15
2021-05-27,Contra Costa,013,1133247,69687,69245,1262,70507,813
2021-05-27,Del Norte,015,27424,1419,1388,13,1401,8
2021-05-27,El Dorado,017,186661,10324,10248,740,10988,112
2021-05-27,Fresno,019,978130,102793,102413,8603,111016,1704
2021-05-27,Glenn,021,27897,2437,2415,555,2970,18
2021-05-27,Humboldt,023,135768,4274,4260,38,4298,42
2021-05-27,Imperial,025,180216,28621,28728,2685,31413,736
2021-05-27,Inyo,027,18085,1404,1404,12,1416,35
2021-05-27,Kern,029,883053,97361,96364,10814,107178,1322
2021-05-27,Kings,031,150075,23169,22953,1069,24022,245
2021-05-27,Lake,033,64148,3529,3509,9,3518,45
2021-05-27,Lassen,035,31185,5215,5170,112,5282,6
2021-05-27,Los Angeles,037,10098052,1207134,1201927,40983,1242910,24348
2021-05-27,Madera,039,155013,16632,16527,927,17454,240
2021-05-27,Marin,041,260295,14114,14061,252,14313,229
2021-05-27,Mariposa,043,17540,432,427,11,438,5
2021-05-27,Mendocino,045,87422,4012,3945,82,4027,47
2021-05-27,Merced,047,269075,31033,31161,1029,32190,455
2021-05-27,Modoc,049,8938,378,374,131,505,3
2021-05-27,Mono,051,14174,1263,1276,16,1292,3
2021-05-27,Monterey,053,433212,43177,43032,1837,44869,379
2021-05-27,Napa,055,140530,9917,9934,36,9970,82
2021-05-27,Nevada,057,99092,4834,4807,188,4995,71
2021-05-27,Orange,059,3164182,255417,254438,11245,265683,5059
2021-05-27,Placer,061,380077,23337,22966,1492,24458,293
2021-05-27,Plumas,063,18699,706,687,11,698,4
2021-05-27,Riverside,065,2383286,294247,288835,13864,302699,4443
2021-05-27,Sacramento,067,1510023,106339,106015,1735,107750,1642
2021-05-27,San Benito,069,59416,6054,6074,112,6186,63
2021-05-27,San Bernardino,071,2135413,293401,292755,8911,301666,4756
2021-05-27,San Diego,073,3302833,280958,279960,14970,294930,3756
2021-05-27,San Francisco,075,870044,36736,36980,1264,38244,546
2021-05-27,San Joaquin,077,732212,73230,72714,3493,76207,1388
2021-05-27,San Luis Obispo,079,281455,21404,21171,734,21905,256
2021-05-27,San Mateo,081,765935,42339,42345,466,42811,436
2021-05-27,Santa Barbara,083,443738,34455,34355,1115,35470,456
2021-05-27,Santa Clara,085,1922200,118667,119452,745,120197,2053
2021-05-27,Santa Cruz,087,273765,16244,16134,796,16930,207
2021-05-27,Shasta,089,179085,12337,12380,1570,13950,202
2021-05-27,Sierra,091,2930,57,54,12,66,0
2021-05-27,Siskiyou,093,43540,1933,1846,356,2202,18
2021-05-27,Solano,095,438530,32874,32855,551,33406,257
2021-05-27,Sonoma,097,501317,30121,30253,329,30582,321
2021-05-27,Stanislaus,099,539301,56423,56207,5879,62086,974
2021-05-27,Sutter,101,95872,9466,9501,84,9585,111
2021-05-27,Tehama,103,63373,5089,5064,569,5633,63
2021-05-27,Trinity,105,12862,483,328,91,419,3
2021-05-27,Tulare,107,460477,50238,49366,8880,58246,840
2021-05-27,Tuolumne,109,53932,4028,4090,42,4132,66
2021-05-27,Ventura,111,848112,81411,80965,2950,83915,1023
2021-05-27,Yolo,113,214977,14052,14036,239,14275,213
2021-05-27,Yuba,115,75493,6074,6040,122,6162,48
2021-05-26,Alameda,001,1643700,88238,88297,1913,90210,1266
2021-05-26,Alpine,003,1148,87,88,0,88,0
2021-05-26,Amador,005,37829,3674,3679,32,3711,46
2021-05-26,Butte,007,227075,12562,12332,1805,14137,190
2021-05-26,Calaveras,009,45235,2167,2154,13,2167,55
2021-05-26,Colusa,011,21464,1946,1952,310,2262,15
2021-05-26,Contra Costa,013,1133247,69650,69210,1262,70472,812
2021-05-26,Del Norte,015,27424,1419,1386,12,1398,8
2021-05-26,El Dorado,017,186661,10320,10242,739,10981,112
2021-05-26,Fresno,019,978130,102760,102374,8598,110972,1702
2021-05-26,Glenn,021,27897,2436,2415,555,2970,18
2021-05-26,Humboldt,023,135768,4269,4246,38,4284,42
2021-05-26,Imperial,025,180216,28616,28712,2683,31395,734
2021-05-26,Inyo,027,18085,1404,1403,12,1415,36
2021-05-26,Kern,029,883053,97336,96343,10807,107150,1320
2021-05-26,Kings,031,150075,23165,22950,1068,24018,245
2021-05-26,Lake,033,64148,3528,3508,9,3517,45
2021-05-26,Lassen,035,31185,5214,5164,112,5276,6
2021-05-26,Los Angeles,037,10098052,1206966,1198100,40967,1239067,24221
2021-05-26,Madera,039,155013,16629,16520,927,17447,240
2021-05-26,Marin,041,260295,14111,14061,251,14312,227
2021-05-26,Mariposa,043,17540,432,427,11,438,5
2021-05-26,Mendocino,045,87422,4006,3938,82,4020,47
2021-05-26,Merced,047,269075,31024,31139,1029,32168,455
2021-05-26,Modoc,049,8938,378,371,130,501,3
2021-05-26,Mono,051,14174,1263,1274,16,1290,3
2021-05-26,Monterey,053,433212,43171,43018,1836,44854,379
2021-05-26,Napa,055,140530,9910,9932,34,9966,82
2021-05-26,Nevada,057,99092,4829,4803,188,4991,70
2021-05-26,Orange,059,3164182,255381,254368,11242,265610,5058
2021-05-26,Placer,061,380077,23313,22940,1492,24432,293
2021-05-26,Plumas,063,18699,705,685,11,696,4
2021-05-26,Riverside,065,2383286,294201,288782,13857,302639,4443
2021-05-26,Sacramento,067,1510023,106253,105919,1731,107650,1637
2021-05-26,San Benito,069,59416,6054,6074,112,6186,63
2021-05-26,San Bernardino,071,2135413,293366,292662,8910,301572,4755
2021-05-26,San Diego,073,3302833,280883,279859,14960,294819,3755
2021-05-26,San Francisco,075,870044,36724,36954,1264,38218,546
2021-05-26,San Joaquin,077,732212,73188,72681,3490,76171,1388
2021-05-26,San Luis Obispo,079,281455,21398,21163,734,21897,256
2021-05-26,San Mateo,081,765935,42331,42331,466,42797,436
2021-05-26,Santa Barbara,083,443738,34446,34348,1115,35463,459
2021-05-26,Santa Clara,085,1922200,118640,119421,744,120165,2031
2021-05-26,Santa Cruz,087,273765,16243,16139,796,16935,207
2021-05-26,Shasta,089,179085,12322,12357,1567,13924,202
2021-05-26,Sierra,091,2930,57,54,12,66,0
2021-05-26,Siskiyou,093,43540,1931,1847,354,2201,18
2021-05-26,Solano,095,438530,32838,32831,551,33382,257
2021-05-26,Sonoma,097,501317,30094,30230,329,30559,321
2021-05-26,Stanislaus,099,539301,56401,56193,5877,62070,974
2021-05-26,Sutter,101,95872,9461,9495,84,9579,112
2021-05-26,Tehama,103,63373,5088,5054,566,5620,63
2021-05-26,Trinity,105,12862,483,328,91,419,3
2021-05-26,Tulare,107,460477,50231,49352,8876,58228,839
2021-05-26,Tuolumne,109,53932,4024,4088,41,4129,66
2021-05-26,Ventura,111,848112,81388,80944,2948,83892,1023
2021-05-26,Yolo,113,214977,14049,14025,239,14264,213
2021-05-26,Yuba,115,75493,6069,6036,122,6158,49
2021-05-25,Alameda,001,1643700,88208,88237,1913,90150,1263
2021-05-25,Alpine,003,1148,87,88,0,88,0
2021-05-25,Amador,005,37829,3669,3676,32,3708,46
2021-05-25,Butte,007,227075,12551,12295,1804,14099,189
2021-05-25,Calaveras,009,45235,2165,2148,13,2161,55
2021-05-25,Colusa,011,21464,1945,1949,310,2259,15
2021-05-25,Contra Costa,013,1133247,69598,69167,1257,70424,809
2021-05-25,Del Norte,015,27424,1419,1385,12,1397,8
2021-05-25,El Dorado,017,186661,10313,10240,738,10978,112
2021-05-25,Fresno,019,978130,102739,102329,8596,110925,1701
2021-05-25,Glenn,021,27897,2435,2414,554,2968,17
2021-05-25,Humboldt,023,135768,4262,4231,36,4267,42
2021-05-25,Imperial,025,180216,28609,28586,2683,31269,735
2021-05-25,Inyo,027,18085,1404,1402,12,1414,36
2021-05-25,Kern,029,883053,97305,96319,10793,107112,1319
2021-05-25,Kings,031,150075,23158,22944,1068,24012,245
2021-05-25,Lake,033,64148,3527,3508,9,3517,44
2021-05-25,Lassen,035,31185,5210,5164,112,5276,6
2021-05-25,Los Angeles,037,10098052,1206780,1197940,40949,1238889,24212
2021-05-25,Madera,039,155013,16624,16519,926,17445,240
2021-05-25,Marin,041,260295,14105,14053,251,14304,227
2021-05-25,Mariposa,043,17540,431,427,11,438,5
2021-05-25,Mendocino,045,87422,4001,3928,82,4010,47
2021-05-25,Merced,047,269075,31003,31132,1029,32161,455
2021-05-25,Modoc,049,8938,377,367,130,497,3
2021-05-25,Mono,051,14174,1263,1274,16,1290,3
2021-05-25,Monterey,053,433212,43167,43012,1835,44847,379
2021-05-25,Napa,055,140530,9908,9926,34,9960,82
2021-05-25,Nevada,057,99092,4823,4795,188,4983,70
2021-05-25,Orange,059,3164182,255352,254321,11241,265562,5057
2021-05-25,Placer,061,380077,23302,22920,1490,24410,292
2021-05-25,Plumas,063,18699,705,684,11,695,4
2021-05-25,Riverside,065,2383286,294162,288725,13854,302579,4443
2021-05-25,Sacramento,067,1510023,106172,105828,1728,107556,1633
2021-05-25,San Benito,069,59416,6054,6073,112,6185,63
2021-05-25,San Bernardino,071,2135413,293306,292485,8909,301394,4755
2021-05-25,San Diego,073,3302833,280801,279786,14955,294741,3753
2021-05-25,San Francisco,075,870044,36701,36939,1264,38203,546
2021-05-25,San Joaquin,077,732212,73146,72628,3487,76115,1387
2021-05-25,San Luis Obispo,079,281455,21395,21153,734,21887,256
2021-05-25,San Mateo,081,765935,42321,42268,466,42734,435
2021-05-25,Santa Barbara,083,443738,34443,34337,1115,35452,459
2021-05-25,Santa Clara,085,1922200,118616,119393,743,120136,2032
2021-05-25,Santa Cruz,087,273765,16238,16141,796,16937,207
2021-05-25,Shasta,089,179085,12313,12328,1565,13893,202
2021-05-25,Sierra,091,2930,56,54,12,66,0
2021-05-25,Siskiyou,093,43540,1930,1845,353,2198,18
2021-05-25,Solano,095,438530,32819,32817,550,33367,256
2021-05-25,Sonoma,097,501317,30065,30207,328,30535,321
2021-05-25,Stanislaus,099,539301,56365,56168,5874,62042,974
2021-05-25,Sutter,101,95872,9457,9495,84,9579,112
2021-05-25,Tehama,103,63373,5086,5048,565,5613,63
2021-05-25,Trinity,105,12862,483,328,90,418,3
2021-05-25,Tulare,107,460477,50221,49326,8868,58194,838
2021-05-25,Tuolumne,109,53932,4024,4084,41,4125,66
2021-05-25,Ventura,111,848112,81370,80905,2948,83853,1022
2021-05-25,Yolo,113,214977,14041,14018,237,14255,213
2021-05-25,Yuba,115,75493,6062,6028,122,6150,49
2021-05-24,Alameda,001,1643700,88168,88182,1912,90094,1263
2021-05-24,Alpine,003,1148,87,88,0,88,0
2021-05-24,Amador,005,37829,3667,3675,32,3707,46
2021-05-24,Butte,007,227075,12538,12279,1801,14080,189
2021-05-24,Calaveras,009,45235,2163,2146,13,2159,54
2021-05-24,Colusa,011,21464,1945,1949,310,2259,15
2021-05-24,Contra Costa,013,1133247,69557,69107,1253,70360,809
2021-05-24,Del Norte,015,27424,1418,1384,12,1396,8
2021-05-24,El Dorado,017,186661,10303,10227,737,10964,112
2021-05-24,Fresno,019,978130,102697,102289,8595,110884,1698
2021-05-24,Glenn,021,27897,2435,2413,554,2967,17
2021-05-24,Humboldt,023,135768,4255,4225,36,4261,42
2021-05-24,Imperial,025,180216,28607,28575,2683,31258,735
2021-05-24,Inyo,027,18085,1404,1402,12,1414,36
2021-05-24,Kern,029,883053,97278,96296,10788,107084,1319
2021-05-24,Kings,031,150075,23154,22940,1068,24008,246
2021-05-24,Lake,033,64148,3525,3506,9,3515,43
2021-05-24,Lassen,035,31185,5206,5163,112,5275,6
2021-05-24,Los Angeles,037,10098052,1206608,1197782,40935,1238717,24201
2021-05-24,Madera,039,155013,16620,16513,925,17438,239
2021-05-24,Marin,041,260295,14103,14051,251,14302,227
2021-05-24,Mariposa,043,17540,430,427,11,438,5
2021-05-24,Mendocino,045,87422,3999,3919,82,4001,47
2021-05-24,Merced,047,269075,30993,31128,1028,32156,455
2021-05-24,Modoc,049,8938,377,366,129,495,3
2021-05-24,Mono,051,14174,1263,1270,16,1286,3
2021-05-24,Monterey,053,433212,43162,43005,1834,44839,379
2021-05-24,Napa,055,140530,9908,9924,34,9958,82
2021-05-24,Nevada,057,99092,4820,4790,188,4978,70
2021-05-24,Orange,059,3164182,255318,254287,11231,265518,5056
2021-05-24,Placer,061,380077,23283,22895,1489,24384,292
2021-05-24,Plumas,063,18699,704,683,11,694,4
2021-05-24,Riverside,065,2383286,294105,288669,13844,302513,4442
2021-05-24,Sacramento,067,1510023,106057,105716,1727,107443,1632
2021-05-24,San Benito,069,59416,6054,6072,112,6184,63
2021-05-24,San Bernardino,071,2135413,293266,292343,8908,301251,4747
2021-05-24,San Diego,073,3302833,280693,279715,14945,294660,3749
2021-05-24,San Francisco,075,870044,36681,36934,1262,38196,547
2021-05-24,San Joaquin,077,732212,73114,72586,3487,76073,1371
2021-05-24,San Luis Obispo,079,281455,21377,21146,733,21879,256
2021-05-24,San Mateo,081,765935,42311,42249,466,42715,433
2021-05-24,Santa Barbara,083,443738,34438,34322,1115,35437,459
2021-05-24,Santa Clara,085,1922200,118584,119358,743,120101,2030
2021-05-24,Santa Cruz,087,273765,16232,16135,796,16931,207
2021-05-24,Shasta,089,179085,12296,12315,1562,13877,201
2021-05-24,Sierra,091,2930,56,54,12,66,0
2021-05-24,Siskiyou,093,43540,1927,1840,353,2193,17
2021-05-24,Solano,095,438530,32794,32792,549,33341,254
2021-05-24,Sonoma,097,501317,30050,30187,328,30515,321
2021-05-24,Stanislaus,099,539301,56331,56128,5870,61998,974
2021-05-24,Sutter,101,95872,9451,9486,84,9570,113
2021-05-24,Tehama,103,63373,5083,5043,563,5606,63
2021-05-24,Trinity,105,12862,483,328,90,418,3
2021-05-24,Tulare,107,460477,50214,49318,8864,58182,838
2021-05-24,Tuolumne,109,53932,4024,4083,41,4124,65
2021-05-24,Ventura,111,848112,81357,80876,2946,83822,1022
2021-05-24,Yolo,113,214977,14024,14012,235,14247,213
2021-05-24,Yuba,115,75493,6053,6022,122,6144,49
2021-05-23,Alameda,001,1643700,88105,88157,1909,90066,1263
2021-05-23,Alpine,003,1148,87,88,0,88,0
2021-05-23,Amador,005,37829,3666,3673,32,3705,46
2021-05-23,Butte,007,227075,12524,12271,1800,14071,189
2021-05-23,Calaveras,009,45235,2155,2144,13,2157,54
2021-05-23,Colusa,011,21464,1945,1949,308,2257,15
2021-05-23,Contra Costa,013,1133247,69513,69075,1251,70326,809
2021-05-23,Del Norte,015,27424,1414,1383,12,1395,8
2021-05-23,El Dorado,017,186661,10297,10222,737,10959,112
2021-05-23,Fresno,019,978130,102652,102270,8590,110860,1698
2021-05-23,Glenn,021,27897,2433,2413,554,2967,17
2021-05-23,Humboldt,023,135768,4238,4216,36,4252,42
2021-05-23,Imperial,025,180216,28601,28569,2682,31251,735
2021-05-23,Inyo,027,18085,1404,1402,12,1414,36
2021-05-23,Kern,029,883053,97254,96282,10780,107062,1319
2021-05-23,Kings,031,150075,23141,22939,1066,24005,246
2021-05-23,Lake,033,64148,3522,3504,9,3513,43
2021-05-23,Lassen,035,31185,5202,5163,111,5274,6
2021-05-23,Los Angeles,037,10098052,1206419,1197633,40924,1238557,24197
2021-05-23,Madera,039,155013,16614,16504,925,17429,239
2021-05-23,Marin,041,260295,14094,14048,250,14298,227
2021-05-23,Mariposa,043,17540,430,427,11,438,5
2021-05-23,Mendocino,045,87422,3993,3913,81,3994,47
2021-05-23,Merced,047,269075,30984,31118,1028,32146,455
2021-05-23,Modoc,049,8938,373,366,129,495,3
2021-05-23,Mono,051,14174,1262,1270,16,1286,3
2021-05-23,Monterey,053,433212,43152,43003,1834,44837,379
2021-05-23,Napa,055,140530,9904,9923,34,9957,82
2021-05-23,Nevada,057,99092,4810,4790,188,4978,70
2021-05-23,Orange,059,3164182,255280,254277,11225,265502,5050
2021-05-23,Placer,061,380077,23263,22888,1489,24377,292
2021-05-23,Plumas,063,18699,703,683,11,694,4
2021-05-23,Riverside,065,2383286,294037,288641,13840,302481,4442
2021-05-23,Sacramento,067,1510023,105941,105663,1724,107387,1632
2021-05-23,San Benito,069,59416,6053,6072,112,6184,63
2021-05-23,San Bernardino,071,2135413,293215,292327,8907,301234,4747
2021-05-23,San Diego,073,3302833,280603,279690,14934,294624,3751
2021-05-23,San Francisco,075,870044,36670,36927,1261,38188,547
2021-05-23,San Joaquin,077,732212,73065,72571,3485,76056,1371
2021-05-23,San Luis Obispo,079,281455,21367,21141,732,21873,256
2021-05-23,San Mateo,081,765935,42294,42248,466,42714,433
2021-05-23,Santa Barbara,083,443738,34431,34319,1115,35434,459
2021-05-23,Santa Clara,085,1922200,118560,119333,743,120076,2030
2021-05-23,Santa Cruz,087,273765,16229,16130,796,16926,207
2021-05-23,Shasta,089,179085,12279,12313,1558,13871,201
2021-05-23,Sierra,091,2930,56,54,12,66,0
2021-05-23,Siskiyou,093,43540,1922,1826,346,2172,17
2021-05-23,Solano,095,438530,32776,32780,548,33328,254
2021-05-23,Sonoma,097,501317,30021,30168,327,30495,321
2021-05-23,Stanislaus,099,539301,56282,56104,5867,61971,974
2021-05-23,Sutter,101,95872,9442,9479,84,9563,113
2021-05-23,Tehama,103,63373,5076,5041,561,5602,63
2021-05-23,Trinity,105,12862,483,328,90,418,3
2021-05-23,Tulare,107,460477,50200,49310,8860,58170,838
2021-05-23,Tuolumne,109,53932,4021,4081,41,4122,65
2021-05-23,Ventura,111,848112,81327,80872,2945,83817,1022
2021-05-23,Yolo,113,214977,14012,14004,232,14236,213
2021-05-23,Yuba,115,75493,6048,6017,122,6139,49
2021-05-22,Alameda,001,1643700,88078,88101,1909,90010,1263
2021-05-22,Alpine,003,1148,87,88,0,88,0
2021-05-22,Amador,005,37829,3665,3672,32,3704,46
2021-05-22,Butte,007,227075,12512,12265,1799,14064,189
2021-05-22,Calaveras,009,45235,2151,2141,13,2154,54
2021-05-22,Colusa,011,21464,1941,1949,307,2256,15
2021-05-22,Contra Costa,013,1133247,69480,69004,1250,70254,809
2021-05-22,Del Norte,015,27424,1413,1381,12,1393,8
2021-05-22,El Dorado,017,186661,10292,10215,736,10951,112
2021-05-22,Fresno,019,978130,102638,102238,8588,110826,1698
2021-05-22,Glenn,021,27897,2433,2412,554,2966,17
2021-05-22,Humboldt,023,135768,4229,4194,35,4229,42
2021-05-22,Imperial,025,180216,28592,28574,2682,31256,735
2021-05-22,Inyo,027,18085,1404,1402,12,1414,36
2021-05-22,Kern,029,883053,97242,96260,10773,107033,1319
2021-05-22,Kings,031,150075,23141,22936,1066,24002,246
2021-05-22,Lake,033,64148,3519,3502,9,3511,43
2021-05-22,Lassen,035,31185,5202,5163,111,5274,6
2021-05-22,Los Angeles,037,10098052,1206310,1197454,40916,1238370,24192
2021-05-22,Madera,039,155013,16611,16503,925,17428,239
2021-05-22,Marin,041,260295,14091,14043,250,14293,227
2021-05-22,Mariposa,043,17540,430,427,11,438,5
2021-05-22,Mendocino,045,87422,3987,3908,81,3989,47
2021-05-22,Merced,047,269075,30974,31099,1028,32127,455
2021-05-22,Modoc,049,8938,373,366,129,495,3
2021-05-22,Mono,051,14174,1260,1270,16,1286,3
2021-05-22,Monterey,053,433212,43146,42998,1834,44832,379
2021-05-22,Napa,055,140530,9902,9918,34,9952,82
2021-05-22,Nevada,057,99092,4803,4787,187,4974,70
2021-05-22,Orange,059,3164182,255259,254238,11220,265458,5048
2021-05-22,Placer,061,380077,23249,22865,1488,24353,292
2021-05-22,Plumas,063,18699,702,683,11,694,4
2021-05-22,Riverside,065,2383286,294005,288580,13839,302419,4442
2021-05-22,Sacramento,067,1510023,105866,105551,1721,107272,1632
2021-05-22,San Benito,069,59416,6053,6071,112,6183,63
2021-05-22,San Bernardino,071,2135413,293190,292292,8907,301199,4747
2021-05-22,San Diego,073,3302833,280544,279614,14926,294540,3751
2021-05-22,San Francisco,075,870044,36660,36906,1259,38165,547
2021-05-22,San Joaquin,077,732212,73043,72528,3482,76010,1371
2021-05-22,San Luis Obispo,079,281455,21359,21134,731,21865,256
2021-05-22,San Mateo,081,765935,42284,42218,466,42684,433
2021-05-22,Santa Barbara,083,443738,34427,34313,1114,35427,459
2021-05-22,Santa Clara,085,1922200,118536,119292,743,120035,2030
2021-05-22,Santa Cruz,087,273765,16229,16125,796,16921,207
2021-05-22,Shasta,089,179085,12272,12307,1555,13862,201
2021-05-22,Sierra,091,2930,56,54,12,66,0
2021-05-22,Siskiyou,093,43540,1921,1824,345,2169,17
2021-05-22,Solano,095,438530,32763,32753,548,33301,254
2021-05-22,Sonoma,097,501317,30009,30154,327,30481,321
2021-05-22,Stanislaus,099,539301,56259,56069,5866,61935,974
2021-05-22,Sutter,101,95872,9437,9476,84,9560,113
2021-05-22,Tehama,103,63373,5075,5036,561,5597,63
2021-05-22,Trinity,105,12862,483,328,90,418,3
2021-05-22,Tulare,107,460477,50195,49299,8855,58154,838
2021-05-22,Tuolumne,109,53932,4021,4078,41,4119,65
2021-05-22,Ventura,111,848112,81323,80859,2945,83804,1022
2021-05-22,Yolo,113,214977,14010,13997,232,14229,213
2021-05-22,Yuba,115,75493,6045,6010,122,6132,49
2021-05-21,Alameda,001,1643700,88052,88041,1908,89949,1263
2021-05-21,Alpine,003,1148,87,88,0,88,0
2021-05-21,Amador,005,37829,3662,3672,32,3704,46
2021-05-21,Butte,007,227075,12506,12236,1797,14033,188
2021-05-21,Calaveras,009,45235,2149,2138,13,2151,54
2021-05-21,Colusa,011,21464,1941,1947,307,2254,15
2021-05-21,Contra Costa,013,1133247,69437,68965,1249,70214,810
2021-05-21,Del Norte,015,27424,1412,1376,12,1388,8
2021-05-21,El Dorado,017,186661,10288,10204,736,10940,112
2021-05-21,Fresno,019,978130,102610,102189,8586,110775,1698
2021-05-21,Glenn,021,27897,2432,2408,554,2962,17
2021-05-21,Humboldt,023,135768,4222,4175,35,4210,42
2021-05-21,Imperial,025,180216,28585,28572,2681,31253,732
2021-05-21,Inyo,027,18085,1404,1402,12,1414,36
2021-05-21,Kern,029,883053,97228,96233,10766,106999,1318
2021-05-21,Kings,031,150075,23141,22927,1066,23993,246
2021-05-21,Lake,033,64148,3517,3500,9,3509,43
2021-05-21,Lassen,035,31185,5201,5161,111,5272,6
2021-05-21,Los Angeles,037,10098052,1206192,1197263,40908,1238171,24180
2021-05-21,Madera,039,155013,16610,16500,924,17424,238
2021-05-21,Marin,041,260295,14086,14042,250,14292,227
2021-05-21,Mariposa,043,17540,429,427,11,438,5
2021-05-21,Mendocino,045,87422,3982,3897,81,3978,47
2021-05-21,Merced,047,269075,30966,31076,1028,32104,455
2021-05-21,Modoc,049,8938,373,365,129,494,3
2021-05-21,Mono,051,14174,1260,1269,16,1285,3
2021-05-21,Monterey,053,433212,43144,42995,1834,44829,379
2021-05-21,Napa,055,140530,9898,9913,34,9947,82
2021-05-21,Nevada,057,99092,4802,4779,187,4966,70
2021-05-21,Orange,059,3164182,255239,254171,11218,265389,5042
2021-05-21,Placer,061,380077,23240,22853,1488,24341,292
2021-05-21,Plumas,063,18699,702,683,10,693,4
2021-05-21,Riverside,065,2383286,293978,288499,13832,302331,4442
2021-05-21,Sacramento,067,1510023,105799,105476,1718,107194,1632
2021-05-21,San Benito,069,59416,6053,6068,112,6180,63
2021-05-21,San Bernardino,071,2135413,293158,292205,8905,301110,4744
2021-05-21,San Diego,073,3302833,280471,279554,14916,294470,3748
2021-05-21,San Francisco,075,870044,36655,36879,1259,38138,546
2021-05-21,San Joaquin,077,732212,73023,72467,3480,75947,1371
2021-05-21,San Luis Obispo,079,281455,21353,21128,728,21856,256
2021-05-21,San Mateo,081,765935,42271,42163,465,42628,432
2021-05-21,Santa Barbara,083,443738,34422,34302,1114,35416,459
2021-05-21,Santa Clara,085,1922200,118509,119247,743,119990,2029
2021-05-21,Santa Cruz,087,273765,16225,16120,796,16916,207
2021-05-21,Shasta,089,179085,12255,12289,1553,13842,201
2021-05-21,Sierra,091,2930,56,54,12,66,0
2021-05-21,Siskiyou,093,43540,1920,1815,345,2160,16
2021-05-21,Solano,095,438530,32748,32742,548,33290,254
2021-05-21,Sonoma,097,501317,29996,30126,327,30453,321
2021-05-21,Stanislaus,099,539301,56230,56036,5864,61900,975
2021-05-21,Sutter,101,95872,9435,9470,84,9554,113
2021-05-21,Tehama,103,63373,5069,5030,561,5591,63
2021-05-21,Trinity,105,12862,483,329,89,418,3
2021-05-21,Tulare,107,460477,50190,49271,8853,58124,838
2021-05-21,Tuolumne,109,53932,4019,4079,41,4120,65
2021-05-21,Ventura,111,848112,81315,80821,2942,83763,1021
2021-05-21,Yolo,113,214977,14004,13983,232,14215,213
2021-05-21,Yuba,115,75493,6039,6006,122,6128,49
2021-05-20,Alameda,001,1643700,88008,87975,1907,89882,1264
2021-05-20,Alpine,003,1148,87,88,0,88,0
2021-05-20,Amador,005,37829,3661,3671,32,3703,46
2021-05-20,Butte,007,227075,12499,12220,1794,14014,188
2021-05-20,Calaveras,009,45235,2145,2138,13,2151,54
2021-05-20,Colusa,011,21464,1940,1946,305,2251,15
2021-05-20,Contra Costa,013,1133247,69392,68913,1247,70160,809
2021-05-20,Del Norte,015,27424,1412,1373,12,1385,8
2021-05-20,El Dorado,017,186661,10278,10188,736,10924,112
2021-05-20,Fresno,019,978130,102588,102135,8584,110719,1696
2021-05-20,Glenn,021,27897,2429,2406,554,2960,17
2021-05-20,Humboldt,023,135768,4205,4162,34,4196,42
2021-05-20,Imperial,025,180216,28580,28551,2681,31232,732
2021-05-20,Inyo,027,18085,1404,1402,12,1414,36
2021-05-20,Kern,029,883053,97207,96204,10759,106963,1317
2021-05-20,Kings,031,150075,23139,22922,1066,23988,246
2021-05-20,Lake,033,64148,3514,3500,9,3509,43
2021-05-20,Lassen,035,31185,5199,5160,110,5270,6
2021-05-20,Los Angeles,037,10098052,1206036,1197073,40898,1237971,24168
2021-05-20,Madera,039,155013,16604,16499,922,17421,238
2021-05-20,Marin,041,260295,14082,14036,249,14285,227
2021-05-20,Mariposa,043,17540,429,426,11,437,5
2021-05-20,Mendocino,045,87422,3975,3897,81,3978,47
2021-05-20,Merced,047,269075,30953,31046,1027,32073,454
2021-05-20,Modoc,049,8938,373,365,129,494,3
2021-05-20,Mono,051,14174,1259,1269,16,1285,3
2021-05-20,Monterey,053,433212,43138,42984,1833,44817,379
2021-05-20,Napa,055,140530,9895,9913,34,9947,82
2021-05-20,Nevada,057,99092,4801,4775,187,4962,70
2021-05-20,Orange,059,3164182,255196,254127,11215,265342,5038
2021-05-20,Placer,061,380077,23227,22823,1487,24310,292
2021-05-20,Plumas,063,18699,700,682,10,692,4
2021-05-20,Riverside,065,2383286,293930,288453,13827,302280,4442
2021-05-20,Sacramento,067,1510023,105703,105414,1715,107129,1629
2021-05-20,San Benito,069,59416,6052,6067,112,6179,63
2021-05-20,San Bernardino,071,2135413,293112,292153,8904,301057,4728
2021-05-20,San Diego,073,3302833,280383,279490,14904,294394,3749
2021-05-20,San Francisco,075,870044,36646,36860,1259,38119,546
2021-05-20,San Joaquin,077,732212,72985,72388,3478,75866,1371
2021-05-20,San Luis Obispo,079,281455,21341,21095,726,21821,256
2021-05-20,San Mateo,081,765935,42257,42152,463,42615,432
2021-05-20,Santa Barbara,083,443738,34418,34293,1114,35407,459
2021-05-20,Santa Clara,085,1922200,118488,119222,743,119965,2029
2021-05-20,Santa Cruz,087,273765,16220,16119,796,16915,207
2021-05-20,Shasta,089,179085,12242,12266,1550,13816,200
2021-05-20,Sierra,091,2930,56,54,12,66,0
2021-05-20,Siskiyou,093,43540,1913,1811,344,2155,16
2021-05-20,Solano,095,438530,32733,32725,548,33273,253
2021-05-20,Sonoma,097,501317,29979,30107,326,30433,321
2021-05-20,Stanislaus,099,539301,56205,55979,5862,61841,970
2021-05-20,Sutter,101,95872,9431,9467,84,9551,113
2021-05-20,Tehama,103,63373,5067,5029,561,5590,63
2021-05-20,Trinity,105,12862,483,329,88,417,3
2021-05-20,Tulare,107,460477,50179,49217,8850,58067,837
2021-05-20,Tuolumne,109,53932,4018,4077,41,4118,65
2021-05-20,Ventura,111,848112,81304,80800,2942,83742,1019
2021-05-20,Yolo,113,214977,13999,13973,232,14205,211
2021-05-20,Yuba,115,75493,6030,6002,122,6124,49
2021-05-19,Alameda,001,1643700,87969,87889,1906,89795,1260
2021-05-19,Alpine,003,1148,87,88,0,88,0
2021-05-19,Amador,005,37829,3661,3669,32,3701,46
2021-05-19,Butte,007,227075,12488,12198,1794,13992,188
2021-05-19,Calaveras,009,45235,2141,2132,13,2145,54
2021-05-19,Colusa,011,21464,1940,1945,303,2248,15
2021-05-19,Contra Costa,013,1133247,69345,68836,1247,70083,808
2021-05-19,Del Norte,015,27424,1410,1371,12,1383,8
2021-05-19,El Dorado,017,186661,10273,10179,735,10914,112
2021-05-19,Fresno,019,978130,102558,102085,8581,110666,1693
2021-05-19,Glenn,021,27897,2429,2404,554,2958,17
2021-05-19,Humboldt,023,135768,4195,4143,34,4177,42
2021-05-19,Imperial,025,180216,28571,28550,2681,31231,732
2021-05-19,Inyo,027,18085,1404,1402,12,1414,36
2021-05-19,Kern,029,883053,97178,96173,10752,106925,1316
2021-05-19,Kings,031,150075,23133,22919,1066,23985,246
2021-05-19,Lake,033,64148,3514,3497,9,3506,43
2021-05-19,Lassen,035,31185,5198,5157,110,5267,6
2021-05-19,Los Angeles,037,10098052,1205839,1196856,40884,1237740,24143
2021-05-19,Madera,039,155013,16601,16496,922,17418,238
2021-05-19,Marin,041,260295,14078,14033,247,14280,227
2021-05-19,Mariposa,043,17540,429,425,11,436,5
2021-05-19,Mendocino,045,87422,3971,3886,81,3967,47
2021-05-19,Merced,047,269075,30937,31044,1027,32071,452
2021-05-19,Modoc,049,8938,373,364,126,490,3
2021-05-19,Mono,051,14174,1259,1266,16,1282,3
2021-05-19,Monterey,053,433212,43133,42973,1832,44805,379
2021-05-19,Napa,055,140530,9892,9906,34,9940,82
2021-05-19,Nevada,057,99092,4799,4769,187,4956,70
2021-05-19,Orange,059,3164182,255159,254087,11205,265292,5035
2021-05-19,Placer,061,380077,23208,22784,1482,24266,291
2021-05-19,Plumas,063,18699,700,682,10,692,4
2021-05-19,Riverside,065,2383286,293883,288398,13825,302223,4442
2021-05-19,Sacramento,067,1510023,105625,105225,1714,106939,1629
2021-05-19,San Benito,069,59416,6051,6064,112,6176,63
2021-05-19,San Bernardino,071,2135413,293068,292078,8901,300979,4725
2021-05-19,San Diego,073,3302833,280298,279345,14883,294228,3746
2021-05-19,San Francisco,075,870044,36633,36835,1258,38093,546
2021-05-19,San Joaquin,077,732212,72942,72338,3473,75811,1369
2021-05-19,San Luis Obispo,079,281455,21333,21085,725,21810,256
2021-05-19,San Mateo,081,765935,42250,42126,463,42589,429
2021-05-19,Santa Barbara,083,443738,34410,34292,1114,35406,459
2021-05-19,Santa Clara,085,1922200,118448,119176,742,119918,2015
2021-05-19,Santa Cruz,087,273765,16216,16121,795,16916,207
2021-05-19,Shasta,089,179085,12224,12233,1547,13780,200
2021-05-19,Sierra,091,2930,56,54,12,66,0
2021-05-19,Siskiyou,093,43540,1910,1803,343,2146,16
2021-05-19,Solano,095,438530,32706,32678,546,33224,253
2021-05-19,Sonoma,097,501317,29964,30080,326,30406,321
2021-05-19,Stanislaus,099,539301,56186,55912,5857,61769,967
2021-05-19,Sutter,101,95872,9424,9459,83,9542,113
2021-05-19,Tehama,103,63373,5058,5026,557,5583,63
2021-05-19,Trinity,105,12862,483,329,88,417,3
2021-05-19,Tulare,107,460477,50166,49163,8845,58008,837
2021-05-19,Tuolumne,109,53932,4018,4074,41,4115,64
2021-05-19,Ventura,111,848112,81289,80747,2941,83688,1019
2021-05-19,Yolo,113,214977,13992,13961,231,14192,211
2021-05-19,Yuba,115,75493,6026,5993,122,6115,49
2021-05-18,Alameda,001,1643700,87895,87816,1906,89722,1254
2021-05-18,Alpine,003,1148,87,88,0,88,0
2021-05-18,Amador,005,37829,3661,3669,32,3701,46
2021-05-18,Butte,007,227075,12475,12164,1791,13955,191
2021-05-18,Calaveras,009,45235,2137,2131,13,2144,54
2021-05-18,Colusa,011,21464,1940,1943,303,2246,14
2021-05-18,Contra Costa,013,1133247,69288,68750,1246,69996,808
2021-05-18,Del Norte,015,27424,1407,1371,12,1383,8
2021-05-18,El Dorado,017,186661,10262,10169,734,10903,112
2021-05-18,Fresno,019,978130,102522,102056,8578,110634,1690
2021-05-18,Glenn,021,27897,2423,2403,553,2956,17
2021-05-18,Humboldt,023,135768,4177,4132,34,4166,42
2021-05-18,Imperial,025,180216,28566,28538,2679,31217,730
2021-05-18,Inyo,027,18085,1404,1401,12,1413,36
2021-05-18,Kern,029,883053,97145,96128,10738,106866,1315
2021-05-18,Kings,031,150075,23127,22916,1066,23982,247
2021-05-18,Lake,033,64148,3512,3495,9,3504,43
2021-05-18,Lassen,035,31185,5197,5157,109,5266,6
2021-05-18,Los Angeles,037,10098052,1205659,1196668,40873,1237541,24133
2021-05-18,Madera,039,155013,16591,16491,921,17412,238
2021-05-18,Marin,041,260295,14075,14026,247,14273,227
2021-05-18,Mariposa,043,17540,429,424,11,435,5
2021-05-18,Mendocino,045,87422,3959,3877,80,3957,47
2021-05-18,Merced,047,269075,30918,31036,1027,32063,452
2021-05-18,Modoc,049,8938,372,364,125,489,3
2021-05-18,Mono,051,14174,1258,1265,16,1281,3
2021-05-18,Monterey,053,433212,43127,43001,1832,44833,379
2021-05-18,Napa,055,140530,9892,9905,34,9939,82
2021-05-18,Nevada,057,99092,4792,4762,187,4949,70
2021-05-18,Orange,059,3164182,255118,254041,11195,265236,5031
2021-05-18,Placer,061,380077,23175,22726,1478,24204,291
2021-05-18,Plumas,063,18699,700,682,10,692,4
2021-05-18,Riverside,065,2383286,293828,288354,13818,302172,4438
2021-05-18,Sacramento,067,1510023,105523,105083,1712,106795,1629
2021-05-18,San Benito,069,59416,6050,6065,112,6177,63
2021-05-18,San Bernardino,071,2135413,293010,292014,8896,300910,4722
2021-05-18,San Diego,073,3302833,280190,279254,14874,294128,3742
2021-05-18,San Francisco,075,870044,36613,36818,1258,38076,546
2021-05-18,San Joaquin,077,732212,72895,72282,3469,75751,1368
2021-05-18,San Luis Obispo,079,281455,21323,21080,723,21803,256
2021-05-18,San Mateo,081,765935,42238,42099,462,42561,428
2021-05-18,Santa Barbara,083,443738,34401,34278,1114,35392,459
2021-05-18,Santa Clara,085,1922200,118421,119171,742,119913,2014
2021-05-18,Santa Cruz,087,273765,16208,16137,795,16932,207
2021-05-18,Shasta,089,179085,12206,12197,1541,13738,200
2021-05-18,Sierra,091,2930,56,54,12,66,0
2021-05-18,Siskiyou,093,43540,1909,1799,343,2142,16
2021-05-18,Solano,095,438530,32681,32644,546,33190,253
2021-05-18,Sonoma,097,501317,29944,30054,325,30379,321
2021-05-18,Stanislaus,099,539301,56151,55860,5857,61717,959
2021-05-18,Sutter,101,95872,9416,9453,83,9536,113
2021-05-18,Tehama,103,63373,5052,5020,555,5575,63
2021-05-18,Trinity,105,12862,483,329,87,416,3
2021-05-18,Tulare,107,460477,50158,49142,8840,57982,836
2021-05-18,Tuolumne,109,53932,4016,4073,41,4114,64
2021-05-18,Ventura,111,848112,81273,80726,2939,83665,1017
2021-05-18,Yolo,113,214977,13985,13951,230,14181,211
2021-05-18,Yuba,115,75493,6022,5989,122,6111,49
2021-05-17,Alameda,001,1643700,87842,87766,1903,89669,1253
2021-05-17,Alpine,003,1148,87,88,0,88,0
2021-05-17,Amador,005,37829,3658,3668,32,3700,46
2021-05-17,Butte,007,227075,12467,12144,1791,13935,192
2021-05-17,Calaveras,009,45235,2137,2131,13,2144,53
2021-05-17,Colusa,011,21464,1940,1943,303,2246,14
2021-05-17,Contra Costa,013,1133247,69233,68720,1245,69965,805
2021-05-17,Del Norte,015,27424,1402,1369,12,1381,8
2021-05-17,El Dorado,017,186661,10245,10163,734,10897,112
2021-05-17,Fresno,019,978130,102478,102013,8570,110583,1690
2021-05-17,Glenn,021,27897,2423,2401,553,2954,17
2021-05-17,Humboldt,023,135768,4166,4112,34,4146,42
2021-05-17,Imperial,025,180216,28560,28533,2677,31210,729
2021-05-17,Inyo,027,18085,1404,1401,12,1413,36
2021-05-17,Kern,029,883053,97116,96095,10721,106816,1315
2021-05-17,Kings,031,150075,23124,22918,1066,23984,246
2021-05-17,Lake,033,64148,3507,3489,9,3498,43
2021-05-17,Lassen,035,31185,5194,5156,108,5264,6
2021-05-17,Los Angeles,037,10098052,1205478,1196556,40867,1237423,24123
2021-05-17,Madera,039,155013,16584,16486,921,17407,238
2021-05-17,Marin,041,260295,14069,14021,247,14268,227
2021-05-17,Mariposa,043,17540,428,423,11,434,5
2021-05-17,Mendocino,045,87422,3950,3868,80,3948,46
2021-05-17,Merced,047,269075,30903,31031,1027,32058,450
2021-05-17,Modoc,049,8938,371,362,125,487,3
2021-05-17,Mono,051,14174,1254,1265,16,1281,3
2021-05-17,Monterey,053,433212,43120,42995,1832,44827,379
2021-05-17,Napa,055,140530,9891,9894,34,9928,82
2021-05-17,Nevada,057,99092,4788,4761,186,4947,70
2021-05-17,Orange,059,3164182,255071,253993,11188,265181,5031
2021-05-17,Placer,061,380077,23152,22706,1471,24177,289
2021-05-17,Plumas,063,18699,700,682,10,692,4
2021-05-17,Riverside,065,2383286,293759,288304,13814,302118,4433
2021-05-17,Sacramento,067,1510023,105415,105035,1710,106745,1629
2021-05-17,San Benito,069,59416,6047,6067,112,6179,63
2021-05-17,San Bernardino,071,2135413,292960,291989,8888,300877,4724
2021-05-17,San Diego,073,3302833,280058,279146,14852,293998,3742
2021-05-17,San Francisco,075,870044,36601,36816,1256,38072,546
2021-05-17,San Joaquin,077,732212,72857,72234,3466,75700,1359
2021-05-17,San Luis Obispo,079,281455,21314,21079,721,21800,256
2021-05-17,San Mateo,081,765935,42210,42083,462,42545,428
2021-05-17,Santa Barbara,083,443738,34394,34275,1114,35389,459
2021-05-17,Santa Clara,085,1922200,118384,119116,740,119856,2015
2021-05-17,Santa Cruz,087,273765,16205,16151,795,16946,206
2021-05-17,Shasta,089,179085,12184,12163,1540,13703,200
2021-05-17,Sierra,091,2930,56,54,12,66,0
2021-05-17,Siskiyou,093,43540,1900,1795,340,2135,15
2021-05-17,Solano,095,438530,32663,32627,545,33172,253
2021-05-17,Sonoma,097,501317,29921,30043,324,30367,321
2021-05-17,Stanislaus,099,539301,56105,55839,5850,61689,951
2021-05-17,Sutter,101,95872,9409,9447,83,9530,113
2021-05-17,Tehama,103,63373,5048,5016,554,5570,63
2021-05-17,Trinity,105,12862,483,328,87,415,3
2021-05-17,Tulare,107,460477,50136,49107,8835,57942,836
2021-05-17,Tuolumne,109,53932,4016,4071,41,4112,64
2021-05-17,Ventura,111,848112,81253,80699,2939,83638,1017
2021-05-17,Yolo,113,214977,13978,13941,230,14171,211
2021-05-17,Yuba,115,75493,6014,5987,122,6109,49
2021-05-16,Alameda,001,1643700,87778,87743,1903,89646,1253
2021-05-16,Alpine,003,1148,87,88,0,88,0
2021-05-16,Amador,005,37829,3657,3667,32,3699,46
2021-05-16,Butte,007,227075,12453,12140,1790,13930,192
2021-05-16,Calaveras,009,45235,2135,2129,13,2142,53
2021-05-16,Colusa,011,21464,1938,1943,303,2246,14
2021-05-16,Contra Costa,013,1133247,69165,68694,1243,69937,805
2021-05-16,Del Norte,015,27424,1399,1365,12,1377,8
2021-05-16,El Dorado,017,186661,10229,10159,733,10892,112
2021-05-16,Fresno,019,978130,102434,101987,8564,110551,1690
2021-05-16,Glenn,021,27897,2423,2401,552,2953,17
2021-05-16,Humboldt,023,135768,4152,4104,34,4138,42
2021-05-16,Imperial,025,180216,28549,28516,2676,31192,729
2021-05-16,Inyo,027,18085,1404,1401,12,1413,36
2021-05-16,Kern,029,883053,97083,96083,10701,106784,1315
2021-05-16,Kings,031,150075,23120,22918,1063,23981,246
2021-05-16,Lake,033,64148,3504,3489,9,3498,43
2021-05-16,Lassen,035,31185,5193,5156,108,5264,6
2021-05-16,Los Angeles,037,10098052,1205253,1196397,40851,1237248,24120
2021-05-16,Madera,039,155013,16579,16483,918,17401,238
2021-05-16,Marin,041,260295,14066,14015,247,14262,227
2021-05-16,Mariposa,043,17540,428,423,11,434,5
2021-05-16,Mendocino,045,87422,3940,3863,80,3943,46
2021-05-16,Merced,047,269075,30882,31023,1025,32048,450
2021-05-16,Modoc,049,8938,371,362,125,487,3
2021-05-16,Mono,051,14174,1254,1265,16,1281,3
2021-05-16,Monterey,053,433212,43115,42991,1832,44823,379
2021-05-16,Napa,055,140530,9888,9891,34,9925,82
2021-05-16,Nevada,057,99092,4784,4755,186,4941,70
2021-05-16,Orange,059,3164182,255039,253962,11185,265147,5031
2021-05-16,Placer,061,380077,23120,22696,1465,24161,289
2021-05-16,Plumas,063,18699,699,682,10,692,4
2021-05-16,Riverside,065,2383286,293683,288259,13806,302065,4433
2021-05-16,Sacramento,067,1510023,105301,105013,1708,106721,1628
2021-05-16,San Benito,069,59416,6046,6067,111,6178,63
2021-05-16,San Bernardino,071,2135413,292888,291940,8886,300826,4724
2021-05-16,San Diego,073,3302833,279940,279099,14839,293938,3742
2021-05-16,San Francisco,075,870044,36578,36808,1255,38063,546
2021-05-16,San Joaquin,077,732212,72808,72218,3461,75679,1359
2021-05-16,San Luis Obispo,079,281455,21306,21072,720,21792,256
2021-05-16,San Mateo,081,765935,42199,42063,461,42524,428
2021-05-16,Santa Barbara,083,443738,34387,34270,1114,35384,459
2021-05-16,Santa Clara,085,1922200,118355,119098,739,119837,2015
2021-05-16,Santa Cruz,087,273765,16203,16143,795,16938,206
2021-05-16,Shasta,089,179085,12168,12156,1536,13692,200
2021-05-16,Sierra,091,2930,56,54,12,66,0
2021-05-16,Siskiyou,093,43540,1896,1790,339,2129,15
2021-05-16,Solano,095,438530,32630,32619,543,33162,253
2021-05-16,Sonoma,097,501317,29902,30033,324,30357,321
2021-05-16,Stanislaus,099,539301,56055,55814,5839,61653,951
2021-05-16,Sutter,101,95872,9402,9445,83,9528,113
2021-05-16,Tehama,103,63373,5044,5013,553,5566,63
2021-05-16,Trinity,105,12862,483,328,87,415,3
2021-05-16,Tulare,107,460477,50119,49091,8832,57923,837
2021-05-16,Tuolumne,109,53932,4012,4070,41,4111,64
2021-05-16,Ventura,111,848112,81222,80689,2939,83628,1017
2021-05-16,Yolo,113,214977,13963,13938,230,14168,211
2021-05-16,Yuba,115,75493,6011,5987,122,6109,49
2021-05-15,Alameda,001,1643700,87752,87677,1902,89579,1252
2021-05-15,Alpine,003,1148,87,88,0,88,0
2021-05-15,Amador,005,37829,3657,3666,32,3698,46
2021-05-15,Butte,007,227075,12446,12095,1789,13884,192
2021-05-15,Calaveras,009,45235,2134,2126,13,2139,53
2021-05-15,Colusa,011,21464,1938,1941,301,2242,14
2021-05-15,Contra Costa,013,1133247,69119,68658,1243,69901,805
2021-05-15,Del Norte,015,27424,1394,1359,12,1371,8
2021-05-15,El Dorado,017,186661,10217,10156,732,10888,112
2021-05-15,Fresno,019,978130,102397,101957,8562,110519,1690
2021-05-15,Glenn,021,27897,2423,2400,552,2952,17
2021-05-15,Humboldt,023,135768,4142,4080,34,4114,42
2021-05-15,Imperial,025,180216,28546,28504,2675,31179,729
2021-05-15,Inyo,027,18085,1404,1402,12,1414,36
2021-05-15,Kern,029,883053,97069,96061,10687,106748,1315
2021-05-15,Kings,031,150075,23119,22913,1063,23976,246
2021-05-15,Lake,033,64148,3503,3485,9,3494,43
2021-05-15,Lassen,035,31185,5190,5156,107,5263,6
2021-05-15,Los Angeles,037,10098052,1205130,1196255,40838,1237093,24115
2021-05-15,Madera,039,155013,16576,16482,918,17400,238
2021-05-15,Marin,041,260295,14062,14012,247,14259,227
2021-05-15,Mariposa,043,17540,428,423,11,434,5
2021-05-15,Mendocino,045,87422,3937,3861,80,3941,46
2021-05-15,Merced,047,269075,30861,31012,1025,32037,450
2021-05-15,Modoc,049,8938,371,362,125,487,3
2021-05-15,Mono,051,14174,1254,1265,16,1281,3
2021-05-15,Monterey,053,433212,43111,42982,1832,44814,379
2021-05-15,Napa,055,140530,9885,9887,34,9921,82
2021-05-15,Nevada,057,99092,4783,4755,186,4941,70
2021-05-15,Orange,059,3164182,255012,253919,11178,265097,5030
2021-05-15,Placer,061,380077,23099,22688,1465,24153,289
2021-05-15,Plumas,063,18699,699,681,10,691,4
2021-05-15,Riverside,065,2383286,293641,288203,13801,302004,4433
2021-05-15,Sacramento,067,1510023,105229,104929,1705,106634,1628
2021-05-15,San Benito,069,59416,6046,6066,111,6177,63
2021-05-15,San Bernardino,071,2135413,292846,291892,8884,300776,4724
2021-05-15,San Diego,073,3302833,279869,278991,14824,293815,3737
2021-05-15,San Francisco,075,870044,36562,36795,1253,38048,546
2021-05-15,San Joaquin,077,732212,72782,72197,3459,75656,1359
2021-05-15,San Luis Obispo,079,281455,21303,21061,719,21780,256
2021-05-15,San Mateo,081,765935,42183,42059,461,42520,428
2021-05-15,Santa Barbara,083,443738,34379,34259,1114,35373,459
2021-05-15,Santa Clara,085,1922200,118334,119060,739,119799,2016
2021-05-15,Santa Cruz,087,273765,16199,16137,795,16932,206
2021-05-15,Shasta,089,179085,12156,12152,1533,13685,200
2021-05-15,Sierra,091,2930,56,54,12,66,0
2021-05-15,Siskiyou,093,43540,1890,1788,337,2125,15
2021-05-15,Solano,095,438530,32621,32604,542,33146,253
2021-05-15,Sonoma,097,501317,29883,30020,324,30344,321
2021-05-15,Stanislaus,099,539301,56024,55795,5832,61627,952
2021-05-15,Sutter,101,95872,9400,9436,83,9519,113
2021-05-15,Tehama,103,63373,5040,5012,552,5564,63
2021-05-15,Trinity,105,12862,483,328,87,415,3
2021-05-15,Tulare,107,460477,50109,49080,8828,57908,837
2021-05-15,Tuolumne,109,53932,4010,4064,41,4105,63
2021-05-15,Ventura,111,848112,81211,80662,2939,83601,1017
2021-05-15,Yolo,113,214977,13956,13932,229,14161,211
2021-05-15,Yuba,115,75493,6008,5979,121,6100,49
2021-05-14,Alameda,001,1643700,87718,87621,1900,89521,1249
2021-05-14,Alpine,003,1148,87,88,0,88,0
2021-05-14,Amador,005,37829,3657,3665,32,3697,46
2021-05-14,Butte,007,227075,12437,12076,1786,13862,192
2021-05-14,Calaveras,009,45235,2130,2121,13,2134,53
2021-05-14,Colusa,011,21464,1937,1940,300,2240,14
2021-05-14,Contra Costa,013,1133247,69077,68589,1241,69830,806
2021-05-14,Del Norte,015,27424,1394,1355,12,1367,8
2021-05-14,El Dorado,017,186661,10210,10143,731,10874,113
2021-05-14,Fresno,019,978130,102368,101917,8556,110473,1688
2021-05-14,Glenn,021,27897,2422,2398,552,2950,17
2021-05-14,Humboldt,023,135768,4135,4050,34,4084,37
2021-05-14,Imperial,025,180216,28539,28485,2674,31159,728
2021-05-14,Inyo,027,18085,1404,1400,12,1412,36
2021-05-14,Kern,029,883053,97039,96033,10678,106711,1311
2021-05-14,Kings,031,150075,23118,22910,1063,23973,246
2021-05-14,Lake,033,64148,3499,3483,9,3492,43
2021-05-14,Lassen,035,31185,5190,5154,107,5261,6
2021-05-14,Los Angeles,037,10098052,1204995,1196038,40833,1236871,24101
2021-05-14,Madera,039,155013,16573,16474,918,17392,238
2021-05-14,Marin,041,260295,14058,14010,247,14257,227
2021-05-14,Mariposa,043,17540,428,422,11,433,5
2021-05-14,Mendocino,045,87422,3935,3855,80,3935,46
2021-05-14,Merced,047,269075,30851,31010,1025,32035,450
2021-05-14,Modoc,049,8938,371,362,125,487,3
2021-05-14,Mono,051,14174,1253,1265,16,1281,3
2021-05-14,Monterey,053,433212,43106,42973,1832,44805,380
2021-05-14,Napa,055,140530,9882,9883,34,9917,82
2021-05-14,Nevada,057,99092,4778,4745,186,4931,70
2021-05-14,Orange,059,3164182,254978,253855,11171,265026,5028
2021-05-14,Placer,061,380077,23080,22660,1459,24119,287
2021-05-14,Plumas,063,18699,698,680,10,690,4
2021-05-14,Riverside,065,2383286,293591,288140,13798,301938,4433
2021-05-14,Sacramento,067,1510023,105140,104828,1704,106532,1627
2021-05-14,San Benito,069,59416,6046,6064,111,6175,63
2021-05-14,San Bernardino,071,2135413,292798,291834,8884,300718,4721
2021-05-14,San Diego,073,3302833,279796,278853,14813,293666,3732
2021-05-14,San Francisco,075,870044,36553,36771,1249,38020,545
2021-05-14,San Joaquin,077,732212,72750,72160,3452,75612,1359
2021-05-14,San Luis Obispo,079,281455,21299,21051,719,21770,256
2021-05-14,San Mateo,081,765935,42173,42041,461,42502,428
2021-05-14,Santa Barbara,083,443738,34369,34243,1114,35357,456
2021-05-14,Santa Clara,085,1922200,118305,119006,739,119745,2014
2021-05-14,Santa Cruz,087,273765,16194,16130,795,16925,207
2021-05-14,Shasta,089,179085,12150,12130,1528,13658,200
2021-05-14,Sierra,091,2930,56,54,12,66,0
2021-05-14,Siskiyou,093,43540,1883,1779,336,2115,14
2021-05-14,Solano,095,438530,32601,32585,541,33126,252
2021-05-14,Sonoma,097,501317,29864,30007,324,30331,321
2021-05-14,Stanislaus,099,539301,55991,55752,5826,61578,950
2021-05-14,Sutter,101,95872,9391,9433,81,9514,113
2021-05-14,Tehama,103,63373,5033,5005,552,5557,63
2021-05-14,Trinity,105,12862,483,328,87,415,3
2021-05-14,Tulare,107,460477,50092,49060,8823,57883,836
2021-05-14,Tuolumne,109,53932,4010,4060,41,4101,63
2021-05-14,Ventura,111,848112,81197,80628,2939,83567,1014
2021-05-14,Yolo,113,214977,13951,13922,225,14147,210
2021-05-14,Yuba,115,75493,6004,5970,121,6091,47
2021-05-13,Alameda,001,1643700,87675,87557,1899,89456,1250
2021-05-13,Alpine,003,1148,87,88,0,88,0
2021-05-13,Amador,005,37829,3657,3662,32,3694,46
2021-05-13,Butte,007,227075,12422,12051,1785,13836,196
2021-05-13,Calaveras,009,45235,2128,2120,13,2133,53
2021-05-13,Colusa,011,21464,1936,1939,296,2235,14
2021-05-13,Contra Costa,013,1133247,69029,68522,1240,69762,806
2021-05-13,Del Norte,015,27424,1392,1354,12,1366,8
2021-05-13,El Dorado,017,186661,10207,10133,731,10864,112
2021-05-13,Fresno,019,978130,102339,101862,8555,110417,1687
2021-05-13,Glenn,021,27897,2421,2395,552,2947,17
2021-05-13,Humboldt,023,135768,4117,4027,34,4061,37
2021-05-13,Imperial,025,180216,28524,28468,2672,31140,729
2021-05-13,Inyo,027,18085,1404,1400,12,1412,36
2021-05-13,Kern,029,883053,97015,95996,10660,106656,1311
2021-05-13,Kings,031,150075,23117,22904,1063,23967,246
2021-05-13,Lake,033,64148,3498,3479,9,3488,43
2021-05-13,Lassen,035,31185,5190,5152,106,5258,6
2021-05-13,Los Angeles,037,10098052,1204806,1195504,40819,1236323,24083
2021-05-13,Madera,039,155013,16565,16467,918,17385,238
2021-05-13,Marin,041,260295,14053,14004,245,14249,227
2021-05-13,Mariposa,043,17540,428,422,11,433,5
2021-05-13,Mendocino,045,87422,3931,3846,80,3926,46
2021-05-13,Merced,047,269075,30844,30989,1024,32013,450
2021-05-13,Modoc,049,8938,371,362,125,487,3
2021-05-13,Mono,051,14174,1253,1265,16,1281,3
2021-05-13,Monterey,053,433212,43091,42966,1832,44798,380
2021-05-13,Napa,055,140530,9875,9877,34,9911,82
2021-05-13,Nevada,057,99092,4774,4743,185,4928,70
2021-05-13,Orange,059,3164182,254933,253778,11169,264947,5026
2021-05-13,Placer,061,380077,23053,22668,1452,24120,288
2021-05-13,Plumas,063,18699,698,680,10,690,4
2021-05-13,Riverside,065,2383286,293525,288067,13793,301860,4433
2021-05-13,Sacramento,067,1510023,105054,104711,1702,106413,1626
2021-05-13,San Benito,069,59416,6044,6062,111,6173,63
2021-05-13,San Bernardino,071,2135413,292732,291765,8884,300649,4722
2021-05-13,San Diego,073,3302833,279682,278592,14796,293388,3729
2021-05-13,San Francisco,075,870044,36529,36741,1247,37988,544
2021-05-13,San Joaquin,077,732212,72708,72096,3448,75544,1357
2021-05-13,San Luis Obispo,079,281455,21284,21043,718,21761,255
2021-05-13,San Mateo,081,765935,42156,42059,461,42520,426
2021-05-13,Santa Barbara,083,443738,34357,34242,1114,35356,456
2021-05-13,Santa Clara,085,1922200,118278,118952,739,119691,2013
2021-05-13,Santa Cruz,087,273765,16188,16129,795,16924,208
2021-05-13,Shasta,089,179085,12130,12111,1524,13635,200
2021-05-13,Sierra,091,2930,56,54,12,66,0
2021-05-13,Siskiyou,093,43540,1876,1769,333,2102,14
2021-05-13,Solano,095,438530,32588,32548,539,33087,252
2021-05-13,Sonoma,097,501317,29839,29991,324,30315,321
2021-05-13,Stanislaus,099,539301,55954,55678,5820,61498,949
2021-05-13,Sutter,101,95872,9386,9431,80,9511,112
2021-05-13,Tehama,103,63373,5028,4997,552,5549,63
2021-05-13,Trinity,105,12862,482,327,86,413,3
2021-05-13,Tulare,107,460477,50066,49032,8815,57847,837
2021-05-13,Tuolumne,109,53932,4009,4059,41,4100,63
2021-05-13,Ventura,111,848112,81167,80615,2938,83553,1012
2021-05-13,Yolo,113,214977,13942,13914,223,14137,210
2021-05-13,Yuba,115,75493,5995,5962,121,6083,47
2021-05-12,Alameda,001,1643700,87643,87482,1897,89379,1261
2021-05-12,Alpine,003,1148,87,88,0,88,0
2021-05-12,Amador,005,37829,3657,3658,32,3690,46
2021-05-12,Butte,007,227075,12412,12026,1785,13811,199
2021-05-12,Calaveras,009,45235,2125,2119,13,2132,53
2021-05-12,Colusa,011,21464,1934,1939,295,2234,14
2021-05-12,Contra Costa,013,1133247,68970,68462,1234,69696,805
2021-05-12,Del Norte,015,27424,1390,1352,12,1364,8
2021-05-12,El Dorado,017,186661,10197,10123,731,10854,112
2021-05-12,Fresno,019,978130,102290,101838,8544,110382,1688
2021-05-12,Glenn,021,27897,2418,2391,552,2943,17
2021-05-12,Humboldt,023,135768,4089,3982,34,4016,37
2021-05-12,Imperial,025,180216,28506,28443,2669,31112,726
2021-05-12,Inyo,027,18085,1404,1400,12,1412,36
2021-05-12,Kern,029,883053,96979,95955,10653,106608,1310
2021-05-12,Kings,031,150075,23115,22896,1063,23959,246
2021-05-12,Lake,033,64148,3496,3476,9,3485,43
2021-05-12,Lassen,035,31185,5188,5151,106,5257,6
2021-05-12,Los Angeles,037,10098052,1204623,1195318,40802,1236120,24067
2021-05-12,Madera,039,155013,16558,16462,917,17379,238
2021-05-12,Marin,041,260295,14048,13997,245,14242,227
2021-05-12,Mariposa,043,17540,428,422,11,433,5
2021-05-12,Mendocino,045,87422,3921,3836,80,3916,46
2021-05-12,Merced,047,269075,30828,30941,1024,31965,450
2021-05-12,Modoc,049,8938,370,362,125,487,3
2021-05-12,Mono,051,14174,1253,1265,16,1281,3
2021-05-12,Monterey,053,433212,43079,42950,1831,44781,380
2021-05-12,Napa,055,140530,9869,9870,34,9904,82
2021-05-12,Nevada,057,99092,4770,4738,185,4923,70
2021-05-12,Orange,059,3164182,254882,253587,11165,264752,5024
2021-05-12,Placer,061,380077,23035,22652,1445,24097,288
2021-05-12,Plumas,063,18699,698,681,10,691,4
2021-05-12,Riverside,065,2383286,293455,287830,13789,301619,4431
2021-05-12,Sacramento,067,1510023,104959,104592,1700,106292,1621
2021-05-12,San Benito,069,59416,6044,6062,111,6173,63
2021-05-12,San Bernardino,071,2135413,292683,291505,8879,300384,4715
2021-05-12,San Diego,073,3302833,279578,278402,14775,293177,3729
2021-05-12,San Francisco,075,870044,36509,36720,1246,37966,544
2021-05-12,San Joaquin,077,732212,72654,72043,3444,75487,1356
2021-05-12,San Luis Obispo,079,281455,21274,21021,718,21739,255
2021-05-12,San Mateo,081,765935,42147,42038,460,42498,426
2021-05-12,Santa Barbara,083,443738,34349,34218,1114,35332,456
2021-05-12,Santa Clara,085,1922200,118234,118897,739,119636,2005
2021-05-12,Santa Cruz,087,273765,16182,16123,795,16918,207
2021-05-12,Shasta,089,179085,12110,12092,1522,13614,200
2021-05-12,Sierra,091,2930,56,54,12,66,0
2021-05-12,Siskiyou,093,43540,1872,1760,332,2092,13
2021-05-12,Solano,095,438530,32564,32519,539,33058,252
2021-05-12,Sonoma,097,501317,29827,29976,324,30300,320
2021-05-12,Stanislaus,099,539301,55914,55632,5813,61445,919
2021-05-12,Sutter,101,95872,9383,9427,80,9507,112
2021-05-12,Tehama,103,63373,5023,4989,552,5541,62
2021-05-12,Trinity,105,12862,482,327,86,413,3
2021-05-12,Tulare,107,460477,50050,49001,8807,57808,838
2021-05-12,Tuolumne,109,53932,4008,4056,41,4097,63
2021-05-12,Ventura,111,848112,81148,80577,2938,83515,1010
2021-05-12,Yolo,113,214977,13934,13910,222,14132,210
2021-05-12,Yuba,115,75493,5992,5956,121,6077,47
2021-05-11,Alameda,001,1643700,87578,87413,1893,89306,1290
2021-05-11,Alpine,003,1148,87,88,0,88,0
2021-05-11,Amador,005,37829,3655,3657,32,3689,46
2021-05-11,Butte,007,227075,12397,12008,1782,13790,199
2021-05-11,Calaveras,009,45235,2125,2118,13,2131,52
2021-05-11,Colusa,011,21464,1933,1939,295,2234,14
2021-05-11,Contra Costa,013,1133247,68910,68406,1233,69639,806
2021-05-11,Del Norte,015,27424,1388,1347,12,1359,8
2021-05-11,El Dorado,017,186661,10191,10108,730,10838,112
2021-05-11,Fresno,019,978130,102244,101792,8539,110331,1686
2021-05-11,Glenn,021,27897,2417,2387,551,2938,17
2021-05-11,Humboldt,023,135768,4068,3964,33,3997,37
2021-05-11,Imperial,025,180216,28498,28413,2665,31078,722
2021-05-11,Inyo,027,18085,1403,1402,12,1414,36
2021-05-11,Kern,029,883053,96951,95938,10640,106578,1310
2021-05-11,Kings,031,150075,23107,22887,1063,23950,246
2021-05-11,Lake,033,64148,3496,3473,9,3482,43
2021-05-11,Lassen,035,31185,5186,5148,106,5254,6
2021-05-11,Los Angeles,037,10098052,1204386,1195100,40785,1235885,24048
2021-05-11,Madera,039,155013,16554,16459,916,17375,238
2021-05-11,Marin,041,260295,14041,13987,245,14232,227
2021-05-11,Mariposa,043,17540,428,421,11,432,5
2021-05-11,Mendocino,045,87422,3913,3821,80,3901,46
2021-05-11,Merced,047,269075,30819,30893,1024,31917,449
2021-05-11,Modoc,049,8938,370,362,124,486,3
2021-05-11,Mono,051,14174,1253,1265,16,1281,3
2021-05-11,Monterey,053,433212,43071,42934,1830,44764,380
2021-05-11,Napa,055,140530,9862,9870,34,9904,81
2021-05-11,Nevada,057,99092,4766,4737,185,4922,70
2021-05-11,Orange,059,3164182,254819,253545,11158,264703,5017
2021-05-11,Placer,061,380077,23013,22615,1441,24056,287
2021-05-11,Plumas,063,18699,696,679,10,689,4
2021-05-11,Riverside,065,2383286,293393,287757,13784,301541,4429
2021-05-11,Sacramento,067,1510023,104860,104496,1697,106193,1616
2021-05-11,San Benito,069,59416,6041,6058,111,6169,63
2021-05-11,San Bernardino,071,2135413,292623,291421,8877,300298,4707
2021-05-11,San Diego,073,3302833,279443,278308,14756,293064,3725
2021-05-11,San Francisco,075,870044,36489,36707,1246,37953,543
2021-05-11,San Joaquin,077,732212,72606,71999,3441,75440,1356
2021-05-11,San Luis Obispo,079,281455,21267,21008,716,21724,255
2021-05-11,San Mateo,081,765935,42128,41985,459,42444,425
2021-05-11,Santa Barbara,083,443738,34339,34207,1114,35321,456
2021-05-11,Santa Clara,085,1922200,118187,118857,738,119595,2005
2021-05-11,Santa Cruz,087,273765,16178,16113,795,16908,206
2021-05-11,Shasta,089,179085,12087,12050,1516,13566,200
2021-05-11,Sierra,091,2930,56,54,12,66,0
2021-05-11,Siskiyou,093,43540,1862,1756,330,2086,13
2021-05-11,Solano,095,438530,32546,32499,537,33036,250
2021-05-11,Sonoma,097,501317,29812,29966,324,30290,318
2021-05-11,Stanislaus,099,539301,55867,55589,5809,61398,909
2021-05-11,Sutter,101,95872,9376,9417,80,9497,112
2021-05-11,Tehama,103,63373,5019,4985,551,5536,62
2021-05-11,Trinity,105,12862,482,327,85,412,3
2021-05-11,Tulare,107,460477,50023,48974,8793,57767,837
2021-05-11,Tuolumne,109,53932,4007,4056,41,4097,63
2021-05-11,Ventura,111,848112,81124,80544,2935,83479,1008
2021-05-11,Yolo,113,214977,13921,13902,219,14121,210
2021-05-11,Yuba,115,75493,5983,5950,121,6071,46
2021-05-10,Alameda,001,1643700,87508,87366,1892,89258,1284
2021-05-10,Alpine,003,1148,87,88,0,88,0
2021-05-10,Amador,005,37829,3654,3657,32,3689,46
2021-05-10,Butte,007,227075,12381,11993,1778,13771,199
2021-05-10,Calaveras,009,45235,2118,2118,13,2131,52
2021-05-10,Colusa,011,21464,1933,1939,295,2234,14
2021-05-10,Contra Costa,013,1133247,68846,68357,1233,69590,806
2021-05-10,Del Norte,015,27424,1385,1339,12,1351,8
2021-05-10,El Dorado,017,186661,10177,10093,730,10823,113
2021-05-10,Fresno,019,978130,102212,101755,8532,110287,1682
2021-05-10,Glenn,021,27897,2416,2384,550,2934,17
2021-05-10,Humboldt,023,135768,4038,3961,33,3994,36
2021-05-10,Imperial,025,180216,28484,28397,2661,31058,722
2021-05-10,Inyo,027,18085,1403,1401,12,1413,36
2021-05-10,Kern,029,883053,96908,95920,10626,106546,1310
2021-05-10,Kings,031,150075,23096,22884,1062,23946,246
2021-05-10,Lake,033,64148,3488,3471,9,3480,43
2021-05-10,Lassen,035,31185,5182,5148,106,5254,5
2021-05-10,Los Angeles,037,10098052,1204119,1194976,40770,1235746,24030
2021-05-10,Madera,039,155013,16544,16450,916,17366,238
2021-05-10,Marin,041,260295,14038,13981,245,14226,228
2021-05-10,Mariposa,043,17540,427,420,11,431,5
2021-05-10,Mendocino,045,87422,3907,3818,80,3898,46
2021-05-10,Merced,047,269075,30809,30880,1024,31904,448
2021-05-10,Modoc,049,8938,370,361,124,485,3
2021-05-10,Mono,051,14174,1253,1265,16,1281,3
2021-05-10,Monterey,053,433212,43065,42927,1825,44752,380
2021-05-10,Napa,055,140530,9860,9860,34,9894,81
2021-05-10,Nevada,057,99092,4759,4735,185,4920,70
2021-05-10,Orange,059,3164182,254766,253484,11152,264636,5008
2021-05-10,Placer,061,380077,22991,22590,1438,24028,286
2021-05-10,Plumas,063,18699,695,679,10,689,4
2021-05-10,Riverside,065,2383286,293324,287689,13778,301467,4427
2021-05-10,Sacramento,067,1510023,104747,104378,1692,106070,1613
2021-05-10,San Benito,069,59416,6040,6058,111,6169,63
2021-05-10,San Bernardino,071,2135413,292572,291360,8876,300236,4707
2021-05-10,San Diego,073,3302833,279279,278183,14729,292912,3725
2021-05-10,San Francisco,075,870044,36470,36683,1246,37929,543
2021-05-10,San Joaquin,077,732212,72570,71954,3427,75381,1356
2021-05-10,San Luis Obispo,079,281455,21249,20993,715,21708,256
2021-05-10,San Mateo,081,765935,42111,41926,459,42385,424
2021-05-10,Santa Barbara,083,443738,34331,34201,1114,35315,456
2021-05-10,Santa Clara,085,1922200,118128,118822,738,119560,2003
2021-05-10,Santa Cruz,087,273765,16173,16114,795,16909,206
2021-05-10,Shasta,089,179085,12073,12036,1512,13548,200
2021-05-10,Sierra,091,2930,56,54,12,66,0
2021-05-10,Siskiyou,093,43540,1852,1752,328,2080,13
2021-05-10,Solano,095,438530,32526,32466,535,33001,250
2021-05-10,Sonoma,097,501317,29797,29955,323,30278,318
2021-05-10,Stanislaus,099,539301,55792,55541,5803,61344,898
2021-05-10,Sutter,101,95872,9370,9412,80,9492,111
2021-05-10,Tehama,103,63373,5015,4980,551,5531,62
2021-05-10,Trinity,105,12862,482,327,83,410,3
2021-05-10,Tulare,107,460477,50000,48956,8787,57743,837
2021-05-10,Tuolumne,109,53932,4003,4054,40,4094,63
2021-05-10,Ventura,111,848112,81108,80501,2934,83435,1008
2021-05-10,Yolo,113,214977,13909,13898,217,14115,209
2021-05-10,Yuba,115,75493,5981,5942,121,6063,46
2021-05-09,Alameda,001,1643700,87437,87292,1889,89181,1284
2021-05-09,Alpine,003,1148,87,88,0,88,0
2021-05-09,Amador,005,37829,3652,3655,32,3687,46
2021-05-09,Butte,007,227075,12363,11985,1774,13759,199
2021-05-09,Calaveras,009,45235,2117,2116,13,2129,52
2021-05-09,Colusa,011,21464,1932,1940,295,2235,14
2021-05-09,Contra Costa,013,1133247,68783,68302,1231,69533,806
2021-05-09,Del Norte,015,27424,1378,1338,12,1350,8
2021-05-09,El Dorado,017,186661,10163,10089,726,10815,113
2021-05-09,Fresno,019,978130,102174,101729,8523,110252,1682
2021-05-09,Glenn,021,27897,2409,2382,547,2929,17
2021-05-09,Humboldt,023,135768,4018,3950,33,3983,36
2021-05-09,Imperial,025,180216,28461,28388,2653,31041,722
2021-05-09,Inyo,027,18085,1403,1401,11,1412,36
2021-05-09,Kern,029,883053,96880,95903,10616,106519,1310
2021-05-09,Kings,031,150075,23087,22878,1062,23940,246
2021-05-09,Lake,033,64148,3484,3471,9,3480,43
2021-05-09,Lassen,035,31185,5180,5147,106,5253,5
2021-05-09,Los Angeles,037,10098052,1203861,1194820,40754,1235574,24026
2021-05-09,Madera,039,155013,16535,16444,910,17354,238
2021-05-09,Marin,041,260295,14027,13979,244,14223,228
2021-05-09,Mariposa,043,17540,424,420,11,431,5
2021-05-09,Mendocino,045,87422,3897,3814,80,3894,46
2021-05-09,Merced,047,269075,30786,30883,1024,31907,448
2021-05-09,Modoc,049,8938,370,360,124,484,3
2021-05-09,Mono,051,14174,1253,1264,16,1280,3
2021-05-09,Monterey,053,433212,43047,42918,1825,44743,380
2021-05-09,Napa,055,140530,9849,9857,34,9891,81
2021-05-09,Nevada,057,99092,4752,4727,185,4912,70
2021-05-09,Orange,059,3164182,254712,253451,11144,264595,5008
2021-05-09,Placer,061,380077,22965,22566,1435,24001,286
2021-05-09,Plumas,063,18699,694,679,10,689,4
2021-05-09,Riverside,065,2383286,293244,287644,13772,301416,4427
2021-05-09,Sacramento,067,1510023,104598,104309,1686,105995,1612
2021-05-09,San Benito,069,59416,6038,6056,111,6167,63
2021-05-09,San Bernardino,071,2135413,292489,291337,8870,300207,4707
2021-05-09,San Diego,073,3302833,279112,277950,14707,292657,3725
2021-05-09,San Francisco,075,870044,36444,36669,1244,37913,543
2021-05-09,San Joaquin,077,732212,72524,71927,3426,75353,1356
2021-05-09,San Luis Obispo,079,281455,21238,20999,715,21714,256
2021-05-09,San Mateo,081,765935,42082,41903,459,42362,424
2021-05-09,Santa Barbara,083,443738,34318,34196,1113,35309,456
2021-05-09,Santa Clara,085,1922200,118074,118798,737,119535,2003
2021-05-09,Santa Cruz,087,273765,16167,16094,795,16889,206
2021-05-09,Shasta,089,179085,12043,12034,1507,13541,200
2021-05-09,Sierra,091,2930,56,54,12,66,0
2021-05-09,Siskiyou,093,43540,1845,1741,325,2066,13
2021-05-09,Solano,095,438530,32487,32434,533,32967,250
2021-05-09,Sonoma,097,501317,29783,29953,322,30275,318
2021-05-09,Stanislaus,099,539301,55726,55511,5799,61310,898
2021-05-09,Sutter,101,95872,9364,9413,80,9493,111
2021-05-09,Tehama,103,63373,5010,4979,551,5530,62
2021-05-09,Trinity,105,12862,482,327,83,410,3
2021-05-09,Tulare,107,460477,49973,48948,8782,57730,837
2021-05-09,Tuolumne,109,53932,4001,4053,40,4093,63
2021-05-09,Ventura,111,848112,81093,80487,2933,83420,1008
2021-05-09,Yolo,113,214977,13899,13897,216,14113,209
2021-05-09,Yuba,115,75493,5975,5934,121,6055,46
2021-05-08,Alameda,001,1643700,87395,87213,1885,89098,1284
2021-05-08,Alpine,003,1148,87,88,0,88,0
2021-05-08,Amador,005,37829,3650,3652,32,3684,46
2021-05-08,Butte,007,227075,12351,11962,1773,13735,199
2021-05-08,Calaveras,009,45235,2116,2114,13,2127,52
2021-05-08,Colusa,011,21464,1932,1939,295,2234,14
2021-05-08,Contra Costa,013,1133247,68750,68223,1229,69452,803
2021-05-08,Del Norte,015,27424,1375,1335,12,1347,8
2021-05-08,El Dorado,017,186661,10149,10079,726,10805,113
2021-05-08,Fresno,019,978130,102138,101676,8518,110194,1682
2021-05-08,Glenn,021,27897,2407,2382,545,2927,17
2021-05-08,Humboldt,023,135768,4002,3939,33,3972,36
2021-05-08,Imperial,025,180216,28453,28373,2653,31026,721
2021-05-08,Inyo,027,18085,1403,1402,11,1413,36
2021-05-08,Kern,029,883053,96855,95880,10603,106483,1310
2021-05-08,Kings,031,150075,23084,22872,1061,23933,246
2021-05-08,Lake,033,64148,3483,3470,9,3479,43
2021-05-08,Lassen,035,31185,5179,5145,106,5251,5
2021-05-08,Los Angeles,037,10098052,1203707,1194584,40738,1235322,24022
2021-05-08,Madera,039,155013,16531,16442,910,17352,238
2021-05-08,Marin,041,260295,14024,13974,243,14217,228
2021-05-08,Mariposa,043,17540,424,420,11,431,5
2021-05-08,Mendocino,045,87422,3892,3810,79,3889,46
2021-05-08,Merced,047,269075,30777,30876,1024,31900,448
2021-05-08,Modoc,049,8938,370,360,123,483,3
2021-05-08,Mono,051,14174,1253,1262,16,1278,3
2021-05-08,Monterey,053,433212,43042,42914,1824,44738,380
2021-05-08,Napa,055,140530,9842,9853,34,9887,81
2021-05-08,Nevada,057,99092,4749,4716,185,4901,70
2021-05-08,Orange,059,3164182,254678,253412,11140,264552,5006
2021-05-08,Placer,061,380077,22947,22547,1433,23980,286
2021-05-08,Plumas,063,18699,693,679,10,689,4
2021-05-08,Riverside,065,2383286,293201,287574,13770,301344,4427
2021-05-08,Sacramento,067,1510023,104513,104208,1683,105891,1610
2021-05-08,San Benito,069,59416,6037,6048,111,6159,63
2021-05-08,San Bernardino,071,2135413,292446,291296,8870,300166,4707
2021-05-08,San Diego,073,3302833,279029,277760,14689,292449,3725
2021-05-08,San Francisco,075,870044,36421,36642,1244,37886,543
2021-05-08,San Joaquin,077,732212,72495,71869,3417,75286,1356
2021-05-08,San Luis Obispo,079,281455,21227,20992,715,21707,256
2021-05-08,San Mateo,081,765935,42071,41871,459,42330,424
2021-05-08,Santa Barbara,083,443738,34305,34185,1113,35298,456
2021-05-08,Santa Clara,085,1922200,118043,118751,737,119488,2003
2021-05-08,Santa Cruz,087,273765,16164,16089,795,16884,206
2021-05-08,Shasta,089,179085,12033,12030,1503,13533,200
2021-05-08,Sierra,091,2930,56,54,12,66,0
2021-05-08,Siskiyou,093,43540,1844,1741,321,2062,13
2021-05-08,Solano,095,438530,32463,32395,531,32926,249
2021-05-08,Sonoma,097,501317,29770,29942,322,30264,318
2021-05-08,Stanislaus,099,539301,55695,55467,5795,61262,898
2021-05-08,Sutter,101,95872,9361,9413,80,9493,111
2021-05-08,Tehama,103,63373,5008,4977,551,5528,62
2021-05-08,Trinity,105,12862,482,327,83,410,3
2021-05-08,Tulare,107,460477,49959,48929,8772,57701,837
2021-05-08,Tuolumne,109,53932,4000,4050,40,4090,63
2021-05-08,Ventura,111,848112,81082,80481,2930,83411,1008
2021-05-08,Yolo,113,214977,13896,13894,215,14109,209
2021-05-08,Yuba,115,75493,5967,5928,121,6049,46
2021-05-07,Alameda,001,1643700,87342,87128,1885,89013,1280
2021-05-07,Alpine,003,1148,87,88,0,88,0
2021-05-07,Amador,005,37829,3647,3651,32,3683,46
2021-05-07,Butte,007,227075,12330,11943,1770,13713,199
2021-05-07,Calaveras,009,45235,2114,2114,13,2127,52
2021-05-07,Colusa,011,21464,1932,1937,295,2232,14
2021-05-07,Contra Costa,013,1133247,68703,68156,1227,69383,804
2021-05-07,Del Norte,015,27424,1370,1329,12,1341,8
2021-05-07,El Dorado,017,186661,10136,10065,724,10789,112
2021-05-07,Fresno,019,978130,102105,101625,8517,110142,1684
2021-05-07,Glenn,021,27897,2404,2381,544,2925,17
2021-05-07,Humboldt,023,135768,3987,3919,33,3952,36
2021-05-07,Imperial,025,180216,28445,28352,2653,31005,721
2021-05-07,Inyo,027,18085,1403,1402,11,1413,36
2021-05-07,Kern,029,883053,96842,95839,10591,106430,1308
2021-05-07,Kings,031,150075,23083,22857,1060,23917,246
2021-05-07,Lake,033,64148,3481,3467,9,3476,43
2021-05-07,Lassen,035,31185,5178,5144,105,5249,5
2021-05-07,Los Angeles,037,10098052,1203527,1194294,40731,1235025,24008
2021-05-07,Madera,039,155013,16526,16439,910,17349,238
2021-05-07,Marin,041,260295,14020,13968,243,14211,228
2021-05-07,Mariposa,043,17540,423,419,11,430,5
2021-05-07,Mendocino,045,87422,3886,3805,79,3884,46
2021-05-07,Merced,047,269075,30774,30862,1024,31886,446
2021-05-07,Modoc,049,8938,370,360,123,483,3
2021-05-07,Mono,051,14174,1252,1261,16,1277,3
2021-05-07,Monterey,053,433212,43036,42909,1822,44731,380
2021-05-07,Napa,055,140530,9841,9849,34,9883,81
2021-05-07,Nevada,057,99092,4745,4704,185,4889,70
2021-05-07,Orange,059,3164182,254638,253338,11132,264470,5000
2021-05-07,Placer,061,380077,22927,22524,1431,23955,286
2021-05-07,Plumas,063,18699,693,678,10,688,4
2021-05-07,Riverside,065,2383286,293143,287479,13769,301248,4426
2021-05-07,Sacramento,067,1510023,104441,104068,1678,105746,1609
2021-05-07,San Benito,069,59416,6036,6048,111,6159,63
2021-05-07,San Bernardino,071,2135413,292404,291185,8865,300050,4697
2021-05-07,San Diego,073,3302833,278943,277534,14673,292207,3718
2021-05-07,San Francisco,075,870044,36408,36616,1243,37859,543
2021-05-07,San Joaquin,077,732212,72455,71804,3415,75219,1351
2021-05-07,San Luis Obispo,079,281455,21220,20979,715,21694,256
2021-05-07,San Mateo,081,765935,42056,41844,459,42303,424
2021-05-07,Santa Barbara,083,443738,34295,34166,1113,35279,453
2021-05-07,Santa Clara,085,1922200,118010,118691,736,119427,2002
2021-05-07,Santa Cruz,087,273765,16161,16074,795,16869,206
2021-05-07,Shasta,089,179085,12011,12005,1501,13506,200
2021-05-07,Sierra,091,2930,56,54,12,66,0
2021-05-07,Siskiyou,093,43540,1841,1723,321,2044,13
2021-05-07,Solano,095,438530,32435,32352,529,32881,249
2021-05-07,Sonoma,097,501317,29752,29925,320,30245,318
2021-05-07,Stanislaus,099,539301,55654,55407,5790,61197,896
2021-05-07,Sutter,101,95872,9361,9407,80,9487,111
2021-05-07,Tehama,103,63373,5001,4974,551,5525,57
2021-05-07,Trinity,105,12862,482,327,83,410,3
2021-05-07,Tulare,107,460477,49942,48913,8767,57680,837
2021-05-07,Tuolumne,109,53932,3998,4048,40,4088,63
2021-05-07,Ventura,111,848112,81058,80444,2930,83374,1008
2021-05-07,Yolo,113,214977,13890,13875,214,14089,209
2021-05-07,Yuba,115,75493,5957,5910,121,6031,46
2021-05-06,Alameda,001,1643700,87266,87028,1882,88910,1278
2021-05-06,Alpine,003,1148,87,88,0,88,0
2021-05-06,Amador,005,37829,3645,3650,32,3682,46
2021-05-06,Butte,007,227075,12310,11929,1765,13694,198
2021-05-06,Calaveras,009,45235,2114,2111,13,2124,52
2021-05-06,Colusa,011,21464,1932,1935,295,2230,14
2021-05-06,Contra Costa,013,1133247,68648,68076,1224,69300,802
2021-05-06,Del Norte,015,27424,1362,1324,12,1336,6
2021-05-06,El Dorado,017,186661,10129,10048,724,10772,112
2021-05-06,Fresno,019,978130,102061,101536,8513,110049,1680
2021-05-06,Glenn,021,27897,2403,2380,543,2923,17
2021-05-06,Humboldt,023,135768,3962,3898,33,3931,36
2021-05-06,Imperial,025,180216,28434,28311,2652,30963,720
2021-05-06,Inyo,027,18085,1403,1401,11,1412,36
2021-05-06,Kern,029,883053,96817,95801,10574,106375,1307
2021-05-06,Kings,031,150075,23076,22848,1059,23907,246
2021-05-06,Lake,033,64148,3480,3465,9,3474,43
2021-05-06,Lassen,035,31185,5177,5143,105,5248,1
2021-05-06,Los Angeles,037,10098052,1203285,1193954,40715,1234669,23991
2021-05-06,Madera,039,155013,16518,16430,910,17340,238
2021-05-06,Marin,041,260295,14016,13956,243,14199,228
2021-05-06,Mariposa,043,17540,422,419,11,430,5
2021-05-06,Mendocino,045,87422,3875,3802,79,3881,46
2021-05-06,Merced,047,269075,30759,30863,1023,31886,444
2021-05-06,Modoc,049,8938,370,360,123,483,3
2021-05-06,Mono,051,14174,1250,1261,16,1277,3
2021-05-06,Monterey,053,433212,43021,42899,1822,44721,379
2021-05-06,Napa,055,140530,9835,9843,34,9877,81
2021-05-06,Nevada,057,99092,4744,4687,185,4872,70
2021-05-06,Orange,059,3164182,254570,253286,11126,264412,4991
2021-05-06,Placer,061,380077,22905,22493,1431,23924,286
2021-05-06,Plumas,063,18699,693,678,10,688,4
2021-05-06,Riverside,065,2383286,293070,287399,13764,301163,4422
2021-05-06,Sacramento,067,1510023,104325,103956,1675,105631,1609
2021-05-06,San Benito,069,59416,6035,6045,111,6156,63
2021-05-06,San Bernardino,071,2135413,292334,291085,8864,299949,4683
2021-05-06,San Diego,073,3302833,278816,277324,14650,291974,3716
2021-05-06,San Francisco,075,870044,36393,36599,1243,37842,543
2021-05-06,San Joaquin,077,732212,72400,71729,3412,75141,1350
2021-05-06,San Luis Obispo,079,281455,21208,20965,713,21678,256
2021-05-06,San Mateo,081,765935,42037,41802,458,42260,424
2021-05-06,Santa Barbara,083,443738,34282,34152,1113,35265,453
2021-05-06,Santa Clara,085,1922200,117969,118591,736,119327,2001
2021-05-06,Santa Cruz,087,273765,16154,16050,795,16845,206
2021-05-06,Shasta,089,179085,11989,11983,1495,13478,199
2021-05-06,Sierra,091,2930,56,54,12,66,0
2021-05-06,Siskiyou,093,43540,1831,1711,320,2031,12
2021-05-06,Solano,095,438530,32409,32320,521,32841,249
2021-05-06,Sonoma,097,501317,29744,29911,320,30231,318
2021-05-06,Stanislaus,099,539301,55598,55323,5785,61108,834
2021-05-06,Sutter,101,95872,9355,9396,80,9476,111
2021-05-06,Tehama,103,63373,4996,4970,551,5521,53
2021-05-06,Trinity,105,12862,482,327,83,410,3
2021-05-06,Tulare,107,460477,49917,48890,8752,57642,836
2021-05-06,Tuolumne,109,53932,3994,4047,40,4087,63
2021-05-06,Ventura,111,848112,81027,80411,2927,83338,1005
2021-05-06,Yolo,113,214977,13882,13871,211,14082,209
2021-05-06,Yuba,115,75493,5945,5901,121,6022,46
2021-05-05,Alameda,001,1643700,87204,86950,1880,88830,1278
2021-05-05,Alpine,003,1148,87,88,0,88,0
2021-05-05,Amador,005,37829,3642,3650,32,3682,46
2021-05-05,Butte,007,227075,12292,11907,1762,13669,198
2021-05-05,Calaveras,009,45235,2110,2103,13,2116,52
2021-05-05,Colusa,011,21464,1931,1933,295,2228,14
2021-05-05,Contra Costa,013,1133247,68583,67997,1220,69217,803
2021-05-05,Del Norte,015,27424,1359,1317,12,1329,6
2021-05-05,El Dorado,017,186661,10118,10020,723,10743,111
2021-05-05,Fresno,019,978130,102012,101491,8504,109995,1680
2021-05-05,Glenn,021,27897,2400,2380,542,2922,17
2021-05-05,Humboldt,023,135768,3943,3886,32,3918,36
2021-05-05,Imperial,025,180216,28393,28295,2645,30940,720
2021-05-05,Inyo,027,18085,1402,1401,11,1412,36
2021-05-05,Kern,029,883053,96773,95753,10570,106323,1304
2021-05-05,Kings,031,150075,23070,22840,1058,23898,246
2021-05-05,Lake,033,64148,3477,3458,9,3467,43
2021-05-05,Lassen,035,31185,5177,5143,104,5247,1
2021-05-05,Los Angeles,037,10098052,1203018,1193608,40701,1234309,23977
2021-05-05,Madera,039,155013,16516,16423,910,17333,235
2021-05-05,Marin,041,260295,14008,13950,242,14192,228
2021-05-05,Mariposa,043,17540,422,418,11,429,5
2021-05-05,Mendocino,045,87422,3871,3799,79,3878,46
2021-05-05,Merced,047,269075,30738,30844,1023,31867,444
2021-05-05,Modoc,049,8938,369,361,122,483,3
2021-05-05,Mono,051,14174,1250,1260,16,1276,3
2021-05-05,Monterey,053,433212,43008,42870,1819,44689,379
2021-05-05,Napa,055,140530,9829,9833,34,9867,81
2021-05-05,Nevada,057,99092,4741,4666,185,4851,70
2021-05-05,Orange,059,3164182,254512,253237,11121,264358,4978
2021-05-05,Placer,061,380077,22873,22362,1427,23789,287
2021-05-05,Plumas,063,18699,693,677,10,687,4
2021-05-05,Riverside,065,2383286,292975,287353,13755,301108,4414
2021-05-05,Sacramento,067,1510023,104237,103476,1670,105146,1607
2021-05-05,San Benito,069,59416,6026,6046,111,6157,63
2021-05-05,San Bernardino,071,2135413,292259,291008,8860,299868,4677
2021-05-05,San Diego,073,3302833,278679,277098,14631,291729,3716
2021-05-05,San Francisco,075,870044,36379,36577,1242,37819,543
2021-05-05,San Joaquin,077,732212,72347,71638,3409,75047,1345
2021-05-05,San Luis Obispo,079,281455,21200,20958,713,21671,256
2021-05-05,San Mateo,081,765935,42008,41755,457,42212,415
2021-05-05,Santa Barbara,083,443738,34267,34139,1112,35251,453
2021-05-05,Santa Clara,085,1922200,117939,118482,733,119215,1992
2021-05-05,Santa Cruz,087,273765,16148,16013,795,16808,207
2021-05-05,Shasta,089,179085,11973,11939,1491,13430,200
2021-05-05,Sierra,091,2930,56,54,12,66,0
2021-05-05,Siskiyou,093,43540,1814,1706,312,2018,11
2021-05-05,Solano,095,438530,32374,32250,519,32769,249
2021-05-05,Sonoma,097,501317,29731,29879,320,30199,318
2021-05-05,Stanislaus,099,539301,55541,55231,5783,61014,807
2021-05-05,Sutter,101,95872,9349,9387,80,9467,111
2021-05-05,Tehama,103,63373,4992,4968,551,5519,53
2021-05-05,Trinity,105,12862,482,326,83,409,3
2021-05-05,Tulare,107,460477,49893,48875,8745,57620,835
2021-05-05,Tuolumne,109,53932,3991,4040,40,4080,63
2021-05-05,Ventura,111,848112,80999,80372,2923,83295,1005
2021-05-05,Yolo,113,214977,13878,13846,209,14055,209
2021-05-05,Yuba,115,75493,5935,5895,120,6015,44
2021-05-04,Alameda,001,1643700,87112,86894,1880,88774,1277
2021-05-04,Alpine,003,1148,87,88,0,88,0
2021-05-04,Amador,005,37829,3642,3650,32,3682,46
2021-05-04,Butte,007,227075,12268,11883,1761,13644,198
2021-05-04,Calaveras,009,45235,2106,2100,13,2113,52
2021-05-04,Colusa,011,21464,1930,1933,295,2228,14
2021-05-04,Contra Costa,013,1133247,68503,67931,1218,69149,799
2021-05-04,Del Norte,015,27424,1359,1314,12,1326,6
2021-05-04,El Dorado,017,186661,10107,10009,719,10728,110
2021-05-04,Fresno,019,978130,101957,101451,8497,109948,1677
2021-05-04,Glenn,021,27897,2397,2379,539,2918,17
2021-05-04,Humboldt,023,135768,3917,3877,32,3909,36
2021-05-04,Imperial,025,180216,28373,28276,2642,30918,720
2021-05-04,Inyo,027,18085,1402,1399,11,1410,36
2021-05-04,Kern,029,883053,96737,95720,10552,106272,1301
2021-05-04,Kings,031,150075,23056,22822,1055,23877,246
2021-05-04,Lake,033,64148,3476,3454,9,3463,43
2021-05-04,Lassen,035,31185,5176,5142,104,5246,1
2021-05-04,Los Angeles,037,10098052,1202728,1193453,40689,1234142,23957
2021-05-04,Madera,039,155013,16515,16418,910,17328,235
2021-05-04,Marin,041,260295,14000,13935,242,14177,228
2021-05-04,Mariposa,043,17540,422,418,11,429,5
2021-05-04,Mendocino,045,87422,3866,3794,79,3873,46
2021-05-04,Merced,047,269075,30721,30829,1023,31852,444
2021-05-04,Modoc,049,8938,368,360,121,481,3
2021-05-04,Mono,051,14174,1250,1260,16,1276,3
2021-05-04,Monterey,053,433212,42996,42845,1818,44663,380
2021-05-04,Napa,055,140530,9820,9824,34,9858,81
2021-05-04,Nevada,057,99092,4734,4656,185,4841,70
2021-05-04,Orange,059,3164182,254444,253177,11113,264290,4977
2021-05-04,Placer,061,380077,22845,22326,1424,23750,287
2021-05-04,Plumas,063,18699,692,675,10,685,4
2021-05-04,Riverside,065,2383286,292891,287285,13748,301033,4411
2021-05-04,Sacramento,067,1510023,104108,103383,1665,105048,1604
2021-05-04,San Benito,069,59416,6025,6039,111,6150,63
2021-05-04,San Bernardino,071,2135413,292182,290934,8853,299787,4668
2021-05-04,San Diego,073,3302833,278512,276879,14614,291493,3713
2021-05-04,San Francisco,075,870044,36362,36550,1242,37792,541
2021-05-04,San Joaquin,077,732212,72286,71582,3404,74986,1342
2021-05-04,San Luis Obispo,079,281455,21194,20923,711,21634,255
2021-05-04,San Mateo,081,765935,41982,41708,457,42165,415
2021-05-04,Santa Barbara,083,443738,34252,34131,1111,35242,453
2021-05-04,Santa Clara,085,1922200,117876,118431,732,119163,1988
2021-05-04,Santa Cruz,087,273765,16142,16005,795,16800,207
2021-05-04,Shasta,089,179085,11953,11923,1485,13408,198
2021-05-04,Sierra,091,2930,56,54,12,66,0
2021-05-04,Siskiyou,093,43540,1807,1694,310,2004,11
2021-05-04,Solano,095,438530,32333,32220,517,32737,249
2021-05-04,Sonoma,097,501317,29711,29867,319,30186,318
2021-05-04,Stanislaus,099,539301,55485,55165,5780,60945,807
2021-05-04,Sutter,101,95872,9344,9375,80,9455,111
2021-05-04,Tehama,103,63373,4989,4959,550,5509,53
2021-05-04,Trinity,105,12862,482,326,83,409,3
2021-05-04,Tulare,107,460477,49866,48857,8737,57594,835
2021-05-04,Tuolumne,109,53932,3989,4041,40,4081,61
2021-05-04,Ventura,111,848112,80970,80351,2921,83272,1005
2021-05-04,Yolo,113,214977,13865,13820,207,14027,208
2021-05-04,Yuba,115,75493,5929,5891,120,6011,44
2021-05-03,Alameda,001,1643700,87036,86845,1875,88720,1272
2021-05-03,Alpine,003,1148,87,88,0,88,0
2021-05-03,Amador,005,37829,3642,3651,32,3683,46
2021-05-03,Butte,007,227075,12258,11864,1758,13622,198
2021-05-03,Calaveras,009,45235,2104,2099,13,2112,50
2021-05-03,Colusa,011,21464,1929,1931,293,2224,14
2021-05-03,Contra Costa,013,1133247,68444,67895,1214,69109,799
2021-05-03,Del Norte,015,27424,1354,1306,11,1317,6
2021-05-03,El Dorado,017,186661,10089,9984,714,10698,110
2021-05-03,Fresno,019,978130,101901,101405,8486,109891,1678
2021-05-03,Glenn,021,27897,2397,2375,538,2913,17
2021-05-03,Humboldt,023,135768,3902,3865,32,3897,36
2021-05-03,Imperial,025,180216,28351,28280,2639,30919,720
2021-05-03,Inyo,027,18085,1401,1398,11,1409,36
2021-05-03,Kern,029,883053,96700,95693,10541,106234,1299
2021-05-03,Kings,031,150075,23047,22821,1055,23876,246
2021-05-03,Lake,033,64148,3474,3446,9,3455,43
2021-05-03,Lassen,035,31185,5175,5142,104,5246,1
2021-05-03,Los Angeles,037,10098052,1202460,1193261,40663,1233924,23942
2021-05-03,Madera,039,155013,16510,16414,909,17323,235
2021-05-03,Marin,041,260295,13994,13927,242,14169,228
2021-05-03,Mariposa,043,17540,422,418,11,429,5
2021-05-03,Mendocino,045,87422,3859,3792,79,3871,46
2021-05-03,Merced,047,269075,30710,30814,1021,31835,444
2021-05-03,Modoc,049,8938,368,360,121,481,3
2021-05-03,Mono,051,14174,1250,1259,16,1275,3
2021-05-03,Monterey,053,433212,42984,42837,1816,44653,380
2021-05-03,Napa,055,140530,9815,9815,34,9849,81
2021-05-03,Nevada,057,99092,4726,4650,185,4835,70
2021-05-03,Orange,059,3164182,254385,253107,11104,264211,4968
2021-05-03,Placer,061,380077,22814,22289,1418,23707,287
2021-05-03,Plumas,063,18699,691,675,10,685,4
2021-05-03,Riverside,065,2383286,292817,287233,13747,300980,4412
2021-05-03,Sacramento,067,1510023,103955,103303,1655,104958,1602
2021-05-03,San Benito,069,59416,6024,6038,111,6149,63
2021-05-03,San Bernardino,071,2135413,292113,290886,8850,299736,4659
2021-05-03,San Diego,073,3302833,278349,276693,14589,291282,3712
2021-05-03,San Francisco,075,870044,36336,36538,1242,37780,541
2021-05-03,San Joaquin,077,732212,72236,71504,3401,74905,1325
2021-05-03,San Luis Obispo,079,281455,21178,20915,708,21623,254
2021-05-03,San Mateo,081,765935,41959,41689,456,42145,413
2021-05-03,Santa Barbara,083,443738,34240,34119,1111,35230,453
2021-05-03,Santa Clara,085,1922200,117822,118373,731,119104,1988
2021-05-03,Santa Cruz,087,273765,16139,16000,795,16795,207
2021-05-03,Shasta,089,179085,11930,11890,1480,13370,197
2021-05-03,Sierra,091,2930,56,54,12,66,0
2021-05-03,Siskiyou,093,43540,1801,1683,304,1987,11
2021-05-03,Solano,095,438530,32292,32201,516,32717,249
2021-05-03,Sonoma,097,501317,29699,29855,316,30171,318
2021-05-03,Stanislaus,099,539301,55419,55116,5771,60887,774
2021-05-03,Sutter,101,95872,9332,9370,80,9450,111
2021-05-03,Tehama,103,63373,4981,4952,550,5502,53
2021-05-03,Trinity,105,12862,482,326,83,409,3
2021-05-03,Tulare,107,460477,49848,48844,8727,57571,835
2021-05-03,Tuolumne,109,53932,3988,4038,40,4078,61
2021-05-03,Ventura,111,848112,80948,80291,2921,83212,1005
2021-05-03,Yolo,113,214977,13852,13809,205,14014,208
2021-05-03,Yuba,115,75493,5924,5880,120,6000,44
2021-05-02,Alameda,001,1643700,86951,86784,1873,88657,1272
2021-05-02,Alpine,003,1148,87,88,0,88,0
2021-05-02,Amador,005,37829,3642,3650,32,3682,46
2021-05-02,Butte,007,227075,12234,11859,1756,13615,198
2021-05-02,Calaveras,009,45235,2100,2098,13,2111,50
2021-05-02,Colusa,011,21464,1928,1931,292,2223,14
2021-05-02,Contra Costa,013,1133247,68359,67843,1212,69055,800
2021-05-02,Del Norte,015,27424,1347,1305,11,1316,6
2021-05-02,El Dorado,017,186661,10074,9962,713,10675,110
2021-05-02,Fresno,019,978130,101829,101372,8475,109847,1678
2021-05-02,Glenn,021,27897,2396,2374,536,2910,17
2021-05-02,Humboldt,023,135768,3890,3858,31,3889,36
2021-05-02,Imperial,025,180216,28317,28275,2630,30905,721
2021-05-02,Inyo,027,18085,1399,1398,11,1409,36
2021-05-02,Kern,029,883053,96642,95668,10534,106202,1299
2021-05-02,Kings,031,150075,23029,22816,1054,23870,246
2021-05-02,Lake,033,64148,3472,3443,9,3452,43
2021-05-02,Lassen,035,31185,5174,5142,103,5245,1
2021-05-02,Los Angeles,037,10098052,1202108,1193056,40642,1233698,23943
2021-05-02,Madera,039,155013,16504,16410,909,17319,235
2021-05-02,Marin,041,260295,13984,13917,242,14159,228
2021-05-02,Mariposa,043,17540,422,419,11,430,5
2021-05-02,Mendocino,045,87422,3854,3787,79,3866,46
2021-05-02,Merced,047,269075,30690,30793,1017,31810,444
2021-05-02,Modoc,049,8938,367,360,121,481,3
2021-05-02,Mono,051,14174,1249,1259,16,1275,3
2021-05-02,Monterey,053,433212,42970,42837,1815,44652,380
2021-05-02,Napa,055,140530,9811,9805,34,9839,81
2021-05-02,Nevada,057,99092,4710,4635,185,4820,70
2021-05-02,Orange,059,3164182,254311,253025,11090,264115,4968
2021-05-02,Placer,061,380077,22785,22264,1415,23679,287
2021-05-02,Plumas,063,18699,691,675,10,685,4
2021-05-02,Riverside,065,2383286,292717,287197,13737,300934,4412
2021-05-02,Sacramento,067,1510023,103815,103153,1648,104801,1602
2021-05-02,San Benito,069,59416,6019,6037,111,6148,63
2021-05-02,San Bernardino,071,2135413,292014,290859,8848,299707,4655
2021-05-02,San Diego,073,3302833,278153,276521,14562,291083,3712
2021-05-02,San Francisco,075,870044,36310,36522,1242,37764,541
2021-05-02,San Joaquin,077,732212,72172,71447,3395,74842,1325
2021-05-02,San Luis Obispo,079,281455,21157,20910,707,21617,254
2021-05-02,San Mateo,081,765935,41943,41656,455,42111,412
2021-05-02,Santa Barbara,083,443738,34226,34106,1111,35217,453
2021-05-02,Santa Clara,085,1922200,117748,118321,731,119052,1988
2021-05-02,Santa Cruz,087,273765,16134,15995,794,16789,207
2021-05-02,Shasta,089,179085,11914,11885,1472,13357,197
2021-05-02,Sierra,091,2930,56,54,12,66,0
2021-05-02,Siskiyou,093,43540,1790,1661,303,1964,11
2021-05-02,Solano,095,438530,32253,32151,512,32663,249
2021-05-02,Sonoma,097,501317,29677,29842,316,30158,318
2021-05-02,Stanislaus,099,539301,55345,55057,5764,60821,774
2021-05-02,Sutter,101,95872,9326,9363,80,9443,111
2021-05-02,Tehama,103,63373,4976,4950,548,5498,53
2021-05-02,Trinity,105,12862,482,326,83,409,3
2021-05-02,Tulare,107,460477,49830,48834,8719,57553,835
2021-05-02,Tuolumne,109,53932,3985,4038,40,4078,61
2021-05-02,Ventura,111,848112,80910,80284,2920,83204,1005
2021-05-02,Yolo,113,214977,13840,13799,204,14003,208
2021-05-02,Yuba,115,75493,5914,5879,120,5999,44
2021-05-01,Alameda,001,1643700,86908,86704,1870,88574,1270
2021-05-01,Alpine,003,1148,87,88,0,88,0
2021-05-01,Amador,005,37829,3642,3650,32,3682,46
2021-05-01,Butte,007,227075,12220,11845,1751,13596,198
2021-05-01,Calaveras,009,45235,2098,2096,13,2109,50
2021-05-01,Colusa,011,21464,1927,1931,292,2223,14
2021-05-01,Contra Costa,013,1133247,68307,67779,1209,68988,800
2021-05-01,Del Norte,015,27424,1346,1292,11,1303,6
2021-05-01,El Dorado,017,186661,10060,9944,711,10655,110
2021-05-01,Fresno,019,978130,101784,101326,8469,109795,1678
2021-05-01,Glenn,021,27897,2393,2369,535,2904,17
2021-05-01,Humboldt,023,135768,3876,3845,31,3876,36
2021-05-01,Imperial,025,180216,28310,28262,2630,30892,721
2021-05-01,Inyo,027,18085,1399,1397,11,1408,36
2021-05-01,Kern,029,883053,96615,95645,10523,106168,1299
2021-05-01,Kings,031,150075,23026,22797,1053,23850,246
2021-05-01,Lake,033,64148,3470,3441,9,3450,43
2021-05-01,Lassen,035,31185,5172,5142,103,5245,1
2021-05-01,Los Angeles,037,10098052,1201938,1192781,40628,1233409,23946
2021-05-01,Madera,039,155013,16500,16408,909,17317,235
2021-05-01,Marin,041,260295,13977,13902,242,14144,228
2021-05-01,Mariposa,043,17540,422,418,11,429,5
2021-05-01,Mendocino,045,87422,3852,3782,79,3861,46
2021-05-01,Merced,047,269075,30673,30771,1016,31787,444
2021-05-01,Modoc,049,8938,367,361,121,482,3
2021-05-01,Mono,051,14174,1249,1258,16,1274,3
2021-05-01,Monterey,053,433212,42964,42828,1815,44643,379
2021-05-01,Napa,055,140530,9808,9800,34,9834,81
2021-05-01,Nevada,057,99092,4705,4625,185,4810,70
2021-05-01,Orange,059,3164182,254268,252969,11080,264049,4964
2021-05-01,Placer,061,380077,22759,22240,1413,23653,287
2021-05-01,Plumas,063,18699,690,675,10,685,4
2021-05-01,Riverside,065,2383286,292678,287129,13735,300864,4412
2021-05-01,Sacramento,067,1510023,103734,103043,1647,104690,1602
2021-05-01,San Benito,069,59416,6016,6030,111,6141,63
2021-05-01,San Bernardino,071,2135413,291971,290802,8847,299649,4652
2021-05-01,San Diego,073,3302833,278029,276367,14541,290908,3706
2021-05-01,San Francisco,075,870044,36295,36496,1242,37738,541
2021-05-01,San Joaquin,077,732212,72123,71389,3393,74782,1325
2021-05-01,San Luis Obispo,079,281455,21152,20896,707,21603,254
2021-05-01,San Mateo,081,765935,41914,41617,454,42071,411
2021-05-01,Santa Barbara,083,443738,34221,34085,1110,35195,453
2021-05-01,Santa Clara,085,1922200,117696,118265,729,118994,1988
2021-05-01,Santa Cruz,087,273765,16131,15984,794,16778,207
2021-05-01,Shasta,089,179085,11894,11878,1465,13343,197
2021-05-01,Sierra,091,2930,56,53,12,65,0
2021-05-01,Siskiyou,093,43540,1782,1653,302,1955,11
2021-05-01,Solano,095,438530,32223,32124,504,32628,249
2021-05-01,Sonoma,097,501317,29674,29835,316,30151,318
2021-05-01,Stanislaus,099,539301,55310,55005,5758,60763,774
2021-05-01,Sutter,101,95872,9323,9358,80,9438,110
2021-05-01,Tehama,103,63373,4975,4950,547,5497,53
2021-05-01,Trinity,105,12862,482,326,82,408,3
2021-05-01,Tulare,107,460477,49823,48818,8713,57531,835
2021-05-01,Tuolumne,109,53932,3979,4035,40,4075,61
2021-05-01,Ventura,111,848112,80892,80268,2920,83188,1005
2021-05-01,Yolo,113,214977,13833,13784,202,13986,208
2021-05-01,Yuba,115,75493,5912,5875,120,5995,44
2021-04-30,Alameda,001,1643700,86847,86602,1867,88469,1268
2021-04-30,Alpine,003,1148,87,88,0,88,0
2021-04-30,Amador,005,37829,3640,3650,32,3682,46
2021-04-30,Butte,007,227075,12201,11812,1747,13559,197
2021-04-30,Calaveras,009,45235,2097,2087,13,2100,50
2021-04-30,Colusa,011,21464,1927,1931,291,2222,14
2021-04-30,Contra Costa,013,1133247,68259,67684,1206,68890,800
2021-04-30,Del Norte,015,27424,1334,1276,11,1287,6
2021-04-30,El Dorado,017,186661,10046,9906,711,10617,110
2021-04-30,Fresno,019,978130,101738,101263,8465,109728,1670
2021-04-30,Glenn,021,27897,2392,2369,535,2904,17
2021-04-30,Humboldt,023,135768,3863,3834,31,3865,36
2021-04-30,Imperial,025,180216,28301,28244,2627,30871,721
2021-04-30,Inyo,027,18085,1399,1397,11,1408,36
2021-04-30,Kern,029,883053,96598,95605,10519,106124,1298
2021-04-30,Kings,031,150075,23023,22793,1052,23845,246
2021-04-30,Lake,033,64148,3466,3440,9,3449,43
2021-04-30,Lassen,035,31185,5171,5140,103,5243,1
2021-04-30,Los Angeles,037,10098052,1201726,1192393,40615,1233008,23919
2021-04-30,Madera,039,155013,16494,16395,909,17304,235
2021-04-30,Marin,041,260295,13969,13895,240,14135,228
2021-04-30,Mariposa,043,17540,422,417,11,428,5
2021-04-30,Mendocino,045,87422,3848,3777,79,3856,46
2021-04-30,Merced,047,269075,30660,30740,1015,31755,444
2021-04-30,Modoc,049,8938,366,360,121,481,3
2021-04-30,Mono,051,14174,1249,1258,16,1274,3
2021-04-30,Monterey,053,433212,42950,42810,1814,44624,379
2021-04-30,Napa,055,140530,9804,9792,34,9826,81
2021-04-30,Nevada,057,99092,4697,4608,185,4793,70
2021-04-30,Orange,059,3164182,254211,252883,11074,263957,4956
2021-04-30,Placer,061,380077,22740,22190,1409,23599,287
2021-04-30,Plumas,063,18699,690,677,10,687,4
2021-04-30,Riverside,065,2383286,292620,287030,13728,300758,4412
2021-04-30,Sacramento,067,1510023,103633,102864,1643,104507,1596
2021-04-30,San Benito,069,59416,6012,6024,110,6134,63
2021-04-30,San Bernardino,071,2135413,291911,290704,8846,299550,4640
2021-04-30,San Diego,073,3302833,277933,276157,14530,290687,3702
2021-04-30,San Francisco,075,870044,36284,36453,1241,37694,538
2021-04-30,San Joaquin,077,732212,72071,71311,3390,74701,1306
2021-04-30,San Luis Obispo,079,281455,21146,20884,707,21591,255
2021-04-30,San Mateo,081,765935,41900,41583,453,42036,380
2021-04-30,Santa Barbara,083,443738,34208,34061,1110,35171,451
2021-04-30,Santa Clara,085,1922200,117638,118170,725,118895,1988
2021-04-30,Santa Cruz,087,273765,16126,15975,794,16769,207
2021-04-30,Shasta,089,179085,11873,11848,1462,13310,197
2021-04-30,Sierra,091,2930,56,53,12,65,0
2021-04-30,Siskiyou,093,43540,1771,1628,299,1927,11
2021-04-30,Solano,095,438530,32191,32050,501,32551,249
2021-04-30,Sonoma,097,501317,29664,29816,314,30130,318
2021-04-30,Stanislaus,099,539301,55259,54938,5755,60693,774
2021-04-30,Sutter,101,95872,9321,9353,80,9433,110
2021-04-30,Tehama,103,63373,4972,4944,547,5491,53
2021-04-30,Trinity,105,12862,482,326,82,408,3
2021-04-30,Tulare,107,460477,49813,48797,8697,57494,836
2021-04-30,Tuolumne,109,53932,3978,4033,40,4073,61
2021-04-30,Ventura,111,848112,80852,80232,2915,83147,1004
2021-04-30,Yolo,113,214977,13821,13756,202,13958,208
2021-04-30,Yuba,115,75493,5904,5870,120,5990,44
2021-04-29,Alameda,001,1643700,86780,86490,1866,88356,1263
2021-04-29,Alpine,003,1148,87,88,0,88,0
2021-04-29,Amador,005,37829,3640,3649,32,3681,46
2021-04-29,Butte,007,227075,12186,11787,1745,13532,196
2021-04-29,Calaveras,009,45235,2094,2082,13,2095,50
2021-04-29,Colusa,011,21464,1927,1929,291,2220,14
2021-04-29,Contra Costa,013,1133247,68204,67606,1203,68809,795
2021-04-29,Del Norte,015,27424,1330,1271,11,1282,6
2021-04-29,El Dorado,017,186661,10026,9884,708,10592,107
2021-04-29,Fresno,019,978130,101684,101189,8454,109643,1667
2021-04-29,Glenn,021,27897,2389,2369,535,2904,17
2021-04-29,Humboldt,023,135768,3849,3815,31,3846,36
2021-04-29,Imperial,025,180216,28289,28235,2626,30861,720
2021-04-29,Inyo,027,18085,1399,1396,11,1407,36
2021-04-29,Kern,029,883053,96565,95547,10515,106062,1295
2021-04-29,Kings,031,150075,23013,22777,1047,23824,245
2021-04-29,Lake,033,64148,3458,3438,9,3447,43
2021-04-29,Lassen,035,31185,5171,5140,103,5243,1
2021-04-29,Los Angeles,037,10098052,1201448,1192068,40595,1232663,23899
2021-04-29,Madera,039,155013,16489,16383,908,17291,235
2021-04-29,Marin,041,260295,13965,13884,232,14116,228
2021-04-29,Mariposa,043,17540,421,416,11,427,5
2021-04-29,Mendocino,045,87422,3842,3774,79,3853,46
2021-04-29,Merced,047,269075,30641,30706,1014,31720,444
2021-04-29,Modoc,049,8938,366,360,121,481,3
2021-04-29,Mono,051,14174,1246,1259,16,1275,3
2021-04-29,Monterey,053,433212,42933,42797,1813,44610,379
2021-04-29,Napa,055,140530,9790,9789,34,9823,81
2021-04-29,Nevada,057,99092,4686,4590,185,4775,70
2021-04-29,Orange,059,3164182,254141,252823,11059,263882,4934
2021-04-29,Placer,061,380077,22715,22161,1407,23568,286
2021-04-29,Plumas,063,18699,689,676,10,686,4
2021-04-29,Riverside,065,2383286,292552,286947,13726,300673,4409
2021-04-29,Sacramento,067,1510023,103500,102686,1634,104320,1593
2021-04-29,San Benito,069,59416,6011,6023,110,6133,63
2021-04-29,San Bernardino,071,2135413,291839,290606,8841,299447,4609
2021-04-29,San Diego,073,3302833,277782,275961,14513,290474,3700
2021-04-29,San Francisco,075,870044,36259,36412,1241,37653,537
2021-04-29,San Joaquin,077,732212,72005,71225,3385,74610,1301
2021-04-29,San Luis Obispo,079,281455,21135,20876,707,21583,255
2021-04-29,San Mateo,081,765935,41872,41538,452,41990,358
2021-04-29,Santa Barbara,083,443738,34192,34039,1108,35147,448
2021-04-29,Santa Clara,085,1922200,117583,118082,722,118804,1984
2021-04-29,Santa Cruz,087,273765,16120,15961,794,16755,205
2021-04-29,Shasta,089,179085,11842,11836,1454,13290,193
2021-04-29,Sierra,091,2930,56,53,12,65,0
2021-04-29,Siskiyou,093,43540,1762,1615,296,1911,11
2021-04-29,Solano,095,438530,32150,32002,497,32499,248
2021-04-29,Sonoma,097,501317,29649,29785,311,30096,318
2021-04-29,Stanislaus,099,539301,55192,54836,5750,60586,774
2021-04-29,Sutter,101,95872,9314,9346,80,9426,110
2021-04-29,Tehama,103,63373,4964,4939,547,5486,53
2021-04-29,Trinity,105,12862,482,326,82,408,3
2021-04-29,Tulare,107,460477,49795,48785,8686,57471,832
2021-04-29,Tuolumne,109,53932,3977,4030,40,4070,58
2021-04-29,Ventura,111,848112,80818,80188,2913,83101,1002
2021-04-29,Yolo,113,214977,13801,13745,201,13946,205
2021-04-29,Yuba,115,75493,5894,5865,120,5985,44
2021-04-28,Alameda,001,1643700,86708,86390,1862,88252,1260
2021-04-28,Alpine,003,1148,87,88,0,88,0
2021-04-28,Amador,005,37829,3640,3646,32,3678,46
2021-04-28,Butte,007,227075,12166,11762,1740,13502,196
2021-04-28,Calaveras,009,45235,2090,2078,12,2090,50
2021-04-28,Colusa,011,21464,1924,1927,290,2217,14
2021-04-28,Contra Costa,013,1133247,68144,67539,1201,68740,795
2021-04-28,Del Norte,015,27424,1322,1267,11,1278,6
2021-04-28,El Dorado,017,186661,10001,9873,708,10581,107
2021-04-28,Fresno,019,978130,101637,101161,8444,109605,1666
2021-04-28,Glenn,021,27897,2386,2368,535,2903,17
2021-04-28,Humboldt,023,135768,3833,3796,31,3827,36
2021-04-28,Imperial,025,180216,28275,28177,2625,30802,720
2021-04-28,Inyo,027,18085,1399,1396,10,1406,36
2021-04-28,Kern,029,883053,96536,95494,10506,106000,1295
2021-04-28,Kings,031,150075,23001,22767,1045,23812,245
2021-04-28,Lake,033,64148,3455,3433,9,3442,43
2021-04-28,Lassen,035,31185,5171,5138,103,5241,1
2021-04-28,Los Angeles,037,10098052,1201146,1191729,40568,1232297,23858
2021-04-28,Madera,039,155013,16485,16372,908,17280,235
2021-04-28,Marin,041,260295,13954,13866,232,14098,227
2021-04-28,Mariposa,043,17540,418,415,11,426,5
2021-04-28,Mendocino,045,87422,3836,3770,77,3847,46
2021-04-28,Merced,047,269075,30623,30649,1014,31663,443
2021-04-28,Modoc,049,8938,366,360,121,481,3
2021-04-28,Mono,051,14174,1246,1258,16,1274,3
2021-04-28,Monterey,053,433212,42928,42776,1813,44589,379
2021-04-28,Napa,055,140530,9779,9777,34,9811,81
2021-04-28,Nevada,057,99092,4666,4570,185,4755,70
2021-04-28,Orange,059,3164182,254061,252747,11047,263794,4931
2021-04-28,Placer,061,380077,22688,22115,1406,23521,285
2021-04-28,Plumas,063,18699,689,676,10,686,4
2021-04-28,Riverside,065,2383286,292496,286868,13720,300588,4407
2021-04-28,Sacramento,067,1510023,103378,102613,1630,104243,1591
2021-04-28,San Benito,069,59416,6009,6021,110,6131,63
2021-04-28,San Bernardino,071,2135413,291760,290548,8831,299379,4582
2021-04-28,San Diego,073,3302833,277628,275821,14499,290320,3698
2021-04-28,San Francisco,075,870044,36229,36382,1240,37622,534
2021-04-28,San Joaquin,077,732212,71925,71171,3377,74548,1301
2021-04-28,San Luis Obispo,079,281455,21127,20851,707,21558,255
2021-04-28,San Mateo,081,765935,41847,41498,450,41948,358
2021-04-28,Santa Barbara,083,443738,34178,34003,1108,35111,448
2021-04-28,Santa Clara,085,1922200,117514,117997,720,118717,1969
2021-04-28,Santa Cruz,087,273765,16116,15943,793,16736,205
2021-04-28,Shasta,089,179085,11826,11815,1447,13262,192
2021-04-28,Sierra,091,2930,56,51,12,63,0
2021-04-28,Siskiyou,093,43540,1749,1603,293,1896,11
2021-04-28,Solano,095,438530,32118,31982,492,32474,248
2021-04-28,Sonoma,097,501317,29635,29773,307,30080,318
2021-04-28,Stanislaus,099,539301,55137,54745,5747,60492,774
2021-04-28,Sutter,101,95872,9309,9343,80,9423,110
2021-04-28,Tehama,103,63373,4959,4930,546,5476,53
2021-04-28,Trinity,105,12862,482,326,82,408,3
2021-04-28,Tulare,107,460477,49777,48754,8671,57425,832
2021-04-28,Tuolumne,109,53932,3974,4029,40,4069,58
2021-04-28,Ventura,111,848112,80783,80172,2911,83083,1000
2021-04-28,Yolo,113,214977,13787,13721,200,13921,205
2021-04-28,Yuba,115,75493,5888,5857,120,5977,44
2021-04-27,Alameda,001,1643700,86618,86301,1856,88157,1260
2021-04-27,Alpine,003,1148,87,88,0,88,0
2021-04-27,Amador,005,37829,3640,3645,32,3677,46
2021-04-27,Butte,007,227075,12141,11738,1734,13472,196
2021-04-27,Calaveras,009,45235,2088,2076,12,2088,50
2021-04-27,Colusa,011,21464,1923,1926,290,2216,14
2021-04-27,Contra Costa,013,1133247,68075,67470,1197,68667,791
2021-04-27,Del Norte,015,27424,1310,1266,11,1277,6
2021-04-27,El Dorado,017,186661,9972,9866,705,10571,106
2021-04-27,Fresno,019,978130,101572,101138,8434,109572,1663
2021-04-27,Glenn,021,27897,2386,2368,535,2903,17
2021-04-27,Humboldt,023,135768,3821,3780,31,3811,35
2021-04-27,Imperial,025,180216,28259,28149,2619,30768,720
2021-04-27,Inyo,027,18085,1399,1396,10,1406,36
2021-04-27,Kern,029,883053,96479,95466,10496,105962,1295
2021-04-27,Kings,031,150075,22986,22759,1043,23802,244
2021-04-27,Lake,033,64148,3454,3431,9,3440,43
2021-04-27,Lassen,035,31185,5171,5137,103,5240,1
2021-04-27,Los Angeles,037,10098052,1200823,1191504,40538,1232042,23825
2021-04-27,Madera,039,155013,16478,16365,908,17273,235
2021-04-27,Marin,041,260295,13932,13855,232,14087,227
2021-04-27,Mariposa,043,17540,417,413,11,424,5
2021-04-27,Mendocino,045,87422,3832,3765,77,3842,46
2021-04-27,Merced,047,269075,30582,30620,1014,31634,443
2021-04-27,Modoc,049,8938,365,360,121,481,3
2021-04-27,Mono,051,14174,1246,1257,16,1273,3
2021-04-27,Monterey,053,433212,42910,42752,1810,44562,379
2021-04-27,Napa,055,140530,9772,9774,32,9806,81
2021-04-27,Nevada,057,99092,4651,4557,185,4742,70
2021-04-27,Orange,059,3164182,253991,252667,11042,263709,4925
2021-04-27,Placer,061,380077,22659,22050,1402,23452,285
2021-04-27,Plumas,063,18699,688,675,10,685,4
2021-04-27,Riverside,065,2383286,292420,286820,13716,300536,4405
2021-04-27,Sacramento,067,1510023,103249,102595,1620,104215,1589
2021-04-27,San Benito,069,59416,6004,6016,110,6126,63
2021-04-27,San Bernardino,071,2135413,291693,290461,8826,299287,4575
2021-04-27,San Diego,073,3302833,277471,275685,14479,290164,3692
2021-04-27,San Francisco,075,870044,36201,36358,1239,37597,533
2021-04-27,San Joaquin,077,732212,71872,71104,3371,74475,1301
2021-04-27,San Luis Obispo,079,281455,21120,20841,707,21548,255
2021-04-27,San Mateo,081,765935,41812,41474,449,41923,358
2021-04-27,Santa Barbara,083,443738,34154,33973,1107,35080,448
2021-04-27,Santa Clara,085,1922200,117464,117945,719,118664,1969
2021-04-27,Santa Cruz,087,273765,16109,15905,792,16697,205
2021-04-27,Shasta,089,179085,11798,11802,1440,13242,192
2021-04-27,Sierra,091,2930,56,51,12,63,0
2021-04-27,Siskiyou,093,43540,1734,1597,292,1889,11
2021-04-27,Solano,095,438530,32070,31964,491,32455,248
2021-04-27,Sonoma,097,501317,29617,29761,306,30067,318
2021-04-27,Stanislaus,099,539301,55067,54695,5739,60434,752
2021-04-27,Sutter,101,95872,9304,9342,80,9422,110
2021-04-27,Tehama,103,63373,4956,4922,542,5464,53
2021-04-27,Trinity,105,12862,482,326,82,408,3
2021-04-27,Tulare,107,460477,49761,48744,8662,57406,832
2021-04-27,Tuolumne,109,53932,3971,4028,40,4068,58
2021-04-27,Ventura,111,848112,80754,80152,2909,83061,1000
2021-04-27,Yolo,113,214977,13774,13697,198,13895,205
2021-04-27,Yuba,115,75493,5888,5853,120,5973,44
2021-04-26,Alameda,001,1643700,86524,86230,1853,88083,1256
2021-04-26,Alpine,003,1148,87,88,0,88,0
2021-04-26,Amador,005,37829,3639,3645,32,3677,46
2021-04-26,Butte,007,227075,12117,11720,1730,13450,196
2021-04-26,Calaveras,009,45235,2082,2074,12,2086,50
2021-04-26,Colusa,011,21464,1923,1925,289,2214,14
2021-04-26,Contra Costa,013,1133247,68008,67392,1193,68585,789
2021-04-26,Del Norte,015,27424,1301,1263,11,1274,6
2021-04-26,El Dorado,017,186661,9951,9849,704,10553,106
2021-04-26,Fresno,019,978130,101517,101099,8421,109520,1662
2021-04-26,Glenn,021,27897,2384,2367,535,2902,17
2021-04-26,Humboldt,023,135768,3811,3764,30,3794,35
2021-04-26,Imperial,025,180216,28246,28148,2616,30764,720
2021-04-26,Inyo,027,18085,1398,1396,10,1406,36
2021-04-26,Kern,029,883053,96452,95429,10490,105919,1295
2021-04-26,Kings,031,150075,22983,22756,1040,23796,244
2021-04-26,Lake,033,64148,3449,3428,9,3437,43
2021-04-26,Lassen,035,31185,5171,5138,103,5241,1
2021-04-26,Los Angeles,037,10098052,1200494,1191253,40519,1231772,23802
2021-04-26,Madera,039,155013,16466,16353,907,17260,231
2021-04-26,Marin,041,260295,13917,13849,232,14081,227
2021-04-26,Mariposa,043,17540,416,410,11,421,5
2021-04-26,Mendocino,045,87422,3830,3757,76,3833,46
2021-04-26,Merced,047,269075,30565,30611,1011,31622,443
2021-04-26,Modoc,049,8938,365,360,121,481,3
2021-04-26,Mono,051,14174,1246,1258,16,1274,3
2021-04-26,Monterey,053,433212,42894,42740,1809,44549,379
2021-04-26,Napa,055,140530,9760,9769,32,9801,79
2021-04-26,Nevada,057,99092,4630,4548,185,4733,70
2021-04-26,Orange,059,3164182,253907,252592,11032,263624,4919
2021-04-26,Placer,061,380077,22631,22032,1397,23429,285
2021-04-26,Plumas,063,18699,688,670,10,680,4
2021-04-26,Riverside,065,2383286,292358,286724,13708,300432,4401
2021-04-26,Sacramento,067,1510023,103077,102459,1608,104067,1587
2021-04-26,San Benito,069,59416,6002,6013,110,6123,63
2021-04-26,San Bernardino,071,2135413,291641,290394,8825,299219,4572
2021-04-26,San Diego,073,3302833,277296,275541,14451,289992,3692
2021-04-26,San Francisco,075,870044,36173,36330,1238,37568,532
2021-04-26,San Joaquin,077,732212,71806,71050,3363,74413,1301
2021-04-26,San Luis Obispo,079,281455,21112,20830,706,21536,255
2021-04-26,San Mateo,081,765935,41782,41457,449,41906,357
2021-04-26,Santa Barbara,083,443738,34123,33948,1107,35055,448
2021-04-26,Santa Clara,085,1922200,117364,117874,716,118590,1968
2021-04-26,Santa Cruz,087,273765,16100,15877,792,16669,205
2021-04-26,Shasta,089,179085,11781,11787,1434,13221,192
2021-04-26,Sierra,091,2930,55,51,12,63,0
2021-04-26,Siskiyou,093,43540,1724,1592,289,1881,11
2021-04-26,Solano,095,438530,32025,31913,489,32402,247
2021-04-26,Sonoma,097,501317,29594,29755,304,30059,318
2021-04-26,Stanislaus,099,539301,54977,54638,5733,60371,744
2021-04-26,Sutter,101,95872,9299,9328,80,9408,110
2021-04-26,Tehama,103,63373,4951,4920,539,5459,53
2021-04-26,Trinity,105,12862,482,326,82,408,3
2021-04-26,Tulare,107,460477,49741,48735,8653,57388,831
2021-04-26,Tuolumne,109,53932,3970,4024,40,4064,58
2021-04-26,Ventura,111,848112,80729,80137,2906,83043,999
2021-04-26,Yolo,113,214977,13754,13684,195,13879,205
2021-04-26,Yuba,115,75493,5886,5851,120,5971,44
2021-04-25,Alameda,001,1643700,86423,86162,1847,88009,1256
2021-04-25,Alpine,003,1148,87,87,0,87,0
2021-04-25,Amador,005,37829,3638,3643,32,3675,46
2021-04-25,Butte,007,227075,12088,11709,1723,13432,196
2021-04-25,Calaveras,009,45235,2077,2072,11,2083,50
2021-04-25,Colusa,011,21464,1922,1924,289,2213,14
2021-04-25,Contra Costa,013,1133247,67916,67316,1192,68508,789
2021-04-25,Del Norte,015,27424,1295,1259,11,1270,6
2021-04-25,El Dorado,017,186661,9934,9837,702,10539,106
2021-04-25,Fresno,019,978130,101458,101061,8409,109470,1662
2021-04-25,Glenn,021,27897,2384,2366,535,2901,17
2021-04-25,Humboldt,023,135768,3798,3751,30,3781,35
2021-04-25,Imperial,025,180216,28220,28136,2614,30750,720
2021-04-25,Inyo,027,18085,1398,1396,10,1406,36
2021-04-25,Kern,029,883053,96386,95398,10478,105876,1295
2021-04-25,Kings,031,150075,22969,22755,1038,23793,244
2021-04-25,Lake,033,64148,3447,3427,9,3436,43
2021-04-25,Lassen,035,31185,5169,5138,103,5241,1
2021-04-25,Los Angeles,037,10098052,1200158,1190970,40499,1231469,23799
2021-04-25,Madera,039,155013,16454,16346,907,17253,231
2021-04-25,Marin,041,260295,13908,13852,232,14084,227
2021-04-25,Mariposa,043,17540,416,410,11,421,5
2021-04-25,Mendocino,045,87422,3823,3757,76,3833,46
2021-04-25,Merced,047,269075,30531,30586,1010,31596,443
2021-04-25,Modoc,049,8938,365,360,121,481,3
2021-04-25,Mono,051,14174,1246,1257,16,1273,3
2021-04-25,Monterey,053,433212,42881,42737,1807,44544,379
2021-04-25,Napa,055,140530,9755,9762,32,9794,79
2021-04-25,Nevada,057,99092,4618,4536,185,4721,70
2021-04-25,Orange,059,3164182,253831,252531,11026,263557,4919
2021-04-25,Placer,061,380077,22585,22011,1389,23400,285
2021-04-25,Plumas,063,18699,687,670,10,680,4
2021-04-25,Riverside,065,2383286,292264,286651,13702,300353,4401
2021-04-25,Sacramento,067,1510023,102909,102319,1598,103917,1587
2021-04-25,San Benito,069,59416,6000,6014,109,6123,63
2021-04-25,San Bernardino,071,2135413,291566,290357,8817,299174,4571
2021-04-25,San Diego,073,3302833,277083,275412,14418,289830,3692
2021-04-25,San Francisco,075,870044,36142,36310,1238,37548,532
2021-04-25,San Joaquin,077,732212,71711,70987,3353,74340,1301
2021-04-25,San Luis Obispo,079,281455,21093,20820,704,21524,255
2021-04-25,San Mateo,081,765935,41747,41465,448,41913,356
2021-04-25,Santa Barbara,083,443738,34097,33931,1107,35038,448
2021-04-25,Santa Clara,085,1922200,117285,117778,714,118492,1968
2021-04-25,Santa Cruz,087,273765,16094,15868,790,16658,205
2021-04-25,Shasta,089,179085,11758,11784,1429,13213,192
2021-04-25,Sierra,091,2930,55,51,12,63,0
2021-04-25,Siskiyou,093,43540,1713,1580,287,1867,11
2021-04-25,Solano,095,438530,31978,31864,481,32345,247
2021-04-25,Sonoma,097,501317,29576,29756,304,30060,318
2021-04-25,Stanislaus,099,539301,54881,54543,5725,60268,744
2021-04-25,Sutter,101,95872,9293,9326,80,9406,110
2021-04-25,Tehama,103,63373,4947,4916,537,5453,53
2021-04-25,Trinity,105,12862,482,326,82,408,3
2021-04-25,Tulare,107,460477,49725,48728,8640,57368,831
2021-04-25,Tuolumne,109,53932,3968,4022,40,4062,58
2021-04-25,Ventura,111,848112,80705,80110,2906,83016,999
2021-04-25,Yolo,113,214977,13729,13667,193,13860,205
2021-04-25,Yuba,115,75493,5883,5849,119,5968,44
2021-04-24,Alameda,001,1643700,86368,86016,1845,87861,1257
2021-04-24,Alpine,003,1148,87,86,0,86,0
2021-04-24,Amador,005,37829,3637,3640,32,3672,46
2021-04-24,Butte,007,227075,12072,11678,1721,13399,196
2021-04-24,Calaveras,009,45235,2073,2067,11,2078,50
2021-04-24,Colusa,011,21464,1921,1921,289,2210,14
2021-04-24,Contra Costa,013,1133247,67845,67222,1190,68412,789
2021-04-24,Del Norte,015,27424,1290,1255,11,1266,6
2021-04-24,El Dorado,017,186661,9923,9814,701,10515,106
2021-04-24,Fresno,019,978130,101427,100991,8403,109394,1662
2021-04-24,Glenn,021,27897,2384,2363,535,2898,17
2021-04-24,Humboldt,023,135768,3784,3722,30,3752,35
2021-04-24,Imperial,025,180216,28213,28124,2613,30737,720
2021-04-24,Inyo,027,18085,1397,1396,10,1406,36
2021-04-24,Kern,029,883053,96367,95365,10468,105833,1295
2021-04-24,Kings,031,150075,22966,22749,1038,23787,244
2021-04-24,Lake,033,64148,3446,3426,9,3435,43
2021-04-24,Lassen,035,31185,5168,5137,103,5240,1
2021-04-24,Los Angeles,037,10098052,1199926,1190603,40483,1231086,23802
2021-04-24,Madera,039,155013,16451,16338,907,17245,231
2021-04-24,Marin,041,260295,13900,13847,232,14079,227
2021-04-24,Mariposa,043,17540,416,409,11,420,5
2021-04-24,Mendocino,045,87422,3821,3754,74,3828,46
2021-04-24,Merced,047,269075,30511,30559,1010,31569,443
2021-04-24,Modoc,049,8938,365,360,121,481,3
2021-04-24,Mono,051,14174,1246,1256,16,1272,3
2021-04-24,Monterey,053,433212,42869,42727,1806,44533,379
2021-04-24,Napa,055,140530,9749,9756,32,9788,79
2021-04-24,Nevada,057,99092,4611,4522,185,4707,70
2021-04-24,Orange,059,3164182,253787,252441,11020,263461,4910
2021-04-24,Placer,061,380077,22572,21983,1388,23371,285
2021-04-24,Plumas,063,18699,686,670,10,680,4
2021-04-24,Riverside,065,2383286,292196,286552,13698,300250,4400
2021-04-24,Sacramento,067,1510023,102826,102179,1591,103770,1587
2021-04-24,San Benito,069,59416,5998,6007,109,6116,63
2021-04-24,San Bernardino,071,2135413,291517,290264,8816,299080,4568
2021-04-24,San Diego,073,3302833,276980,275252,14398,289650,3688
2021-04-24,San Francisco,075,870044,36113,36285,1234,37519,532
2021-04-24,San Joaquin,077,732212,71668,70911,3350,74261,1301
2021-04-24,San Luis Obispo,079,281455,21083,20797,703,21500,255
2021-04-24,San Mateo,081,765935,41734,41424,446,41870,355
2021-04-24,Santa Barbara,083,443738,34082,33911,1106,35017,448
2021-04-24,Santa Clara,085,1922200,117230,117674,712,118386,1968
2021-04-24,Santa Cruz,087,273765,16086,15840,790,16630,205
2021-04-24,Shasta,089,179085,11740,11770,1426,13196,192
2021-04-24,Sierra,091,2930,55,51,12,63,0
2021-04-24,Siskiyou,093,43540,1703,1574,286,1860,11
2021-04-24,Solano,095,438530,31955,31821,478,32299,247
2021-04-24,Sonoma,097,501317,29574,29739,304,30043,318
2021-04-24,Stanislaus,099,539301,54832,54455,5722,60177,744
2021-04-24,Sutter,101,95872,9290,9316,80,9396,110
2021-04-24,Tehama,103,63373,4942,4907,537,5444,53
2021-04-24,Trinity,105,12862,482,326,82,408,3
2021-04-24,Tulare,107,460477,49714,48705,8630,57335,830
2021-04-24,Tuolumne,109,53932,3964,4020,40,4060,58
2021-04-24,Ventura,111,848112,80692,80097,2904,83001,999
2021-04-24,Yolo,113,214977,13718,13653,193,13846,205
2021-04-24,Yuba,115,75493,5881,5837,119,5956,44
2021-04-23,Alameda,001,1643700,86294,85935,1842,87777,1256
2021-04-23,Alpine,003,1148,86,86,0,86,0
2021-04-23,Amador,005,37829,3636,3637,32,3669,46
2021-04-23,Butte,007,227075,12051,11672,1716,13388,196
2021-04-23,Calaveras,009,45235,2070,2064,11,2075,50
2021-04-23,Colusa,011,21464,1920,1921,289,2210,14
2021-04-23,Contra Costa,013,1133247,67791,67164,1188,68352,785
2021-04-23,Del Norte,015,27424,1289,1254,11,1265,6
2021-04-23,El Dorado,017,186661,9905,9788,698,10486,106
2021-04-23,Fresno,019,978130,101386,100928,8397,109325,1662
2021-04-23,Glenn,021,27897,2384,2361,534,2895,17
2021-04-23,Humboldt,023,135768,3774,3698,30,3728,35
2021-04-23,Imperial,025,180216,28198,28108,2612,30720,720
2021-04-23,Inyo,027,18085,1397,1395,10,1405,36
2021-04-23,Kern,029,883053,96342,95330,10462,105792,1295
2021-04-23,Kings,031,150075,22963,22735,1038,23773,244
2021-04-23,Lake,033,64148,3444,3425,9,3434,43
2021-04-23,Lassen,035,31185,5168,5141,103,5244,1
2021-04-23,Los Angeles,037,10098052,1199656,1190264,40458,1230722,23785
2021-04-23,Madera,039,155013,16442,16328,907,17235,231
2021-04-23,Marin,041,260295,13895,13838,232,14070,227
2021-04-23,Mariposa,043,17540,415,405,11,416,5
2021-04-23,Mendocino,045,87422,3819,3745,73,3818,46
2021-04-23,Merced,047,269075,30494,30530,1009,31539,443
2021-04-23,Modoc,049,8938,365,360,121,481,3
2021-04-23,Mono,051,14174,1244,1256,16,1272,3
2021-04-23,Monterey,053,433212,42863,42722,1806,44528,377
2021-04-23,Napa,055,140530,9744,9752,32,9784,79
2021-04-23,Nevada,057,99092,4602,4510,185,4695,70
2021-04-23,Orange,059,3164182,253743,252399,11013,263412,4904
2021-04-23,Placer,061,380077,22549,21959,1387,23346,282
2021-04-23,Plumas,063,18699,685,670,10,680,4
2021-04-23,Riverside,065,2383286,292137,286456,13693,300149,4399
2021-04-23,Sacramento,067,1510023,102739,102041,1588,103629,1586
2021-04-23,San Benito,069,59416,5996,6005,109,6114,63
2021-04-23,San Bernardino,071,2135413,291466,290189,8815,299004,4568
2021-04-23,San Diego,073,3302833,276841,275097,14375,289472,3684
2021-04-23,San Francisco,075,870044,36097,36252,1233,37485,532
2021-04-23,San Joaquin,077,732212,71612,70840,3347,74187,1295
2021-04-23,San Luis Obispo,079,281455,21074,20781,702,21483,255
2021-04-23,San Mateo,081,765935,41708,41386,446,41832,355
2021-04-23,Santa Barbara,083,443738,34072,33895,1104,34999,447
2021-04-23,Santa Clara,085,1922200,117168,117593,711,118304,1965
2021-04-23,Santa Cruz,087,273765,16079,15802,790,16592,205
2021-04-23,Shasta,089,179085,11733,11759,1425,13184,192
2021-04-23,Sierra,091,2930,55,51,12,63,0
2021-04-23,Siskiyou,093,43540,1691,1567,285,1852,11
2021-04-23,Solano,095,438530,31923,31784,474,32258,247
2021-04-23,Sonoma,097,501317,29560,29727,304,30031,318
2021-04-23,Stanislaus,099,539301,54770,54391,5714,60105,744
2021-04-23,Sutter,101,95872,9288,9312,80,9392,110
2021-04-23,Tehama,103,63373,4939,4906,537,5443,53
2021-04-23,Trinity,105,12862,482,326,82,408,3
2021-04-23,Tulare,107,460477,49697,48694,8623,57317,829
2021-04-23,Tuolumne,109,53932,3963,4020,40,4060,58
2021-04-23,Ventura,111,848112,80673,80095,2904,82999,996
2021-04-23,Yolo,113,214977,13707,13647,192,13839,205
2021-04-23,Yuba,115,75493,5878,5828,119,5947,44
2021-04-22,Alameda,001,1643700,86204,85829,1841,87670,1253
2021-04-22,Alpine,003,1148,86,86,0,86,0
2021-04-22,Amador,005,37829,3635,3633,32,3665,46
2021-04-22,Butte,007,227075,12037,11656,1713,13369,196
2021-04-22,Calaveras,009,45235,2068,2059,11,2070,50
2021-04-22,Colusa,011,21464,1918,1920,287,2207,14
2021-04-22,Contra Costa,013,1133247,67719,67029,1184,68213,782
2021-04-22,Del Norte,015,27424,1284,1252,11,1263,6
2021-04-22,El Dorado,017,186661,9893,9773,695,10468,106
2021-04-22,Fresno,019,978130,101341,100864,8386,109250,1657
2021-04-22,Glenn,021,27897,2383,2361,534,2895,17
2021-04-22,Humboldt,023,135768,3765,3680,30,3710,35
2021-04-22,Imperial,025,180216,28177,28096,2609,30705,720
2021-04-22,Inyo,027,18085,1396,1394,10,1404,36
2021-04-22,Kern,029,883053,96299,95292,10446,105738,1299
2021-04-22,Kings,031,150075,22953,22725,1038,23763,243
2021-04-22,Lake,033,64148,3442,3423,9,3432,43
2021-04-22,Lassen,035,31185,5168,5155,103,5258,1
2021-04-22,Los Angeles,037,10098052,1199334,1189878,40437,1230315,23762
2021-04-22,Madera,039,155013,16423,16316,907,17223,231
2021-04-22,Marin,041,260295,13887,13832,232,14064,227
2021-04-22,Mariposa,043,17540,414,403,11,414,5
2021-04-22,Mendocino,045,87422,3813,3729,73,3802,46
2021-04-22,Merced,047,269075,30459,30490,1008,31498,443
2021-04-22,Modoc,049,8938,365,360,121,481,3
2021-04-22,Mono,051,14174,1244,1254,16,1270,3
2021-04-22,Monterey,053,433212,42856,42708,1804,44512,377
2021-04-22,Napa,055,140530,9734,9734,32,9766,79
2021-04-22,Nevada,057,99092,4592,4504,183,4687,70
2021-04-22,Orange,059,3164182,253670,252307,11000,263307,4898
2021-04-22,Placer,061,380077,22518,21916,1383,23299,282
2021-04-22,Plumas,063,18699,684,670,10,680,4
2021-04-22,Riverside,065,2383286,292038,286362,13684,300046,4398
2021-04-22,Sacramento,067,1510023,102590,101870,1579,103449,1585
2021-04-22,San Benito,069,59416,5992,5998,109,6107,63
2021-04-22,San Bernardino,071,2135413,291397,290125,8806,298931,4571
2021-04-22,San Diego,073,3302833,276675,275913,14353,290266,3684
2021-04-22,San Francisco,075,870044,36074,36218,1230,37448,532
2021-04-22,San Joaquin,077,732212,71553,70751,3340,74091,1295
2021-04-22,San Luis Obispo,079,281455,21060,20761,702,21463,255
2021-04-22,San Mateo,081,765935,41682,41345,444,41789,355
2021-04-22,Santa Barbara,083,443738,34049,33870,1103,34973,446
2021-04-22,Santa Clara,085,1922200,117080,117457,707,118164,1954
2021-04-22,Santa Cruz,087,273765,16076,15737,789,16526,205
2021-04-22,Shasta,089,179085,11718,11738,1423,13161,192
2021-04-22,Sierra,091,2930,55,51,12,63,0
2021-04-22,Siskiyou,093,43540,1687,1564,284,1848,11
2021-04-22,Solano,095,438530,31877,31731,471,32202,247
2021-04-22,Sonoma,097,501317,29545,29705,300,30005,318
2021-04-22,Stanislaus,099,539301,54697,54313,5708,60021,744
2021-04-22,Sutter,101,95872,9284,9302,80,9382,110
2021-04-22,Tehama,103,63373,4933,4896,533,5429,53
2021-04-22,Trinity,105,12862,482,326,82,408,3
2021-04-22,Tulare,107,460477,49677,48669,8614,57283,828
2021-04-22,Tuolumne,109,53932,3959,4020,40,4060,58
2021-04-22,Ventura,111,848112,80647,80073,2902,82975,996
2021-04-22,Yolo,113,214977,13686,13616,192,13808,205
2021-04-22,Yuba,115,75493,5868,5825,119,5944,44
2021-04-21,Alameda,001,1643700,86125,85762,1839,87601,1249
2021-04-21,Alpine,003,1148,86,86,0,86,0
2021-04-21,Amador,005,37829,3632,3632,32,3664,46
2021-04-21,Butte,007,227075,12017,11643,1711,13354,196
2021-04-21,Calaveras,009,45235,2060,2057,11,2068,50
2021-04-21,Colusa,011,21464,1916,1920,286,2206,14
2021-04-21,Contra Costa,013,1133247,67653,66981,1183,68164,782
2021-04-21,Del Norte,015,27424,1280,1252,11,1263,6
2021-04-21,El Dorado,017,186661,9876,9760,692,10452,106
2021-04-21,Fresno,019,978130,101285,100838,8380,109218,1654
2021-04-21,Glenn,021,27897,2382,2361,534,2895,17
2021-04-21,Humboldt,023,135768,3746,3642,30,3672,35
2021-04-21,Imperial,025,180216,28165,28052,2608,30660,719
2021-04-21,Inyo,027,18085,1396,1392,10,1402,36
2021-04-21,Kern,029,883053,96253,95257,10436,105693,1297
2021-04-21,Kings,031,150075,22946,22713,1037,23750,243
2021-04-21,Lake,033,64148,3439,3421,9,3430,43
2021-04-21,Lassen,035,31185,5167,5156,103,5259,1
2021-04-21,Los Angeles,037,10098052,1198992,1189530,40418,1229948,23729
2021-04-21,Madera,039,155013,16418,16309,907,17216,231
2021-04-21,Marin,041,260295,13872,13822,232,14054,227
2021-04-21,Mariposa,043,17540,413,402,11,413,5
2021-04-21,Mendocino,045,87422,3811,3729,73,3802,46
2021-04-21,Merced,047,269075,30439,30471,1006,31477,442
2021-04-21,Modoc,049,8938,365,360,121,481,3
2021-04-21,Mono,051,14174,1244,1254,16,1270,3
2021-04-21,Monterey,053,433212,42841,42699,1802,44501,377
2021-04-21,Napa,055,140530,9728,9727,32,9759,79
2021-04-21,Nevada,057,99092,4578,4499,183,4682,70
2021-04-21,Orange,059,3164182,253594,252243,10987,263230,4889
2021-04-21,Placer,061,380077,22487,21896,1378,23274,282
2021-04-21,Plumas,063,18699,684,670,10,680,4
2021-04-21,Riverside,065,2383286,291944,286299,13677,299976,4388
2021-04-21,Sacramento,067,1510023,102461,101803,1573,103376,1579
2021-04-21,San Benito,069,59416,5989,5998,109,6107,63
2021-04-21,San Bernardino,071,2135413,291321,290049,8804,298853,4572
2021-04-21,San Diego,073,3302833,276466,275632,14315,289947,3681
2021-04-21,San Francisco,075,870044,36054,36194,1229,37423,529
2021-04-21,San Joaquin,077,732212,71498,70687,3330,74017,1295
2021-04-21,San Luis Obispo,079,281455,21045,20724,701,21425,255
2021-04-21,San Mateo,081,765935,41651,41318,443,41761,355
2021-04-21,Santa Barbara,083,443738,34030,33830,1102,34932,445
2021-04-21,Santa Clara,085,1922200,117002,117318,701,118019,1946
2021-04-21,Santa Cruz,087,273765,16067,15698,789,16487,204
2021-04-21,Shasta,089,179085,11699,11722,1421,13143,192
2021-04-21,Sierra,091,2930,55,51,12,63,0
2021-04-21,Siskiyou,093,43540,1680,1557,284,1841,11
2021-04-21,Solano,095,438530,31838,31712,470,32182,244
2021-04-21,Sonoma,097,501317,29533,29697,299,29996,318
2021-04-21,Stanislaus,099,539301,54636,54290,5702,59992,742
2021-04-21,Sutter,101,95872,9276,9297,80,9377,110
2021-04-21,Tehama,103,63373,4926,4893,532,5425,53
2021-04-21,Trinity,105,12862,482,326,82,408,3
2021-04-21,Tulare,107,460477,49662,48653,8601,57254,828
2021-04-21,Tuolumne,109,53932,3956,4019,40,4059,58
2021-04-21,Ventura,111,848112,80615,80039,2899,82938,996
2021-04-21,Yolo,113,214977,13666,13606,191,13797,200
2021-04-21,Yuba,115,75493,5861,5822,118,5940,44
2021-04-20,Alameda,001,1643700,86030,85652,1837,87489,1248
2021-04-20,Alpine,003,1148,85,85,0,85,0
2021-04-20,Amador,005,37829,3631,3631,32,3663,46
2021-04-20,Butte,007,227075,11998,11619,1709,13328,196
2021-04-20,Calaveras,009,45235,2059,2053,11,2064,50
2021-04-20,Colusa,011,21464,1916,1915,285,2200,14
2021-04-20,Contra Costa,013,1133247,67569,66889,1180,68069,782
2021-04-20,Del Norte,015,27424,1279,1250,11,1261,6
2021-04-20,El Dorado,017,186661,9848,9743,690,10433,106
2021-04-20,Fresno,019,978130,101227,100768,8370,109138,1650
2021-04-20,Glenn,021,27897,2380,2359,533,2892,17
2021-04-20,Humboldt,023,135768,3728,3612,30,3642,35
2021-04-20,Imperial,025,180216,28146,28024,2604,30628,719
2021-04-20,Inyo,027,18085,1396,1393,10,1403,36
2021-04-20,Kern,029,883053,96217,95223,10420,105643,1295
2021-04-20,Kings,031,150075,22940,22693,1034,23727,243
2021-04-20,Lake,033,64148,3437,3418,9,3427,43
2021-04-20,Lassen,035,31185,5167,5155,103,5258,1
2021-04-20,Los Angeles,037,10098052,1198644,1189256,40388,1229644,23694
2021-04-20,Madera,039,155013,16412,16301,907,17208,231
2021-04-20,Marin,041,260295,13858,13807,232,14039,227
2021-04-20,Mariposa,043,17540,412,402,11,413,5
2021-04-20,Mendocino,045,87422,3810,3726,73,3799,46
2021-04-20,Merced,047,269075,30412,30439,1005,31444,441
2021-04-20,Modoc,049,8938,365,359,121,480,3
2021-04-20,Mono,051,14174,1243,1254,16,1270,3
2021-04-20,Monterey,053,433212,42830,42663,1800,44463,363
2021-04-20,Napa,055,140530,9724,9711,32,9743,79
2021-04-20,Nevada,057,99092,4560,4485,183,4668,70
2021-04-20,Orange,059,3164182,253504,252134,10975,263109,4887
2021-04-20,Placer,061,380077,22453,21846,1374,23220,282
2021-04-20,Plumas,063,18699,683,670,10,680,4
2021-04-20,Riverside,065,2383286,291847,286194,13672,299866,4388
2021-04-20,Sacramento,067,1510023,102323,101629,1565,103194,1574
2021-04-20,San Benito,069,59416,5986,5988,109,6097,63
2021-04-20,San Bernardino,071,2135413,291240,289905,8802,298707,4569
2021-04-20,San Diego,073,3302833,276235,275369,14282,289651,3674
2021-04-20,San Francisco,075,870044,36035,36117,1228,37345,529
2021-04-20,San Joaquin,077,732212,71425,70590,3321,73911,1289
2021-04-20,San Luis Obispo,079,281455,21022,20691,693,21384,254
2021-04-20,San Mateo,081,765935,41620,41251,443,41694,355
2021-04-20,Santa Barbara,083,443738,34011,33803,1102,34905,445
2021-04-20,Santa Clara,085,1922200,116904,117228,697,117925,1944
2021-04-20,Santa Cruz,087,273765,16055,15647,789,16436,204
2021-04-20,Shasta,089,179085,11683,11677,1418,13095,189
2021-04-20,Sierra,091,2930,55,51,12,63,0
2021-04-20,Siskiyou,093,43540,1672,1551,283,1834,10
2021-04-20,Solano,095,438530,31783,31673,466,32139,243
2021-04-20,Sonoma,097,501317,29524,29676,297,29973,311
2021-04-20,Stanislaus,099,539301,54571,54236,5689,59925,735
2021-04-20,Sutter,101,95872,9272,9279,80,9359,109
2021-04-20,Tehama,103,63373,4921,4887,531,5418,52
2021-04-20,Trinity,105,12862,482,326,82,408,3
2021-04-20,Tulare,107,460477,49640,48650,8593,57243,831
2021-04-20,Tuolumne,109,53932,3956,4014,40,4054,58
2021-04-20,Ventura,111,848112,80587,80018,2897,82915,995
2021-04-20,Yolo,113,214977,13646,13581,190,13771,200
2021-04-20,Yuba,115,75493,5851,5814,118,5932,44
2021-04-19,Alameda,001,1643700,85912,85583,1833,87416,1247
2021-04-19,Alpine,003,1148,85,85,0,85,0
2021-04-19,Amador,005,37829,3630,3629,32,3661,46
2021-04-19,Butte,007,227075,11980,11601,1704,13305,196
2021-04-19,Calaveras,009,45235,2057,2050,11,2061,50
2021-04-19,Colusa,011,21464,1916,1913,284,2197,14
2021-04-19,Contra Costa,013,1133247,67491,66833,1178,68011,782
2021-04-19,Del Norte,015,27424,1277,1247,11,1258,6
2021-04-19,El Dorado,017,186661,9832,9726,685,10411,106
2021-04-19,Fresno,019,978130,101159,100702,8358,109060,1646
2021-04-19,Glenn,021,27897,2380,2358,532,2890,17
2021-04-19,Humboldt,023,135768,3708,3602,28,3630,35
2021-04-19,Imperial,025,180216,28125,27995,2604,30599,719
2021-04-19,Inyo,027,18085,1396,1392,10,1402,36
2021-04-19,Kern,029,883053,96187,95162,10405,105567,1290
2021-04-19,Kings,031,150075,22925,22688,1034,23722,243
2021-04-19,Lake,033,64148,3436,3416,9,3425,43
2021-04-19,Lassen,035,31185,5166,5156,103,5259,1
2021-04-19,Los Angeles,037,10098052,1198264,1188945,40364,1229309,23666
2021-04-19,Madera,039,155013,16401,16289,906,17195,231
2021-04-19,Marin,041,260295,13847,13804,231,14035,226
2021-04-19,Mariposa,043,17540,411,401,11,412,5
2021-04-19,Mendocino,045,87422,3808,3722,73,3795,46
2021-04-19,Merced,047,269075,30383,30422,1004,31426,441
2021-04-19,Modoc,049,8938,365,359,121,480,3
2021-04-19,Mono,051,14174,1242,1254,16,1270,3
2021-04-19,Monterey,053,433212,42817,42642,1795,44437,356
2021-04-19,Napa,055,140530,9716,9680,32,9712,79
2021-04-19,Nevada,057,99092,4544,4477,183,4660,70
2021-04-19,Orange,059,3164182,253386,252013,10960,262973,4883
2021-04-19,Placer,061,380077,22430,21814,1370,23184,282
2021-04-19,Plumas,063,18699,683,665,10,675,4
2021-04-19,Riverside,065,2383286,291752,286087,13662,299749,4371
2021-04-19,Sacramento,067,1510023,102187,101482,1555,103037,1572
2021-04-19,San Benito,069,59416,5978,5989,109,6098,63
2021-04-19,San Bernardino,071,2135413,291155,289738,8796,298534,4561
2021-04-19,San Diego,073,3302833,275987,275113,14249,289362,3674
2021-04-19,San Francisco,075,870044,35998,36094,1226,37320,529
2021-04-19,San Joaquin,077,732212,71345,70514,3315,73829,1289
2021-04-19,San Luis Obispo,079,281455,20996,20669,687,21356,254
2021-04-19,San Mateo,081,765935,41587,41226,442,41668,355
2021-04-19,Santa Barbara,083,443738,33997,33786,1102,34888,446
2021-04-19,Santa Clara,085,1922200,116793,117099,693,117792,1944
2021-04-19,Santa Cruz,087,273765,16043,15600,789,16389,204
2021-04-19,Shasta,089,179085,11668,11662,1410,13072,189
2021-04-19,Sierra,091,2930,55,51,12,63,0
2021-04-19,Siskiyou,093,43540,1662,1544,283,1827,10
2021-04-19,Solano,095,438530,31744,31643,461,32104,239
2021-04-19,Sonoma,097,501317,29505,29667,297,29964,311
2021-04-19,Stanislaus,099,539301,54495,54179,5685,59864,728
2021-04-19,Sutter,101,95872,9261,9269,80,9349,109
2021-04-19,Tehama,103,63373,4915,4878,531,5409,52
2021-04-19,Trinity,105,12862,482,326,81,407,3
2021-04-19,Tulare,107,460477,49624,48630,8580,57210,831
2021-04-19,Tuolumne,109,53932,3955,4010,40,4050,58
2021-04-19,Ventura,111,848112,80561,80000,2895,82895,996
2021-04-19,Yolo,113,214977,13634,13572,187,13759,200
2021-04-19,Yuba,115,75493,5844,5804,117,5921,44
2021-04-18,Alameda,001,1643700,85797,85481,1825,87306,1247
2021-04-18,Alpine,003,1148,85,85,0,85,0
2021-04-18,Amador,005,37829,3627,3627,32,3659,46
2021-04-18,Butte,007,227075,11962,11591,1699,13290,196
2021-04-18,Calaveras,009,45235,2051,2047,11,2058,50
2021-04-18,Colusa,011,21464,1912,1912,283,2195,14
2021-04-18,Contra Costa,013,1133247,67388,66750,1174,67924,782
2021-04-18,Del Norte,015,27424,1277,1240,11,1251,6
2021-04-18,El Dorado,017,186661,9809,9710,683,10393,106
2021-04-18,Fresno,019,978130,101101,100621,8352,108973,1646
2021-04-18,Glenn,021,27897,2375,2358,532,2890,17
2021-04-18,Humboldt,023,135768,3680,3590,28,3618,35
2021-04-18,Imperial,025,180216,28110,27991,2599,30590,719
2021-04-18,Inyo,027,18085,1395,1392,10,1402,36
2021-04-18,Kern,029,883053,96151,95129,10390,105519,1290
2021-04-18,Kings,031,150075,22916,22685,1034,23719,243
2021-04-18,Lake,033,64148,3435,3413,9,3422,43
2021-04-18,Lassen,035,31185,5163,5156,103,5259,1
2021-04-18,Los Angeles,037,10098052,1197804,1188620,40341,1228961,23648
2021-04-18,Madera,039,155013,16390,16277,905,17182,231
2021-04-18,Marin,041,260295,13840,13801,230,14031,226
2021-04-18,Mariposa,043,17540,410,400,10,410,5
2021-04-18,Mendocino,045,87422,3805,3722,73,3795,46
2021-04-18,Merced,047,269075,30346,30405,1003,31408,441
2021-04-18,Modoc,049,8938,365,359,121,480,3
2021-04-18,Mono,051,14174,1242,1254,16,1270,3
2021-04-18,Monterey,053,433212,42805,42638,1794,44432,356
2021-04-18,Napa,055,140530,9700,9674,32,9706,79
2021-04-18,Nevada,057,99092,4529,4464,183,4647,70
2021-04-18,Orange,059,3164182,253272,251940,10953,262893,4883
2021-04-18,Placer,061,380077,22387,21783,1365,23148,282
2021-04-18,Plumas,063,18699,682,665,10,675,4
2021-04-18,Riverside,065,2383286,291662,286043,13658,299701,4371
2021-04-18,Sacramento,067,1510023,102012,101354,1549,102903,1572
2021-04-18,San Benito,069,59416,5976,5989,109,6098,63
2021-04-18,San Bernardino,071,2135413,291062,289691,8787,298478,4556
2021-04-18,San Diego,073,3302833,275708,274961,14214,289175,3674
2021-04-18,San Francisco,075,870044,35961,36073,1222,37295,525
2021-04-18,San Joaquin,077,732212,71264,70466,3306,73772,1289
2021-04-18,San Luis Obispo,079,281455,20974,20656,681,21337,254
2021-04-18,San Mateo,081,765935,41558,41201,441,41642,352
2021-04-18,Santa Barbara,083,443738,33962,33769,1101,34870,446
2021-04-18,Santa Clara,085,1922200,116626,116996,688,117684,1944
2021-04-18,Santa Cruz,087,273765,16033,15580,788,16368,204
2021-04-18,Shasta,089,179085,11647,11658,1407,13065,189
2021-04-18,Sierra,091,2930,55,51,12,63,0
2021-04-18,Siskiyou,093,43540,1651,1538,282,1820,10
2021-04-18,Solano,095,438530,31694,31606,460,32066,239
2021-04-18,Sonoma,097,501317,29489,29660,295,29955,311
2021-04-18,Stanislaus,099,539301,54413,54132,5679,59811,728
2021-04-18,Sutter,101,95872,9247,9261,80,9341,109
2021-04-18,Tehama,103,63373,4906,4877,530,5407,52
2021-04-18,Trinity,105,12862,482,326,81,407,3
2021-04-18,Tulare,107,460477,49611,48618,8575,57193,829
2021-04-18,Tuolumne,109,53932,3954,4008,39,4047,58
2021-04-18,Ventura,111,848112,80530,79984,2892,82876,996
2021-04-18,Yolo,113,214977,13622,13562,185,13747,200
2021-04-18,Yuba,115,75493,5837,5804,117,5921,44
2021-04-17,Alameda,001,1643700,85722,85367,1823,87190,1247
2021-04-17,Alpine,003,1148,85,85,0,85,0
2021-04-17,Amador,005,37829,3625,3625,32,3657,46
2021-04-17,Butte,007,227075,11942,11573,1695,13268,196
2021-04-17,Calaveras,009,45235,2049,2045,11,2056,50
2021-04-17,Colusa,011,21464,1912,1912,283,2195,14
2021-04-17,Contra Costa,013,1133247,67340,66657,1166,67823,782
2021-04-17,Del Norte,015,27424,1277,1238,11,1249,6
2021-04-17,El Dorado,017,186661,9794,9692,680,10372,106
2021-04-17,Fresno,019,978130,101068,100562,8347,108909,1646
2021-04-17,Glenn,021,27897,2375,2357,532,2889,17
2021-04-17,Humboldt,023,135768,3656,3579,28,3607,35
2021-04-17,Imperial,025,180216,28099,27987,2599,30586,719
2021-04-17,Inyo,027,18085,1392,1392,10,1402,36
2021-04-17,Kern,029,883053,96133,95102,10386,105488,1290
2021-04-17,Kings,031,150075,22911,22678,1033,23711,243
2021-04-17,Lake,033,64148,3434,3409,9,3418,43
2021-04-17,Lassen,035,31185,5163,5154,103,5257,1
2021-04-17,Los Angeles,037,10098052,1197546,1188262,40309,1228571,23653
2021-04-17,Madera,039,155013,16386,16260,904,17164,231
2021-04-17,Marin,041,260295,13836,13797,230,14027,226
2021-04-17,Mariposa,043,17540,409,398,10,408,5
2021-04-17,Mendocino,045,87422,3802,3721,73,3794,46
2021-04-17,Merced,047,269075,30330,30392,1002,31394,441
2021-04-17,Modoc,049,8938,365,357,121,478,3
2021-04-17,Mono,051,14174,1242,1253,16,1269,3
2021-04-17,Monterey,053,433212,42796,42630,1792,44422,356
2021-04-17,Napa,055,140530,9696,9666,32,9698,79
2021-04-17,Nevada,057,99092,4521,4457,183,4640,70
2021-04-17,Orange,059,3164182,253203,251873,10941,262814,4878
2021-04-17,Placer,061,380077,22364,21736,1360,23096,282
2021-04-17,Plumas,063,18699,681,666,10,676,4
2021-04-17,Riverside,065,2383286,291593,285963,13650,299613,4371
2021-04-17,Sacramento,067,1510023,101902,101172,1538,102710,1572
2021-04-17,San Benito,069,59416,5970,5986,109,6095,63
2021-04-17,San Bernardino,071,2135413,291007,289624,8784,298408,4555
2021-04-17,San Diego,073,3302833,275561,274812,14180,288992,3674
2021-04-17,San Francisco,075,870044,35939,36032,1219,37251,523
2021-04-17,San Joaquin,077,732212,71224,70372,3296,73668,1288
2021-04-17,San Luis Obispo,079,281455,20961,20642,678,21320,254
2021-04-17,San Mateo,081,765935,41535,41157,441,41598,352
2021-04-17,Santa Barbara,083,443738,33931,33738,1099,34837,446
2021-04-17,Santa Clara,085,1922200,116534,116887,686,117573,1944
2021-04-17,Santa Cruz,087,273765,16027,15571,788,16359,204
2021-04-17,Shasta,089,179085,11632,11647,1406,13053,189
2021-04-17,Sierra,091,2930,55,51,12,63,0
2021-04-17,Siskiyou,093,43540,1646,1539,279,1818,10
2021-04-17,Solano,095,438530,31663,31541,457,31998,239
2021-04-17,Sonoma,097,501317,29482,29637,295,29932,311
2021-04-17,Stanislaus,099,539301,54376,54058,5674,59732,728
2021-04-17,Sutter,101,95872,9241,9252,80,9332,109
2021-04-17,Tehama,103,63373,4900,4875,529,5404,52
2021-04-17,Trinity,105,12862,482,326,81,407,3
2021-04-17,Tulare,107,460477,49599,48603,8571,57174,829
2021-04-17,Tuolumne,109,53932,3952,4005,39,4044,58
2021-04-17,Ventura,111,848112,80509,79964,2892,82856,996
2021-04-17,Yolo,113,214977,13612,13580,185,13765,200
2021-04-17,Yuba,115,75493,5832,5802,116,5918,44
2021-04-16,Alameda,001,1643700,85643,85243,1821,87064,1245
2021-04-16,Alpine,003,1148,85,85,0,85,0
2021-04-16,Amador,005,37829,3620,3621,32,3653,46
2021-04-16,Butte,007,227075,11930,11549,1693,13242,196
2021-04-16,Calaveras,009,45235,2047,2042,11,2053,50
2021-04-16,Colusa,011,21464,1910,1911,283,2194,14
2021-04-16,Contra Costa,013,1133247,67286,66569,1163,67732,782
2021-04-16,Del Norte,015,27424,1276,1237,11,1248,6
2021-04-16,El Dorado,017,186661,9774,9665,676,10341,106
2021-04-16,Fresno,019,978130,101018,100500,8341,108841,1643
2021-04-16,Glenn,021,27897,2375,2355,532,2887,17
2021-04-16,Humboldt,023,135768,3635,3570,27,3597,35
2021-04-16,Imperial,025,180216,28089,27962,2599,30561,719
2021-04-16,Inyo,027,18085,1392,1392,10,1402,36
2021-04-16,Kern,029,883053,96104,95066,10383,105449,1288
2021-04-16,Kings,031,150075,22907,22667,1032,23699,243
2021-04-16,Lake,033,64148,3428,3406,9,3415,43
2021-04-16,Lassen,035,31185,5162,5155,103,5258,1
2021-04-16,Los Angeles,037,10098052,1197245,1187818,40273,1228091,23627
2021-04-16,Madera,039,155013,16380,16250,903,17153,231
2021-04-16,Marin,041,260295,13833,13788,230,14018,226
2021-04-16,Mariposa,043,17540,408,396,9,405,5
2021-04-16,Mendocino,045,87422,3800,3719,73,3792,46
2021-04-16,Merced,047,269075,30315,30355,1002,31357,438
2021-04-16,Modoc,049,8938,365,355,121,476,3
2021-04-16,Mono,051,14174,1242,1253,16,1269,3
2021-04-16,Monterey,053,433212,42785,42620,1789,44409,351
2021-04-16,Napa,055,140530,9688,9653,32,9685,79
2021-04-16,Nevada,057,99092,4512,4443,183,4626,70
2021-04-16,Orange,059,3164182,253139,251770,10932,262702,4873
2021-04-16,Placer,061,380077,22337,21680,1356,23036,282
2021-04-16,Plumas,063,18699,680,665,10,675,4
2021-04-16,Riverside,065,2383286,291516,285818,13648,299466,4369
2021-04-16,Sacramento,067,1510023,101805,100993,1533,102526,1572
2021-04-16,San Benito,069,59416,5968,5982,109,6091,63
2021-04-16,San Bernardino,071,2135413,290960,289424,8783,298207,4550
2021-04-16,San Diego,073,3302833,275407,274567,14162,288729,3662
2021-04-16,San Francisco,075,870044,35914,35993,1216,37209,517
2021-04-16,San Joaquin,077,732212,71157,70280,3288,73568,1288
2021-04-16,San Luis Obispo,079,281455,20949,20623,677,21300,253
2021-04-16,San Mateo,081,765935,41506,41107,440,41547,352
2021-04-16,Santa Barbara,083,443738,33913,33703,1099,34802,446
2021-04-16,Santa Clara,085,1922200,116434,116693,683,117376,1941
2021-04-16,Santa Cruz,087,273765,16025,15539,788,16327,204
2021-04-16,Shasta,089,179085,11620,11623,1405,13028,189
2021-04-16,Sierra,091,2930,55,51,12,63,0
2021-04-16,Siskiyou,093,43540,1642,1530,277,1807,10
2021-04-16,Solano,095,438530,31624,31470,454,31924,239
2021-04-16,Sonoma,097,501317,29471,29617,295,29912,311
2021-04-16,Stanislaus,099,539301,54328,53983,5672,59655,728
2021-04-16,Sutter,101,95872,9235,9247,80,9327,109
2021-04-16,Tehama,103,63373,4899,4866,529,5395,52
2021-04-16,Trinity,105,12862,482,326,81,407,3
2021-04-16,Tulare,107,460477,49587,48583,8567,57150,830
2021-04-16,Tuolumne,109,53932,3949,4005,39,4044,58
2021-04-16,Ventura,111,848112,80484,79942,2887,82829,994
2021-04-16,Yolo,113,214977,13599,13559,183,13742,198
2021-04-16,Yuba,115,75493,5829,5795,115,5910,44
2021-04-15,Alameda,001,1643700,85536,85089,1819,86908,1246
2021-04-15,Alpine,003,1148,85,85,0,85,0
2021-04-15,Amador,005,37829,3619,3616,32,3648,46
2021-04-15,Butte,007,227075,11915,11529,1689,13218,196
2021-04-15,Calaveras,009,45235,2046,2039,11,2050,50
2021-04-15,Colusa,011,21464,1908,1909,282,2191,14
2021-04-15,Contra Costa,013,1133247,67213,66480,1159,67639,781
2021-04-15,Del Norte,015,27424,1269,1235,11,1246,6
2021-04-15,El Dorado,017,186661,9760,9639,674,10313,106
2021-04-15,Fresno,019,978130,100956,100431,8335,108766,1642
2021-04-15,Glenn,021,27897,2375,2354,532,2886,17
2021-04-15,Humboldt,023,135768,3614,3561,27,3588,35
2021-04-15,Imperial,025,180216,28061,27920,2596,30516,718
2021-04-15,Inyo,027,18085,1392,1393,10,1403,36
2021-04-15,Kern,029,883053,96071,94989,10370,105359,1289
2021-04-15,Kings,031,150075,22893,22648,1032,23680,242
2021-04-15,Lake,033,64148,3427,3399,9,3408,43
2021-04-15,Lassen,035,31185,5161,5152,103,5255,1
2021-04-15,Los Angeles,037,10098052,1196840,1187274,40237,1227511,23598
2021-04-15,Madera,039,155013,16365,16234,903,17137,231
2021-04-15,Marin,041,260295,13829,13783,229,14012,226
2021-04-15,Mariposa,043,17540,406,395,9,404,5
2021-04-15,Mendocino,045,87422,3799,3714,73,3787,46
2021-04-15,Merced,047,269075,30289,30325,1001,31326,437
2021-04-15,Modoc,049,8938,365,355,121,476,3
2021-04-15,Mono,051,14174,1241,1253,16,1269,3
2021-04-15,Monterey,053,433212,42775,42604,1787,44391,347
2021-04-15,Napa,055,140530,9680,9645,32,9677,79
2021-04-15,Nevada,057,99092,4500,4434,182,4616,70
2021-04-15,Orange,059,3164182,253044,251679,10920,262599,4857
2021-04-15,Placer,061,380077,22306,21614,1349,22963,281
2021-04-15,Plumas,063,18699,678,665,10,675,4
2021-04-15,Riverside,065,2383286,291412,285698,13641,299339,4363
2021-04-15,Sacramento,067,1510023,101675,100782,1519,102301,1570
2021-04-15,San Benito,069,59416,5965,5969,108,6077,63
2021-04-15,San Bernardino,071,2135413,290871,289288,8776,298064,4544
2021-04-15,San Diego,073,3302833,275160,274250,14103,288353,3653
2021-04-15,San Francisco,075,870044,35895,35947,1214,37161,510
2021-04-15,San Joaquin,077,732212,71076,70189,3280,73469,1288
2021-04-15,San Luis Obispo,079,281455,20933,20591,674,21265,253
2021-04-15,San Mateo,081,765935,41467,41050,439,41489,352
2021-04-15,Santa Barbara,083,443738,33895,33672,1095,34767,446
2021-04-15,Santa Clara,085,1922200,116328,116602,679,117281,1927
2021-04-15,Santa Cruz,087,273765,16015,15509,788,16297,203
2021-04-15,Shasta,089,179085,11606,11597,1401,12998,191
2021-04-15,Sierra,091,2930,55,51,12,63,0
2021-04-15,Siskiyou,093,43540,1636,1524,276,1800,10
2021-04-15,Solano,095,438530,31586,31394,453,31847,239
2021-04-15,Sonoma,097,501317,29457,29587,295,29882,311
2021-04-15,Stanislaus,099,539301,54274,53918,5663,59581,728
2021-04-15,Sutter,101,95872,9228,9237,80,9317,109
2021-04-15,Tehama,103,63373,4898,4854,528,5382,52
2021-04-15,Trinity,105,12862,482,326,81,407,3
2021-04-15,Tulare,107,460477,49566,48556,8567,57123,829
2021-04-15,Tuolumne,109,53932,3949,4003,39,4042,57
2021-04-15,Ventura,111,848112,80465,79917,2885,82802,989
2021-04-15,Yolo,113,214977,13580,13547,181,13728,198
2021-04-15,Yuba,115,75493,5826,5788,115,5903,44
2021-04-14,Alameda,001,1643700,85439,85009,1818,86827,1247
2021-04-14,Alpine,003,1148,85,85,0,85,0
2021-04-14,Amador,005,37829,3618,3613,32,3645,46
2021-04-14,Butte,007,227075,11902,11513,1688,13201,196
2021-04-14,Calaveras,009,45235,2045,2037,11,2048,50
2021-04-14,Colusa,011,21464,1908,1905,282,2187,14
2021-04-14,Contra Costa,013,1133247,67127,66400,1153,67553,781
2021-04-14,Del Norte,015,27424,1269,1228,11,1239,6
2021-04-14,El Dorado,017,186661,9745,9625,669,10294,106
2021-04-14,Fresno,019,978130,100899,100376,8322,108698,1640
2021-04-14,Glenn,021,27897,2375,2353,532,2885,17
2021-04-14,Humboldt,023,135768,3592,3551,26,3577,35
2021-04-14,Imperial,025,180216,28039,27907,2594,30501,718
2021-04-14,Inyo,027,18085,1392,1392,10,1402,36
2021-04-14,Kern,029,883053,96046,94947,10363,105310,1287
2021-04-14,Kings,031,150075,22884,22641,1030,23671,243
2021-04-14,Lake,033,64148,3422,3396,9,3405,43
2021-04-14,Lassen,035,31185,5160,5151,103,5254,1
2021-04-14,Los Angeles,037,10098052,1196441,1186821,40192,1227013,23579
2021-04-14,Madera,039,155013,16356,16218,903,17121,231
2021-04-14,Marin,041,260295,13827,13768,228,13996,226
2021-04-14,Mariposa,043,17540,405,394,9,403,5
2021-04-14,Mendocino,045,87422,3794,3711,73,3784,46
2021-04-14,Merced,047,269075,30273,30296,999,31295,436
2021-04-14,Modoc,049,8938,365,355,121,476,3
2021-04-14,Mono,051,14174,1240,1252,16,1268,3
2021-04-14,Monterey,053,433212,42759,42595,1783,44378,347
2021-04-14,Napa,055,140530,9669,9643,32,9675,79
2021-04-14,Nevada,057,99092,4493,4421,182,4603,70
2021-04-14,Orange,059,3164182,252939,251568,10901,262469,4849
2021-04-14,Placer,061,380077,22273,21575,1348,22923,280
2021-04-14,Plumas,063,18699,678,665,10,675,4
2021-04-14,Riverside,065,2383286,291302,285583,13635,299218,4358
2021-04-14,Sacramento,067,1510023,101500,100645,1505,102150,1570
2021-04-14,San Benito,069,59416,5963,5960,108,6068,62
2021-04-14,San Bernardino,071,2135413,290803,289078,8774,297852,4523
2021-04-14,San Diego,073,3302833,274949,273969,14074,288043,3648
2021-04-14,San Francisco,075,870044,35857,35898,1213,37111,510
2021-04-14,San Joaquin,077,732212,71006,70095,3274,73369,1288
2021-04-14,San Luis Obispo,079,281455,20910,20561,664,21225,253
2021-04-14,San Mateo,081,765935,41427,40982,436,41418,352
2021-04-14,Santa Barbara,083,443738,33866,33650,1095,34745,445
2021-04-14,Santa Clara,085,1922200,116211,116488,676,117164,1922
2021-04-14,Santa Cruz,087,273765,16005,15481,788,16269,203
2021-04-14,Shasta,089,179085,11580,11581,1399,12980,190
2021-04-14,Sierra,091,2930,55,51,12,63,0
2021-04-14,Siskiyou,093,43540,1628,1518,275,1793,10
2021-04-14,Solano,095,438530,31533,31357,446,31803,239
2021-04-14,Sonoma,097,501317,29449,29572,293,29865,311
2021-04-14,Stanislaus,099,539301,54203,53836,5654,59490,727
2021-04-14,Sutter,101,95872,9220,9230,80,9310,106
2021-04-14,Tehama,103,63373,4892,4853,527,5380,52
2021-04-14,Trinity,105,12862,482,326,81,407,3
2021-04-14,Tulare,107,460477,49540,48527,8564,57091,827
2021-04-14,Tuolumne,109,53932,3948,3997,39,4036,57
2021-04-14,Ventura,111,848112,80429,79891,2883,82774,986
2021-04-14,Yolo,113,214977,13564,13530,179,13709,198
2021-04-14,Yuba,115,75493,5824,5778,115,5893,44
2021-04-13,Alameda,001,1643700,85333,84921,1815,86736,1239
2021-04-13,Alpine,003,1148,85,85,0,85,0
2021-04-13,Amador,005,37829,3615,3609,32,3641,46
2021-04-13,Butte,007,227075,11884,11497,1685,13182,196
2021-04-13,Calaveras,009,45235,2043,2035,11,2046,50
2021-04-13,Colusa,011,21464,1906,1905,280,2185,14
2021-04-13,Contra Costa,013,1133247,67039,66304,1153,67457,778
2021-04-13,Del Norte,015,27424,1264,1221,11,1232,6
2021-04-13,El Dorado,017,186661,9719,9609,666,10275,106
2021-04-13,Fresno,019,978130,100818,100357,8316,108673,1636
2021-04-13,Glenn,021,27897,2374,2351,532,2883,17
2021-04-13,Humboldt,023,135768,3575,3540,26,3566,35
2021-04-13,Imperial,025,180216,28020,27887,2586,30473,718
2021-04-13,Inyo,027,18085,1392,1391,10,1401,36
2021-04-13,Kern,029,883053,96002,94908,10351,105259,1285
2021-04-13,Kings,031,150075,22868,22636,1029,23665,243
2021-04-13,Lake,033,64148,3419,3390,9,3399,43
2021-04-13,Lassen,035,31185,5159,5147,103,5250,1
2021-04-13,Los Angeles,037,10098052,1195987,1186482,40151,1226633,23526
2021-04-13,Madera,039,155013,16346,16207,901,17108,231
2021-04-13,Marin,041,260295,13819,13760,227,13987,224
2021-04-13,Mariposa,043,17540,404,394,6,400,5
2021-04-13,Mendocino,045,87422,3788,3702,73,3775,46
2021-04-13,Merced,047,269075,30243,30276,996,31272,435
2021-04-13,Modoc,049,8938,365,355,121,476,3
2021-04-13,Mono,051,14174,1240,1251,16,1267,3
2021-04-13,Monterey,053,433212,42748,42577,1783,44360,347
2021-04-13,Napa,055,140530,9659,9627,32,9659,79
2021-04-13,Nevada,057,99092,4481,4415,182,4597,69
2021-04-13,Orange,059,3164182,252844,251491,10884,262375,4836
2021-04-13,Placer,061,380077,22236,21534,1345,22879,280
2021-04-13,Plumas,063,18699,677,665,10,675,4
2021-04-13,Riverside,065,2383286,291183,285505,13629,299134,4348
2021-04-13,Sacramento,067,1510023,101325,100551,1500,102051,1569
2021-04-13,San Benito,069,59416,5960,5946,108,6054,62
2021-04-13,San Bernardino,071,2135413,290687,288929,8768,297697,4521
2021-04-13,San Diego,073,3302833,274695,273709,14039,287748,3623
2021-04-13,San Francisco,075,870044,35821,35869,1209,37078,506
2021-04-13,San Joaquin,077,732212,70898,70034,3266,73300,1288
2021-04-13,San Luis Obispo,079,281455,20883,20536,654,21190,253
2021-04-13,San Mateo,081,765935,41382,40955,436,41391,353
2021-04-13,Santa Barbara,083,443738,33843,33613,1092,34705,444
2021-04-13,Santa Clara,085,1922200,116082,116363,675,117038,1923
2021-04-13,Santa Cruz,087,273765,15998,15449,788,16237,203
2021-04-13,Shasta,089,179085,11560,11536,1396,12932,189
2021-04-13,Sierra,091,2930,55,51,12,63,0
2021-04-13,Siskiyou,093,43540,1620,1511,272,1783,10
2021-04-13,Solano,095,438530,31484,31335,442,31777,239
2021-04-13,Sonoma,097,501317,29441,29544,292,29836,311
2021-04-13,Stanislaus,099,539301,54131,53797,5645,59442,722
2021-04-13,Sutter,101,95872,9216,9226,80,9306,106
2021-04-13,Tehama,103,63373,4885,4850,524,5374,52
2021-04-13,Trinity,105,12862,482,326,81,407,3
2021-04-13,Tulare,107,460477,49527,48511,8561,57072,825
2021-04-13,Tuolumne,109,53932,3946,3995,39,4034,57
2021-04-13,Ventura,111,848112,80397,79854,2881,82735,986
2021-04-13,Yolo,113,214977,13552,13516,178,13694,198
2021-04-13,Yuba,115,75493,5815,5776,115,5891,44
2021-04-12,Alameda,001,1643700,85231,84817,1814,86631,1238
2021-04-12,Alpine,003,1148,85,85,0,85,0
2021-04-12,Amador,005,37829,3614,3607,32,3639,46
2021-04-12,Butte,007,227075,11869,11488,1681,13169,193
2021-04-12,Calaveras,009,45235,2039,2033,11,2044,50
2021-04-12,Colusa,011,21464,1904,1904,278,2182,14
2021-04-12,Contra Costa,013,1133247,66959,66176,1153,67329,777
2021-04-12,Del Norte,015,27424,1261,1216,11,1227,6
2021-04-12,El Dorado,017,186661,9702,9588,664,10252,106
2021-04-12,Fresno,019,978130,100757,100277,8293,108570,1633
2021-04-12,Glenn,021,27897,2373,2349,532,2881,17
2021-04-12,Humboldt,023,135768,3561,3533,25,3558,35
2021-04-12,Imperial,025,180216,27990,27851,2582,30433,717
2021-04-12,Inyo,027,18085,1392,1390,10,1400,36
2021-04-12,Kern,029,883053,95965,94861,10341,105202,1283
2021-04-12,Kings,031,150075,22860,22621,1028,23649,241
2021-04-12,Lake,033,64148,3415,3380,9,3389,43
2021-04-12,Lassen,035,31185,5158,5147,103,5250,1
2021-04-12,Los Angeles,037,10098052,1195483,1186145,40114,1226259,23505
2021-04-12,Madera,039,155013,16334,16174,899,17073,231
2021-04-12,Marin,041,260295,13806,13751,225,13976,224
2021-04-12,Mariposa,043,17540,403,394,6,400,5
2021-04-12,Mendocino,045,87422,3787,3699,73,3772,46
2021-04-12,Merced,047,269075,30212,30261,993,31254,435
2021-04-12,Modoc,049,8938,363,352,121,473,3
2021-04-12,Mono,051,14174,1240,1251,16,1267,3
2021-04-12,Monterey,053,433212,42734,42555,1781,44336,346
2021-04-12,Napa,055,140530,9645,9603,32,9635,80
2021-04-12,Nevada,057,99092,4470,4408,182,4590,69
2021-04-12,Orange,059,3164182,252758,251350,10863,262213,4826
2021-04-12,Placer,061,380077,22185,21475,1342,22817,278
2021-04-12,Plumas,063,18699,675,666,10,676,4
2021-04-12,Riverside,065,2383286,291072,285361,13623,298984,4336
2021-04-12,Sacramento,067,1510023,101151,100394,1495,101889,1566
2021-04-12,San Benito,069,59416,5952,5942,107,6049,62
2021-04-12,San Bernardino,071,2135413,290580,288736,8756,297492,4493
2021-04-12,San Diego,073,3302833,274434,273431,14010,287441,3621
2021-04-12,San Francisco,075,870044,35787,35841,1208,37049,506
2021-04-12,San Joaquin,077,732212,70826,69968,3259,73227,1288
2021-04-12,San Luis Obispo,079,281455,20838,20515,641,21156,253
2021-04-12,San Mateo,081,765935,41340,40920,432,41352,353
2021-04-12,Santa Barbara,083,443738,33811,33606,1092,34698,444
2021-04-12,Santa Clara,085,1922200,115954,116252,673,116925,1923
2021-04-12,Santa Cruz,087,273765,15978,15406,788,16194,203
2021-04-12,Shasta,089,179085,11543,11509,1392,12901,189
2021-04-12,Sierra,091,2930,55,51,12,63,0
2021-04-12,Siskiyou,093,43540,1609,1511,269,1780,7
2021-04-12,Solano,095,438530,31442,31305,439,31744,238
2021-04-12,Sonoma,097,501317,29413,29500,292,29792,310
2021-04-12,Stanislaus,099,539301,54065,53722,5638,59360,707
2021-04-12,Sutter,101,95872,9205,9221,80,9301,106
2021-04-12,Tehama,103,63373,4876,4834,520,5354,52
2021-04-12,Trinity,105,12862,482,324,81,405,3
2021-04-12,Tulare,107,460477,49507,48495,8551,57046,824
2021-04-12,Tuolumne,109,53932,3942,3993,39,4032,57
2021-04-12,Ventura,111,848112,80364,79818,2879,82697,985
2021-04-12,Yolo,113,214977,13538,13510,177,13687,198
2021-04-12,Yuba,115,75493,5809,5773,115,5888,43
2021-04-11,Alameda,001,1643700,85094,84756,1809,86565,1238
2021-04-11,Alpine,003,1148,85,85,0,85,0
2021-04-11,Amador,005,37829,3612,3605,32,3637,46
2021-04-11,Butte,007,227075,11835,11487,1677,13164,193
2021-04-11,Calaveras,009,45235,2035,2036,11,2047,50
2021-04-11,Colusa,011,21464,1903,1904,277,2181,14
2021-04-11,Contra Costa,013,1133247,66850,66107,1151,67258,777
2021-04-11,Del Norte,015,27424,1255,1214,11,1225,6
2021-04-11,El Dorado,017,186661,9688,9575,661,10236,106
2021-04-11,Fresno,019,978130,100689,100230,8283,108513,1633
2021-04-11,Glenn,021,27897,2368,2348,532,2880,17
2021-04-11,Humboldt,023,135768,3551,3523,25,3548,35
2021-04-11,Imperial,025,180216,27966,27841,2580,30421,717
2021-04-11,Inyo,027,18085,1392,1390,10,1400,36
2021-04-11,Kern,029,883053,95904,94830,10333,105163,1283
2021-04-11,Kings,031,150075,22851,22618,1025,23643,241
2021-04-11,Lake,033,64148,3411,3377,9,3386,43
2021-04-11,Lassen,035,31185,5154,5147,103,5250,1
2021-04-11,Los Angeles,037,10098052,1194971,1185757,40072,1225829,23503
2021-04-11,Madera,039,155013,16315,16166,898,17064,231
2021-04-11,Marin,041,260295,13799,13741,224,13965,226
2021-04-11,Mariposa,043,17540,403,394,6,400,5
2021-04-11,Mendocino,045,87422,3785,3696,73,3769,46
2021-04-11,Merced,047,269075,30174,30249,992,31241,435
2021-04-11,Modoc,049,8938,362,352,119,471,3
2021-04-11,Mono,051,14174,1239,1250,16,1266,3
2021-04-11,Monterey,053,433212,42728,42547,1774,44321,346
2021-04-11,Napa,055,140530,9634,9592,32,9624,80
2021-04-11,Nevada,057,99092,4456,4394,182,4576,69
2021-04-11,Orange,059,3164182,252631,251233,10852,262085,4826
2021-04-11,Placer,061,380077,22128,21458,1337,22795,278
2021-04-11,Plumas,063,18699,675,666,10,676,4
2021-04-11,Riverside,065,2383286,290938,285269,13613,298882,4336
2021-04-11,Sacramento,067,1510023,100981,100296,1483,101779,1566
2021-04-11,San Benito,069,59416,5944,5941,106,6047,62
2021-04-11,San Bernardino,071,2135413,290473,288686,8750,297436,4492
2021-04-11,San Diego,073,3302833,274136,273287,13951,287238,3621
2021-04-11,San Francisco,075,870044,35751,35815,1205,37020,498
2021-04-11,San Joaquin,077,732212,70740,69939,3248,73187,1288
2021-04-11,San Luis Obispo,079,281455,20812,20501,638,21139,253
2021-04-11,San Mateo,081,765935,41282,40901,431,41332,353
2021-04-11,Santa Barbara,083,443738,33776,33591,1091,34682,444
2021-04-11,Santa Clara,085,1922200,115818,116161,670,116831,1923
2021-04-11,Santa Cruz,087,273765,15966,15382,788,16170,203
2021-04-11,Shasta,089,179085,11499,11504,1391,12895,189
2021-04-11,Sierra,091,2930,55,51,12,63,0
2021-04-11,Siskiyou,093,43540,1602,1509,266,1775,7
2021-04-11,Solano,095,438530,31389,31268,435,31703,238
2021-04-11,Sonoma,097,501317,29387,29496,288,29784,310
2021-04-11,Stanislaus,099,539301,53982,53683,5629,59312,707
2021-04-11,Sutter,101,95872,9196,9222,80,9302,106
2021-04-11,Tehama,103,63373,4873,4832,519,5351,52
2021-04-11,Trinity,105,12862,482,324,81,405,3
2021-04-11,Tulare,107,460477,49493,48479,8544,57023,824
2021-04-11,Tuolumne,109,53932,3940,3993,39,4032,57
2021-04-11,Ventura,111,848112,80316,79800,2874,82674,985
2021-04-11,Yolo,113,214977,13518,13496,175,13671,198
2021-04-11,Yuba,115,75493,5799,5768,115,5883,43
2021-04-10,Alameda,001,1643700,85030,84626,1809,86435,1238
2021-04-10,Alpine,003,1148,85,85,0,85,0
2021-04-10,Amador,005,37829,3610,3603,32,3635,46
2021-04-10,Butte,007,227075,11824,11482,1676,13158,193
2021-04-10,Calaveras,009,45235,2033,2032,11,2043,50
2021-04-10,Colusa,011,21464,1903,1902,277,2179,14
2021-04-10,Contra Costa,013,1133247,66789,66001,1148,67149,778
2021-04-10,Del Norte,015,27424,1252,1212,11,1223,6
2021-04-10,El Dorado,017,186661,9676,9549,658,10207,106
2021-04-10,Fresno,019,978130,100656,100135,8276,108411,1633
2021-04-10,Glenn,021,27897,2368,2343,532,2875,17
2021-04-10,Humboldt,023,135768,3541,3508,25,3533,35
2021-04-10,Imperial,025,180216,27952,27816,2580,30396,717
2021-04-10,Inyo,027,18085,1392,1387,10,1397,36
2021-04-10,Kern,029,883053,95890,94802,10327,105129,1284
2021-04-10,Kings,031,150075,22847,22614,1023,23637,241
2021-04-10,Lake,033,64148,3406,3368,9,3377,43
2021-04-10,Lassen,035,31185,5154,5146,102,5248,1
2021-04-10,Los Angeles,037,10098052,1194696,1185246,40055,1225301,23493
2021-04-10,Madera,039,155013,16307,16143,897,17040,231
2021-04-10,Marin,041,260295,13794,13731,224,13955,226
2021-04-10,Mariposa,043,17540,400,393,6,399,5
2021-04-10,Mendocino,045,87422,3783,3696,73,3769,46
2021-04-10,Merced,047,269075,30154,30225,991,31216,435
2021-04-10,Modoc,049,8938,362,352,119,471,3
2021-04-10,Mono,051,14174,1239,1249,16,1265,3
2021-04-10,Monterey,053,433212,42717,42527,1773,44300,346
2021-04-10,Napa,055,140530,9627,9569,32,9601,79
2021-04-10,Nevada,057,99092,4449,4379,182,4561,69
2021-04-10,Orange,059,3164182,252538,251139,10846,261985,4818
2021-04-10,Placer,061,380077,22097,21402,1331,22733,278
2021-04-10,Plumas,063,18699,675,666,10,676,4
2021-04-10,Riverside,065,2383286,290858,285082,13605,298687,4336
2021-04-10,Sacramento,067,1510023,100878,100048,1481,101529,1566
2021-04-10,San Benito,069,59416,5933,5932,105,6037,62
2021-04-10,San Bernardino,071,2135413,290409,288590,8743,297333,4489
2021-04-10,San Diego,073,3302833,273920,273058,13931,286989,3613
2021-04-10,San Francisco,075,870044,35721,35774,1202,36976,498
2021-04-10,San Joaquin,077,732212,70705,69852,3238,73090,1288
2021-04-10,San Luis Obispo,079,281455,20796,20461,637,21098,253
2021-04-10,San Mateo,081,765935,41249,40878,431,41309,350
2021-04-10,Santa Barbara,083,443738,33748,33541,1089,34630,444
2021-04-10,Santa Clara,085,1922200,115722,116015,669,116684,1923
2021-04-10,Santa Cruz,087,273765,15960,15360,788,16148,203
2021-04-10,Shasta,089,179085,11490,11492,1388,12880,189
2021-04-10,Sierra,091,2930,55,51,12,63,0
2021-04-10,Siskiyou,093,43540,1599,1512,266,1778,7
2021-04-10,Solano,095,438530,31355,31218,431,31649,238
2021-04-10,Sonoma,097,501317,29372,29469,288,29757,310
2021-04-10,Stanislaus,099,539301,53947,53596,5623,59219,707
2021-04-10,Sutter,101,95872,9194,9214,80,9294,106
2021-04-10,Tehama,103,63373,4871,4820,517,5337,52
2021-04-10,Trinity,105,12862,482,324,81,405,3
2021-04-10,Tulare,107,460477,49484,48470,8538,57008,824
2021-04-10,Tuolumne,109,53932,3937,3991,39,4030,57
2021-04-10,Ventura,111,848112,80288,79758,2872,82630,985
2021-04-10,Yolo,113,214977,13510,13494,174,13668,198
2021-04-10,Yuba,115,75493,5796,5757,114,5871,43
2021-04-09,Alameda,001,1643700,84963,84404,1801,86205,1237
2021-04-09,Alpine,003,1148,85,85,0,85,0
2021-04-09,Amador,005,37829,3609,3600,32,3632,46
2021-04-09,Butte,007,227075,11814,11454,1675,13129,193
2021-04-09,Calaveras,009,45235,2032,2028,11,2039,50
2021-04-09,Colusa,011,21464,1903,1898,277,2175,14
2021-04-09,Contra Costa,013,1133247,66696,65857,1142,66999,777
2021-04-09,Del Norte,015,27424,1251,1207,11,1218,6
2021-04-09,El Dorado,017,186661,9654,9528,654,10182,106
2021-04-09,Fresno,019,978130,100622,100027,8271,108298,1630
2021-04-09,Glenn,021,27897,2368,2337,532,2869,17
2021-04-09,Humboldt,023,135768,3532,3496,25,3521,35
2021-04-09,Imperial,025,180216,27937,27764,2578,30342,717
2021-04-09,Inyo,027,18085,1391,1386,10,1396,36
2021-04-09,Kern,029,883053,95852,94675,10325,105000,1282
2021-04-09,Kings,031,150075,22838,22595,1020,23615,242
2021-04-09,Lake,033,64148,3402,3362,9,3371,43
2021-04-09,Lassen,035,31185,5154,5140,102,5242,1
2021-04-09,Los Angeles,037,10098052,1194327,1184501,40027,1224528,23458
2021-04-09,Madera,039,155013,16304,16118,897,17015,231
2021-04-09,Marin,041,260295,13787,13721,224,13945,226
2021-04-09,Mariposa,043,17540,400,393,6,399,5
2021-04-09,Mendocino,045,87422,3781,3693,73,3766,46
2021-04-09,Merced,047,269075,30125,30179,990,31169,435
2021-04-09,Modoc,049,8938,361,352,119,471,3
2021-04-09,Mono,051,14174,1239,1247,16,1263,3
2021-04-09,Monterey,053,433212,42708,42481,1769,44250,344
2021-04-09,Napa,055,140530,9608,9574,32,9606,80
2021-04-09,Nevada,057,99092,4441,4373,182,4555,69
2021-04-09,Orange,059,3164182,252464,250852,10841,261693,4813
2021-04-09,Placer,061,380077,22066,21327,1323,22650,278
2021-04-09,Plumas,063,18699,674,666,10,676,4
2021-04-09,Riverside,065,2383286,290775,284562,13599,298161,4325
2021-04-09,Sacramento,067,1510023,100723,99722,1475,101197,1564
2021-04-09,San Benito,069,59416,5928,5925,104,6029,62
2021-04-09,San Bernardino,071,2135413,290340,288000,8740,296740,4467
2021-04-09,San Diego,073,3302833,273722,272697,13889,286586,3600
2021-04-09,San Francisco,075,870044,35680,35716,1197,36913,497
2021-04-09,San Joaquin,077,732212,70641,69675,3226,72901,1281
2021-04-09,San Luis Obispo,079,281455,20781,20427,637,21064,252
2021-04-09,San Mateo,081,765935,41213,40800,430,41230,350
2021-04-09,Santa Barbara,083,443738,33725,33424,1086,34510,444
2021-04-09,Santa Clara,085,1922200,115638,115749,667,116416,1923
2021-04-09,Santa Cruz,087,273765,15955,15331,788,16119,203
2021-04-09,Shasta,089,179085,11480,11478,1385,12863,188
2021-04-09,Sierra,091,2930,55,51,12,63,0
2021-04-09,Siskiyou,093,43540,1596,1510,265,1775,7
2021-04-09,Solano,095,438530,31322,31166,426,31592,238
2021-04-09,Sonoma,097,501317,29359,29433,288,29721,310
2021-04-09,Stanislaus,099,539301,53892,53504,5614,59118,705
2021-04-09,Sutter,101,95872,9187,9201,80,9281,106
2021-04-09,Tehama,103,63373,4865,4806,517,5323,52
2021-04-09,Trinity,105,12862,481,324,81,405,3
2021-04-09,Tulare,107,460477,49480,48430,8532,56962,824
2021-04-09,Tuolumne,109,53932,3936,3986,39,4025,57
2021-04-09,Ventura,111,848112,80260,79698,2872,82570,987
2021-04-09,Yolo,113,214977,13498,13478,172,13650,198
2021-04-09,Yuba,115,75493,5789,5754,114,5868,43
2021-04-08,Alameda,001,1643700,84857,84213,1798,86011,1232
2021-04-08,Alpine,003,1148,85,85,0,85,0
2021-04-08,Amador,005,37829,3605,3595,32,3627,46
2021-04-08,Butte,007,227075,11803,11414,1674,13088,193
2021-04-08,Calaveras,009,45235,2030,2027,11,2038,50
2021-04-08,Colusa,011,21464,1902,1897,277,2174,14
2021-04-08,Contra Costa,013,1133247,66586,65706,1139,66845,775
2021-04-08,Del Norte,015,27424,1245,1201,11,1212,6
2021-04-08,El Dorado,017,186661,9638,9513,649,10162,106
2021-04-08,Fresno,019,978130,100559,99935,8264,108199,1627
2021-04-08,Glenn,021,27897,2367,2337,532,2869,17
2021-04-08,Humboldt,023,135768,3522,3486,25,3511,35
2021-04-08,Imperial,025,180216,27909,27744,2575,30319,713
2021-04-08,Inyo,027,18085,1390,1386,10,1396,36
2021-04-08,Kern,029,883053,95806,94493,10312,104805,1281
2021-04-08,Kings,031,150075,22831,22589,1018,23607,243
2021-04-08,Lake,033,64148,3395,3360,9,3369,43
2021-04-08,Lassen,035,31185,5153,5136,102,5238,1
2021-04-08,Los Angeles,037,10098052,1193828,1184443,39989,1224432,23416
2021-04-08,Madera,039,155013,16292,16103,897,17000,231
2021-04-08,Marin,041,260295,13780,13704,224,13928,226
2021-04-08,Mariposa,043,17540,399,393,6,399,5
2021-04-08,Mendocino,045,87422,3779,3690,73,3763,45
2021-04-08,Merced,047,269075,30103,30163,990,31153,430
2021-04-08,Modoc,049,8938,361,352,119,471,3
2021-04-08,Mono,051,14174,1237,1247,16,1263,3
2021-04-08,Monterey,053,433212,42686,42437,1764,44201,342
2021-04-08,Napa,055,140530,9591,9569,32,9601,80
2021-04-08,Nevada,057,99092,4430,4367,182,4549,69
2021-04-08,Orange,059,3164182,252354,250529,10826,261355,4797
2021-04-08,Placer,061,380077,22024,21258,1314,22572,277
2021-04-08,Plumas,063,18699,674,665,10,675,4
2021-04-08,Riverside,065,2383286,290661,283853,13594,297447,4296
2021-04-08,Sacramento,067,1510023,100583,99319,1464,100783,1561
2021-04-08,San Benito,069,59416,5925,5914,102,6016,62
2021-04-08,San Bernardino,071,2135413,290243,287190,8737,295927,4445
2021-04-08,San Diego,073,3302833,273492,272495,13853,286348,3592
2021-04-08,San Francisco,075,870044,35657,35657,1196,36853,494
2021-04-08,San Joaquin,077,732212,70569,69479,3220,72699,1279
2021-04-08,San Luis Obispo,079,281455,20762,20402,635,21037,252
2021-04-08,San Mateo,081,765935,41173,40749,430,41179,350
2021-04-08,Santa Barbara,083,443738,33701,33309,1085,34394,444
2021-04-08,Santa Clara,085,1922200,115532,115487,666,116153,1905
2021-04-08,Santa Cruz,087,273765,15948,15296,788,16084,203
2021-04-08,Shasta,089,179085,11470,11466,1381,12847,186
2021-04-08,Sierra,091,2930,55,51,12,63,0
2021-04-08,Siskiyou,093,43540,1593,1511,265,1776,7
2021-04-08,Solano,095,438530,31273,31120,426,31546,238
2021-04-08,Sonoma,097,501317,29339,29410,287,29697,310
2021-04-08,Stanislaus,099,539301,53814,53401,5604,59005,706
2021-04-08,Sutter,101,95872,9183,9195,80,9275,106
2021-04-08,Tehama,103,63373,4861,4802,517,5319,52
2021-04-08,Trinity,105,12862,481,324,81,405,3
2021-04-08,Tulare,107,460477,49467,48409,8522,56931,821
2021-04-08,Tuolumne,109,53932,3936,3986,39,4025,57
2021-04-08,Ventura,111,848112,80223,79626,2868,82494,986
2021-04-08,Yolo,113,214977,13489,13468,171,13639,198
2021-04-08,Yuba,115,75493,5785,5743,114,5857,43
2021-04-07,Alameda,001,1643700,84773,84130,1796,85926,1224
2021-04-07,Alpine,003,1148,85,85,0,85,0
2021-04-07,Amador,005,37829,3602,3590,32,3622,46
2021-04-07,Butte,007,227075,11799,11405,1671,13076,193
2021-04-07,Calaveras,009,45235,2029,2022,11,2033,50
2021-04-07,Colusa,011,21464,1898,1894,276,2170,14
2021-04-07,Contra Costa,013,1133247,66500,65619,1138,66757,775
2021-04-07,Del Norte,015,27424,1243,1198,11,1209,6
2021-04-07,El Dorado,017,186661,9617,9500,643,10143,106
2021-04-07,Fresno,019,978130,100494,99865,8253,108118,1627
2021-04-07,Glenn,021,27897,2365,2337,531,2868,17
2021-04-07,Humboldt,023,135768,3509,3484,25,3509,35
2021-04-07,Imperial,025,180216,27885,27704,2569,30273,713
2021-04-07,Inyo,027,18085,1389,1386,10,1396,36
2021-04-07,Kern,029,883053,95770,94456,10297,104753,1275
2021-04-07,Kings,031,150075,22829,22589,1018,23607,243
2021-04-07,Lake,033,64148,3393,3358,9,3367,43
2021-04-07,Lassen,035,31185,5153,5137,102,5239,1
2021-04-07,Los Angeles,037,10098052,1193387,1183862,39969,1223831,23372
2021-04-07,Madera,039,155013,16273,16090,896,16986,231
2021-04-07,Marin,041,260295,13769,13688,223,13911,225
2021-04-07,Mariposa,043,17540,398,391,6,397,5
2021-04-07,Mendocino,045,87422,3778,3691,73,3764,45
2021-04-07,Merced,047,269075,30080,30132,986,31118,430
2021-04-07,Modoc,049,8938,361,351,119,470,3
2021-04-07,Mono,051,14174,1237,1246,16,1262,3
2021-04-07,Monterey,053,433212,42668,42427,1763,44190,341
2021-04-07,Napa,055,140530,9577,9556,32,9588,80
2021-04-07,Nevada,057,99092,4424,4364,182,4546,69
2021-04-07,Orange,059,3164182,252229,250378,10804,261182,4778
2021-04-07,Placer,061,380077,21980,21227,1306,22533,276
2021-04-07,Plumas,063,18699,674,665,10,675,4
2021-04-07,Riverside,065,2383286,290541,283749,13584,297333,4285
2021-04-07,Sacramento,067,1510023,100415,99202,1458,100660,1544
2021-04-07,San Benito,069,59416,5920,5912,101,6013,62
2021-04-07,San Bernardino,071,2135413,290124,286978,8732,295710,4433
2021-04-07,San Diego,073,3302833,273266,272195,13824,286019,3588
2021-04-07,San Francisco,075,870044,35617,35618,1192,36810,493
2021-04-07,San Joaquin,077,732212,70499,69375,3215,72590,1278
2021-04-07,San Luis Obispo,079,281455,20736,20373,632,21005,252
2021-04-07,San Mateo,081,765935,41129,40693,430,41123,350
2021-04-07,Santa Barbara,083,443738,33675,33289,1082,34371,444
2021-04-07,Santa Clara,085,1922200,115400,115311,664,115975,1900
2021-04-07,Santa Cruz,087,273765,15937,15275,788,16063,203
2021-04-07,Shasta,089,179085,11458,11456,1377,12833,184
2021-04-07,Sierra,091,2930,55,51,12,63,0
2021-04-07,Siskiyou,093,43540,1587,1512,264,1776,7
2021-04-07,Solano,095,438530,31222,31097,425,31522,238
2021-04-07,Sonoma,097,501317,29321,29394,286,29680,310
2021-04-07,Stanislaus,099,539301,53746,53344,5594,58938,686
2021-04-07,Sutter,101,95872,9180,9188,80,9268,106
2021-04-07,Tehama,103,63373,4853,4802,515,5317,52
2021-04-07,Trinity,105,12862,481,322,81,403,3
2021-04-07,Tulare,107,460477,49452,48386,8512,56898,820
2021-04-07,Tuolumne,109,53932,3934,3982,39,4021,57
2021-04-07,Ventura,111,848112,80189,79595,2866,82461,986
2021-04-07,Yolo,113,214977,13474,13450,169,13619,198
2021-04-07,Yuba,115,75493,5781,5737,114,5851,43
2021-04-06,Alameda,001,1643700,84660,84091,1793,85884,1223
2021-04-06,Alpine,003,1148,85,85,0,85,0
2021-04-06,Amador,005,37829,3601,3587,32,3619,45
2021-04-06,Butte,007,227075,11784,11396,1669,13065,193
2021-04-06,Calaveras,009,45235,2025,2021,11,2032,50
2021-04-06,Colusa,011,21464,1896,1894,274,2168,14
2021-04-06,Contra Costa,013,1133247,66422,65575,1137,66712,774
2021-04-06,Del Norte,015,27424,1238,1197,11,1208,6
2021-04-06,El Dorado,017,186661,9587,9489,641,10130,106
2021-04-06,Fresno,019,978130,100430,99814,8247,108061,1626
2021-04-06,Glenn,021,27897,2364,2335,530,2865,17
2021-04-06,Humboldt,023,135768,3500,3477,25,3502,35
2021-04-06,Imperial,025,180216,27851,27661,2560,30221,713
2021-04-06,Inyo,027,18085,1389,1379,10,1389,36
2021-04-06,Kern,029,883053,95726,94422,10291,104713,1259
2021-04-06,Kings,031,150075,22823,22587,1018,23605,240
2021-04-06,Lake,033,64148,3390,3358,9,3367,43
2021-04-06,Lassen,035,31185,5151,5137,102,5239,1
2021-04-06,Los Angeles,037,10098052,1192876,1183499,39930,1223429,23323
2021-04-06,Madera,039,155013,16253,16085,891,16976,230
2021-04-06,Marin,041,260295,13760,13675,219,13894,224
2021-04-06,Mariposa,043,17540,398,390,6,396,5
2021-04-06,Mendocino,045,87422,3776,3686,73,3759,45
2021-04-06,Merced,047,269075,30051,30100,981,31081,430
2021-04-06,Modoc,049,8938,360,351,119,470,3
2021-04-06,Mono,051,14174,1237,1246,16,1262,3
2021-04-06,Monterey,053,433212,42659,42412,1762,44174,341
2021-04-06,Napa,055,140530,9558,9509,32,9541,78
2021-04-06,Nevada,057,99092,4414,4356,180,4536,69
2021-04-06,Orange,059,3164182,252120,250304,10791,261095,4771
2021-04-06,Placer,061,380077,21932,21184,1304,22488,276
2021-04-06,Plumas,063,18699,674,665,10,675,4
2021-04-06,Riverside,065,2383286,290360,283622,13573,297195,4264
2021-04-06,Sacramento,067,1510023,100207,99110,1452,100562,1537
2021-04-06,San Benito,069,59416,5911,5907,101,6008,62
2021-04-06,San Bernardino,071,2135413,290011,286792,8722,295514,4428
2021-04-06,San Diego,073,3302833,273004,271867,13796,285663,3585
2021-04-06,San Francisco,075,870044,35574,35572,1192,36764,488
2021-04-06,San Joaquin,077,732212,70416,69316,3203,72519,1278
2021-04-06,San Luis Obispo,079,281455,20714,20350,629,20979,252
2021-04-06,San Mateo,081,765935,41081,40649,429,41078,350
2021-04-06,Santa Barbara,083,443738,33657,33257,1081,34338,443
2021-04-06,Santa Clara,085,1922200,115229,115184,663,115847,1900
2021-04-06,Santa Cruz,087,273765,15927,15252,788,16040,203
2021-04-06,Shasta,089,179085,11437,11443,1375,12818,184
2021-04-06,Sierra,091,2930,55,51,12,63,0
2021-04-06,Siskiyou,093,43540,1583,1510,263,1773,7
2021-04-06,Solano,095,438530,31175,31078,424,31502,237
2021-04-06,Sonoma,097,501317,29296,29386,284,29670,311
2021-04-06,Stanislaus,099,539301,53689,53304,5588,58892,686
2021-04-06,Sutter,101,95872,9170,9179,80,9259,106
2021-04-06,Tehama,103,63373,4844,4798,515,5313,52
2021-04-06,Trinity,105,12862,481,321,81,402,3
2021-04-06,Tulare,107,460477,49409,48372,8508,56880,819
2021-04-06,Tuolumne,109,53932,3934,3981,39,4020,57
2021-04-06,Ventura,111,848112,80152,79556,2864,82420,983
2021-04-06,Yolo,113,214977,13461,13443,168,13611,198
2021-04-06,Yuba,115,75493,5777,5733,113,5846,43
2021-04-05,Alameda,001,1643700,84544,84007,1789,85796,1219
2021-04-05,Alpine,003,1148,85,85,0,85,0
2021-04-05,Amador,005,37829,3598,3584,32,3616,45
2021-04-05,Butte,007,227075,11769,11384,1669,13053,193
2021-04-05,Calaveras,009,45235,2023,2019,11,2030,50
2021-04-05,Colusa,011,21464,1896,1894,273,2167,14
2021-04-05,Contra Costa,013,1133247,66356,65457,1135,66592,774
2021-04-05,Del Norte,015,27424,1236,1189,11,1200,6
2021-04-05,El Dorado,017,186661,9572,9463,641,10104,106
2021-04-05,Fresno,019,978130,100342,99755,8239,107994,1622
2021-04-05,Glenn,021,27897,2363,2335,530,2865,17
2021-04-05,Humboldt,023,135768,3491,3475,25,3500,35
2021-04-05,Imperial,025,180216,27819,27604,2555,30159,710
2021-04-05,Inyo,027,18085,1386,1377,10,1387,36
2021-04-05,Kern,029,883053,95671,94401,10266,104667,1249
2021-04-05,Kings,031,150075,22819,22580,1018,23598,239
2021-04-05,Lake,033,64148,3382,3359,9,3368,43
2021-04-05,Lassen,035,31185,5151,5138,101,5239,1
2021-04-05,Los Angeles,037,10098052,1192342,1183200,39880,1223080,23302
2021-04-05,Madera,039,155013,16239,16065,890,16955,230
2021-04-05,Marin,041,260295,13746,13666,215,13881,221
2021-04-05,Mariposa,043,17540,398,390,6,396,5
2021-04-05,Mendocino,045,87422,3774,3687,73,3760,45
2021-04-05,Merced,047,269075,30025,30068,979,31047,427
2021-04-05,Modoc,049,8938,358,346,119,465,3
2021-04-05,Mono,051,14174,1237,1246,16,1262,3
2021-04-05,Monterey,053,433212,42646,42396,1758,44154,341
2021-04-05,Napa,055,140530,9535,9492,32,9524,78
2021-04-05,Nevada,057,99092,4403,4346,180,4526,69
2021-04-05,Orange,059,3164182,252005,250177,10767,260944,4759
2021-04-05,Placer,061,380077,21886,21133,1297,22430,276
2021-04-05,Plumas,063,18699,674,666,10,676,4
2021-04-05,Riverside,065,2383286,290223,283549,13561,297110,4237
2021-04-05,Sacramento,067,1510023,100045,98908,1444,100352,1533
2021-04-05,San Benito,069,59416,5905,5904,101,6005,61
2021-04-05,San Bernardino,071,2135413,289901,286597,8719,295316,4425
2021-04-05,San Diego,073,3302833,272755,271655,13755,285410,3583
2021-04-05,San Francisco,075,870044,35543,35538,1192,36730,488
2021-04-05,San Joaquin,077,732212,70327,69214,3194,72408,1268
2021-04-05,San Luis Obispo,079,281455,20677,20333,629,20962,252
2021-04-05,San Mateo,081,765935,41037,40609,428,41037,350
2021-04-05,Santa Barbara,083,443738,33622,33235,1081,34316,443
2021-04-05,Santa Clara,085,1922200,115062,115091,660,115751,1893
2021-04-05,Santa Cruz,087,273765,15920,15228,788,16016,201
2021-04-05,Shasta,089,179085,11416,11435,1372,12807,184
2021-04-05,Sierra,091,2930,55,50,12,62,0
2021-04-05,Siskiyou,093,43540,1580,1509,261,1770,7
2021-04-05,Solano,095,438530,31134,31026,422,31448,237
2021-04-05,Sonoma,097,501317,29264,29361,282,29643,311
2021-04-05,Stanislaus,099,539301,53609,53238,5585,58823,686
2021-04-05,Sutter,101,95872,9163,9169,80,9249,106
2021-04-05,Tehama,103,63373,4838,4794,515,5309,52
2021-04-05,Trinity,105,12862,480,321,81,402,3
2021-04-05,Tulare,107,460477,49397,48356,8501,56857,818
2021-04-05,Tuolumne,109,53932,3933,3980,39,4019,57
2021-04-05,Ventura,111,848112,80121,79549,2861,82410,983
2021-04-05,Yolo,113,214977,13447,13427,167,13594,198
2021-04-05,Yuba,115,75493,5772,5728,112,5840,43
2021-04-04,Alameda,001,1643700,84426,83951,1785,85736,1219
2021-04-04,Alpine,003,1148,85,85,0,85,0
2021-04-04,Amador,005,37829,3592,3582,32,3614,45
2021-04-04,Butte,007,227075,11754,11375,1668,13043,193
2021-04-04,Calaveras,009,45235,2019,2020,11,2031,50
2021-04-04,Colusa,011,21464,1895,1893,273,2166,14
2021-04-04,Contra Costa,013,1133247,66250,65408,1130,66538,774
2021-04-04,Del Norte,015,27424,1228,1186,11,1197,6
2021-04-04,El Dorado,017,186661,9553,9455,638,10093,106
2021-04-04,Fresno,019,978130,100268,99702,8227,107929,1622
2021-04-04,Glenn,021,27897,2360,2335,529,2864,17
2021-04-04,Humboldt,023,135768,3480,3472,25,3497,35
2021-04-04,Imperial,025,180216,27763,27588,2553,30141,710
2021-04-04,Inyo,027,18085,1382,1377,10,1387,36
2021-04-04,Kern,029,883053,95627,94388,10245,104633,1247
2021-04-04,Kings,031,150075,22817,22580,1017,23597,239
2021-04-04,Lake,033,64148,3376,3355,8,3363,43
2021-04-04,Lassen,035,31185,5149,5138,101,5239,1
2021-04-04,Los Angeles,037,10098052,1191798,1182872,39836,1222708,23301
2021-04-04,Madera,039,155013,16213,16052,886,16938,230
2021-04-04,Marin,041,260295,13733,13663,214,13877,221
2021-04-04,Mariposa,043,17540,398,390,6,396,5
2021-04-04,Mendocino,045,87422,3771,3684,73,3757,45
2021-04-04,Merced,047,269075,29982,30048,976,31024,427
2021-04-04,Modoc,049,8938,358,346,119,465,3
2021-04-04,Mono,051,14174,1236,1245,16,1261,3
2021-04-04,Monterey,053,433212,42629,42391,1757,44148,341
2021-04-04,Napa,055,140530,9523,9486,32,9518,78
2021-04-04,Nevada,057,99092,4391,4337,180,4517,69
2021-04-04,Orange,059,3164182,251871,250117,10751,260868,4759
2021-04-04,Placer,061,380077,21839,21104,1279,22383,276
2021-04-04,Plumas,063,18699,674,666,10,676,4
2021-04-04,Riverside,065,2383286,290097,283537,13557,297094,4237
2021-04-04,Sacramento,067,1510023,99846,98821,1435,100256,1531
2021-04-04,San Benito,069,59416,5895,5901,97,5998,61
2021-04-04,San Bernardino,071,2135413,289761,286561,8711,295272,4423
2021-04-04,San Diego,073,3302833,272443,271528,13714,285242,3583
2021-04-04,San Francisco,075,870044,35489,35525,1189,36714,488
2021-04-04,San Joaquin,077,732212,70226,69147,3182,72329,1268
2021-04-04,San Luis Obispo,079,281455,20645,20328,621,20949,252
2021-04-04,San Mateo,081,765935,40994,40587,426,41013,350
2021-04-04,Santa Barbara,083,443738,33586,33213,1081,34294,443
2021-04-04,Santa Clara,085,1922200,114896,114976,653,115629,1893
2021-04-04,Santa Cruz,087,273765,15911,15219,788,16007,201
2021-04-04,Shasta,089,179085,11390,11433,1371,12804,184
2021-04-04,Sierra,091,2930,55,50,12,62,0
2021-04-04,Siskiyou,093,43540,1577,1509,257,1766,7
2021-04-04,Solano,095,438530,31087,31002,420,31422,237
2021-04-04,Sonoma,097,501317,29232,29340,280,29620,311
2021-04-04,Stanislaus,099,539301,53516,53181,5577,58758,686
2021-04-04,Sutter,101,95872,9156,9164,80,9244,106
2021-04-04,Tehama,103,63373,4826,4792,514,5306,52
2021-04-04,Trinity,105,12862,478,321,81,402,3
2021-04-04,Tulare,107,460477,49383,48343,8493,56836,818
2021-04-04,Tuolumne,109,53932,3925,3980,39,4019,57
2021-04-04,Ventura,111,848112,80078,79526,2859,82385,983
2021-04-04,Yolo,113,214977,13426,13425,166,13591,198
2021-04-04,Yuba,115,75493,5765,5722,112,5834,43
2021-04-03,Alameda,001,1643700,84359,83861,1783,85644,1218
2021-04-03,Alpine,003,1148,85,85,0,85,0
2021-04-03,Amador,005,37829,3589,3577,32,3609,45
2021-04-03,Butte,007,227075,11750,11359,1664,13023,193
2021-04-03,Calaveras,009,45235,2017,2019,11,2030,50
2021-04-03,Colusa,011,21464,1895,1891,273,2164,14
2021-04-03,Contra Costa,013,1133247,66178,65338,1130,66468,774
2021-04-03,Del Norte,015,27424,1223,1183,11,1194,6
2021-04-03,El Dorado,017,186661,9544,9448,637,10085,106
2021-04-03,Fresno,019,978130,100211,99602,8221,107823,1622
2021-04-03,Glenn,021,27897,2359,2334,528,2862,17
2021-04-03,Humboldt,023,135768,3478,3467,25,3492,35
2021-04-03,Imperial,025,180216,27747,27572,2550,30122,710
2021-04-03,Inyo,027,18085,1381,1376,10,1386,36
2021-04-03,Kern,029,883053,95601,94369,10229,104598,1243
2021-04-03,Kings,031,150075,22815,22580,1017,23597,239
2021-04-03,Lake,033,64148,3375,3350,8,3358,43
2021-04-03,Lassen,035,31185,5148,5136,101,5237,1
2021-04-03,Los Angeles,037,10098052,1191491,1182402,39819,1222221,23301
2021-04-03,Madera,039,155013,16204,16051,884,16935,230
2021-04-03,Marin,041,260295,13725,13658,213,13871,221
2021-04-03,Mariposa,043,17540,398,390,5,395,5
2021-04-03,Mendocino,045,87422,3770,3684,73,3757,45
2021-04-03,Merced,047,269075,29967,30031,976,31007,427
2021-04-03,Modoc,049,8938,358,346,119,465,3
2021-04-03,Mono,051,14174,1236,1245,16,1261,3
2021-04-03,Monterey,053,433212,42616,42376,1755,44131,341
2021-04-03,Napa,055,140530,9514,9473,32,9505,78
2021-04-03,Nevada,057,99092,4387,4323,180,4503,69
2021-04-03,Orange,059,3164182,251791,249982,10733,260715,4755
2021-04-03,Placer,061,380077,21808,21060,1275,22335,276
2021-04-03,Plumas,063,18699,674,666,10,676,4
2021-04-03,Riverside,065,2383286,290019,283423,13554,296977,4237
2021-04-03,Sacramento,067,1510023,99738,98660,1429,100089,1531
2021-04-03,San Benito,069,59416,5892,5893,96,5989,61
2021-04-03,San Bernardino,071,2135413,289696,286473,8705,295178,4422
2021-04-03,San Diego,073,3302833,272274,271335,13697,285032,3571
2021-04-03,San Francisco,075,870044,35470,35488,1187,36675,489
2021-04-03,San Joaquin,077,732212,70185,69100,3166,72266,1268
2021-04-03,San Luis Obispo,079,281455,20626,20301,621,20922,252
2021-04-03,San Mateo,081,765935,40969,40560,426,40986,350
2021-04-03,Santa Barbara,083,443738,33560,33172,1080,34252,443
2021-04-03,Santa Clara,085,1922200,114788,114865,651,115516,1893
2021-04-03,Santa Cruz,087,273765,15904,15205,788,15993,201
2021-04-03,Shasta,089,179085,11382,11418,1371,12789,184
2021-04-03,Sierra,091,2930,55,50,12,62,0
2021-04-03,Siskiyou,093,43540,1576,1509,257,1766,7
2021-04-03,Solano,095,438530,31066,30970,417,31387,237
2021-04-03,Sonoma,097,501317,29216,29315,279,29594,311
2021-04-03,Stanislaus,099,539301,53481,53137,5571,58708,686
2021-04-03,Sutter,101,95872,9150,9158,80,9238,106
2021-04-03,Tehama,103,63373,4818,4788,514,5302,52
2021-04-03,Trinity,105,12862,478,321,81,402,3
2021-04-03,Tulare,107,460477,49373,48327,8489,56816,818
2021-04-03,Tuolumne,109,53932,3925,3980,39,4019,57
2021-04-03,Ventura,111,848112,80057,79489,2857,82346,983
2021-04-03,Yolo,113,214977,13420,13414,166,13580,198
2021-04-03,Yuba,115,75493,5759,5716,112,5828,43
2021-04-02,Alameda,001,1643700,84286,83776,1780,85556,1217
2021-04-02,Alpine,003,1148,85,85,0,85,0
2021-04-02,Amador,005,37829,3585,3573,31,3604,45
2021-04-02,Butte,007,227075,11742,11350,1664,13014,193
2021-04-02,Calaveras,009,45235,2015,2010,11,2021,50
2021-04-02,Colusa,011,21464,1895,1891,273,2164,14
2021-04-02,Contra Costa,013,1133247,66114,65299,1129,66428,774
2021-04-02,Del Norte,015,27424,1220,1174,11,1185,6
2021-04-02,El Dorado,017,186661,9531,9437,634,10071,106
2021-04-02,Fresno,019,978130,100157,99551,8210,107761,1620
2021-04-02,Glenn,021,27897,2359,2331,528,2859,17
2021-04-02,Humboldt,023,135768,3474,3465,25,3490,35
2021-04-02,Imperial,025,180216,27735,27553,2544,30097,710
2021-04-02,Inyo,027,18085,1381,1377,10,1387,36
2021-04-02,Kern,029,883053,95583,94348,10226,104574,1233
2021-04-02,Kings,031,150075,22815,22571,1014,23585,239
2021-04-02,Lake,033,64148,3373,3348,8,3356,43
2021-04-02,Lassen,035,31185,5148,5134,101,5235,1
2021-04-02,Los Angeles,037,10098052,1191180,1181682,39797,1221479,23264
2021-04-02,Madera,039,155013,16195,16036,883,16919,230
2021-04-02,Marin,041,260295,13717,13649,213,13862,221
2021-04-02,Mariposa,043,17540,396,390,5,395,5
2021-04-02,Mendocino,045,87422,3767,3682,73,3755,45
2021-04-02,Merced,047,269075,29942,29998,976,30974,426
2021-04-02,Modoc,049,8938,355,346,119,465,3
2021-04-02,Mono,051,14174,1236,1246,16,1262,3
2021-04-02,Monterey,053,433212,42606,42359,1752,44111,341
2021-04-02,Napa,055,140530,9499,9453,32,9485,78
2021-04-02,Nevada,057,99092,4383,4323,180,4503,69
2021-04-02,Orange,059,3164182,251695,249891,10721,260612,4748
2021-04-02,Placer,061,380077,21772,21035,1269,22304,275
2021-04-02,Plumas,063,18699,674,666,10,676,4
2021-04-02,Riverside,065,2383286,289933,283328,13545,296873,4213
2021-04-02,Sacramento,067,1510023,99631,98648,1422,100070,1527
2021-04-02,San Benito,069,59416,5890,5888,94,5982,61
2021-04-02,San Bernardino,071,2135413,289623,286308,8701,295009,4417
2021-04-02,San Diego,073,3302833,272087,271036,13671,284707,3568
2021-04-02,San Francisco,075,870044,35435,35451,1185,36636,488
2021-04-02,San Joaquin,077,732212,70120,68996,3151,72147,1268
2021-04-02,San Luis Obispo,079,281455,20609,20271,620,20891,252
2021-04-02,San Mateo,081,765935,40927,40514,426,40940,350
2021-04-02,Santa Barbara,083,443738,33532,33145,1080,34225,443
2021-04-02,Santa Clara,085,1922200,114677,114777,649,115426,1882
2021-04-02,Santa Cruz,087,273765,15896,15216,788,16004,202
2021-04-02,Shasta,089,179085,11377,11377,1364,12741,181
2021-04-02,Sierra,091,2930,55,50,12,62,0
2021-04-02,Siskiyou,093,43540,1576,1508,256,1764,7
2021-04-02,Solano,095,438530,31037,30951,414,31365,237
2021-04-02,Sonoma,097,501317,29195,29288,278,29566,311
2021-04-02,Stanislaus,099,539301,53436,53073,5565,58638,687
2021-04-02,Sutter,101,95872,9142,9131,80,9211,106
2021-04-02,Tehama,103,63373,4811,4775,513,5288,52
2021-04-02,Trinity,105,12862,478,320,81,401,3
2021-04-02,Tulare,107,460477,49367,48306,8483,56789,818
2021-04-02,Tuolumne,109,53932,3922,3980,39,4019,57
2021-04-02,Ventura,111,848112,80030,79434,2855,82289,982
2021-04-02,Yolo,113,214977,13410,13381,166,13547,197
2021-04-02,Yuba,115,75493,5755,5709,112,5821,44
2021-04-01,Alameda,001,1643700,84207,83574,1775,85349,1216
2021-04-01,Alpine,003,1148,85,85,0,85,0
2021-04-01,Amador,005,37829,3581,3558,31,3589,45
2021-04-01,Butte,007,227075,11724,11328,1662,12990,193
2021-04-01,Calaveras,009,45235,2012,2006,11,2017,50
2021-04-01,Colusa,011,21464,1892,1890,273,2163,14
2021-04-01,Contra Costa,013,1133247,66054,65176,1127,66303,771
2021-04-01,Del Norte,015,27424,1215,1138,11,1149,6
2021-04-01,El Dorado,017,186661,9522,9393,630,10023,106
2021-04-01,Fresno,019,978130,100104,99317,8202,107519,1616
2021-04-01,Glenn,021,27897,2359,2322,527,2849,17
2021-04-01,Humboldt,023,135768,3470,3464,25,3489,35
2021-04-01,Imperial,025,180216,27705,27520,2539,30059,710
2021-04-01,Inyo,027,18085,1380,1374,10,1384,36
2021-04-01,Kern,029,883053,95547,94244,10214,104458,1233
2021-04-01,Kings,031,150075,22808,22560,1013,23573,239
2021-04-01,Lake,033,64148,3368,3337,8,3345,43
2021-04-01,Lassen,035,31185,5147,5132,101,5233,1
2021-04-01,Los Angeles,037,10098052,1190686,1181101,39768,1220869,23220
2021-04-01,Madera,039,155013,16179,16023,883,16906,230
2021-04-01,Marin,041,260295,13707,13635,213,13848,221
2021-04-01,Mariposa,043,17540,394,389,5,394,5
2021-04-01,Mendocino,045,87422,3767,3680,73,3753,45
2021-04-01,Merced,047,269075,29909,29820,976,30796,425
2021-04-01,Modoc,049,8938,354,346,119,465,3
2021-04-01,Mono,051,14174,1236,1245,16,1261,3
2021-04-01,Monterey,053,433212,42598,42324,1750,44074,339
2021-04-01,Napa,055,140530,9487,9410,32,9442,78
2021-04-01,Nevada,057,99092,4373,4288,179,4467,68
2021-04-01,Orange,059,3164182,251575,249617,10704,260321,4742
2021-04-01,Placer,061,380077,21733,20909,1257,22166,274
2021-04-01,Plumas,063,18699,674,664,10,674,4
2021-04-01,Riverside,065,2383286,289828,283128,13542,296670,4193
2021-04-01,Sacramento,067,1510023,99487,97952,1409,99361,1521
2021-04-01,San Benito,069,59416,5882,5878,93,5971,61
2021-04-01,San Bernardino,071,2135413,289507,286086,8692,294778,4404
2021-04-01,San Diego,073,3302833,271864,270540,13641,284181,3555
2021-04-01,San Francisco,075,870044,35414,35386,1182,36568,488
2021-04-01,San Joaquin,077,732212,70038,68802,3143,71945,1262
2021-04-01,San Luis Obispo,079,281455,20580,20235,619,20854,252
2021-04-01,San Mateo,081,765935,40886,40454,426,40880,350
2021-04-01,Santa Barbara,083,443738,33485,33096,1075,34171,443
2021-04-01,Santa Clara,085,1922200,114564,114606,648,115254,1874
2021-04-01,Santa Cruz,087,273765,15881,15271,788,16059,202
2021-04-01,Shasta,089,179085,11362,11355,1359,12714,181
2021-04-01,Sierra,091,2930,55,50,12,62,0
2021-04-01,Siskiyou,093,43540,1574,1507,255,1762,7
2021-04-01,Solano,095,438530,31004,30850,411,31261,237
2021-04-01,Sonoma,097,501317,29164,29241,271,29512,311
2021-04-01,Stanislaus,099,539301,53373,52825,5559,58384,687
2021-04-01,Sutter,101,95872,9130,9105,80,9185,106
2021-04-01,Tehama,103,63373,4805,4764,510,5274,52
2021-04-01,Trinity,105,12862,478,319,81,400,3
2021-04-01,Tulare,107,460477,49344,48279,8473,56752,817
2021-04-01,Tuolumne,109,53932,3920,3978,39,4017,57
2021-04-01,Ventura,111,848112,80006,79369,2854,82223,977
2021-04-01,Yolo,113,214977,13397,13342,166,13508,197
2021-04-01,Yuba,115,75493,5750,5694,112,5806,44
2021-03-31,Alameda,001,1643700,84126,83475,1770,85245,1215
2021-03-31,Alpine,003,1148,85,85,0,85,0
2021-03-31,Amador,005,37829,3578,3556,31,3587,45
2021-03-31,Butte,007,227075,11714,11321,1659,12980,193
2021-03-31,Calaveras,009,45235,2010,2005,11,2016,50
2021-03-31,Colusa,011,21464,1892,1890,273,2163,14
2021-03-31,Contra Costa,013,1133247,65969,65109,1126,66235,769
2021-03-31,Del Norte,015,27424,1206,1129,11,1140,6
2021-03-31,El Dorado,017,186661,9505,9390,630,10020,106
2021-03-31,Fresno,019,978130,100011,99240,8186,107426,1616
2021-03-31,Glenn,021,27897,2355,2318,525,2843,17
2021-03-31,Humboldt,023,135768,3464,3460,25,3485,35
2021-03-31,Imperial,025,180216,27685,27506,2538,30044,710
2021-03-31,Inyo,027,18085,1377,1373,9,1382,35
2021-03-31,Kern,029,883053,95504,94205,10205,104410,1229
2021-03-31,Kings,031,150075,22805,22540,1013,23553,239
2021-03-31,Lake,033,64148,3364,3332,8,3340,43
2021-03-31,Lassen,035,31185,5143,5132,101,5233,1
2021-03-31,Los Angeles,037,10098052,1190216,1180538,39729,1220267,23171
2021-03-31,Madera,039,155013,16165,16015,882,16897,229
2021-03-31,Marin,041,260295,13696,13624,213,13837,221
2021-03-31,Mariposa,043,17540,394,389,5,394,5
2021-03-31,Mendocino,045,87422,3761,3675,73,3748,45
2021-03-31,Merced,047,269075,29880,29780,976,30756,423
2021-03-31,Modoc,049,8938,354,346,119,465,3
2021-03-31,Mono,051,14174,1236,1245,16,1261,3
2021-03-31,Monterey,053,433212,42581,42309,1748,44057,338
2021-03-31,Napa,055,140530,9469,9401,32,9433,78
2021-03-31,Nevada,057,99092,4367,4283,179,4462,68
2021-03-31,Orange,059,3164182,251464,249518,10689,260207,4731
2021-03-31,Placer,061,380077,21683,20885,1250,22135,271
2021-03-31,Plumas,063,18699,673,663,10,673,4
2021-03-31,Riverside,065,2383286,289726,283006,13532,296538,4171
2021-03-31,Sacramento,067,1510023,99312,97760,1402,99162,1519
2021-03-31,San Benito,069,59416,5872,5875,93,5968,61
2021-03-31,San Bernardino,071,2135413,289413,285916,8689,294605,4356
2021-03-31,San Diego,073,3302833,271632,270288,13606,283894,3555
2021-03-31,San Francisco,075,870044,35369,35347,1181,36528,474
2021-03-31,San Joaquin,077,732212,69949,68685,3127,71812,1259
2021-03-31,San Luis Obispo,079,281455,20558,20215,618,20833,251
2021-03-31,San Mateo,081,765935,40856,40423,426,40849,350
2021-03-31,Santa Barbara,083,443738,33453,33052,1073,34125,443
2021-03-31,Santa Clara,085,1922200,114437,114499,648,115147,1874
2021-03-31,Santa Cruz,087,273765,15868,15295,787,16082,201
2021-03-31,Shasta,089,179085,11350,11327,1351,12678,179
2021-03-31,Sierra,091,2930,55,50,12,62,0
2021-03-31,Siskiyou,093,43540,1573,1505,255,1760,7
2021-03-31,Solano,095,438530,30958,30824,410,31234,235
2021-03-31,Sonoma,097,501317,29137,29216,271,29487,311
2021-03-31,Stanislaus,099,539301,53305,52782,5547,58329,687
2021-03-31,Sutter,101,95872,9119,9111,80,9191,106
2021-03-31,Tehama,103,63373,4800,4762,508,5270,52
2021-03-31,Trinity,105,12862,478,319,81,400,3
2021-03-31,Tulare,107,460477,49324,48261,8457,56718,816
2021-03-31,Tuolumne,109,53932,3919,3976,39,4015,57
2021-03-31,Ventura,111,848112,79974,79326,2850,82176,969
2021-03-31,Yolo,113,214977,13380,13359,165,13524,197
2021-03-31,Yuba,115,75493,5743,5686,112,5798,44
2021-03-30,Alameda,001,1643700,84026,83395,1767,85162,1211
2021-03-30,Alpine,003,1148,85,85,0,85,0
2021-03-30,Amador,005,37829,3575,3551,31,3582,45
2021-03-30,Butte,007,227075,11702,11296,1656,12952,193
2021-03-30,Calaveras,009,45235,2006,1997,11,2008,50
2021-03-30,Colusa,011,21464,1891,1890,272,2162,14
2021-03-30,Contra Costa,013,1133247,65880,65041,1124,66165,767
2021-03-30,Del Norte,015,27424,1198,1118,10,1128,6
2021-03-30,El Dorado,017,186661,9486,9381,627,10008,105
2021-03-30,Fresno,019,978130,99946,99156,8173,107329,1609
2021-03-30,Glenn,021,27897,2355,2310,524,2834,17
2021-03-30,Humboldt,023,135768,3462,3461,25,3486,35
2021-03-30,Imperial,025,180216,27657,27471,2536,30007,706
2021-03-30,Inyo,027,18085,1377,1374,9,1383,35
2021-03-30,Kern,029,883053,95462,94151,10196,104347,1221
2021-03-30,Kings,031,150075,22801,22530,1011,23541,238
2021-03-30,Lake,033,64148,3358,3330,8,3338,43
2021-03-30,Lassen,035,31185,5143,5132,101,5233,1
2021-03-30,Los Angeles,037,10098052,1189720,1180044,39706,1219750,23136
2021-03-30,Madera,039,155013,16155,16003,878,16881,229
2021-03-30,Marin,041,260295,13687,13611,205,13816,221
2021-03-30,Mariposa,043,17540,394,388,5,393,5
2021-03-30,Mendocino,045,87422,3759,3670,73,3743,45
2021-03-30,Merced,047,269075,29843,29731,976,30707,423
2021-03-30,Modoc,049,8938,353,346,119,465,3
2021-03-30,Mono,051,14174,1235,1245,16,1261,3
2021-03-30,Monterey,053,433212,42555,42308,1746,44054,338
2021-03-30,Napa,055,140530,9454,9391,32,9423,78
2021-03-30,Nevada,057,99092,4355,4266,178,4444,68
2021-03-30,Orange,059,3164182,251335,249412,10662,260074,4727
2021-03-30,Placer,061,380077,21643,20866,1244,22110,271
2021-03-30,Plumas,063,18699,673,661,10,671,4
2021-03-30,Riverside,065,2383286,289601,282930,13523,296453,4154
2021-03-30,Sacramento,067,1510023,99175,97718,1399,99117,1516
2021-03-30,San Benito,069,59416,5866,5870,93,5963,61
2021-03-30,San Bernardino,071,2135413,289305,285758,8680,294438,4343
2021-03-30,San Diego,073,3302833,271393,269998,13568,283566,3555
2021-03-30,San Francisco,075,870044,35319,35325,1180,36505,474
2021-03-30,San Joaquin,077,732212,69861,68613,3117,71730,1232
2021-03-30,San Luis Obispo,079,281455,20538,20194,618,20812,251
2021-03-30,San Mateo,081,765935,40812,40377,426,40803,349
2021-03-30,Santa Barbara,083,443738,33428,33016,1073,34089,441
2021-03-30,Santa Clara,085,1922200,114315,114413,647,115060,1873
2021-03-30,Santa Cruz,087,273765,15862,15278,787,16065,201
2021-03-30,Shasta,089,179085,11342,11316,1350,12666,184
2021-03-30,Sierra,091,2930,55,50,12,62,0
2021-03-30,Siskiyou,093,43540,1572,1501,255,1756,7
2021-03-30,Solano,095,438530,30928,30802,409,31211,232
2021-03-30,Sonoma,097,501317,29105,29198,271,29469,311
2021-03-30,Stanislaus,099,539301,53227,52690,5539,58229,677
2021-03-30,Sutter,101,95872,9115,9107,79,9186,106
2021-03-30,Tehama,103,63373,4791,4748,507,5255,52
2021-03-30,Trinity,105,12862,478,316,81,397,3
2021-03-30,Tulare,107,460477,49309,48249,8448,56697,815
2021-03-30,Tuolumne,109,53932,3914,3972,39,4011,57
2021-03-30,Ventura,111,848112,79930,79282,2847,82129,958
2021-03-30,Yolo,113,214977,13367,13353,165,13518,195
2021-03-30,Yuba,115,75493,5732,5679,106,5785,42
2021-03-29,Alameda,001,1643700,83924,83338,1765,85103,1211
2021-03-29,Alpine,003,1148,85,85,0,85,0
2021-03-29,Amador,005,37829,3569,3549,31,3580,45
2021-03-29,Butte,007,227075,11693,11291,1653,12944,191
2021-03-29,Calaveras,009,45235,2004,1998,11,2009,50
2021-03-29,Colusa,011,21464,1891,1889,271,2160,14
2021-03-29,Contra Costa,013,1133247,65811,64971,1123,66094,767
2021-03-29,Del Norte,015,27424,1193,1116,9,1125,6
2021-03-29,El Dorado,017,186661,9466,9374,622,9996,105
2021-03-29,Fresno,019,978130,99863,99085,8158,107243,1606
2021-03-29,Glenn,021,27897,2348,2310,524,2834,17
2021-03-29,Humboldt,023,135768,3457,3459,25,3484,34
2021-03-29,Imperial,025,180216,27636,27442,2534,29976,704
2021-03-29,Inyo,027,18085,1377,1372,9,1381,35
2021-03-29,Kern,029,883053,95415,94098,10177,104275,1220
2021-03-29,Kings,031,150075,22789,22522,1010,23532,238
2021-03-29,Lake,033,64148,3355,3325,8,3333,43
2021-03-29,Lassen,035,31185,5143,5131,101,5232,1
2021-03-29,Los Angeles,037,10098052,1189224,1179736,39666,1219402,23108
2021-03-29,Madera,039,155013,16135,15987,876,16863,210
2021-03-29,Marin,041,260295,13675,13600,202,13802,220
2021-03-29,Mariposa,043,17540,393,388,5,393,5
2021-03-29,Mendocino,045,87422,3756,3667,73,3740,45
2021-03-29,Merced,047,269075,29819,29699,976,30675,422
2021-03-29,Modoc,049,8938,352,344,119,463,3
2021-03-29,Mono,051,14174,1234,1243,16,1259,3
2021-03-29,Monterey,053,433212,42539,42305,1741,44046,337
2021-03-29,Napa,055,140530,9438,9379,32,9411,78
2021-03-29,Nevada,057,99092,4348,4258,178,4436,68
2021-03-29,Orange,059,3164182,251223,249295,10650,259945,4713
2021-03-29,Placer,061,380077,21608,20827,1237,22064,267
2021-03-29,Plumas,063,18699,672,660,10,670,4
2021-03-29,Riverside,065,2383286,289498,282867,13522,296389,4133
2021-03-29,Sacramento,067,1510023,98981,97577,1391,98968,1514
2021-03-29,San Benito,069,59416,5859,5865,93,5958,61
2021-03-29,San Bernardino,071,2135413,289208,285615,8676,294291,4335
2021-03-29,San Diego,073,3302833,271127,269771,13542,283313,3547
2021-03-29,San Francisco,075,870044,35284,35291,1177,36468,474
2021-03-29,San Joaquin,077,732212,69775,68537,3104,71641,1211
2021-03-29,San Luis Obispo,079,281455,20503,20176,617,20793,250
2021-03-29,San Mateo,081,765935,40770,40357,425,40782,348
2021-03-29,Santa Barbara,083,443738,33394,32983,1072,34055,439
2021-03-29,Santa Clara,085,1922200,114207,114335,642,114977,1871
2021-03-29,Santa Cruz,087,273765,15851,15249,786,16035,201
2021-03-29,Shasta,089,179085,11324,11313,1348,12661,183
2021-03-29,Sierra,091,2930,55,50,12,62,0
2021-03-29,Siskiyou,093,43540,1570,1497,255,1752,6
2021-03-29,Solano,095,438530,30889,30762,407,31169,232
2021-03-29,Sonoma,097,501317,29082,29184,268,29452,310
2021-03-29,Stanislaus,099,539301,53144,52614,5532,58146,677
2021-03-29,Sutter,101,95872,9108,9105,79,9184,106
2021-03-29,Tehama,103,63373,4783,4742,506,5248,52
2021-03-29,Trinity,105,12862,478,314,81,395,3
2021-03-29,Tulare,107,460477,49281,48226,8437,56663,815
2021-03-29,Tuolumne,109,53932,3912,3969,39,4008,57
2021-03-29,Ventura,111,848112,79888,79252,2847,82099,956
2021-03-29,Yolo,113,214977,13348,13346,165,13511,195
2021-03-29,Yuba,115,75493,5725,5671,105,5776,42
2021-03-28,Alameda,001,1643700,83803,83239,1763,85002,1212
2021-03-28,Alpine,003,1148,85,85,0,85,0
2021-03-28,Amador,005,37829,3565,3541,31,3572,45
2021-03-28,Butte,007,227075,11680,11285,1651,12936,191
2021-03-28,Calaveras,009,45235,2002,1995,11,2006,50
2021-03-28,Colusa,011,21464,1890,1889,271,2160,14
2021-03-28,Contra Costa,013,1133247,65737,64878,1119,65997,767
2021-03-28,Del Norte,015,27424,1186,1107,7,1114,6
2021-03-28,El Dorado,017,186661,9451,9371,620,9991,105
2021-03-28,Fresno,019,978130,99781,99004,8146,107150,1606
2021-03-28,Glenn,021,27897,2344,2309,522,2831,17
2021-03-28,Humboldt,023,135768,3454,3452,24,3476,34
2021-03-28,Imperial,025,180216,27609,27426,2531,29957,704
2021-03-28,Inyo,027,18085,1376,1372,9,1381,35
2021-03-28,Kern,029,883053,95370,94084,10166,104250,1219
2021-03-28,Kings,031,150075,22784,22514,1007,23521,238
2021-03-28,Lake,033,64148,3350,3320,8,3328,43
2021-03-28,Lassen,035,31185,5143,5131,100,5231,1
2021-03-28,Los Angeles,037,10098052,1188671,1179316,39608,1218924,23101
2021-03-28,Madera,039,155013,16120,15973,875,16848,210
2021-03-28,Marin,041,260295,13662,13594,200,13794,221
2021-03-28,Mariposa,043,17540,393,388,5,393,5
2021-03-28,Mendocino,045,87422,3754,3666,73,3739,45
2021-03-28,Merced,047,269075,29762,29679,976,30655,422
2021-03-28,Modoc,049,8938,352,344,119,463,3
2021-03-28,Mono,051,14174,1233,1242,16,1258,3
2021-03-28,Monterey,053,433212,42516,42294,1737,44031,337
2021-03-28,Napa,055,140530,9424,9368,32,9400,78
2021-03-28,Nevada,057,99092,4334,4239,178,4417,68
2021-03-28,Orange,059,3164182,251068,249238,10640,259878,4713
2021-03-28,Placer,061,380077,21564,20796,1231,22027,267
2021-03-28,Plumas,063,18699,670,657,10,667,4
2021-03-28,Riverside,065,2383286,289384,282811,13514,296325,4132
2021-03-28,Sacramento,067,1510023,98807,97425,1385,98810,1514
2021-03-28,San Benito,069,59416,5854,5862,93,5955,61
2021-03-28,San Bernardino,071,2135413,289088,285570,8668,294238,4332
2021-03-28,San Diego,073,3302833,270851,269476,13513,282989,3547
2021-03-28,San Francisco,075,870044,35238,35286,1173,36459,474
2021-03-28,San Joaquin,077,732212,69650,68459,3085,71544,1211
2021-03-28,San Luis Obispo,079,281455,20468,20172,614,20786,250
2021-03-28,San Mateo,081,765935,40725,40305,425,40730,348
2021-03-28,Santa Barbara,083,443738,33352,32953,1071,34024,439
2021-03-28,Santa Clara,085,1922200,114107,114232,638,114870,1871
2021-03-28,Santa Cruz,087,273765,15836,15238,785,16023,201
2021-03-28,Shasta,089,179085,11298,11308,1337,12645,183
2021-03-28,Sierra,091,2930,55,50,12,62,0
2021-03-28,Siskiyou,093,43540,1570,1497,254,1751,6
2021-03-28,Solano,095,438530,30852,30719,405,31124,232
2021-03-28,Sonoma,097,501317,29046,29161,266,29427,310
2021-03-28,Stanislaus,099,539301,53056,52567,5519,58086,678
2021-03-28,Sutter,101,95872,9099,9094,79,9173,106
2021-03-28,Tehama,103,63373,4773,4740,504,5244,52
2021-03-28,Trinity,105,12862,476,314,80,394,3
2021-03-28,Tulare,107,460477,49252,48218,8431,56649,815
2021-03-28,Tuolumne,109,53932,3909,3969,38,4007,57
2021-03-28,Ventura,111,848112,79837,79222,2842,82064,956
2021-03-28,Yolo,113,214977,13331,13325,164,13489,194
2021-03-28,Yuba,115,75493,5721,5662,105,5767,42
2021-03-27,Alameda,001,1643700,83732,83169,1759,84928,1211
2021-03-27,Alpine,003,1148,85,85,0,85,0
2021-03-27,Amador,005,37829,3560,3538,31,3569,45
2021-03-27,Butte,007,227075,11673,11278,1650,12928,191
2021-03-27,Calaveras,009,45235,1999,1992,11,2003,50
2021-03-27,Colusa,011,21464,1890,1889,271,2160,14
2021-03-27,Contra Costa,013,1133247,65667,64804,1116,65920,767
2021-03-27,Del Norte,015,27424,1176,1104,7,1111,6
2021-03-27,El Dorado,017,186661,9437,9367,620,9987,105
2021-03-27,Fresno,019,978130,99728,98901,8140,107041,1606
2021-03-27,Glenn,021,27897,2343,2308,522,2830,17
2021-03-27,Humboldt,023,135768,3449,3442,24,3466,34
2021-03-27,Imperial,025,180216,27597,27406,2528,29934,704
2021-03-27,Inyo,027,18085,1374,1372,9,1381,35
2021-03-27,Kern,029,883053,95350,94041,10155,104196,1217
2021-03-27,Kings,031,150075,22781,22502,1007,23509,238
2021-03-27,Lake,033,64148,3348,3317,8,3325,43
2021-03-27,Lassen,035,31185,5143,5129,100,5229,1
2021-03-27,Los Angeles,037,10098052,1188357,1178831,39582,1218413,23103
2021-03-27,Madera,039,155013,16113,15968,873,16841,210
2021-03-27,Marin,041,260295,13657,13579,200,13779,222
2021-03-27,Mariposa,043,17540,393,386,5,391,5
2021-03-27,Mendocino,045,87422,3752,3666,73,3739,45
2021-03-27,Merced,047,269075,29729,29647,974,30621,422
2021-03-27,Modoc,049,8938,352,344,119,463,3
2021-03-27,Mono,051,14174,1231,1241,16,1257,3
2021-03-27,Monterey,053,433212,42506,42271,1737,44008,337
2021-03-27,Napa,055,140530,9412,9360,32,9392,78
2021-03-27,Nevada,057,99092,4324,4231,178,4409,68
2021-03-27,Orange,059,3164182,250975,249160,10624,259784,4698
2021-03-27,Placer,061,380077,21544,20717,1224,21941,267
2021-03-27,Plumas,063,18699,669,655,10,665,4
2021-03-27,Riverside,065,2383286,289322,282707,13506,296213,4132
2021-03-27,Sacramento,067,1510023,98717,97247,1383,98630,1513
2021-03-27,San Benito,069,59416,5852,5862,91,5953,61
2021-03-27,San Bernardino,071,2135413,289026,285480,8667,294147,4325
2021-03-27,San Diego,073,3302833,270680,269271,13491,282762,3540
2021-03-27,San Francisco,075,870044,35215,35244,1171,36415,474
2021-03-27,San Joaquin,077,732212,69590,68365,3077,71442,1211
2021-03-27,San Luis Obispo,079,281455,20457,20153,611,20764,250
2021-03-27,San Mateo,081,765935,40702,40264,425,40689,348
2021-03-27,Santa Barbara,083,443738,33329,32921,1071,33992,439
2021-03-27,Santa Clara,085,1922200,114011,114124,636,114760,1871
2021-03-27,Santa Cruz,087,273765,15830,15215,785,16000,201
2021-03-27,Shasta,089,179085,11287,11288,1335,12623,183
2021-03-27,Sierra,091,2930,55,50,12,62,0
2021-03-27,Siskiyou,093,43540,1570,1497,254,1751,6
2021-03-27,Solano,095,438530,30824,30669,404,31073,232
2021-03-27,Sonoma,097,501317,29031,29133,264,29397,310
2021-03-27,Stanislaus,099,539301,52991,52497,5511,58008,678
2021-03-27,Sutter,101,95872,9092,9093,79,9172,106
2021-03-27,Tehama,103,63373,4767,4738,502,5240,52
2021-03-27,Trinity,105,12862,476,313,80,393,3
2021-03-27,Tulare,107,460477,49236,48203,8424,56627,813
2021-03-27,Tuolumne,109,53932,3906,3968,38,4006,57
2021-03-27,Ventura,111,848112,79810,79184,2840,82024,956
2021-03-27,Yolo,113,214977,13326,13317,163,13480,194
2021-03-27,Yuba,115,75493,5719,5657,105,5762,42
2021-03-26,Alameda,001,1643700,83670,83043,1757,84800,1208
2021-03-26,Alpine,003,1148,85,85,0,85,0
2021-03-26,Amador,005,37829,3555,3532,31,3563,45
2021-03-26,Butte,007,227075,11662,11278,1650,12928,191
2021-03-26,Calaveras,009,45235,1996,1989,11,2000,50
2021-03-26,Colusa,011,21464,1890,1889,271,2160,14
2021-03-26,Contra Costa,013,1133247,65607,64699,1113,65812,761
2021-03-26,Del Norte,015,27424,1173,1101,7,1108,6
2021-03-26,El Dorado,017,186661,9432,9353,620,9973,105
2021-03-26,Fresno,019,978130,99666,98731,8130,106861,1601
2021-03-26,Glenn,021,27897,2343,2307,521,2828,17
2021-03-26,Humboldt,023,135768,3447,3431,24,3455,34
2021-03-26,Imperial,025,180216,27573,27374,2528,29902,701
2021-03-26,Inyo,027,18085,1373,1369,9,1378,35
2021-03-26,Kern,029,883053,95324,93949,10149,104098,1211
2021-03-26,Kings,031,150075,22773,22493,1005,23498,239
2021-03-26,Lake,033,64148,3347,3314,8,3322,43
2021-03-26,Lassen,035,31185,5142,5131,100,5231,1
2021-03-26,Los Angeles,037,10098052,1188021,1178213,39569,1217782,23080
2021-03-26,Madera,039,155013,16103,15952,873,16825,210
2021-03-26,Marin,041,260295,13651,13553,195,13748,221
2021-03-26,Mariposa,043,17540,393,386,5,391,5
2021-03-26,Mendocino,045,87422,3751,3664,73,3737,45
2021-03-26,Merced,047,269075,29706,29613,973,30586,419
2021-03-26,Modoc,049,8938,352,344,119,463,3
2021-03-26,Mono,051,14174,1230,1236,16,1252,3
2021-03-26,Monterey,053,433212,42493,42241,1733,43974,338
2021-03-26,Napa,055,140530,9402,9349,32,9381,78
2021-03-26,Nevada,057,99092,4304,4222,178,4400,83
2021-03-26,Orange,059,3164182,250912,248995,10610,259605,4671
2021-03-26,Placer,061,380077,21518,20679,1223,21902,259
2021-03-26,Plumas,063,18699,668,654,10,664,4
2021-03-26,Riverside,065,2383286,289244,282602,13500,296102,4109
2021-03-26,Sacramento,067,1510023,98617,97040,1378,98418,1509
2021-03-26,San Benito,069,59416,5849,5855,91,5946,61
2021-03-26,San Bernardino,071,2135413,288970,285313,8665,293978,4288
2021-03-26,San Diego,073,3302833,270502,269045,13465,282510,3525
2021-03-26,San Francisco,075,870044,35189,35186,1171,36357,472
2021-03-26,San Joaquin,077,732212,69527,68249,3073,71322,1202
2021-03-26,San Luis Obispo,079,281455,20444,20118,611,20729,250
2021-03-26,San Mateo,081,765935,40667,40199,425,40624,348
2021-03-26,Santa Barbara,083,443738,33299,32895,1070,33965,439
2021-03-26,Santa Clara,085,1922200,113913,113959,635,114594,1868
2021-03-26,Santa Cruz,087,273765,15815,15199,784,15983,201
2021-03-26,Shasta,089,179085,11278,11276,1329,12605,182
2021-03-26,Sierra,091,2930,55,50,12,62,0
2021-03-26,Siskiyou,093,43540,1570,1493,253,1746,6
2021-03-26,Solano,095,438530,30799,30640,404,31044,205
2021-03-26,Sonoma,097,501317,29015,29101,261,29362,310
2021-03-26,Stanislaus,099,539301,52923,52420,5507,57927,678
2021-03-26,Sutter,101,95872,9089,9082,79,9161,104
2021-03-26,Tehama,103,63373,4766,4722,501,5223,51
2021-03-26,Trinity,105,12862,476,311,80,391,3
2021-03-26,Tulare,107,460477,49221,48179,8417,56596,813
2021-03-26,Tuolumne,109,53932,3905,3965,38,4003,57
2021-03-26,Ventura,111,848112,79776,79122,2838,81960,953
2021-03-26,Yolo,113,214977,13319,13299,161,13460,194
2021-03-26,Yuba,115,75493,5709,5653,105,5758,42
2021-03-25,Alameda,001,1643700,83575,82945,1755,84700,1206
2021-03-25,Alpine,003,1148,85,84,0,84,0
2021-03-25,Amador,005,37829,3553,3530,31,3561,45
2021-03-25,Butte,007,227075,11652,11270,1650,12920,188
2021-03-25,Calaveras,009,45235,1995,1982,11,1993,50
2021-03-25,Colusa,011,21464,1890,1888,271,2159,14
2021-03-25,Contra Costa,013,1133247,65540,64606,1110,65716,757
2021-03-25,Del Norte,015,27424,1167,1095,7,1102,6
2021-03-25,El Dorado,017,186661,9422,9331,620,9951,105
2021-03-25,Fresno,019,978130,99548,98602,8117,106719,1593
2021-03-25,Glenn,021,27897,2342,2302,520,2822,17
2021-03-25,Humboldt,023,135768,3442,3423,24,3447,34
2021-03-25,Imperial,025,180216,27557,27352,2527,29879,699
2021-03-25,Inyo,027,18085,1373,1369,9,1378,35
2021-03-25,Kern,029,883053,95292,93857,10144,104001,1206
2021-03-25,Kings,031,150075,22763,22472,1005,23477,237
2021-03-25,Lake,033,64148,3342,3312,8,3320,43
2021-03-25,Lassen,035,31185,5142,5129,100,5229,1
2021-03-25,Los Angeles,037,10098052,1187585,1177490,39534,1217024,23051
2021-03-25,Madera,039,155013,16084,15937,871,16808,210
2021-03-25,Marin,041,260295,13641,13538,192,13730,219
2021-03-25,Mariposa,043,17540,393,386,5,391,5
2021-03-25,Mendocino,045,87422,3750,3664,73,3737,45
2021-03-25,Merced,047,269075,29672,29576,966,30542,416
2021-03-25,Modoc,049,8938,352,343,119,462,3
2021-03-25,Mono,051,14174,1230,1235,16,1251,3
2021-03-25,Monterey,053,433212,42472,42220,1728,43948,336
2021-03-25,Napa,055,140530,9383,9321,32,9353,78
2021-03-25,Nevada,057,99092,4286,4202,176,4378,84
2021-03-25,Orange,059,3164182,250796,248871,10590,259461,4655
2021-03-25,Placer,061,380077,21477,20639,1216,21855,252
2021-03-25,Plumas,063,18699,668,654,10,664,4
2021-03-25,Riverside,065,2383286,289147,282492,13489,295981,4078
2021-03-25,Sacramento,067,1510023,98472,96823,1376,98199,1505
2021-03-25,San Benito,069,59416,5846,5850,91,5941,61
2021-03-25,San Bernardino,071,2135413,288889,285134,8660,293794,4222
2021-03-25,San Diego,073,3302833,270274,268623,13434,282057,3520
2021-03-25,San Francisco,075,870044,35150,35154,1169,36323,468
2021-03-25,San Joaquin,077,732212,69430,68089,3035,71124,1196
2021-03-25,San Luis Obispo,079,281455,20426,20076,611,20687,250
2021-03-25,San Mateo,081,765935,40627,40147,425,40572,348
2021-03-25,Santa Barbara,083,443738,33272,32857,1070,33927,439
2021-03-25,Santa Clara,085,1922200,113809,113877,633,114510,1868
2021-03-25,Santa Cruz,087,273765,15794,15170,784,15954,201
2021-03-25,Shasta,089,179085,11261,11262,1326,12588,181
2021-03-25,Sierra,091,2930,55,50,12,62,0
2021-03-25,Siskiyou,093,43540,1568,1491,252,1743,6
2021-03-25,Solano,095,438530,30738,30583,402,30985,193
2021-03-25,Sonoma,097,501317,28981,29060,257,29317,310
2021-03-25,Stanislaus,099,539301,52856,52321,5500,57821,678
2021-03-25,Sutter,101,95872,9080,9069,79,9148,104
2021-03-25,Tehama,103,63373,4764,4719,500,5219,52
2021-03-25,Trinity,105,12862,476,310,80,390,3
2021-03-25,Tulare,107,460477,49194,48148,8405,56553,811
2021-03-25,Tuolumne,109,53932,3904,3962,38,4000,57
2021-03-25,Ventura,111,848112,79735,79045,2834,81879,952
2021-03-25,Yolo,113,214977,13313,13287,161,13448,194
2021-03-25,Yuba,115,75493,5703,5647,99,5746,42
2021-03-24,Alameda,001,1643700,83481,82871,1752,84623,1199
2021-03-24,Alpine,003,1148,85,84,0,84,0
2021-03-24,Amador,005,37829,3547,3529,31,3560,45
2021-03-24,Butte,007,227075,11642,11252,1646,12898,187
2021-03-24,Calaveras,009,45235,1992,1975,11,1986,50
2021-03-24,Colusa,011,21464,1890,1886,271,2157,14
2021-03-24,Contra Costa,013,1133247,65460,64539,1109,65648,755
2021-03-24,Del Norte,015,27424,1162,1087,7,1094,6
2021-03-24,El Dorado,017,186661,9416,9319,619,9938,105
2021-03-24,Fresno,019,978130,99458,98437,8102,106539,1585
2021-03-24,Glenn,021,27897,2341,2297,519,2816,17
2021-03-24,Humboldt,023,135768,3439,3414,24,3438,34
2021-03-24,Imperial,025,180216,27548,27325,2527,29852,699
2021-03-24,Inyo,027,18085,1373,1368,9,1377,35
2021-03-24,Kern,029,883053,95244,93800,10135,103935,1198
2021-03-24,Kings,031,150075,22748,22456,1003,23459,237
2021-03-24,Lake,033,64148,3338,3307,8,3315,43
2021-03-24,Lassen,035,31185,5140,5130,99,5229,1
2021-03-24,Los Angeles,037,10098052,1187099,1177015,39501,1216516,22993
2021-03-24,Madera,039,155013,16075,15918,870,16788,210
2021-03-24,Marin,041,260295,13627,13526,190,13716,219
2021-03-24,Mariposa,043,17540,393,384,5,389,5
2021-03-24,Mendocino,045,87422,3747,3660,73,3733,45
2021-03-24,Merced,047,269075,29631,29525,966,30491,415
2021-03-24,Modoc,049,8938,351,341,119,460,3
2021-03-24,Mono,051,14174,1229,1243,16,1259,3
2021-03-24,Monterey,053,433212,42450,42201,1725,43926,335
2021-03-24,Napa,055,140530,9363,9310,32,9342,78
2021-03-24,Nevada,057,99092,4271,4191,175,4366,85
2021-03-24,Orange,059,3164182,250682,248775,10572,259347,4638
2021-03-24,Placer,061,380077,21447,20606,1208,21814,250
2021-03-24,Plumas,063,18699,666,652,10,662,4
2021-03-24,Riverside,065,2383286,289063,282410,13486,295896,4058
2021-03-24,Sacramento,067,1510023,98297,96628,1365,97993,1500
2021-03-24,San Benito,069,59416,5845,5847,91,5938,61
2021-03-24,San Bernardino,071,2135413,288802,284983,8658,293641,4170
2021-03-24,San Diego,073,3302833,270060,268413,13406,281819,3509
2021-03-24,San Francisco,075,870044,35122,35103,1166,36269,462
2021-03-24,San Joaquin,077,732212,69359,67978,3023,71001,1196
2021-03-24,San Luis Obispo,079,281455,20396,20021,610,20631,250
2021-03-24,San Mateo,081,765935,40577,40083,425,40508,348
2021-03-24,Santa Barbara,083,443738,33244,32810,1070,33880,438
2021-03-24,Santa Clara,085,1922200,113693,113757,630,114387,1851
2021-03-24,Santa Cruz,087,273765,15780,15138,783,15921,202
2021-03-24,Shasta,089,179085,11242,11243,1324,12567,181
2021-03-24,Sierra,091,2930,55,50,12,62,0
2021-03-24,Siskiyou,093,43540,1566,1490,252,1742,6
2021-03-24,Solano,095,438530,30701,30552,401,30953,178
2021-03-24,Sonoma,097,501317,28961,29034,253,29287,310
2021-03-24,Stanislaus,099,539301,52780,52259,5491,57750,677
2021-03-24,Sutter,101,95872,9064,9049,79,9128,104
2021-03-24,Tehama,103,63373,4758,4719,499,5218,49
2021-03-24,Trinity,105,12862,475,310,80,390,3
2021-03-24,Tulare,107,460477,49183,48109,8392,56501,808
2021-03-24,Tuolumne,109,53932,3903,3961,38,3999,57
2021-03-24,Ventura,111,848112,79683,78993,2827,81820,944
2021-03-24,Yolo,113,214977,13301,13269,161,13430,194
2021-03-24,Yuba,115,75493,5697,5634,96,5730,42
2021-03-23,Alameda,001,1643700,83378,82799,1748,84547,1190
2021-03-23,Alpine,003,1148,85,84,0,84,0
2021-03-23,Amador,005,37829,3541,3524,31,3555,45
2021-03-23,Butte,007,227075,11630,11227,1645,12872,187
2021-03-23,Calaveras,009,45235,1990,1971,11,1982,50
2021-03-23,Colusa,011,21464,1888,1885,270,2155,14
2021-03-23,Contra Costa,013,1133247,65361,64491,1108,65599,750
2021-03-23,Del Norte,015,27424,1157,1082,7,1089,6
2021-03-23,El Dorado,017,186661,9406,9318,616,9934,105
2021-03-23,Fresno,019,978130,99344,98362,8078,106440,1575
2021-03-23,Glenn,021,27897,2336,2293,517,2810,17
2021-03-23,Humboldt,023,135768,3430,3405,24,3429,34
2021-03-23,Imperial,025,180216,27540,27320,2527,29847,699
2021-03-23,Inyo,027,18085,1371,1364,9,1373,35
2021-03-23,Kern,029,883053,95137,93728,10128,103856,1191
2021-03-23,Kings,031,150075,22737,22439,1001,23440,237
2021-03-23,Lake,033,64148,3336,3294,8,3302,43
2021-03-23,Lassen,035,31185,5140,5130,99,5229,1
2021-03-23,Los Angeles,037,10098052,1186579,1176572,39463,1216035,22904
2021-03-23,Madera,039,155013,16059,15908,869,16777,210
2021-03-23,Marin,041,260295,13604,13514,188,13702,221
2021-03-23,Mariposa,043,17540,392,384,5,389,5
2021-03-23,Mendocino,045,87422,3745,3652,73,3725,45
2021-03-23,Merced,047,269075,29598,29485,966,30451,415
2021-03-23,Modoc,049,8938,350,342,119,461,3
2021-03-23,Mono,051,14174,1228,1263,16,1279,3
2021-03-23,Monterey,053,433212,42439,42180,1723,43903,335
2021-03-23,Napa,055,140530,9338,9299,32,9331,78
2021-03-23,Nevada,057,99092,4252,4179,174,4353,89
2021-03-23,Orange,059,3164182,250556,248661,10554,259215,4626
2021-03-23,Placer,061,380077,21412,20567,1204,21771,248
2021-03-23,Plumas,063,18699,666,652,10,662,4
2021-03-23,Riverside,065,2383286,288963,282317,13480,295797,4035
2021-03-23,Sacramento,067,1510023,98105,96521,1361,97882,1496
2021-03-23,San Benito,069,59416,5840,5845,90,5935,61
2021-03-23,San Bernardino,071,2135413,288717,284875,8650,293525,4134
2021-03-23,San Diego,073,3302833,269815,268156,13374,281530,3498
2021-03-23,San Francisco,075,870044,35064,35071,1161,36232,462
2021-03-23,San Joaquin,077,732212,69263,67903,3005,70908,1182
2021-03-23,San Luis Obispo,079,281455,20356,20009,609,20618,250
2021-03-23,San Mateo,081,765935,40521,40032,424,40456,348
2021-03-23,Santa Barbara,083,443738,33206,32771,1069,33840,438
2021-03-23,Santa Clara,085,1922200,113577,113645,627,114272,1848
2021-03-23,Santa Cruz,087,273765,15765,15106,783,15889,201
2021-03-23,Shasta,089,179085,11229,11234,1323,12557,175
2021-03-23,Sierra,091,2930,55,50,12,62,0
2021-03-23,Siskiyou,093,43540,1561,1485,250,1735,6
2021-03-23,Solano,095,438530,30660,30524,400,30924,178
2021-03-23,Sonoma,097,501317,28924,29020,252,29272,310
2021-03-23,Stanislaus,099,539301,52681,52148,5484,57632,677
2021-03-23,Sutter,101,95872,9056,9039,79,9118,104
2021-03-23,Tehama,103,63373,4749,4707,498,5205,46
2021-03-23,Trinity,105,12862,475,310,80,390,3
2021-03-23,Tulare,107,460477,49156,48095,8376,56471,808
2021-03-23,Tuolumne,109,53932,3900,3957,38,3995,57
2021-03-23,Ventura,111,848112,79622,78930,2824,81754,932
2021-03-23,Yolo,113,214977,13290,13255,161,13416,194
2021-03-23,Yuba,115,75493,5692,5628,96,5724,42
2021-03-22,Alameda,001,1643700,83285,82748,1742,84490,1189
2021-03-22,Alpine,003,1148,84,83,0,83,0
2021-03-22,Amador,005,37829,3533,3522,31,3553,44
2021-03-22,Butte,007,227075,11621,11211,1643,12854,185
2021-03-22,Calaveras,009,45235,1986,1963,11,1974,49
2021-03-22,Colusa,011,21464,1886,1885,270,2155,13
2021-03-22,Contra Costa,013,1133247,65266,64432,1106,65538,740
2021-03-22,Del Norte,015,27424,1151,1082,7,1089,6
2021-03-22,El Dorado,017,186661,9390,9310,612,9922,105
2021-03-22,Fresno,019,978130,99246,98276,8066,106342,1556
2021-03-22,Glenn,021,27897,2328,2291,517,2808,17
2021-03-22,Humboldt,023,135768,3425,3403,24,3427,34
2021-03-22,Imperial,025,180216,27525,27302,2524,29826,699
2021-03-22,Inyo,027,18085,1368,1363,9,1372,35
2021-03-22,Kern,029,883053,95066,93675,10112,103787,1178
2021-03-22,Kings,031,150075,22724,22433,996,23429,236
2021-03-22,Lake,033,64148,3335,3290,8,3298,43
2021-03-22,Lassen,035,31185,5138,5129,99,5228,1
2021-03-22,Los Angeles,037,10098052,1186062,1176205,39433,1215638,22843
2021-03-22,Madera,039,155013,16044,15904,869,16773,210
2021-03-22,Marin,041,260295,13595,13501,187,13688,221
2021-03-22,Mariposa,043,17540,391,381,5,386,5
2021-03-22,Mendocino,045,87422,3743,3653,73,3726,45
2021-03-22,Merced,047,269075,29555,29468,963,30431,413
2021-03-22,Modoc,049,8938,348,342,119,461,3
2021-03-22,Mono,051,14174,1223,1263,16,1279,3
2021-03-22,Monterey,053,433212,42423,42161,1721,43882,335
2021-03-22,Napa,055,140530,9327,9288,32,9320,77
2021-03-22,Nevada,057,99092,4242,4174,170,4344,89
2021-03-22,Orange,059,3164182,250405,248517,10520,259037,4599
2021-03-22,Placer,061,380077,21377,20543,1199,21742,242
2021-03-22,Plumas,063,18699,666,652,10,662,4
2021-03-22,Riverside,065,2383286,288863,282242,13469,295711,4009
2021-03-22,Sacramento,067,1510023,97927,96385,1352,97737,1493
2021-03-22,San Benito,069,59416,5837,5844,89,5933,61
2021-03-22,San Bernardino,071,2135413,288629,284771,8638,293409,4107
2021-03-22,San Diego,073,3302833,269603,267913,13354,281267,3494
2021-03-22,San Francisco,075,870044,35022,35040,1157,36197,462
2021-03-22,San Joaquin,077,732212,69171,67815,2988,70803,1182
2021-03-22,San Luis Obispo,079,281455,20332,20000,608,20608,250
2021-03-22,San Mateo,081,765935,40470,40024,423,40447,348
2021-03-22,Santa Barbara,083,443738,33162,32756,1067,33823,437
2021-03-22,Santa Clara,085,1922200,113457,113575,627,114202,1845
2021-03-22,Santa Cruz,087,273765,15753,15077,782,15859,201
2021-03-22,Shasta,089,179085,11215,11218,1322,12540,150
2021-03-22,Sierra,091,2930,55,50,12,62,0
2021-03-22,Siskiyou,093,43540,1560,1487,249,1736,5
2021-03-22,Solano,095,438530,30620,30490,396,30886,171
2021-03-22,Sonoma,097,501317,28895,29010,248,29258,310
2021-03-22,Stanislaus,099,539301,52597,52083,5479,57562,677
2021-03-22,Sutter,101,95872,9043,9024,79,9103,104
2021-03-22,Tehama,103,63373,4741,4704,498,5202,45
2021-03-22,Trinity,105,12862,475,310,80,390,3
2021-03-22,Tulare,107,460477,49141,48074,8356,56430,807
2021-03-22,Tuolumne,109,53932,3897,3954,38,3992,57
2021-03-22,Ventura,111,848112,79576,78890,2821,81711,927
2021-03-22,Yolo,113,214977,13278,13243,160,13403,190
2021-03-22,Yuba,115,75493,5681,5627,94,5721,42
2021-03-21,Alameda,001,1643700,83195,82684,1739,84423,1187
2021-03-21,Alpine,003,1148,84,83,0,83,0
2021-03-21,Amador,005,37829,3529,3519,31,3550,44
2021-03-21,Butte,007,227075,11605,11208,1638,12846,185
2021-03-21,Calaveras,009,45235,1980,1962,11,1973,49
2021-03-21,Colusa,011,21464,1886,1885,270,2155,13
2021-03-21,Contra Costa,013,1133247,65184,64382,1102,65484,740
2021-03-21,Del Norte,015,27424,1136,1076,7,1083,6
2021-03-21,El Dorado,017,186661,9380,9302,607,9909,105
2021-03-21,Fresno,019,978130,99132,98211,8043,106254,1556
2021-03-21,Glenn,021,27897,2325,2288,516,2804,17
2021-03-21,Humboldt,023,135768,3420,3402,24,3426,34
2021-03-21,Imperial,025,180216,27508,27267,2519,29786,699
2021-03-21,Inyo,027,18085,1368,1363,9,1372,35
2021-03-21,Kern,029,883053,95000,93649,10103,103752,1170
2021-03-21,Kings,031,150075,22707,22422,996,23418,236
2021-03-21,Lake,033,64148,3331,3286,8,3294,43
2021-03-21,Lassen,035,31185,5138,5129,99,5228,1
2021-03-21,Los Angeles,037,10098052,1185526,1175684,39385,1215069,22834
2021-03-21,Madera,039,155013,16024,15895,867,16762,210
2021-03-21,Marin,041,260295,13579,13495,186,13681,220
2021-03-21,Mariposa,043,17540,391,381,5,386,5
2021-03-21,Mendocino,045,87422,3740,3651,73,3724,45
2021-03-21,Merced,047,269075,29495,29446,957,30403,413
2021-03-21,Modoc,049,8938,348,341,119,460,3
2021-03-21,Mono,051,14174,1218,1263,16,1279,3
2021-03-21,Monterey,053,433212,42398,42153,1718,43871,335
2021-03-21,Napa,055,140530,9307,9282,32,9314,77
2021-03-21,Nevada,057,99092,4229,4169,170,4339,89
2021-03-21,Orange,059,3164182,250272,248442,10493,258935,4598
2021-03-21,Placer,061,380077,21341,20520,1191,21711,242
2021-03-21,Plumas,063,18699,666,653,10,663,4
2021-03-21,Riverside,065,2383286,288756,282187,13458,295645,4009
2021-03-21,Sacramento,067,1510023,97733,96269,1345,97614,1489
2021-03-21,San Benito,069,59416,5831,5842,89,5931,61
2021-03-21,San Bernardino,071,2135413,288539,284732,8632,293364,4094
2021-03-21,San Diego,073,3302833,269343,267724,13328,281052,3494
2021-03-21,San Francisco,075,870044,34975,35012,1151,36163,460
2021-03-21,San Joaquin,077,732212,69049,67729,2970,70699,1182
2021-03-21,San Luis Obispo,079,281455,20300,19979,606,20585,250
2021-03-21,San Mateo,081,765935,40425,39988,422,40410,344
2021-03-21,Santa Barbara,083,443738,33123,32743,1066,33809,437
2021-03-21,Santa Clara,085,1922200,113328,113487,624,114111,1840
2021-03-21,Santa Cruz,087,273765,15746,15064,782,15846,199
2021-03-21,Shasta,089,179085,11195,11215,1321,12536,150
2021-03-21,Sierra,091,2930,55,50,12,62,0
2021-03-21,Siskiyou,093,43540,1560,1486,248,1734,5
2021-03-21,Solano,095,438530,30580,30474,393,30867,171
2021-03-21,Sonoma,097,501317,28866,28986,247,29233,310
2021-03-21,Stanislaus,099,539301,52507,52014,5477,57491,677
2021-03-21,Sutter,101,95872,9030,9021,79,9100,104
2021-03-21,Tehama,103,63373,4737,4701,498,5199,45
2021-03-21,Trinity,105,12862,473,310,80,390,3
2021-03-21,Tulare,107,460477,49125,48060,8344,56404,807
2021-03-21,Tuolumne,109,53932,3895,3953,38,3991,57
2021-03-21,Ventura,111,848112,79513,78863,2816,81679,927
2021-03-21,Yolo,113,214977,13256,13235,160,13395,190
2021-03-21,Yuba,115,75493,5671,5624,94,5718,42
2021-03-20,Alameda,001,1643700,83127,82614,1737,84351,1178
2021-03-20,Alpine,003,1148,84,83,0,83,0
2021-03-20,Amador,005,37829,3527,3518,31,3549,44
2021-03-20,Butte,007,227075,11599,11199,1636,12835,185
2021-03-20,Calaveras,009,45235,1976,1961,11,1972,49
2021-03-20,Colusa,011,21464,1886,1883,270,2153,12
2021-03-20,Contra Costa,013,1133247,65124,64313,1102,65415,713
2021-03-20,Del Norte,015,27424,1135,1075,7,1082,6
2021-03-20,El Dorado,017,186661,9374,9290,607,9897,105
2021-03-20,Fresno,019,978130,99072,98112,8036,106148,1532
2021-03-20,Glenn,021,27897,2324,2288,514,2802,17
2021-03-20,Humboldt,023,135768,3413,3399,24,3423,33
2021-03-20,Imperial,025,180216,27502,27239,2517,29756,695
2021-03-20,Inyo,027,18085,1368,1362,9,1371,35
2021-03-20,Kern,029,883053,94971,93606,10099,103705,1155
2021-03-20,Kings,031,150075,22702,22415,995,23410,236
2021-03-20,Lake,033,64148,3327,3280,8,3288,43
2021-03-20,Lassen,035,31185,5138,5128,99,5227,1
2021-03-20,Los Angeles,037,10098052,1185227,1175290,39361,1214651,22810
2021-03-20,Madera,039,155013,16016,15891,866,16757,210
2021-03-20,Marin,041,260295,13567,13470,182,13652,220
2021-03-20,Mariposa,043,17540,390,381,5,386,5
2021-03-20,Mendocino,045,87422,3739,3639,73,3712,43
2021-03-20,Merced,047,269075,29464,29411,954,30365,412
2021-03-20,Modoc,049,8938,347,341,119,460,3
2021-03-20,Mono,051,14174,1218,1256,16,1272,3
2021-03-20,Monterey,053,433212,42389,42146,1717,43863,334
2021-03-20,Napa,055,140530,9299,9274,32,9306,77
2021-03-20,Nevada,057,99092,4218,4164,169,4333,89
2021-03-20,Orange,059,3164182,250191,248348,10482,258830,4522
2021-03-20,Placer,061,380077,21318,20505,1189,21694,242
2021-03-20,Plumas,063,18699,663,652,10,662,4
2021-03-20,Riverside,065,2383286,288681,282081,13454,295535,4000
2021-03-20,Sacramento,067,1510023,97622,96126,1342,97468,1488
2021-03-20,San Benito,069,59416,5827,5840,89,5929,61
2021-03-20,San Bernardino,071,2135413,288473,284690,8628,293318,3965
2021-03-20,San Diego,073,3302833,269172,267532,13321,280853,3493
2021-03-20,San Francisco,075,870044,34953,34968,1144,36112,453
2021-03-20,San Joaquin,077,732212,69008,67662,2963,70625,1161
2021-03-20,San Luis Obispo,079,281455,20284,19951,600,20551,250
2021-03-20,San Mateo,081,765935,40391,39958,421,40379,344
2021-03-20,Santa Barbara,083,443738,33098,32723,1065,33788,434
2021-03-20,Santa Clara,085,1922200,113236,113384,623,114007,1799
2021-03-20,Santa Cruz,087,273765,15730,15053,782,15835,199
2021-03-20,Shasta,089,179085,11189,11211,1321,12532,147
2021-03-20,Sierra,091,2930,55,50,12,62,0
2021-03-20,Siskiyou,093,43540,1560,1483,248,1731,5
2021-03-20,Solano,095,438530,30550,30439,393,30832,170
2021-03-20,Sonoma,097,501317,28851,28962,247,29209,309
2021-03-20,Stanislaus,099,539301,52451,51925,5470,57395,673
2021-03-20,Sutter,101,95872,9022,9014,79,9093,103
2021-03-20,Tehama,103,63373,4732,4696,496,5192,33
2021-03-20,Trinity,105,12862,472,310,80,390,3
2021-03-20,Tulare,107,460477,49110,48030,8327,56357,804
2021-03-20,Tuolumne,109,53932,3892,3950,38,3988,57
2021-03-20,Ventura,111,848112,79478,78818,2814,81632,922
2021-03-20,Yolo,113,214977,13252,13226,160,13386,190
2021-03-20,Yuba,115,75493,5668,5621,93,5714,42
2021-03-19,Alameda,001,1643700,83055,82499,1736,84235,1187
2021-03-19,Alpine,003,1148,83,82,0,82,0
2021-03-19,Amador,005,37829,3524,3515,31,3546,44
2021-03-19,Butte,007,227075,11591,11191,1633,12824,185
2021-03-19,Calaveras,009,45235,1975,1957,11,1968,49
2021-03-19,Colusa,011,21464,1885,1883,270,2153,12
2021-03-19,Contra Costa,013,1133247,65065,64195,1099,65294,737
2021-03-19,Del Norte,015,27424,1129,1071,5,1076,6
2021-03-19,El Dorado,017,186661,9365,9274,607,9881,105
2021-03-19,Fresno,019,978130,98988,97969,8023,105992,1527
2021-03-19,Glenn,021,27897,2324,2282,514,2796,17
2021-03-19,Humboldt,023,135768,3404,3388,24,3412,33
2021-03-19,Imperial,025,180216,27490,27218,2514,29732,695
2021-03-19,Inyo,027,18085,1366,1356,9,1365,35
2021-03-19,Kern,029,883053,94938,93534,10086,103620,1152
2021-03-19,Kings,031,150075,22693,22369,992,23361,235
2021-03-19,Lake,033,64148,3321,3262,8,3270,43
2021-03-19,Lassen,035,31185,5138,5126,99,5225,1
2021-03-19,Los Angeles,037,10098052,1184887,1174818,39344,1214162,22752
2021-03-19,Madera,039,155013,16009,15877,865,16742,210
2021-03-19,Marin,041,260295,13555,13441,182,13623,220
2021-03-19,Mariposa,043,17540,389,380,5,385,5
2021-03-19,Mendocino,045,87422,3738,3639,73,3712,45
2021-03-19,Merced,047,269075,29437,29376,952,30328,412
2021-03-19,Modoc,049,8938,347,341,119,460,3
2021-03-19,Mono,051,14174,1216,1244,16,1260,3
2021-03-19,Monterey,053,433212,42380,42125,1715,43840,335
2021-03-19,Napa,055,140530,9287,9256,32,9288,77
2021-03-19,Nevada,057,99092,4207,4156,169,4325,88
2021-03-19,Orange,059,3164182,250091,248146,10473,258619,4501
2021-03-19,Placer,061,380077,21300,20451,1187,21638,242
2021-03-19,Plumas,063,18699,663,650,10,660,4
2021-03-19,Riverside,065,2383286,288598,281937,13449,295386,3989
2021-03-19,Sacramento,067,1510023,97519,95934,1339,97273,1486
2021-03-19,San Benito,069,59416,5827,5845,89,5934,61
2021-03-19,San Bernardino,071,2135413,288402,284501,8626,293127,4017
2021-03-19,San Diego,073,3302833,269037,267173,13311,280484,3491
2021-03-19,San Francisco,075,870044,34908,34936,1141,36077,461
2021-03-19,San Joaquin,077,732212,68938,67515,2949,70464,1180
2021-03-19,San Luis Obispo,079,281455,20264,19913,598,20511,249
2021-03-19,San Mateo,081,765935,40367,39893,421,40314,344
2021-03-19,Santa Barbara,083,443738,33068,32685,1064,33749,435
2021-03-19,Santa Clara,085,1922200,113161,113232,622,113854,1797
2021-03-19,Santa Cruz,087,273765,15723,15026,782,15808,199
2021-03-19,Shasta,089,179085,11182,11104,1319,12423,103
2021-03-19,Sierra,091,2930,54,49,12,61,0
2021-03-19,Siskiyou,093,43540,1560,1480,247,1727,5
2021-03-19,Solano,095,438530,30520,30395,391,30786,172
2021-03-19,Sonoma,097,501317,28830,28932,245,29177,292
2021-03-19,Stanislaus,099,539301,52393,51755,5467,57222,679
2021-03-19,Sutter,101,95872,9020,9005,79,9084,103
2021-03-19,Tehama,103,63373,4725,4685,496,5181,33
2021-03-19,Trinity,105,12862,472,310,80,390,3
2021-03-19,Tulare,107,460477,49087,47989,8304,56293,805
2021-03-19,Tuolumne,109,53932,3889,3946,38,3984,57
2021-03-19,Ventura,111,848112,79445,78753,2810,81563,920
2021-03-19,Yolo,113,214977,13244,13197,160,13357,189
2021-03-19,Yuba,115,75493,5665,5615,92,5707,42
2021-03-18,Alameda,001,1643700,82975,82419,1733,84152,1189
2021-03-18,Alpine,003,1148,83,82,0,82,0
2021-03-18,Amador,005,37829,3520,3513,31,3544,44
2021-03-18,Butte,007,227075,11580,11179,1631,12810,185
2021-03-18,Calaveras,009,45235,1973,1954,11,1965,49
2021-03-18,Colusa,011,21464,1885,1882,270,2152,12
2021-03-18,Contra Costa,013,1133247,64992,64103,1096,65199,739
2021-03-18,Del Norte,015,27424,1120,1059,5,1064,6
2021-03-18,El Dorado,017,186661,9352,9261,606,9867,105
2021-03-18,Fresno,019,978130,98891,97856,8008,105864,1527
2021-03-18,Glenn,021,27897,2320,2275,513,2788,17
2021-03-18,Humboldt,023,135768,3396,3381,24,3405,34
2021-03-18,Imperial,025,180216,27475,27190,2509,29699,695
2021-03-18,Inyo,027,18085,1363,1354,9,1363,35
2021-03-18,Kern,029,883053,94881,93458,10072,103530,1158
2021-03-18,Kings,031,150075,22686,22354,991,23345,235
2021-03-18,Lake,033,64148,3318,3260,8,3268,43
2021-03-18,Lassen,035,31185,5137,5126,99,5225,1
2021-03-18,Los Angeles,037,10098052,1184454,1174205,39315,1213520,22689
2021-03-18,Madera,039,155013,15997,15860,862,16722,211
2021-03-18,Marin,041,260295,13537,13435,181,13616,219
2021-03-18,Mariposa,043,17540,387,380,5,385,5
2021-03-18,Mendocino,045,87422,3728,3630,73,3703,45
2021-03-18,Merced,047,269075,29402,29317,952,30269,410
2021-03-18,Modoc,049,8938,347,341,119,460,3
2021-03-18,Mono,051,14174,1212,1215,15,1230,3
2021-03-18,Monterey,053,433212,42368,42105,1715,43820,335
2021-03-18,Napa,055,140530,9278,9243,32,9275,77
2021-03-18,Nevada,057,99092,4200,4154,169,4323,74
2021-03-18,Orange,059,3164182,249988,248050,10460,258510,4514
2021-03-18,Placer,061,380077,21268,20421,1184,21605,243
2021-03-18,Plumas,063,18699,661,648,10,658,4
2021-03-18,Riverside,065,2383286,288517,281789,13442,295231,3957
2021-03-18,Sacramento,067,1510023,97371,95819,1335,97154,1481
2021-03-18,San Benito,069,59416,5825,5842,89,5931,61
2021-03-18,San Bernardino,071,2135413,288319,284294,8596,292890,4076
2021-03-18,San Diego,073,3302833,268884,266752,13301,280053,3478
2021-03-18,San Francisco,075,870044,34869,34904,1140,36044,461
2021-03-18,San Joaquin,077,732212,68838,67301,2937,70238,1169
2021-03-18,San Luis Obispo,079,281455,20235,19894,597,20491,249
2021-03-18,San Mateo,081,765935,40326,39874,421,40295,344
2021-03-18,Santa Barbara,083,443738,33027,32640,1064,33704,434
2021-03-18,Santa Clara,085,1922200,113044,113119,618,113737,1808
2021-03-18,Santa Cruz,087,273765,15713,14998,782,15780,198
2021-03-18,Shasta,089,179085,11168,11059,1317,12376,100
2021-03-18,Sierra,091,2930,54,49,12,61,0
2021-03-18,Siskiyou,093,43540,1557,1480,246,1726,5
2021-03-18,Solano,095,438530,30478,30352,388,30740,172
2021-03-18,Sonoma,097,501317,28809,28915,243,29158,292
2021-03-18,Stanislaus,099,539301,52321,51615,5463,57078,682
2021-03-18,Sutter,101,95872,9008,8999,79,9078,103
2021-03-18,Tehama,103,63373,4719,4683,495,5178,35
2021-03-18,Trinity,105,12862,472,310,80,390,3
2021-03-18,Tulare,107,460477,49068,47964,8289,56253,805
2021-03-18,Tuolumne,109,53932,3888,3942,38,3980,57
2021-03-18,Ventura,111,848112,79385,78697,2810,81507,918
2021-03-18,Yolo,113,214977,13231,13183,160,13343,191
2021-03-18,Yuba,115,75493,5661,5612,92,5704,42
2021-03-17,Alameda,001,1643700,82899,82353,1728,84081,1185
2021-03-17,Alpine,003,1148,83,82,0,82,0
2021-03-17,Amador,005,37829,3518,3511,31,3542,44
2021-03-17,Butte,007,227075,11571,11170,1629,12799,185
2021-03-17,Calaveras,009,45235,1970,1946,11,1957,49
2021-03-17,Colusa,011,21464,1884,1882,270,2152,12
2021-03-17,Contra Costa,013,1133247,64923,64026,1095,65121,737
2021-03-17,Del Norte,015,27424,1116,1053,5,1058,6
2021-03-17,El Dorado,017,186661,9342,9252,606,9858,105
2021-03-17,Fresno,019,978130,98780,97727,7990,105717,1507
2021-03-17,Glenn,021,27897,2313,2269,512,2781,17
2021-03-17,Humboldt,023,135768,3388,3365,24,3389,33
2021-03-17,Imperial,025,180216,27458,27168,2506,29674,691
2021-03-17,Inyo,027,18085,1361,1351,9,1360,35
2021-03-17,Kern,029,883053,94825,93392,10059,103451,1149
2021-03-17,Kings,031,150075,22670,22336,990,23326,233
2021-03-17,Lake,033,64148,3311,3251,8,3259,43
2021-03-17,Lassen,035,31185,5136,5125,99,5224,1
2021-03-17,Los Angeles,037,10098052,1184000,1173416,39282,1212698,22602
2021-03-17,Madera,039,155013,15990,15835,862,16697,214
2021-03-17,Marin,041,260295,13520,13428,180,13608,218
2021-03-17,Mariposa,043,17540,387,379,5,384,5
2021-03-17,Mendocino,045,87422,3724,3625,73,3698,44
2021-03-17,Merced,047,269075,29374,29250,948,30198,408
2021-03-17,Modoc,049,8938,347,341,119,460,3
2021-03-17,Mono,051,14174,1210,1212,15,1227,3
2021-03-17,Monterey,053,433212,42350,42061,1712,43773,334
2021-03-17,Napa,055,140530,9263,9219,32,9251,76
2021-03-17,Nevada,057,99092,4190,4145,169,4314,74
2021-03-17,Orange,059,3164182,249869,247943,10432,258375,4502
2021-03-17,Placer,061,380077,21240,20369,1183,21552,243
2021-03-17,Plumas,063,18699,660,645,10,655,4
2021-03-17,Riverside,065,2383286,288402,281649,13434,295083,3925
2021-03-17,Sacramento,067,1510023,97243,95650,1330,96980,1477
2021-03-17,San Benito,069,59416,5822,5841,89,5930,61
2021-03-17,San Bernardino,071,2135413,288202,284170,8591,292761,4049
2021-03-17,San Diego,073,3302833,268673,266313,13283,279596,3470
2021-03-17,San Francisco,075,870044,34834,34873,1139,36012,457
2021-03-17,San Joaquin,077,732212,68753,67093,2921,70014,1164
2021-03-17,San Luis Obispo,079,281455,20212,19858,593,20451,249
2021-03-17,San Mateo,081,765935,40296,39838,420,40258,344
2021-03-17,Santa Barbara,083,443738,33005,32585,1063,33648,433
2021-03-17,Santa Clara,085,1922200,112951,112983,617,113600,1805
2021-03-17,Santa Cruz,087,273765,15705,14967,782,15749,199
2021-03-17,Shasta,089,179085,11163,11045,1314,12359,100
2021-03-17,Sierra,091,2930,54,49,12,61,0
2021-03-17,Siskiyou,093,43540,1556,1479,245,1724,5
2021-03-17,Solano,095,438530,30452,30320,386,30706,171
2021-03-17,Sonoma,097,501317,28785,28877,242,29119,292
2021-03-17,Stanislaus,099,539301,52246,51524,5456,56980,682
2021-03-17,Sutter,101,95872,8998,8982,79,9061,103
2021-03-17,Tehama,103,63373,4714,4670,495,5165,34
2021-03-17,Trinity,105,12862,472,308,80,388,3
2021-03-17,Tulare,107,460477,49048,47929,8279,56208,805
2021-03-17,Tuolumne,109,53932,3885,3938,38,3976,57
2021-03-17,Ventura,111,848112,79329,78648,2807,81455,916
2021-03-17,Yolo,113,214977,13214,13169,160,13329,190
2021-03-17,Yuba,115,75493,5658,5603,92,5695,42
2021-03-16,Alameda,001,1643700,82787,82259,1726,83985,1177
2021-03-16,Alpine,003,1148,83,82,0,82,0
2021-03-16,Amador,005,37829,3516,3510,31,3541,44
2021-03-16,Butte,007,227075,11559,11154,1628,12782,184
2021-03-16,Calaveras,009,45235,1965,1945,11,1956,49
2021-03-16,Colusa,011,21464,1883,1882,270,2152,12
2021-03-16,Contra Costa,013,1133247,64840,63951,1092,65043,736
2021-03-16,Del Norte,015,27424,1108,1048,5,1053,6
2021-03-16,El Dorado,017,186661,9327,9249,606,9855,105
2021-03-16,Fresno,019,978130,98642,97638,7970,105608,1498
2021-03-16,Glenn,021,27897,2305,2267,508,2775,17
2021-03-16,Humboldt,023,135768,3384,3351,24,3375,33
2021-03-16,Imperial,025,180216,27447,27143,2503,29646,689
2021-03-16,Inyo,027,18085,1360,1346,9,1355,35
2021-03-16,Kern,029,883053,94759,93340,10044,103384,1144
2021-03-16,Kings,031,150075,22634,22320,989,23309,233
2021-03-16,Lake,033,64148,3303,3246,8,3254,43
2021-03-16,Lassen,035,31185,5135,5126,99,5225,1
2021-03-16,Los Angeles,037,10098052,1183467,1172676,39244,1211920,22527
2021-03-16,Madera,039,155013,15974,15822,860,16682,214
2021-03-16,Marin,041,260295,13502,13419,180,13599,218
2021-03-16,Mariposa,043,17540,384,379,5,384,5
2021-03-16,Mendocino,045,87422,3719,3623,73,3696,44
2021-03-16,Merced,047,269075,29321,29198,947,30145,407
2021-03-16,Modoc,049,8938,347,341,119,460,3
2021-03-16,Mono,051,14174,1209,1207,15,1222,3
2021-03-16,Monterey,053,433212,42331,42023,1712,43735,334
2021-03-16,Napa,055,140530,9253,9209,32,9241,75
2021-03-16,Nevada,057,99092,4181,4132,168,4300,67
2021-03-16,Orange,059,3164182,249730,247843,10413,258256,4479
2021-03-16,Placer,061,380077,21208,20339,1179,21518,240
2021-03-16,Plumas,063,18699,659,643,10,653,4
2021-03-16,Riverside,065,2383286,288288,281540,13422,294962,3893
2021-03-16,Sacramento,067,1510023,97100,95522,1326,96848,1466
2021-03-16,San Benito,069,59416,5817,5831,89,5920,61
2021-03-16,San Bernardino,071,2135413,288072,283980,8584,292564,4032
2021-03-16,San Diego,073,3302833,268441,265903,13270,279173,3462
2021-03-16,San Francisco,075,870044,34805,34833,1134,35967,456
2021-03-16,San Joaquin,077,732212,68651,66856,2909,69765,1163
2021-03-16,San Luis Obispo,079,281455,20182,19832,591,20423,248
2021-03-16,San Mateo,081,765935,40262,39806,418,40224,344
2021-03-16,Santa Barbara,083,443738,32973,32556,1062,33618,433
2021-03-16,Santa Clara,085,1922200,112833,112845,614,113459,1797
2021-03-16,Santa Cruz,087,273765,15699,14926,782,15708,199
2021-03-16,Shasta,089,179085,11147,11035,1312,12347,100
2021-03-16,Sierra,091,2930,53,49,12,61,0
2021-03-16,Siskiyou,093,43540,1553,1477,245,1722,5
2021-03-16,Solano,095,438530,30418,30298,384,30682,171
2021-03-16,Sonoma,097,501317,28752,28850,240,29090,291
2021-03-16,Stanislaus,099,539301,52166,51410,5449,56859,683
2021-03-16,Sutter,101,95872,8990,8970,79,9049,102
2021-03-16,Tehama,103,63373,4711,4660,494,5154,34
2021-03-16,Trinity,105,12862,472,308,79,387,3
2021-03-16,Tulare,107,460477,49000,47895,8271,56166,803
2021-03-16,Tuolumne,109,53932,3882,3938,38,3976,57
2021-03-16,Ventura,111,848112,79263,78671,2800,81471,916
2021-03-16,Yolo,113,214977,13199,13162,160,13322,190
2021-03-16,Yuba,115,75493,5655,5596,91,5687,42
2021-03-15,Alameda,001,1643700,82698,82159,1726,83885,1167
2021-03-15,Alpine,003,1148,83,82,0,82,0
2021-03-15,Amador,005,37829,3515,3506,31,3537,44
2021-03-15,Butte,007,227075,11546,11141,1624,12765,185
2021-03-15,Calaveras,009,45235,1964,1941,11,1952,49
2021-03-15,Colusa,011,21464,1883,1883,270,2153,12
2021-03-15,Contra Costa,013,1133247,64778,63847,1091,64938,732
2021-03-15,Del Norte,015,27424,1105,1048,5,1053,6
2021-03-15,El Dorado,017,186661,9321,9235,606,9841,103
2021-03-15,Fresno,019,978130,98515,97520,7955,105475,1496
2021-03-15,Glenn,021,27897,2300,2261,505,2766,15
2021-03-15,Humboldt,023,135768,3378,3337,24,3361,32
2021-03-15,Imperial,025,180216,27427,27122,2500,29622,684
2021-03-15,Inyo,027,18085,1360,1346,9,1355,35
2021-03-15,Kern,029,883053,94699,93266,10037,103303,1141
2021-03-15,Kings,031,150075,22617,22294,983,23277,233
2021-03-15,Lake,033,64148,3291,3237,8,3245,43
2021-03-15,Lassen,035,31185,5135,5125,99,5224,1
2021-03-15,Los Angeles,037,10098052,1182896,1172445,39212,1211657,22477
2021-03-15,Madera,039,155013,15963,15806,858,16664,214
2021-03-15,Marin,041,260295,13496,13408,179,13587,218
2021-03-15,Mariposa,043,17540,384,376,5,381,5
2021-03-15,Mendocino,045,87422,3715,3615,73,3688,44
2021-03-15,Merced,047,269075,29283,29169,945,30114,407
2021-03-15,Modoc,049,8938,347,340,119,459,3
2021-03-15,Mono,051,14174,1208,1206,15,1221,3
2021-03-15,Monterey,053,433212,42303,42011,1709,43720,333
2021-03-15,Napa,055,140530,9242,9196,32,9228,75
2021-03-15,Nevada,057,99092,4176,4123,167,4290,66
2021-03-15,Orange,059,3164182,249617,247697,10394,258091,4481
2021-03-15,Placer,061,380077,21185,20308,1179,21487,238
2021-03-15,Plumas,063,18699,659,642,10,652,4
2021-03-15,Riverside,065,2383286,288136,281367,13412,294779,3856
2021-03-15,Sacramento,067,1510023,96947,95414,1320,96734,1463
2021-03-15,San Benito,069,59416,5814,5831,89,5920,61
2021-03-15,San Bernardino,071,2135413,287981,283815,8576,292391,4004
2021-03-15,San Diego,073,3302833,268192,265646,13254,278900,3452
2021-03-15,San Francisco,075,870044,34770,34820,1130,35950,456
2021-03-15,San Joaquin,077,732212,68547,66622,2897,69519,1140
2021-03-15,San Luis Obispo,079,281455,20151,19813,587,20400,247
2021-03-15,San Mateo,081,765935,40208,39765,418,40183,344
2021-03-15,Santa Barbara,083,443738,32950,32529,1059,33588,431
2021-03-15,Santa Clara,085,1922200,112732,112729,612,113341,1798
2021-03-15,Santa Cruz,087,273765,15693,14899,781,15680,200
2021-03-15,Shasta,089,179085,11131,11019,1307,12326,92
2021-03-15,Sierra,091,2930,53,49,12,61,0
2021-03-15,Siskiyou,093,43540,1553,1475,245,1720,5
2021-03-15,Solano,095,438530,30389,30258,383,30641,171
2021-03-15,Sonoma,097,501317,28734,28814,237,29051,285
2021-03-15,Stanislaus,099,539301,52088,51357,5442,56799,683
2021-03-15,Sutter,101,95872,8984,8962,79,9041,102
2021-03-15,Tehama,103,63373,4696,4650,493,5143,34
2021-03-15,Trinity,105,12862,472,308,79,387,3
2021-03-15,Tulare,107,460477,48970,47857,8256,56113,800
2021-03-15,Tuolumne,109,53932,3880,3937,37,3974,57
2021-03-15,Ventura,111,848112,79207,78626,2799,81425,910
2021-03-15,Yolo,113,214977,13180,13131,158,13289,190
2021-03-15,Yuba,115,75493,5650,5585,90,5675,42
2021-03-14,Alameda,001,1643700,82615,82116,1723,83839,1168
2021-03-14,Alpine,003,1148,83,82,0,82,0
2021-03-14,Amador,005,37829,3510,3504,31,3535,44
2021-03-14,Butte,007,227075,11533,11140,1620,12760,185
2021-03-14,Calaveras,009,45235,1960,1939,11,1950,49
2021-03-14,Colusa,011,21464,1883,1883,270,2153,12
2021-03-14,Contra Costa,013,1133247,64674,63808,1090,64898,731
2021-03-14,Del Norte,015,27424,1091,1048,5,1053,6
2021-03-14,El Dorado,017,186661,9311,9231,606,9837,103
2021-03-14,Fresno,019,978130,98407,97461,7937,105398,1496
2021-03-14,Glenn,021,27897,2295,2260,502,2762,15
2021-03-14,Humboldt,023,135768,3364,3335,24,3359,32
2021-03-14,Imperial,025,180216,27412,27122,2495,29617,685
2021-03-14,Inyo,027,18085,1356,1346,9,1355,35
2021-03-14,Kern,029,883053,94616,93252,10019,103271,1141
2021-03-14,Kings,031,150075,22598,22292,981,23273,232
2021-03-14,Lake,033,64148,3286,3237,8,3245,43
2021-03-14,Lassen,035,31185,5133,5125,99,5224,1
2021-03-14,Los Angeles,037,10098052,1182321,1172100,39180,1211280,22476
2021-03-14,Madera,039,155013,15938,15804,858,16662,214
2021-03-14,Marin,041,260295,13480,13405,177,13582,218
2021-03-14,Mariposa,043,17540,382,376,5,381,5
2021-03-14,Mendocino,045,87422,3710,3613,73,3686,44
2021-03-14,Merced,047,269075,29215,29149,941,30090,407
2021-03-14,Modoc,049,8938,347,340,119,459,3
2021-03-14,Mono,051,14174,1202,1206,15,1221,3
2021-03-14,Monterey,053,433212,42279,42007,1706,43713,333
2021-03-14,Napa,055,140530,9224,9194,32,9226,75
2021-03-14,Nevada,057,99092,4170,4122,165,4287,66
2021-03-14,Orange,059,3164182,249483,247656,10374,258030,4460
2021-03-14,Placer,061,380077,21150,20288,1171,21459,238
2021-03-14,Plumas,063,18699,657,642,10,652,4
2021-03-14,Riverside,065,2383286,287978,281332,13404,294736,3845
2021-03-14,Sacramento,067,1510023,96769,95343,1315,96658,1462
2021-03-14,San Benito,069,59416,5805,5829,89,5918,61
2021-03-14,San Bernardino,071,2135413,287858,283791,8565,292356,3996
2021-03-14,San Diego,073,3302833,267957,265468,13241,278709,3452
2021-03-14,San Francisco,075,870044,34731,34810,1127,35937,455
2021-03-14,San Joaquin,077,732212,68419,66563,2880,69443,1140
2021-03-14,San Luis Obispo,079,281455,20123,19806,585,20391,247
2021-03-14,San Mateo,081,765935,40169,39744,418,40162,342
2021-03-14,Santa Barbara,083,443738,32906,32514,1057,33571,431
2021-03-14,Santa Clara,085,1922200,112604,112648,611,113259,1796
2021-03-14,Santa Cruz,087,273765,15677,14887,779,15666,200
2021-03-14,Shasta,089,179085,11115,11019,1300,12319,92
2021-03-14,Sierra,091,2930,53,49,12,61,0
2021-03-14,Siskiyou,093,43540,1550,1473,245,1718,5
2021-03-14,Solano,095,438530,30357,30230,378,30608,171
2021-03-14,Sonoma,097,501317,28699,28798,233,29031,284
2021-03-14,Stanislaus,099,539301,51968,51306,5434,56740,690
2021-03-14,Sutter,101,95872,8968,8958,79,9037,102
2021-03-14,Tehama,103,63373,4689,4650,492,5142,34
2021-03-14,Trinity,105,12862,471,308,78,386,3
2021-03-14,Tulare,107,460477,48937,47845,8235,56080,800
2021-03-14,Tuolumne,109,53932,3878,3937,37,3974,57
2021-03-14,Ventura,111,848112,79159,78611,2793,81404,910
2021-03-14,Yolo,113,214977,13157,13128,155,13283,189
2021-03-14,Yuba,115,75493,5640,5583,90,5673,42
2021-03-13,Alameda,001,1643700,82555,82010,1723,83733,1168
2021-03-13,Alpine,003,1148,83,82,0,82,0
2021-03-13,Amador,005,37829,3507,3504,31,3535,44
2021-03-13,Butte,007,227075,11524,11131,1619,12750,185
2021-03-13,Calaveras,009,45235,1959,1939,11,1950,49
2021-03-13,Colusa,011,21464,1883,1882,270,2152,12
2021-03-13,Contra Costa,013,1133247,64613,63689,1090,64779,731
2021-03-13,Del Norte,015,27424,1087,1041,5,1046,6
2021-03-13,El Dorado,017,186661,9303,9221,606,9827,103
2021-03-13,Fresno,019,978130,98348,97324,7917,105241,1495
2021-03-13,Glenn,021,27897,2294,2260,501,2761,15
2021-03-13,Humboldt,023,135768,3357,3325,24,3349,32
2021-03-13,Imperial,025,180216,27406,27099,2491,29590,677
2021-03-13,Inyo,027,18085,1355,1344,9,1353,35
2021-03-13,Kern,029,883053,94577,93197,10013,103210,1140
2021-03-13,Kings,031,150075,22582,22265,980,23245,232
2021-03-13,Lake,033,64148,3279,3234,7,3241,43
2021-03-13,Lassen,035,31185,5133,5125,99,5224,1
2021-03-13,Los Angeles,037,10098052,1182003,1171505,39138,1210643,22451
2021-03-13,Madera,039,155013,15926,15780,858,16638,214
2021-03-13,Marin,041,260295,13474,13391,175,13566,218
2021-03-13,Mariposa,043,17540,381,376,5,381,5
2021-03-13,Mendocino,045,87422,3706,3611,73,3684,44
2021-03-13,Merced,047,269075,29184,29106,941,30047,406
2021-03-13,Modoc,049,8938,347,340,118,458,3
2021-03-13,Mono,051,14174,1202,1207,15,1222,3
2021-03-13,Monterey,053,433212,42269,41989,1704,43693,332
2021-03-13,Napa,055,140530,9218,9190,32,9222,75
2021-03-13,Nevada,057,99092,4163,4111,164,4275,66
2021-03-13,Orange,059,3164182,249402,247514,10358,257872,4423
2021-03-13,Placer,061,380077,21129,20238,1168,21406,239
2021-03-13,Plumas,063,18699,655,642,10,652,4
2021-03-13,Riverside,065,2383286,287886,281191,13396,294587,3848
2021-03-13,Sacramento,067,1510023,96683,95192,1313,96505,1461
2021-03-13,San Benito,069,59416,5802,5823,89,5912,61
2021-03-13,San Bernardino,071,2135413,287804,283727,8559,292286,3972
2021-03-13,San Diego,073,3302833,267802,265270,13227,278497,3444
2021-03-13,San Francisco,075,870044,34714,34784,1118,35902,455
2021-03-13,San Joaquin,077,732212,68363,66480,2858,69338,1141
2021-03-13,San Luis Obispo,079,281455,20105,19789,584,20373,247
2021-03-13,San Mateo,081,765935,40142,39689,417,40106,341
2021-03-13,Santa Barbara,083,443738,32881,32486,1056,33542,431
2021-03-13,Santa Clara,085,1922200,112519,112531,610,113141,1790
2021-03-13,Santa Cruz,087,273765,15670,14875,779,15654,199
2021-03-13,Shasta,089,179085,11107,11021,1297,12318,108
2021-03-13,Sierra,091,2930,52,49,12,61,0
2021-03-13,Siskiyou,093,43540,1548,1470,245,1715,5
2021-03-13,Solano,095,438530,30340,30198,378,30576,171
2021-03-13,Sonoma,097,501317,28679,28762,229,28991,285
2021-03-13,Stanislaus,099,539301,51917,51257,5430,56687,695
2021-03-13,Sutter,101,95872,8961,8948,79,9027,102
2021-03-13,Tehama,103,63373,4687,4647,492,5139,33
2021-03-13,Trinity,105,12862,471,306,78,384,3
2021-03-13,Tulare,107,460477,48911,47818,8227,56045,798
2021-03-13,Tuolumne,109,53932,3875,3937,37,3974,57
2021-03-13,Ventura,111,848112,79107,78693,2793,81486,906
2021-03-13,Yolo,113,214977,13148,13087,155,13242,189
2021-03-13,Yuba,115,75493,5639,5577,90,5667,42
2021-03-12,Alameda,001,1643700,82478,81898,1722,83620,1164
2021-03-12,Alpine,003,1148,83,82,0,82,0
2021-03-12,Amador,005,37829,3504,3503,31,3534,44
2021-03-12,Butte,007,227075,11514,11126,1617,12743,184
2021-03-12,Calaveras,009,45235,1959,1916,11,1927,49
2021-03-12,Colusa,011,21464,1883,1883,270,2153,12
2021-03-12,Contra Costa,013,1133247,64537,63583,1090,64673,728
2021-03-12,Del Norte,015,27424,1081,1033,5,1038,6
2021-03-12,El Dorado,017,186661,9294,9219,606,9825,103
2021-03-12,Fresno,019,978130,98251,97185,7906,105091,1489
2021-03-12,Glenn,021,27897,2293,2258,500,2758,15
2021-03-12,Humboldt,023,135768,3352,3315,24,3339,32
2021-03-12,Imperial,025,180216,27395,27071,2489,29560,677
2021-03-12,Inyo,027,18085,1353,1339,9,1348,35
2021-03-12,Kern,029,883053,94543,93142,9997,103139,1132
2021-03-12,Kings,031,150075,22563,22233,980,23213,232
2021-03-12,Lake,033,64148,3273,3226,6,3232,43
2021-03-12,Lassen,035,31185,5133,5125,98,5223,1
2021-03-12,Los Angeles,037,10098052,1181608,1170860,39121,1209981,22409
2021-03-12,Madera,039,155013,15914,15761,855,16616,214
2021-03-12,Marin,041,260295,13467,13375,175,13550,218
2021-03-12,Mariposa,043,17540,379,376,5,381,5
2021-03-12,Mendocino,045,87422,3703,3605,73,3678,43
2021-03-12,Merced,047,269075,29153,29064,941,30005,403
2021-03-12,Modoc,049,8938,347,340,118,458,3
2021-03-12,Mono,051,14174,1201,1206,15,1221,3
2021-03-12,Monterey,053,433212,42255,41964,1699,43663,329
2021-03-12,Napa,055,140530,9209,9180,32,9212,75
2021-03-12,Nevada,057,99092,4153,4101,164,4265,66
2021-03-12,Orange,059,3164182,249310,247388,10347,257735,4401
2021-03-12,Placer,061,380077,21096,20210,1163,21373,239
2021-03-12,Plumas,063,18699,654,641,10,651,4
2021-03-12,Riverside,065,2383286,287787,281037,13389,294426,3854
2021-03-12,Sacramento,067,1510023,96559,95061,1307,96368,1460
2021-03-12,San Benito,069,59416,5799,5817,89,5906,61
2021-03-12,San Bernardino,071,2135413,287748,283558,8554,292112,3917
2021-03-12,San Diego,073,3302833,267639,264886,13219,278105,3434
2021-03-12,San Francisco,075,870044,34693,34758,1115,35873,452
2021-03-12,San Joaquin,077,732212,68292,66482,2849,69331,1144
2021-03-12,San Luis Obispo,079,281455,20092,19769,582,20351,247
2021-03-12,San Mateo,081,765935,40106,39638,415,40053,341
2021-03-12,Santa Barbara,083,443738,32858,32457,1053,33510,429
2021-03-12,Santa Clara,085,1922200,112424,112396,609,113005,1766
2021-03-12,Santa Cruz,087,273765,15658,14846,777,15623,195
2021-03-12,Shasta,089,179085,11098,11143,1295,12438,153
2021-03-12,Sierra,091,2930,52,49,12,61,0
2021-03-12,Siskiyou,093,43540,1548,1468,244,1712,5
2021-03-12,Solano,095,438530,30321,30180,377,30557,171
2021-03-12,Sonoma,097,501317,28652,28714,229,28943,285
2021-03-12,Stanislaus,099,539301,51858,51146,5424,56570,701
2021-03-12,Sutter,101,95872,8955,8940,79,9019,101
2021-03-12,Tehama,103,63373,4683,4638,491,5129,33
2021-03-12,Trinity,105,12862,470,306,78,384,3
2021-03-12,Tulare,107,460477,48886,47772,8221,55993,798
2021-03-12,Tuolumne,109,53932,3874,3936,37,3973,57
2021-03-12,Ventura,111,848112,79061,78698,2789,81487,899
2021-03-12,Yolo,113,214977,13138,13061,148,13209,189
2021-03-12,Yuba,115,75493,5632,5563,89,5652,42
2021-03-11,Alameda,001,1643700,82387,81809,1717,83526,1164
2021-03-11,Alpine,003,1148,83,78,0,78,0
2021-03-11,Amador,005,37829,3503,3498,31,3529,42
2021-03-11,Butte,007,227075,11503,11110,1615,12725,185
2021-03-11,Calaveras,009,45235,1956,1915,11,1926,49
2021-03-11,Colusa,011,21464,1883,1883,270,2153,12
2021-03-11,Contra Costa,013,1133247,64464,63469,1088,64557,728
2021-03-11,Del Norte,015,27424,1076,1027,5,1032,6
2021-03-11,El Dorado,017,186661,9280,9211,606,9817,101
2021-03-11,Fresno,019,978130,98135,97026,7877,104903,1481
2021-03-11,Glenn,021,27897,2290,2255,500,2755,15
2021-03-11,Humboldt,023,135768,3335,3302,24,3326,32
2021-03-11,Imperial,025,180216,27388,27045,2486,29531,675
2021-03-11,Inyo,027,18085,1348,1335,9,1344,35
2021-03-11,Kern,029,883053,94487,93052,9958,103010,1121
2021-03-11,Kings,031,150075,22548,22183,977,23160,230
2021-03-11,Lake,033,64148,3269,3214,6,3220,42
2021-03-11,Lassen,035,31185,5132,5124,98,5222,1
2021-03-11,Los Angeles,037,10098052,1181077,1170111,39090,1209201,22316
2021-03-11,Madera,039,155013,15903,15725,853,16578,214
2021-03-11,Marin,041,260295,13455,13356,174,13530,217
2021-03-11,Mariposa,043,17540,379,376,5,381,5
2021-03-11,Mendocino,045,87422,3696,3604,73,3677,42
2021-03-11,Merced,047,269075,29105,29001,940,29941,401
2021-03-11,Modoc,049,8938,347,340,118,458,3
2021-03-11,Mono,051,14174,1200,1206,15,1221,3
2021-03-11,Monterey,053,433212,42232,41936,1693,43629,329
2021-03-11,Napa,055,140530,9196,9173,32,9205,75
2021-03-11,Nevada,057,99092,4141,4085,162,4247,66
2021-03-11,Orange,059,3164182,249172,247217,10329,257546,4373
2021-03-11,Placer,061,380077,21054,20178,1159,21337,239
2021-03-11,Plumas,063,18699,653,640,10,650,4
2021-03-11,Riverside,065,2383286,287617,280881,13376,294257,3842
2021-03-11,Sacramento,067,1510023,96418,94912,1304,96216,1455
2021-03-11,San Benito,069,59416,5796,5816,89,5905,61
2021-03-11,San Bernardino,071,2135413,287651,283312,8548,291860,3869
2021-03-11,San Diego,073,3302833,267474,264524,13203,277727,3422
2021-03-11,San Francisco,075,870044,34657,34722,1109,35831,452
2021-03-11,San Joaquin,077,732212,68180,66522,2841,69363,1157
2021-03-11,San Luis Obispo,079,281455,20067,19748,581,20329,247
2021-03-11,San Mateo,081,765935,40069,39590,414,40004,341
2021-03-11,Santa Barbara,083,443738,32830,32408,1048,33456,430
2021-03-11,Santa Clara,085,1922200,112295,112246,606,112852,1765
2021-03-11,Santa Cruz,087,273765,15646,14812,776,15588,193
2021-03-11,Shasta,089,179085,11088,11139,1290,12429,158
2021-03-11,Sierra,091,2930,52,48,12,60,0
2021-03-11,Siskiyou,093,43540,1545,1466,243,1709,5
2021-03-11,Solano,095,438530,30293,30138,376,30514,171
2021-03-11,Sonoma,097,501317,28623,28677,229,28906,285
2021-03-11,Stanislaus,099,539301,51773,51038,5416,56454,707
2021-03-11,Sutter,101,95872,8949,8933,79,9012,101
2021-03-11,Tehama,103,63373,4675,4632,491,5123,33
2021-03-11,Trinity,105,12862,469,304,77,381,3
2021-03-11,Tulare,107,460477,48849,47709,8210,55919,797
2021-03-11,Tuolumne,109,53932,3872,3934,37,3971,57
2021-03-11,Ventura,111,848112,79011,78697,2785,81482,889
2021-03-11,Yolo,113,214977,13120,13041,147,13188,190
2021-03-11,Yuba,115,75493,5628,5553,89,5642,42
2021-03-10,Alameda,001,1643700,82281,81701,1712,83413,1160
2021-03-10,Alpine,003,1148,82,78,0,78,0
2021-03-10,Amador,005,37829,3501,3496,31,3527,42
2021-03-10,Butte,007,227075,11493,11096,1615,12711,185
2021-03-10,Calaveras,009,45235,1950,1913,11,1924,48
2021-03-10,Colusa,011,21464,1883,1882,270,2152,12
2021-03-10,Contra Costa,013,1133247,64364,63372,1084,64456,725
2021-03-10,Del Norte,015,27424,1074,1020,5,1025,5
2021-03-10,El Dorado,017,186661,9267,9203,606,9809,100
2021-03-10,Fresno,019,978130,98028,96866,7861,104727,1471
2021-03-10,Glenn,021,27897,2287,2253,498,2751,15
2021-03-10,Humboldt,023,135768,3325,3296,23,3319,32
2021-03-10,Imperial,025,180216,27373,27051,2486,29537,675
2021-03-10,Inyo,027,18085,1348,1328,9,1337,35
2021-03-10,Kern,029,883053,94421,92965,9937,102902,1102
2021-03-10,Kings,031,150075,22529,22166,976,23142,226
2021-03-10,Lake,033,64148,3259,3207,6,3213,42
2021-03-10,Lassen,035,31185,5132,5120,98,5218,1
2021-03-10,Los Angeles,037,10098052,1180532,1169079,39063,1208142,22199
2021-03-10,Madera,039,155013,15882,15705,850,16555,212
2021-03-10,Marin,041,260295,13445,13348,173,13521,216
2021-03-10,Mariposa,043,17540,379,376,5,381,5
2021-03-10,Mendocino,045,87422,3691,3602,73,3675,42
2021-03-10,Merced,047,269075,29067,28927,937,29864,401
2021-03-10,Modoc,049,8938,346,338,118,456,3
2021-03-10,Mono,051,14174,1196,1204,15,1219,3
2021-03-10,Monterey,053,433212,42210,41920,1689,43609,329
2021-03-10,Napa,055,140530,9187,9165,32,9197,75
2021-03-10,Nevada,057,99092,4137,4074,162,4236,66
2021-03-10,Orange,059,3164182,249024,247075,10314,257389,4342
2021-03-10,Placer,061,380077,21020,20144,1153,21297,239
2021-03-10,Plumas,063,18699,652,639,10,649,4
2021-03-10,Riverside,065,2383286,287476,280708,13362,294070,3822
2021-03-10,Sacramento,067,1510023,96288,94796,1298,96094,1452
2021-03-10,San Benito,069,59416,5787,5811,89,5900,61
2021-03-10,San Bernardino,071,2135413,287558,283140,8542,291682,3841
2021-03-10,San Diego,073,3302833,267252,264094,13191,277285,3413
2021-03-10,San Francisco,075,870044,34622,34688,1101,35789,450
2021-03-10,San Joaquin,077,732212,68078,66483,2824,69307,1156
2021-03-10,San Luis Obispo,079,281455,20043,19710,577,20287,247
2021-03-10,San Mateo,081,765935,40045,39571,414,39985,338
2021-03-10,Santa Barbara,083,443738,32803,32356,1045,33401,429
2021-03-10,Santa Clara,085,1922200,112186,112103,602,112705,1759
2021-03-10,Santa Cruz,087,273765,15631,14790,775,15565,192
2021-03-10,Shasta,089,179085,11078,11125,1287,12412,155
2021-03-10,Sierra,091,2930,52,48,12,60,0
2021-03-10,Siskiyou,093,43540,1543,1458,243,1701,5
2021-03-10,Solano,095,438530,30263,30111,375,30486,170
2021-03-10,Sonoma,097,501317,28588,28638,228,28866,286
2021-03-10,Stanislaus,099,539301,51686,50968,5397,56365,706
2021-03-10,Sutter,101,95872,8938,8918,79,8997,101
2021-03-10,Tehama,103,63373,4664,4623,490,5113,33
2021-03-10,Trinity,105,12862,469,304,77,381,3
2021-03-10,Tulare,107,460477,48801,47659,8192,55851,793
2021-03-10,Tuolumne,109,53932,3871,3931,37,3968,57
2021-03-10,Ventura,111,848112,78934,78609,2783,81392,878
2021-03-10,Yolo,113,214977,13096,13021,147,13168,189
2021-03-10,Yuba,115,75493,5615,5545,88,5633,42
2021-03-09,Alameda,001,1643700,82195,81618,1712,83330,1151
2021-03-09,Alpine,003,1148,82,78,0,78,0
2021-03-09,Amador,005,37829,3499,3494,31,3525,42
2021-03-09,Butte,007,227075,11480,11092,1614,12706,185
2021-03-09,Calaveras,009,45235,1948,1913,11,1924,48
2021-03-09,Colusa,011,21464,1883,1880,270,2150,11
2021-03-09,Contra Costa,013,1133247,64274,63314,1082,64396,723
2021-03-09,Del Norte,015,27424,1066,1017,5,1022,5
2021-03-09,El Dorado,017,186661,9259,9198,606,9804,98
2021-03-09,Fresno,019,978130,97909,96744,7835,104579,1463
2021-03-09,Glenn,021,27897,2283,2251,496,2747,15
2021-03-09,Humboldt,023,135768,3313,3288,22,3310,32
2021-03-09,Imperial,025,180216,27363,27045,2482,29527,675
2021-03-09,Inyo,027,18085,1346,1324,9,1333,35
2021-03-09,Kern,029,883053,94342,92924,9919,102843,1088
2021-03-09,Kings,031,150075,22504,22143,974,23117,226
2021-03-09,Lake,033,64148,3253,3202,6,3208,42
2021-03-09,Lassen,035,31185,5132,5120,98,5218,1
2021-03-09,Los Angeles,037,10098052,1179935,1167967,39030,1206997,22080
2021-03-09,Madera,039,155013,15871,15701,848,16549,211
2021-03-09,Marin,041,260295,13427,13335,171,13506,214
2021-03-09,Mariposa,043,17540,379,376,5,381,5
2021-03-09,Mendocino,045,87422,3687,3595,73,3668,42
2021-03-09,Merced,047,269075,29007,28876,934,29810,399
2021-03-09,Modoc,049,8938,346,338,117,455,3
2021-03-09,Mono,051,14174,1195,1203,15,1218,3
2021-03-09,Monterey,053,433212,42191,41894,1681,43575,329
2021-03-09,Napa,055,140530,9173,9155,32,9187,75
2021-03-09,Nevada,057,99092,4129,4062,162,4224,66
2021-03-09,Orange,059,3164182,248882,246989,10295,257284,4310
2021-03-09,Placer,061,380077,20978,20122,1148,21270,239
2021-03-09,Plumas,063,18699,649,639,10,649,4
2021-03-09,Riverside,065,2383286,287341,280562,13358,293920,3821
2021-03-09,Sacramento,067,1510023,96121,94720,1292,96012,1442
2021-03-09,San Benito,069,59416,5783,5800,89,5889,61
2021-03-09,San Bernardino,071,2135413,287443,282971,8536,291507,3823
2021-03-09,San Diego,073,3302833,267020,263745,13170,276915,3405
2021-03-09,San Francisco,075,870044,34591,34654,1097,35751,450
2021-03-09,San Joaquin,077,732212,67950,66383,2814,69197,1150
2021-03-09,San Luis Obispo,079,281455,20026,19672,570,20242,245
2021-03-09,San Mateo,081,765935,39998,39535,412,39947,336
2021-03-09,Santa Barbara,083,443738,32762,32314,1043,33357,428
2021-03-09,Santa Clara,085,1922200,112075,111963,597,112560,1756
2021-03-09,Santa Cruz,087,273765,15609,14764,774,15538,188
2021-03-09,Shasta,089,179085,11071,11113,1282,12395,155
2021-03-09,Sierra,091,2930,52,48,12,60,0
2021-03-09,Siskiyou,093,43540,1539,1447,241,1688,5
2021-03-09,Solano,095,438530,30227,30090,373,30463,169
2021-03-09,Sonoma,097,501317,28538,28601,225,28826,284
2021-03-09,Stanislaus,099,539301,51588,50884,5388,56272,703
2021-03-09,Sutter,101,95872,8925,8914,79,8993,101
2021-03-09,Tehama,103,63373,4659,4620,490,5110,33
2021-03-09,Trinity,105,12862,469,304,77,381,3
2021-03-09,Tulare,107,460477,48774,47637,8173,55810,792
2021-03-09,Tuolumne,109,53932,3869,3929,37,3966,56
2021-03-09,Ventura,111,848112,78871,78526,2781,81307,863
2021-03-09,Yolo,113,214977,13084,13015,145,13160,189
2021-03-09,Yuba,115,75493,5608,5539,88,5627,42
2021-03-08,Alameda,001,1643700,82084,81543,1711,83254,1142
2021-03-08,Alpine,003,1148,82,78,0,78,0
2021-03-08,Amador,005,37829,3496,3490,31,3521,42
2021-03-08,Butte,007,227075,11467,11082,1613,12695,185
2021-03-08,Calaveras,009,45235,1944,1909,11,1920,48
2021-03-08,Colusa,011,21464,1883,1877,270,2147,11
2021-03-08,Contra Costa,013,1133247,64178,63240,1082,64322,719
2021-03-08,Del Norte,015,27424,1061,1012,5,1017,5
2021-03-08,El Dorado,017,186661,9256,9188,605,9793,97
2021-03-08,Fresno,019,978130,97811,96665,7814,104479,1442
2021-03-08,Glenn,021,27897,2282,2249,496,2745,15
2021-03-08,Humboldt,023,135768,3299,3278,22,3300,31
2021-03-08,Imperial,025,180216,27355,27033,2479,29512,663
2021-03-08,Inyo,027,18085,1344,1320,9,1329,35
2021-03-08,Kern,029,883053,94275,92857,9898,102755,1087
2021-03-08,Kings,031,150075,22483,22130,972,23102,226
2021-03-08,Lake,033,64148,3241,3195,6,3201,42
2021-03-08,Lassen,035,31185,5132,5119,98,5217,1
2021-03-08,Los Angeles,037,10098052,1179315,1163409,38998,1202407,21868
2021-03-08,Madera,039,155013,15861,15691,846,16537,211
2021-03-08,Marin,041,260295,13407,13328,169,13497,214
2021-03-08,Mariposa,043,17540,379,376,5,381,5
2021-03-08,Mendocino,045,87422,3685,3590,72,3662,42
2021-03-08,Merced,047,269075,28947,28841,933,29774,398
2021-03-08,Modoc,049,8938,346,338,117,455,3
2021-03-08,Mono,051,14174,1194,1200,15,1215,3
2021-03-08,Monterey,053,433212,42170,41863,1680,43543,328
2021-03-08,Napa,055,140530,9170,9146,32,9178,75
2021-03-08,Nevada,057,99092,4121,4059,162,4221,66
2021-03-08,Orange,059,3164182,248709,246900,10263,257163,4243
2021-03-08,Placer,061,380077,20943,20102,1137,21239,239
2021-03-08,Plumas,063,18699,648,635,10,645,4
2021-03-08,Riverside,065,2383286,287189,280463,13348,293811,3783
2021-03-08,Sacramento,067,1510023,95951,94654,1287,95941,1438
2021-03-08,San Benito,069,59416,5780,5797,89,5886,61
2021-03-08,San Bernardino,071,2135413,287333,282894,8529,291423,3811
2021-03-08,San Diego,073,3302833,266779,263272,13155,276427,3390
2021-03-08,San Francisco,075,870044,34565,34634,1093,35727,446
2021-03-08,San Joaquin,077,732212,67834,66307,2805,69112,1139
2021-03-08,San Luis Obispo,079,281455,19983,19656,567,20223,245
2021-03-08,San Mateo,081,765935,39949,39492,410,39902,335
2021-03-08,Santa Barbara,083,443738,32730,32293,1043,33336,427
2021-03-08,Santa Clara,085,1922200,111947,111882,595,112477,1756
2021-03-08,Santa Cruz,087,273765,15589,14729,774,15503,188
2021-03-08,Shasta,089,179085,11063,11088,1277,12365,155
2021-03-08,Sierra,091,2930,52,48,12,60,0
2021-03-08,Siskiyou,093,43540,1538,1440,241,1681,5
2021-03-08,Solano,095,438530,30187,30068,371,30439,169
2021-03-08,Sonoma,097,501317,28494,28571,224,28795,284
2021-03-08,Stanislaus,099,539301,51509,50825,5383,56208,690
2021-03-08,Sutter,101,95872,8922,8905,79,8984,100
2021-03-08,Tehama,103,63373,4655,4615,490,5105,33
2021-03-08,Trinity,105,12862,468,302,77,379,3
2021-03-08,Tulare,107,460477,48733,47587,8148,55735,791
2021-03-08,Tuolumne,109,53932,3868,3921,37,3958,56
2021-03-08,Ventura,111,848112,78798,78526,2773,81299,852
2021-03-08,Yolo,113,214977,13061,13000,145,13145,189
2021-03-08,Yuba,115,75493,5598,5530,88,5618,42
2021-03-07,Alameda,001,1643700,81964,81413,1710,83123,1145
2021-03-07,Alpine,003,1148,82,78,0,78,0
2021-03-07,Amador,005,37829,3493,3489,31,3520,42
2021-03-07,Butte,007,227075,11451,11075,1612,12687,185
2021-03-07,Calaveras,009,45235,1940,1906,11,1917,48
2021-03-07,Colusa,011,21464,1883,1876,270,2146,11
2021-03-07,Contra Costa,013,1133247,64079,63148,1080,64228,719
2021-03-07,Del Norte,015,27424,1056,1010,5,1015,5
2021-03-07,El Dorado,017,186661,9253,9184,604,9788,97
2021-03-07,Fresno,019,978130,97633,96549,7792,104341,1442
2021-03-07,Glenn,021,27897,2280,2244,496,2740,15
2021-03-07,Humboldt,023,135768,3289,3274,22,3296,31
2021-03-07,Imperial,025,180216,27346,27019,2477,29496,658
2021-03-07,Inyo,027,18085,1341,1320,9,1329,35
2021-03-07,Kern,029,883053,94188,92746,9868,102614,1086
2021-03-07,Kings,031,150075,22461,22103,972,23075,224
2021-03-07,Lake,033,64148,3235,3192,6,3198,42
2021-03-07,Lassen,035,31185,5131,5119,98,5217,1
2021-03-07,Los Angeles,037,10098052,1178589,1162749,38963,1201712,21857
2021-03-07,Madera,039,155013,15842,15675,846,16521,211
2021-03-07,Marin,041,260295,13399,13313,167,13480,214
2021-03-07,Mariposa,043,17540,378,376,5,381,5
2021-03-07,Mendocino,045,87422,3681,3581,72,3653,42
2021-03-07,Merced,047,269075,28873,28829,929,29758,399
2021-03-07,Modoc,049,8938,346,338,117,455,3
2021-03-07,Mono,051,14174,1192,1199,15,1214,3
2021-03-07,Monterey,053,433212,42149,41858,1677,43535,328
2021-03-07,Napa,055,140530,9160,9137,32,9169,75
2021-03-07,Nevada,057,99092,4107,4052,161,4213,66
2021-03-07,Orange,059,3164182,248517,246771,10235,257006,4218
2021-03-07,Placer,061,380077,20902,20070,1133,21203,239
2021-03-07,Plumas,063,18699,647,635,10,645,4
2021-03-07,Riverside,065,2383286,287040,280379,13339,293718,3779
2021-03-07,Sacramento,067,1510023,95774,94513,1280,95793,1437
2021-03-07,San Benito,069,59416,5773,5795,89,5884,61
2021-03-07,San Bernardino,071,2135413,287182,282860,8524,291384,3810
2021-03-07,San Diego,073,3302833,266498,262965,13131,276096,3390
2021-03-07,San Francisco,075,870044,34531,34594,1088,35682,445
2021-03-07,San Joaquin,077,732212,67698,66252,2792,69044,1139
2021-03-07,San Luis Obispo,079,281455,19946,19614,565,20179,245
2021-03-07,San Mateo,081,765935,39909,39436,407,39843,329
2021-03-07,Santa Barbara,083,443738,32684,32218,1042,33260,425
2021-03-07,Santa Clara,085,1922200,111802,111745,591,112336,1752
2021-03-07,Santa Cruz,087,273765,15567,14715,773,15488,189
2021-03-07,Shasta,089,179085,11050,11083,1269,12352,156
2021-03-07,Sierra,091,2930,51,48,12,60,0
2021-03-07,Siskiyou,093,43540,1537,1435,237,1672,5
2021-03-07,Solano,095,438530,30150,30027,371,30398,169
2021-03-07,Sonoma,097,501317,28445,28533,222,28755,284
2021-03-07,Stanislaus,099,539301,51377,50783,5367,56150,699
2021-03-07,Sutter,101,95872,8912,8900,79,8979,100
2021-03-07,Tehama,103,63373,4648,4614,489,5103,33
2021-03-07,Trinity,105,12862,468,302,77,379,3
2021-03-07,Tulare,107,460477,48674,47569,8117,55686,790
2021-03-07,Tuolumne,109,53932,3867,3922,36,3958,56
2021-03-07,Ventura,111,848112,78706,78487,2771,81258,851
2021-03-07,Yolo,113,214977,13042,12988,145,13133,189
2021-03-07,Yuba,115,75493,5593,5516,88,5604,42
2021-03-06,Alameda,001,1643700,81907,81310,1709,83019,1143
2021-03-06,Alpine,003,1148,82,78,0,78,0
2021-03-06,Amador,005,37829,3489,3487,31,3518,42
2021-03-06,Butte,007,227075,11446,11065,1611,12676,185
2021-03-06,Calaveras,009,45235,1936,1904,11,1915,48
2021-03-06,Colusa,011,21464,1881,1874,270,2144,11
2021-03-06,Contra Costa,013,1133247,64018,63040,1076,64116,719
2021-03-06,Del Norte,015,27424,1051,1000,5,1005,5
2021-03-06,El Dorado,017,186661,9249,9166,604,9770,97
2021-03-06,Fresno,019,978130,97538,96366,7781,104147,1440
2021-03-06,Glenn,021,27897,2280,2241,496,2737,15
2021-03-06,Humboldt,023,135768,3279,3260,22,3282,31
2021-03-06,Imperial,025,180216,27341,27009,2472,29481,658
2021-03-06,Inyo,027,18085,1338,1312,9,1321,35
2021-03-06,Kern,029,883053,94142,92684,9848,102532,1082
2021-03-06,Kings,031,150075,22446,22094,972,23066,224
2021-03-06,Lake,033,64148,3233,3189,6,3195,42
2021-03-06,Lassen,035,31185,5131,5119,98,5217,1
2021-03-06,Los Angeles,037,10098052,1178149,1161745,38935,1200680,21843
2021-03-06,Madera,039,155013,15833,15646,845,16491,211
2021-03-06,Marin,041,260295,13390,13289,167,13456,213
2021-03-06,Mariposa,043,17540,378,376,5,381,5
2021-03-06,Mendocino,045,87422,3679,3579,72,3651,42
2021-03-06,Merced,047,269075,28831,28771,929,29700,399
2021-03-06,Modoc,049,8938,345,338,117,455,3
2021-03-06,Mono,051,14174,1191,1198,15,1213,3
2021-03-06,Monterey,053,433212,42144,41838,1674,43512,327
2021-03-06,Napa,055,140530,9152,9129,32,9161,75
2021-03-06,Nevada,057,99092,4101,4044,161,4205,66
2021-03-06,Orange,059,3164182,248424,246634,10221,256855,4165
2021-03-06,Placer,061,380077,20879,20030,1131,21161,239
2021-03-06,Plumas,063,18699,647,634,10,644,4
2021-03-06,Riverside,065,2383286,286947,280225,13331,293556,3781
2021-03-06,Sacramento,067,1510023,95686,94332,1271,95603,1436
2021-03-06,San Benito,069,59416,5768,5793,89,5882,61
2021-03-06,San Bernardino,071,2135413,287098,282737,8522,291259,3791
2021-03-06,San Diego,073,3302833,266311,262778,13114,275892,3385
2021-03-06,San Francisco,075,870044,34500,34560,1084,35644,435
2021-03-06,San Joaquin,077,732212,67624,66162,2782,68944,1138
2021-03-06,San Luis Obispo,079,281455,19926,19592,563,20155,245
2021-03-06,San Mateo,081,765935,39884,39384,407,39791,329
2021-03-06,Santa Barbara,083,443738,32654,32176,1042,33218,424
2021-03-06,Santa Clara,085,1922200,111707,111570,588,112158,1749
2021-03-06,Santa Cruz,087,273765,15556,14701,773,15474,188
2021-03-06,Shasta,089,179085,11041,11076,1267,12343,158
2021-03-06,Sierra,091,2930,51,48,12,60,0
2021-03-06,Siskiyou,093,43540,1535,1432,237,1669,5
2021-03-06,Solano,095,438530,30121,30000,370,30370,169
2021-03-06,Sonoma,097,501317,28422,28484,220,28704,284
2021-03-06,Stanislaus,099,539301,51307,50691,5361,56052,711
2021-03-06,Sutter,101,95872,8906,8887,79,8966,100
2021-03-06,Tehama,103,63373,4646,4610,486,5096,33
2021-03-06,Trinity,105,12862,468,302,77,379,3
2021-03-06,Tulare,107,460477,48642,47515,8089,55604,789
2021-03-06,Tuolumne,109,53932,3865,3920,36,3956,56
2021-03-06,Ventura,111,848112,78650,78439,2770,81209,848
2021-03-06,Yolo,113,214977,13036,12951,144,13095,189
2021-03-06,Yuba,115,75493,5584,5504,88,5592,42
2021-03-05,Alameda,001,1643700,81820,81215,1708,82923,1141
2021-03-05,Alpine,003,1148,82,78,0,78,0
2021-03-05,Amador,005,37829,3488,3484,31,3515,42
2021-03-05,Butte,007,227075,11435,11050,1610,12660,185
2021-03-05,Calaveras,009,45235,1933,1902,11,1913,48
2021-03-05,Colusa,011,21464,1881,1874,270,2144,11
2021-03-05,Contra Costa,013,1133247,63938,62886,1073,63959,711
2021-03-05,Del Norte,015,27424,1047,995,5,1000,5
2021-03-05,El Dorado,017,186661,9244,9150,603,9753,97
2021-03-05,Fresno,019,978130,97430,96184,7762,103946,1432
2021-03-05,Glenn,021,27897,2277,2241,495,2736,15
2021-03-05,Humboldt,023,135768,3272,3234,22,3256,31
2021-03-05,Imperial,025,180216,27331,26970,2463,29433,651
2021-03-05,Inyo,027,18085,1334,1309,9,1318,35
2021-03-05,Kern,029,883053,94102,92601,9835,102436,1076
2021-03-05,Kings,031,150075,22428,22063,971,23034,224
2021-03-05,Lake,033,64148,3231,3185,6,3191,42
2021-03-05,Lassen,035,31185,5131,5117,96,5213,1
2021-03-05,Los Angeles,037,10098052,1177658,1160688,38906,1199594,21745
2021-03-05,Madera,039,155013,15823,15624,843,16467,211
2021-03-05,Marin,041,260295,13378,13275,166,13441,215
2021-03-05,Mariposa,043,17540,378,375,5,380,4
2021-03-05,Mendocino,045,87422,3676,3577,72,3649,42
2021-03-05,Merced,047,269075,28798,28734,928,29662,399
2021-03-05,Modoc,049,8938,345,337,117,454,3
2021-03-05,Mono,051,14174,1190,1197,15,1212,3
2021-03-05,Monterey,053,433212,42131,41802,1674,43476,325
2021-03-05,Napa,055,140530,9144,9109,32,9141,75
2021-03-05,Nevada,057,99092,4098,4033,161,4194,66
2021-03-05,Orange,059,3164182,248311,246489,10208,256697,4108
2021-03-05,Placer,061,380077,20853,19973,1127,21100,239
2021-03-05,Plumas,063,18699,647,635,10,645,4
2021-03-05,Riverside,065,2383286,286836,280075,13326,293401,3781
2021-03-05,Sacramento,067,1510023,95590,94182,1264,95446,1430
2021-03-05,San Benito,069,59416,5765,5790,89,5879,61
2021-03-05,San Bernardino,071,2135413,287005,282640,8518,291158,3774
2021-03-05,San Diego,073,3302833,266078,262357,13097,275454,3371
2021-03-05,San Francisco,075,870044,34460,34526,1080,35606,430
2021-03-05,San Joaquin,077,732212,67544,66041,2773,68814,1133
2021-03-05,San Luis Obispo,079,281455,19905,19557,561,20118,244
2021-03-05,San Mateo,081,765935,39852,39305,407,39712,326
2021-03-05,Santa Barbara,083,443738,32617,32139,1037,33176,424
2021-03-05,Santa Clara,085,1922200,111612,111384,588,111972,1745
2021-03-05,Santa Cruz,087,273765,15545,14694,773,15467,188
2021-03-05,Shasta,089,179085,11029,11062,1261,12323,148
2021-03-05,Sierra,091,2930,51,48,12,60,0
2021-03-05,Siskiyou,093,43540,1530,1429,236,1665,5
2021-03-05,Solano,095,438530,30104,29951,368,30319,168
2021-03-05,Sonoma,097,501317,28396,28417,220,28637,279
2021-03-05,Stanislaus,099,539301,51256,50606,5351,55957,721
2021-03-05,Sutter,101,95872,8899,8876,79,8955,100
2021-03-05,Tehama,103,63373,4637,4606,486,5092,33
2021-03-05,Trinity,105,12862,468,302,77,379,3
2021-03-05,Tulare,107,460477,48613,47469,8070,55539,789
2021-03-05,Tuolumne,109,53932,3863,3917,36,3953,56
2021-03-05,Ventura,111,848112,78583,78368,2769,81137,839
2021-03-05,Yolo,113,214977,13024,12920,143,13063,188
2021-03-05,Yuba,115,75493,5572,5496,88,5584,42
2021-03-04,Alameda,001,1643700,81711,81115,1708,82823,1136
2021-03-04,Alpine,003,1148,82,78,0,78,0
2021-03-04,Amador,005,37829,3487,3480,31,3511,42
2021-03-04,Butte,007,227075,11428,11033,1609,12642,185
2021-03-04,Calaveras,009,45235,1932,1896,11,1907,48
2021-03-04,Colusa,011,21464,1879,1873,265,2138,11
2021-03-04,Contra Costa,013,1133247,63838,62789,1071,63860,708
2021-03-04,Del Norte,015,27424,1039,989,5,994,5
2021-03-04,El Dorado,017,186661,9229,9133,603,9736,97
2021-03-04,Fresno,019,978130,97266,96023,7743,103766,1422
2021-03-04,Glenn,021,27897,2270,2236,494,2730,15
2021-03-04,Humboldt,023,135768,3258,3212,22,3234,31
2021-03-04,Imperial,025,180216,27318,26946,2460,29406,646
2021-03-04,Inyo,027,18085,1331,1300,9,1309,35
2021-03-04,Kern,029,883053,94013,92525,9816,102341,1070
2021-03-04,Kings,031,150075,22402,22025,968,22993,224
2021-03-04,Lake,033,64148,3223,3181,6,3187,42
2021-03-04,Lassen,035,31185,5131,5116,96,5212,1
2021-03-04,Los Angeles,037,10098052,1177046,1159405,38856,1198261,21610
2021-03-04,Madera,039,155013,15788,15596,840,16436,208
2021-03-04,Marin,041,260295,13362,13240,163,13403,215
2021-03-04,Mariposa,043,17540,378,376,5,381,4
2021-03-04,Mendocino,045,87422,3673,3569,72,3641,42
2021-03-04,Merced,047,269075,28747,28671,926,29597,396
2021-03-04,Modoc,049,8938,344,336,117,453,3
2021-03-04,Mono,051,14174,1190,1197,15,1212,3
2021-03-04,Monterey,053,433212,42111,41771,1672,43443,325
2021-03-04,Napa,055,140530,9136,9094,32,9126,74
2021-03-04,Nevada,057,99092,4088,4020,161,4181,66
2021-03-04,Orange,059,3164182,248154,246354,10191,256545,4096
2021-03-04,Placer,061,380077,20821,19900,1121,21021,239
2021-03-04,Plumas,063,18699,647,634,10,644,4
2021-03-04,Riverside,065,2383286,286706,279871,13313,293184,3766
2021-03-04,Sacramento,067,1510023,95455,93982,1261,95243,1426
2021-03-04,San Benito,069,59416,5765,5781,89,5870,61
2021-03-04,San Bernardino,071,2135413,286875,282407,8514,290921,3757
2021-03-04,San Diego,073,3302833,265817,261858,13053,274911,3359
2021-03-04,San Francisco,075,870044,34425,34480,1077,35557,426
2021-03-04,San Joaquin,077,732212,67450,65931,2764,68695,1129
2021-03-04,San Luis Obispo,079,281455,19868,19520,559,20079,243
2021-03-04,San Mateo,081,765935,39808,39225,406,39631,322
2021-03-04,Santa Barbara,083,443738,32580,32090,1036,33126,423
2021-03-04,Santa Clara,085,1922200,111478,111194,586,111780,1723
2021-03-04,Santa Cruz,087,273765,15526,14669,773,15442,186
2021-03-04,Shasta,089,179085,11026,11050,1252,12302,150
2021-03-04,Sierra,091,2930,51,48,12,60,0
2021-03-04,Siskiyou,093,43540,1523,1427,236,1663,5
2021-03-04,Solano,095,438530,30077,29905,367,30272,168
2021-03-04,Sonoma,097,501317,28341,28379,219,28598,279
2021-03-04,Stanislaus,099,539301,51169,50521,5343,55864,731
2021-03-04,Sutter,101,95872,8887,8849,79,8928,100
2021-03-04,Tehama,103,63373,4629,4604,486,5090,33
2021-03-04,Trinity,105,12862,468,302,77,379,3
2021-03-04,Tulare,107,460477,48568,47398,8045,55443,784
2021-03-04,Tuolumne,109,53932,3857,3916,36,3952,56
2021-03-04,Ventura,111,848112,78493,78184,2766,80950,831
2021-03-04,Yolo,113,214977,13004,12895,143,13038,189
2021-03-04,Yuba,115,75493,5560,5483,88,5571,41
2021-03-03,Alameda,001,1643700,81591,80972,1707,82679,1127
2021-03-03,Alpine,003,1148,82,77,0,77,0
2021-03-03,Amador,005,37829,3485,3478,30,3508,42
2021-03-03,Butte,007,227075,11420,11014,1608,12622,184
2021-03-03,Calaveras,009,45235,1931,1893,11,1904,48
2021-03-03,Colusa,011,21464,1878,1873,265,2138,11
2021-03-03,Contra Costa,013,1133247,63740,62668,1068,63736,708
2021-03-03,Del Norte,015,27424,1036,988,5,993,5
2021-03-03,El Dorado,017,186661,9219,9121,603,9724,97
2021-03-03,Fresno,019,978130,97122,95893,7726,103619,1415
2021-03-03,Glenn,021,27897,2270,2233,494,2727,15
2021-03-03,Humboldt,023,135768,3247,3196,22,3218,30
2021-03-03,Imperial,025,180216,27302,26939,2456,29395,640
2021-03-03,Inyo,027,18085,1323,1294,9,1303,35
2021-03-03,Kern,029,883053,93937,92434,9799,102233,1063
2021-03-03,Kings,031,150075,22386,22009,967,22976,223
2021-03-03,Lake,033,64148,3216,3175,6,3181,40
2021-03-03,Lassen,035,31185,5131,5115,96,5211,1
2021-03-03,Los Angeles,037,10098052,1176406,1157911,38817,1196728,21500
2021-03-03,Madera,039,155013,15769,15553,834,16387,203
2021-03-03,Marin,041,260295,13348,13216,163,13379,214
2021-03-03,Mariposa,043,17540,377,376,5,381,4
2021-03-03,Mendocino,045,87422,3665,3564,72,3636,42
2021-03-03,Merced,047,269075,28695,28625,926,29551,393
2021-03-03,Modoc,049,8938,344,333,116,449,3
2021-03-03,Mono,051,14174,1190,1191,15,1206,3
2021-03-03,Monterey,053,433212,42079,41731,1669,43400,325
2021-03-03,Napa,055,140530,9128,9090,32,9122,72
2021-03-03,Nevada,057,99092,4078,4009,161,4170,66
2021-03-03,Orange,059,3164182,248009,246120,10177,256297,4072
2021-03-03,Placer,061,380077,20795,19851,1118,20969,239
2021-03-03,Plumas,063,18699,646,631,10,641,4
2021-03-03,Riverside,065,2383286,286573,279626,13307,292933,3735
2021-03-03,Sacramento,067,1510023,95294,93819,1253,95072,1419
2021-03-03,San Benito,069,59416,5764,5774,89,5863,61
2021-03-03,San Bernardino,071,2135413,286734,282138,8508,290646,3664
2021-03-03,San Diego,073,3302833,265553,261350,13022,274372,3342
2021-03-03,San Francisco,075,870044,34393,34443,1074,35517,426
2021-03-03,San Joaquin,077,732212,67337,65855,2757,68612,1115
2021-03-03,San Luis Obispo,079,281455,19842,19479,556,20035,241
2021-03-03,San Mateo,081,765935,39762,39189,405,39594,319
2021-03-03,Santa Barbara,083,443738,32542,32027,1036,33063,421
2021-03-03,Santa Clara,085,1922200,111324,110991,584,111575,1720
2021-03-03,Santa Cruz,087,273765,15515,14645,773,15418,185
2021-03-03,Shasta,089,179085,11016,11023,1245,12268,150
2021-03-03,Sierra,091,2930,51,48,12,60,0
2021-03-03,Siskiyou,093,43540,1521,1424,236,1660,5
2021-03-03,Solano,095,438530,30041,29866,366,30232,167
2021-03-03,Sonoma,097,501317,28302,28307,218,28525,279
2021-03-03,Stanislaus,099,539301,51091,50438,5336,55774,730
2021-03-03,Sutter,101,95872,8879,8840,79,8919,99
2021-03-03,Tehama,103,63373,4627,4601,486,5087,32
2021-03-03,Trinity,105,12862,468,302,77,379,3
2021-03-03,Tulare,107,460477,48517,47348,8016,55364,778
2021-03-03,Tuolumne,109,53932,3855,3914,35,3949,56
2021-03-03,Ventura,111,848112,78409,78057,2761,80818,822
2021-03-03,Yolo,113,214977,12991,12890,143,13033,189
2021-03-03,Yuba,115,75493,5547,5479,88,5567,41
2021-03-02,Alameda,001,1643700,81469,80904,1705,82609,1116
2021-03-02,Alpine,003,1148,82,77,0,77,0
2021-03-02,Amador,005,37829,3483,3474,30,3504,42
2021-03-02,Butte,007,227075,11410,11007,1605,12612,182
2021-03-02,Calaveras,009,45235,1923,1890,11,1901,48
2021-03-02,Colusa,011,21464,1878,1872,264,2136,11
2021-03-02,Contra Costa,013,1133247,63629,62557,1064,63621,694
2021-03-02,Del Norte,015,27424,1029,983,5,988,5
2021-03-02,El Dorado,017,186661,9211,9116,603,9719,98
2021-03-02,Fresno,019,978130,96976,95785,7700,103485,1410
2021-03-02,Glenn,021,27897,2264,2232,493,2725,15
2021-03-02,Humboldt,023,135768,3228,3184,22,3206,30
2021-03-02,Imperial,025,180216,27292,26926,2454,29380,637
2021-03-02,Inyo,027,18085,1319,1292,9,1301,35
2021-03-02,Kern,029,883053,93831,92313,9772,102085,1046
2021-03-02,Kings,031,150075,22334,21999,964,22963,217
2021-03-02,Lake,033,64148,3210,3169,6,3175,40
2021-03-02,Lassen,035,31185,5126,5115,95,5210,1
2021-03-02,Los Angeles,037,10098052,1175767,1156826,38772,1195598,21395
2021-03-02,Madera,039,155013,15749,15523,831,16354,194
2021-03-02,Marin,041,260295,13325,13186,162,13348,214
2021-03-02,Mariposa,043,17540,377,376,5,381,4
2021-03-02,Mendocino,045,87422,3662,3562,71,3633,41
2021-03-02,Merced,047,269075,28638,28598,926,29524,389
2021-03-02,Modoc,049,8938,344,332,116,448,3
2021-03-02,Mono,051,14174,1189,1191,15,1206,3
2021-03-02,Monterey,053,433212,42052,41716,1669,43385,325
2021-03-02,Napa,055,140530,9117,9080,32,9112,71
2021-03-02,Nevada,057,99092,4069,3983,160,4143,66
2021-03-02,Orange,059,3164182,247864,246004,10159,256163,4037
2021-03-02,Placer,061,380077,20742,19828,1115,20943,239
2021-03-02,Plumas,063,18699,643,628,10,638,4
2021-03-02,Riverside,065,2383286,286400,279486,13299,292785,3721
2021-03-02,Sacramento,067,1510023,95127,93690,1252,94942,1411
2021-03-02,San Benito,069,59416,5757,5770,89,5859,60
2021-03-02,San Bernardino,071,2135413,286600,281919,8502,290421,3604
2021-03-02,San Diego,073,3302833,265309,260998,13000,273998,3317
2021-03-02,San Francisco,075,870044,34353,34387,1070,35457,424
2021-03-02,San Joaquin,077,732212,67229,65769,2740,68509,1111
2021-03-02,San Luis Obispo,079,281455,19810,19452,556,20008,241
2021-03-02,San Mateo,081,765935,39710,39148,404,39552,317
2021-03-02,Santa Barbara,083,443738,32493,31964,1032,32996,416
2021-03-02,Santa Clara,085,1922200,111145,110832,583,111415,1706
2021-03-02,Santa Cruz,087,273765,15501,14611,771,15382,185
2021-03-02,Shasta,089,179085,11002,11012,1234,12246,149
2021-03-02,Sierra,091,2930,51,48,12,60,0
2021-03-02,Siskiyou,093,43540,1517,1412,234,1646,5
2021-03-02,Solano,095,438530,30008,29827,364,30191,167
2021-03-02,Sonoma,097,501317,28247,28261,218,28479,279
2021-03-02,Stanislaus,099,539301,51004,50359,5324,55683,724
2021-03-02,Sutter,101,95872,8870,8832,79,8911,99
2021-03-02,Tehama,103,63373,4623,4597,485,5082,32
2021-03-02,Trinity,105,12862,468,301,77,378,3
2021-03-02,Tulare,107,460477,48454,47326,7996,55322,783
2021-03-02,Tuolumne,109,53932,3851,3908,35,3943,53
2021-03-02,Ventura,111,848112,78316,77952,2757,80709,780
2021-03-02,Yolo,113,214977,12975,12867,143,13010,189
2021-03-02,Yuba,115,75493,5539,5475,88,5563,41
2021-03-01,Alameda,001,1643700,81342,80805,1703,82508,1105
2021-03-01,Alpine,003,1148,80,77,0,77,0
2021-03-01,Amador,005,37829,3480,3469,30,3499,42
2021-03-01,Butte,007,227075,11395,10981,1601,12582,180
2021-03-01,Calaveras,009,45235,1918,1885,11,1896,46
2021-03-01,Colusa,011,21464,1877,1871,264,2135,11
2021-03-01,Contra Costa,013,1133247,63521,62458,1063,63521,694
2021-03-01,Del Norte,015,27424,1024,982,5,987,5
2021-03-01,El Dorado,017,186661,9187,9085,603,9688,98
2021-03-01,Fresno,019,978130,96838,95677,7677,103354,1405
2021-03-01,Glenn,021,27897,2259,2232,492,2724,15
2021-03-01,Humboldt,023,135768,3209,3179,22,3201,30
2021-03-01,Imperial,025,180216,27282,26913,2446,29359,636
2021-03-01,Inyo,027,18085,1316,1285,9,1294,35
2021-03-01,Kern,029,883053,93742,92219,9746,101965,1041
2021-03-01,Kings,031,150075,22317,21988,958,22946,217
2021-03-01,Lake,033,64148,3205,3164,6,3170,40
2021-03-01,Lassen,035,31185,5124,5111,95,5206,1
2021-03-01,Los Angeles,037,10098052,1175110,1155984,38730,1194714,21293
2021-03-01,Madera,039,155013,15720,15505,821,16326,194
2021-03-01,Marin,041,260295,13297,13161,161,13322,214
2021-03-01,Mariposa,043,17540,377,375,5,380,4
2021-03-01,Mendocino,045,87422,3655,3561,71,3632,41
2021-03-01,Merced,047,269075,28593,28575,922,29497,385
2021-03-01,Modoc,049,8938,341,331,115,446,3
2021-03-01,Mono,051,14174,1188,1192,15,1207,3
2021-03-01,Monterey,053,433212,42027,41697,1667,43364,324
2021-03-01,Napa,055,140530,9108,9056,32,9088,70
2021-03-01,Nevada,057,99092,4050,3979,160,4139,66
2021-03-01,Orange,059,3164182,247669,245852,10145,255997,3976
2021-03-01,Placer,061,380077,20703,19803,1112,20915,239
2021-03-01,Plumas,063,18699,643,628,10,638,4
2021-03-01,Riverside,065,2383286,286183,279323,13292,292615,3680
2021-03-01,Sacramento,067,1510023,94982,93546,1250,94796,1401
2021-03-01,San Benito,069,59416,5752,5772,89,5861,57
2021-03-01,San Bernardino,071,2135413,286456,281685,8498,290183,3603
2021-03-01,San Diego,073,3302833,264992,260622,12967,273589,3303
2021-03-01,San Francisco,075,870044,34309,34318,1062,35380,424
2021-03-01,San Joaquin,077,732212,67120,65699,2730,68429,1097
2021-03-01,San Luis Obispo,079,281455,19788,19429,554,19983,239
2021-03-01,San Mateo,081,765935,39658,39096,404,39500,314
2021-03-01,Santa Barbara,083,443738,32450,31909,1031,32940,413
2021-03-01,Santa Clara,085,1922200,110986,110684,580,111264,1704
2021-03-01,Santa Cruz,087,273765,15482,14575,770,15345,185
2021-03-01,Shasta,089,179085,10990,10990,1231,12221,149
2021-03-01,Sierra,091,2930,51,48,12,60,0
2021-03-01,Siskiyou,093,43540,1513,1408,232,1640,5
2021-03-01,Solano,095,438530,29965,29779,363,30142,166
2021-03-01,Sonoma,097,501317,28199,28222,216,28438,278
2021-03-01,Stanislaus,099,539301,50929,50293,5318,55611,722
2021-03-01,Sutter,101,95872,8859,8825,79,8904,99
2021-03-01,Tehama,103,63373,4617,4595,485,5080,32
2021-03-01,Trinity,105,12862,468,298,76,374,3
2021-03-01,Tulare,107,460477,48416,47275,7963,55238,781
2021-03-01,Tuolumne,109,53932,3848,3907,35,3942,53
2021-03-01,Ventura,111,848112,78235,77849,2756,80605,775
2021-03-01,Yolo,113,214977,12958,12854,141,12995,188
2021-03-01,Yuba,115,75493,5527,5466,88,5554,41
2021-02-28,Alameda,001,1643700,81221,80727,1701,82428,1105
2021-02-28,Alpine,003,1148,80,77,0,77,0
2021-02-28,Amador,005,37829,3475,3466,29,3495,42
2021-02-28,Butte,007,227075,11380,10970,1601,12571,180
2021-02-28,Calaveras,009,45235,1914,1881,11,1892,46
2021-02-28,Colusa,011,21464,1877,1871,263,2134,11
2021-02-28,Contra Costa,013,1133247,63394,62386,1058,63444,694
2021-02-28,Del Norte,015,27424,1022,981,5,986,5
2021-02-28,El Dorado,017,186661,9176,9082,603,9685,98
2021-02-28,Fresno,019,978130,96656,95548,7643,103191,1405
2021-02-28,Glenn,021,27897,2257,2230,490,2720,15
2021-02-28,Humboldt,023,135768,3186,3179,22,3201,30
2021-02-28,Imperial,025,180216,27256,26909,2442,29351,636
2021-02-28,Inyo,027,18085,1311,1282,9,1291,35
2021-02-28,Kern,029,883053,93627,92169,9726,101895,1012
2021-02-28,Kings,031,150075,22296,21967,957,22924,217
2021-02-28,Lake,033,64148,3200,3164,6,3170,40
2021-02-28,Lassen,035,31185,5123,5106,95,5201,1
2021-02-28,Los Angeles,037,10098052,1174322,1155141,38668,1193809,21261
2021-02-28,Madera,039,155013,15678,15496,818,16314,199
2021-02-28,Marin,041,260295,13274,13152,159,13311,214
2021-02-28,Mariposa,043,17540,377,374,5,379,4
2021-02-28,Mendocino,045,87422,3649,3558,71,3629,41
2021-02-28,Merced,047,269075,28530,28546,921,29467,384
2021-02-28,Modoc,049,8938,341,331,115,446,3
2021-02-28,Mono,051,14174,1185,1192,15,1207,3
2021-02-28,Monterey,053,433212,41995,41683,1665,43348,323
2021-02-28,Napa,055,140530,9089,9053,32,9085,70
2021-02-28,Nevada,057,99092,4037,3972,160,4132,66
2021-02-28,Orange,059,3164182,247471,245706,10138,255844,3970
2021-02-28,Placer,061,380077,20657,19775,1110,20885,239
2021-02-28,Plumas,063,18699,643,628,10,638,4
2021-02-28,Riverside,065,2383286,285950,279214,13281,292495,3661
2021-02-28,Sacramento,067,1510023,94798,93463,1245,94708,1398
2021-02-28,San Benito,069,59416,5741,5772,89,5861,57
2021-02-28,San Bernardino,071,2135413,286315,281620,8486,290106,3595
2021-02-28,San Diego,073,3302833,264695,260353,12933,273286,3303
2021-02-28,San Francisco,075,870044,34267,34291,1056,35347,417
2021-02-28,San Joaquin,077,732212,67012,65662,2721,68383,1097
2021-02-28,San Luis Obispo,079,281455,19752,19422,552,19974,237
2021-02-28,San Mateo,081,765935,39605,39059,403,39462,314
2021-02-28,Santa Barbara,083,443738,32398,31877,1031,32908,413
2021-02-28,Santa Clara,085,1922200,110787,110556,577,111133,1704
2021-02-28,Santa Cruz,087,273765,15453,14571,767,15338,185
2021-02-28,Shasta,089,179085,10969,10990,1227,12217,149
2021-02-28,Sierra,091,2930,51,48,12,60,0
2021-02-28,Siskiyou,093,43540,1505,1408,232,1640,5
2021-02-28,Solano,095,438530,29910,29758,357,30115,166
2021-02-28,Sonoma,097,501317,28136,28193,215,28408,279
2021-02-28,Stanislaus,099,539301,50838,50228,5306,55534,728
2021-02-28,Sutter,101,95872,8844,8825,79,8904,99
2021-02-28,Tehama,103,63373,4612,4590,485,5075,32
2021-02-28,Trinity,105,12862,468,298,76,374,3
2021-02-28,Tulare,107,460477,48354,47258,7932,55190,780
2021-02-28,Tuolumne,109,53932,3843,3905,35,3940,53
2021-02-28,Ventura,111,848112,78123,77749,2753,80502,775
2021-02-28,Yolo,113,214977,12935,12851,141,12992,188
2021-02-28,Yuba,115,75493,5517,5461,88,5549,41
2021-02-27,Alameda,001,1643700,81148,80565,1699,82264,1108
2021-02-27,Alpine,003,1148,80,77,0,77,0
2021-02-27,Amador,005,37829,3473,3463,29,3492,42
2021-02-27,Butte,007,227075,11368,10962,1601,12563,180
2021-02-27,Calaveras,009,45235,1909,1875,11,1886,46
2021-02-27,Colusa,011,21464,1876,1869,263,2132,11
2021-02-27,Contra Costa,013,1133247,63324,62248,1055,63303,693
2021-02-27,Del Norte,015,27424,1020,978,5,983,5
2021-02-27,El Dorado,017,186661,9172,9072,603,9675,98
2021-02-27,Fresno,019,978130,96579,95393,7632,103025,1400
2021-02-27,Glenn,021,27897,2256,2225,489,2714,15
2021-02-27,Humboldt,023,135768,3180,3167,22,3189,30
2021-02-27,Imperial,025,180216,27248,26903,2440,29343,633
2021-02-27,Inyo,027,18085,1308,1275,9,1284,35
2021-02-27,Kern,029,883053,93566,92053,9711,101764,996
2021-02-27,Kings,031,150075,22286,21955,954,22909,216
2021-02-27,Lake,033,64148,3197,3156,6,3162,40
2021-02-27,Lassen,035,31185,5123,5106,95,5201,1
2021-02-27,Los Angeles,037,10098052,1173820,1154275,38641,1192916,21158
2021-02-27,Madera,039,155013,15661,15467,817,16284,199
2021-02-27,Marin,041,260295,13250,13134,159,13293,214
2021-02-27,Mariposa,043,17540,377,374,5,379,4
2021-02-27,Mendocino,045,87422,3646,3555,71,3626,41
2021-02-27,Merced,047,269075,28488,28501,913,29414,384
2021-02-27,Modoc,049,8938,341,331,114,445,3
2021-02-27,Mono,051,14174,1183,1191,15,1206,3
2021-02-27,Monterey,053,433212,41986,41665,1664,43329,322
2021-02-27,Napa,055,140530,9078,9038,32,9070,71
2021-02-27,Nevada,057,99092,4031,3960,160,4120,66
2021-02-27,Orange,059,3164182,247344,245542,10127,255669,3960
2021-02-27,Placer,061,380077,20621,19726,1107,20833,239
2021-02-27,Plumas,063,18699,643,628,10,638,4
2021-02-27,Riverside,065,2383286,285840,279048,13271,292319,3663
2021-02-27,Sacramento,067,1510023,94715,93281,1235,94516,1396
2021-02-27,San Benito,069,59416,5740,5767,88,5855,57
2021-02-27,San Bernardino,071,2135413,286236,281471,8481,289952,3527
2021-02-27,San Diego,073,3302833,264505,260091,12895,272986,3284
2021-02-27,San Francisco,075,870044,34233,34260,1053,35313,413
2021-02-27,San Joaquin,077,732212,66966,65578,2719,68297,1100
2021-02-27,San Luis Obispo,079,281455,19731,19411,551,19962,237
2021-02-27,San Mateo,081,765935,39564,38998,402,39400,313
2021-02-27,Santa Barbara,083,443738,32364,31805,1030,32835,411
2021-02-27,Santa Clara,085,1922200,110639,110361,575,110936,1703
2021-02-27,Santa Cruz,087,273765,15444,14552,766,15318,185
2021-02-27,Shasta,089,179085,10963,10985,1223,12208,149
2021-02-27,Sierra,091,2930,51,48,12,60,0
2021-02-27,Siskiyou,093,43540,1503,1407,231,1638,5
2021-02-27,Solano,095,438530,29882,29718,356,30074,165
2021-02-27,Sonoma,097,501317,28092,28141,210,28351,281
2021-02-27,Stanislaus,099,539301,50783,50147,5296,55443,733
2021-02-27,Sutter,101,95872,8839,8820,79,8899,99
2021-02-27,Tehama,103,63373,4607,4584,484,5068,32
2021-02-27,Trinity,105,12862,468,298,76,374,3
2021-02-27,Tulare,107,460477,48317,47209,7906,55115,770
2021-02-27,Tuolumne,109,53932,3840,3899,35,3934,53
2021-02-27,Ventura,111,848112,78050,77623,2750,80373,771
2021-02-27,Yolo,113,214977,12923,12834,141,12975,188
2021-02-27,Yuba,115,75493,5514,5450,88,5538,39
2021-02-26,Alameda,001,1643700,81053,80387,1694,82081,1106
2021-02-26,Alpine,003,1148,80,77,0,77,0
2021-02-26,Amador,005,37829,3467,3457,29,3486,42
2021-02-26,Butte,007,227075,11358,10941,1601,12542,180
2021-02-26,Calaveras,009,45235,1907,1873,11,1884,46
2021-02-26,Colusa,011,21464,1876,1865,263,2128,11
2021-02-26,Contra Costa,013,1133247,63242,62114,1055,63169,685
2021-02-26,Del Norte,015,27424,1016,968,5,973,5
2021-02-26,El Dorado,017,186661,9167,9038,601,9639,98
2021-02-26,Fresno,019,978130,96477,95202,7624,102826,1391
2021-02-26,Glenn,021,27897,2253,2220,489,2709,15
2021-02-26,Humboldt,023,135768,3174,3152,22,3174,30
2021-02-26,Imperial,025,180216,27241,26888,2438,29326,631
2021-02-26,Inyo,027,18085,1306,1271,9,1280,34
2021-02-26,Kern,029,883053,93487,91884,9695,101579,997
2021-02-26,Kings,031,150075,22270,21917,951,22868,216
2021-02-26,Lake,033,64148,3192,3153,6,3159,40
2021-02-26,Lassen,035,31185,5123,5102,95,5197,1
2021-02-26,Los Angeles,037,10098052,1173242,1153131,38581,1191712,21070
2021-02-26,Madera,039,155013,15645,15436,815,16251,199
2021-02-26,Marin,041,260295,13237,13091,159,13250,214
2021-02-26,Mariposa,043,17540,377,375,5,380,4
2021-02-26,Mendocino,045,87422,3641,3549,71,3620,41
2021-02-26,Merced,047,269075,28454,28455,912,29367,382
2021-02-26,Modoc,049,8938,340,330,114,444,3
2021-02-26,Mono,051,14174,1181,1191,15,1206,3
2021-02-26,Monterey,053,433212,41960,41607,1663,43270,322
2021-02-26,Napa,055,140530,9072,9014,32,9046,70
2021-02-26,Nevada,057,99092,4020,3952,160,4112,66
2021-02-26,Orange,059,3164182,247205,245278,10117,255395,3918
2021-02-26,Placer,061,380077,20595,19712,1101,20813,239
2021-02-26,Plumas,063,18699,643,628,10,638,4
2021-02-26,Riverside,065,2383286,285696,278772,13265,292037,3653
2021-02-26,Sacramento,067,1510023,94592,93180,1232,94412,1390
2021-02-26,San Benito,069,59416,5739,5759,88,5847,57
2021-02-26,San Bernardino,071,2135413,286136,281132,8479,289611,3461
2021-02-26,San Diego,073,3302833,264277,259641,12874,272515,3271
2021-02-26,San Francisco,075,870044,34203,34213,1050,35263,413
2021-02-26,San Joaquin,077,732212,66885,65492,2713,68205,1070
2021-02-26,San Luis Obispo,079,281455,19715,19359,549,19908,234
2021-02-26,San Mateo,081,765935,39519,38922,402,39324,313
2021-02-26,Santa Barbara,083,443738,32320,31724,1029,32753,410
2021-02-26,Santa Clara,085,1922200,110507,110168,573,110741,1700
2021-02-26,Santa Cruz,087,273765,15432,14528,765,15293,185
2021-02-26,Shasta,089,179085,10956,10972,1214,12186,149
2021-02-26,Sierra,091,2930,51,47,12,59,0
2021-02-26,Siskiyou,093,43540,1503,1401,230,1631,5
2021-02-26,Solano,095,438530,29848,29651,355,30006,165
2021-02-26,Sonoma,097,501317,28063,28063,209,28272,280
2021-02-26,Stanislaus,099,539301,50727,50054,5288,55342,737
2021-02-26,Sutter,101,95872,8830,8806,79,8885,99
2021-02-26,Tehama,103,63373,4605,4581,484,5065,32
2021-02-26,Trinity,105,12862,467,298,76,374,3
2021-02-26,Tulare,107,460477,48282,47135,7877,55012,770
2021-02-26,Tuolumne,109,53932,3839,3896,35,3931,53
2021-02-26,Ventura,111,848112,77950,77534,2746,80280,765
2021-02-26,Yolo,113,214977,12916,12816,141,12957,188
2021-02-26,Yuba,115,75493,5509,5438,88,5526,39
2021-02-25,Alameda,001,1643700,80932,80181,1693,81874,1093
2021-02-25,Alpine,003,1148,80,77,0,77,0
2021-02-25,Amador,005,37829,3464,3448,29,3477,41
2021-02-25,Butte,007,227075,11337,10922,1596,12518,178
2021-02-25,Calaveras,009,45235,1899,1868,11,1879,46
2021-02-25,Colusa,011,21464,1873,1863,262,2125,11
2021-02-25,Contra Costa,013,1133247,63140,61910,1055,62965,686
2021-02-25,Del Norte,015,27424,1006,966,5,971,5
2021-02-25,El Dorado,017,186661,9151,9012,601,9613,98
2021-02-25,Fresno,019,978130,96333,95015,7603,102618,1377
2021-02-25,Glenn,021,27897,2250,2219,488,2707,15
2021-02-25,Humboldt,023,135768,3167,3129,22,3151,30
2021-02-25,Imperial,025,180216,27234,26855,2434,29289,628
2021-02-25,Inyo,027,18085,1300,1264,9,1273,33
2021-02-25,Kern,029,883053,93371,91735,9670,101405,992
2021-02-25,Kings,031,150075,22261,21900,948,22848,216
2021-02-25,Lake,033,64148,3183,3141,6,3147,40
2021-02-25,Lassen,035,31185,5122,5097,94,5191,1
2021-02-25,Los Angeles,037,10098052,1172495,1151846,38524,1190370,20931
2021-02-25,Madera,039,155013,15610,15414,811,16225,194
2021-02-25,Marin,041,260295,13214,13067,159,13226,214
2021-02-25,Mariposa,043,17540,377,375,5,380,4
2021-02-25,Mendocino,045,87422,3636,3542,71,3613,41
2021-02-25,Merced,047,269075,28405,28383,910,29293,382
2021-02-25,Modoc,049,8938,340,329,114,443,3
2021-02-25,Mono,051,14174,1180,1190,15,1205,3
2021-02-25,Monterey,053,433212,41935,41564,1658,43222,321
2021-02-25,Napa,055,140530,9046,8998,32,9030,70
2021-02-25,Nevada,057,99092,4003,3940,159,4099,66
2021-02-25,Orange,059,3164182,247032,245000,10107,255107,3882
2021-02-25,Placer,061,380077,20556,19661,1099,20760,239
2021-02-25,Plumas,063,18699,643,626,10,636,4
2021-02-25,Riverside,065,2383286,285508,278544,13245,291789,3646
2021-02-25,Sacramento,067,1510023,94434,92961,1220,94181,1386
2021-02-25,San Benito,069,59416,5734,5752,88,5840,58
2021-02-25,San Bernardino,071,2135413,285999,280946,8471,289417,3409
2021-02-25,San Diego,073,3302833,263983,258979,12844,271823,3260
2021-02-25,San Francisco,075,870044,34160,34138,1048,35186,408
2021-02-25,San Joaquin,077,732212,66801,65389,2701,68090,1047
2021-02-25,San Luis Obispo,079,281455,19694,19335,547,19882,234
2021-02-25,San Mateo,081,765935,39472,38872,402,39274,300
2021-02-25,Santa Barbara,083,443738,32243,31631,1028,32659,408
2021-02-25,Santa Clara,085,1922200,110342,109923,572,110495,1677
2021-02-25,Santa Cruz,087,273765,15413,14492,764,15256,185
2021-02-25,Shasta,089,179085,10944,10947,1209,12156,148
2021-02-25,Sierra,091,2930,51,47,12,59,0
2021-02-25,Siskiyou,093,43540,1498,1390,227,1617,4
2021-02-25,Solano,095,438530,29816,29616,355,29971,161
2021-02-25,Sonoma,097,501317,28009,28004,206,28210,278
2021-02-25,Stanislaus,099,539301,50636,49964,5278,55242,738
2021-02-25,Sutter,101,95872,8816,8789,78,8867,99
2021-02-25,Tehama,103,63373,4602,4578,482,5060,32
2021-02-25,Trinity,105,12862,467,297,76,373,3
2021-02-25,Tulare,107,460477,48232,47052,7851,54903,765
2021-02-25,Tuolumne,109,53932,3836,3894,35,3929,53
2021-02-25,Ventura,111,848112,77842,77395,2740,80135,751
2021-02-25,Yolo,113,214977,12899,12787,141,12928,188
2021-02-25,Yuba,115,75493,5502,5429,88,5517,39
2021-02-24,Alameda,001,1643700,80812,80070,1689,81759,1082
2021-02-24,Alpine,003,1148,79,77,0,77,0
2021-02-24,Amador,005,37829,3459,3444,29,3473,41
2021-02-24,Butte,007,227075,11324,10915,1592,12507,178
2021-02-24,Calaveras,009,45235,1895,1864,11,1875,31
2021-02-24,Colusa,011,21464,1871,1863,262,2125,11
2021-02-24,Contra Costa,013,1133247,63032,61776,1055,62831,663
2021-02-24,Del Norte,015,27424,1005,960,4,964,5
2021-02-24,El Dorado,017,186661,9138,8993,601,9594,98
2021-02-24,Fresno,019,978130,96185,94794,7587,102381,1369
2021-02-24,Glenn,021,27897,2249,2210,488,2698,14
2021-02-24,Humboldt,023,135768,3155,3123,22,3145,29
2021-02-24,Imperial,025,180216,27221,26843,2429,29272,596
2021-02-24,Inyo,027,18085,1295,1253,9,1262,32
2021-02-24,Kern,029,883053,93238,91525,9654,101179,992
2021-02-24,Kings,031,150075,22236,21871,946,22817,216
2021-02-24,Lake,033,64148,3176,3134,6,3140,40
2021-02-24,Lassen,035,31185,5118,5095,93,5188,1
2021-02-24,Los Angeles,037,10098052,1171732,1150322,38485,1188807,20817
2021-02-24,Madera,039,155013,15583,15390,811,16201,194
2021-02-24,Marin,041,260295,13191,13044,158,13202,214
2021-02-24,Mariposa,043,17540,377,374,5,379,4
2021-02-24,Mendocino,045,87422,3629,3540,71,3611,41
2021-02-24,Merced,047,269075,28367,28295,906,29201,383
2021-02-24,Modoc,049,8938,339,329,114,443,3
2021-02-24,Mono,051,14174,1178,1189,15,1204,3
2021-02-24,Monterey,053,433212,41910,41495,1656,43151,320
2021-02-24,Napa,055,140530,9029,8976,31,9007,70
2021-02-24,Nevada,057,99092,3993,3927,159,4086,66
2021-02-24,Orange,059,3164182,246814,244743,10094,254837,3835
2021-02-24,Placer,061,380077,20517,19648,1093,20741,239
2021-02-24,Plumas,063,18699,641,626,10,636,4
2021-02-24,Riverside,065,2383286,285280,278293,13236,291529,3603
2021-02-24,Sacramento,067,1510023,94280,92742,1215,93957,1375
2021-02-24,San Benito,069,59416,5733,5743,88,5831,57
2021-02-24,San Bernardino,071,2135413,285847,280583,8467,289050,3360
2021-02-24,San Diego,073,3302833,263687,258460,12828,271288,3230
2021-02-24,San Francisco,075,870044,34114,34061,1045,35106,406
2021-02-24,San Joaquin,077,732212,66691,65274,2699,67973,1019
2021-02-24,San Luis Obispo,079,281455,19671,19309,545,19854,233
2021-02-24,San Mateo,081,765935,39435,38763,402,39165,300
2021-02-24,Santa Barbara,083,443738,32191,31563,1025,32588,405
2021-02-24,Santa Clara,085,1922200,110194,109671,571,110242,1674
2021-02-24,Santa Cruz,087,273765,15392,14458,764,15222,185
2021-02-24,Shasta,089,179085,10931,10922,1206,12128,148
2021-02-24,Sierra,091,2930,51,47,12,59,0
2021-02-24,Siskiyou,093,43540,1491,1385,223,1608,4
2021-02-24,Solano,095,438530,29776,29577,353,29930,158
2021-02-24,Sonoma,097,501317,27945,27954,202,28156,278
2021-02-24,Stanislaus,099,539301,50565,49851,5271,55122,732
2021-02-24,Sutter,101,95872,8806,8778,78,8856,99
2021-02-24,Tehama,103,63373,4599,4566,482,5048,31
2021-02-24,Trinity,105,12862,467,294,75,369,3
2021-02-24,Tulare,107,460477,48176,46976,7823,54799,759
2021-02-24,Tuolumne,109,53932,3833,3887,35,3922,53
2021-02-24,Ventura,111,848112,77734,77238,2739,79977,718
2021-02-24,Yolo,113,214977,12886,12760,141,12901,188
2021-02-24,Yuba,115,75493,5491,5425,86,5511,39
2021-02-23,Alameda,001,1643700,80674,79948,1687,81635,1070
2021-02-23,Alpine,003,1148,78,77,0,77,0
2021-02-23,Amador,005,37829,3457,3440,29,3469,41
2021-02-23,Butte,007,227075,11308,10887,1589,12476,176
2021-02-23,Calaveras,009,45235,1894,1863,11,1874,21
2021-02-23,Colusa,011,21464,1868,1862,262,2124,11
2021-02-23,Contra Costa,013,1133247,62898,61613,1052,62665,661
2021-02-23,Del Norte,015,27424,1003,953,4,957,3
2021-02-23,El Dorado,017,186661,9125,8969,601,9570,96
2021-02-23,Fresno,019,978130,96024,94741,7573,102314,1356
2021-02-23,Glenn,021,27897,2247,2209,488,2697,14
2021-02-23,Humboldt,023,135768,3138,3108,22,3130,29
2021-02-23,Imperial,025,180216,27201,26816,2424,29240,591
2021-02-23,Inyo,027,18085,1291,1250,9,1259,32
2021-02-23,Kern,029,883053,93099,91390,9626,101016,982
2021-02-23,Kings,031,150075,22221,21839,942,22781,216
2021-02-23,Lake,033,64148,3168,3121,6,3127,40
2021-02-23,Lassen,035,31185,5115,5092,93,5185,1
2021-02-23,Los Angeles,037,10098052,1170858,1148965,38433,1187398,19887
2021-02-23,Madera,039,155013,15569,15352,805,16157,193
2021-02-23,Marin,041,260295,13171,13015,157,13172,214
2021-02-23,Mariposa,043,17540,377,374,5,379,4
2021-02-23,Mendocino,045,87422,3627,3540,70,3610,41
2021-02-23,Merced,047,269075,28287,28209,899,29108,381
2021-02-23,Modoc,049,8938,338,328,113,441,3
2021-02-23,Mono,051,14174,1178,1189,15,1204,3
2021-02-23,Monterey,053,433212,41871,41439,1651,43090,317
2021-02-23,Napa,055,140530,9017,8967,31,8998,70
2021-02-23,Nevada,057,99092,3985,3912,159,4071,66
2021-02-23,Orange,059,3164182,246616,244566,10076,254642,3843
2021-02-23,Placer,061,380077,20492,19608,1089,20697,238
2021-02-23,Plumas,063,18699,640,626,10,636,4
2021-02-23,Riverside,065,2383286,285043,278075,13222,291297,3599
2021-02-23,Sacramento,067,1510023,94123,92632,1209,93841,1370
2021-02-23,San Benito,069,59416,5727,5731,87,5818,57
2021-02-23,San Bernardino,071,2135413,285659,280279,8462,288741,3283
2021-02-23,San Diego,073,3302833,263310,257802,12798,270600,3218
2021-02-23,San Francisco,075,870044,34066,33994,1044,35038,405
2021-02-23,San Joaquin,077,732212,66591,65141,2692,67833,1004
2021-02-23,San Luis Obispo,079,281455,19642,19233,544,19777,230
2021-02-23,San Mateo,081,765935,39374,38662,402,39064,299
2021-02-23,Santa Barbara,083,443738,32136,31483,1024,32507,402
2021-02-23,Santa Clara,085,1922200,109997,109449,568,110017,1661
2021-02-23,Santa Cruz,087,273765,15363,14435,762,15197,178
2021-02-23,Shasta,089,179085,10919,10903,1202,12105,146
2021-02-23,Sierra,091,2930,51,47,12,59,0
2021-02-23,Siskiyou,093,43540,1486,1380,221,1601,4
2021-02-23,Solano,095,438530,29736,29545,350,29895,154
2021-02-23,Sonoma,097,501317,27902,27882,199,28081,278
2021-02-23,Stanislaus,099,539301,50487,49749,5255,55004,722
2021-02-23,Sutter,101,95872,8793,8766,78,8844,98
2021-02-23,Tehama,103,63373,4593,4556,481,5037,30
2021-02-23,Trinity,105,12862,467,292,74,366,3
2021-02-23,Tulare,107,460477,48098,46937,7790,54727,757
2021-02-23,Tuolumne,109,53932,3829,3864,35,3899,53
2021-02-23,Ventura,111,848112,77618,77093,2730,79823,689
2021-02-23,Yolo,113,214977,12857,12729,141,12870,188
2021-02-23,Yuba,115,75493,5478,5417,85,5502,38
2021-02-22,Alameda,001,1643700,80523,79796,1683,81479,1062
2021-02-22,Alpine,003,1148,78,77,0,77,0
2021-02-22,Amador,005,37829,3452,3438,29,3467,39
2021-02-22,Butte,007,227075,11295,10855,1584,12439,176
2021-02-22,Calaveras,009,45235,1892,1862,11,1873,21
2021-02-22,Colusa,011,21464,1868,1860,262,2122,11
2021-02-22,Contra Costa,013,1133247,62770,61478,1051,62529,661
2021-02-22,Del Norte,015,27424,1002,948,4,952,3
2021-02-22,El Dorado,017,186661,9108,8940,601,9541,96
2021-02-22,Fresno,019,978130,95862,94584,7556,102140,1351
2021-02-22,Glenn,021,27897,2242,2207,486,2693,14
2021-02-22,Humboldt,023,135768,3126,3095,22,3117,29
2021-02-22,Imperial,025,180216,27179,26778,2417,29195,590
2021-02-22,Inyo,027,18085,1286,1248,9,1257,32
2021-02-22,Kern,029,883053,92982,91201,9604,100805,982
2021-02-22,Kings,031,150075,22198,21801,939,22740,214
2021-02-22,Lake,033,64148,3162,3107,6,3113,40
2021-02-22,Lassen,035,31185,5115,5088,92,5180,1
2021-02-22,Los Angeles,037,10098052,1169989,1147541,38375,1185916,19730
2021-02-22,Madera,039,155013,15544,15325,801,16126,193
2021-02-22,Marin,041,260295,13146,12991,154,13145,213
2021-02-22,Mariposa,043,17540,376,374,5,379,4
2021-02-22,Mendocino,045,87422,3621,3535,70,3605,41
2021-02-22,Merced,047,269075,28224,28166,896,29062,379
2021-02-22,Modoc,049,8938,338,329,113,442,3
2021-02-22,Mono,051,14174,1174,1189,15,1204,3
2021-02-22,Monterey,053,433212,41826,41397,1645,43042,311
2021-02-22,Napa,055,140530,8990,8950,31,8981,69
2021-02-22,Nevada,057,99092,3976,3900,157,4057,66
2021-02-22,Orange,059,3164182,246380,244118,10058,254176,3843
2021-02-22,Placer,061,380077,20455,19587,1081,20668,238
2021-02-22,Plumas,063,18699,640,625,10,635,4
2021-02-22,Riverside,065,2383286,284780,277730,13214,290944,3567
2021-02-22,Sacramento,067,1510023,93956,92476,1199,93675,1359
2021-02-22,San Benito,069,59416,5725,5723,87,5810,57
2021-02-22,San Bernardino,071,2135413,285480,279984,8449,288433,3259
2021-02-22,San Diego,073,3302833,262900,257348,12765,270113,3189
2021-02-22,San Francisco,075,870044,34006,33947,1039,34986,405
2021-02-22,San Joaquin,077,732212,66495,65060,2679,67739,1001
2021-02-22,San Luis Obispo,079,281455,19605,19198,542,19740,229
2021-02-22,San Mateo,081,765935,39317,38542,399,38941,282
2021-02-22,Santa Barbara,083,443738,32070,31421,1021,32442,399
2021-02-22,Santa Clara,085,1922200,109788,109213,557,109770,1655
2021-02-22,Santa Cruz,087,273765,15337,14417,762,15179,176
2021-02-22,Shasta,089,179085,10904,10872,1197,12069,145
2021-02-22,Sierra,091,2930,51,47,12,59,0
2021-02-22,Siskiyou,093,43540,1480,1373,220,1593,4
2021-02-22,Solano,095,438530,29697,29508,349,29857,150
2021-02-22,Sonoma,097,501317,27857,27845,198,28043,278
2021-02-22,Stanislaus,099,539301,50385,49630,5237,54867,722
2021-02-22,Sutter,101,95872,8785,8698,78,8776,98
2021-02-22,Tehama,103,63373,4590,4550,480,5030,30
2021-02-22,Trinity,105,12862,467,287,73,360,3
2021-02-22,Tulare,107,460477,48036,46879,7758,54637,751
2021-02-22,Tuolumne,109,53932,3825,3856,35,3891,53
2021-02-22,Ventura,111,848112,77490,76947,2725,79672,677
2021-02-22,Yolo,113,214977,12830,12689,141,12830,183
2021-02-22,Yuba,115,75493,5475,5404,84,5488,38
2021-02-21,Alameda,001,1643700,80331,79649,1678,81327,1061
2021-02-21,Alpine,003,1148,78,77,0,77,0
2021-02-21,Amador,005,37829,3444,3435,29,3464,39
2021-02-21,Butte,007,227075,11277,10855,1582,12437,176
2021-02-21,Calaveras,009,45235,1891,1860,11,1871,21
2021-02-21,Colusa,011,21464,1867,1860,258,2118,11
2021-02-21,Contra Costa,013,1133247,62615,61364,1048,62412,661
2021-02-21,Del Norte,015,27424,996,942,4,946,3
2021-02-21,El Dorado,017,186661,9090,8927,600,9527,96
2021-02-21,Fresno,019,978130,95720,94374,7540,101914,1349
2021-02-21,Glenn,021,27897,2240,2201,484,2685,14
2021-02-21,Humboldt,023,135768,3114,3096,22,3118,29
2021-02-21,Imperial,025,180216,27165,26779,2415,29194,590
2021-02-21,Inyo,027,18085,1280,1232,9,1241,32
2021-02-21,Kern,029,883053,92857,91141,9566,100707,980
2021-02-21,Kings,031,150075,22162,21784,937,22721,213
2021-02-21,Lake,033,64148,3154,3100,6,3106,40
2021-02-21,Lassen,035,31185,5107,5077,92,5169,1
2021-02-21,Los Angeles,037,10098052,1168950,1146756,38328,1185084,19711
2021-02-21,Madera,039,155013,15511,15298,798,16096,192
2021-02-21,Marin,041,260295,13117,12968,154,13122,212
2021-02-21,Mariposa,043,17540,376,373,5,378,4
2021-02-21,Mendocino,045,87422,3616,3535,70,3605,41
2021-02-21,Merced,047,269075,28150,28106,881,28987,379
2021-02-21,Modoc,049,8938,335,329,113,442,3
2021-02-21,Mono,051,14174,1174,1189,15,1204,3
2021-02-21,Monterey,053,433212,41770,41373,1638,43011,309
2021-02-21,Napa,055,140530,8976,8929,31,8960,69
2021-02-21,Nevada,057,99092,3963,3895,157,4052,66
2021-02-21,Orange,059,3164182,246083,243985,10041,254026,3801
2021-02-21,Placer,061,380077,20419,19553,1077,20630,238
2021-02-21,Plumas,063,18699,640,625,10,635,4
2021-02-21,Riverside,065,2383286,284547,277555,13201,290756,3564
2021-02-21,Sacramento,067,1510023,93746,92288,1188,93476,1354
2021-02-21,San Benito,069,59416,5715,5716,84,5800,57
2021-02-21,San Bernardino,071,2135413,285256,279870,8435,288305,3247
2021-02-21,San Diego,073,3302833,262466,257027,12719,269746,3190
2021-02-21,San Francisco,075,870044,33942,33891,1035,34926,405
2021-02-21,San Joaquin,077,732212,66356,64997,2667,67664,1001
2021-02-21,San Luis Obispo,079,281455,19572,19178,540,19718,229
2021-02-21,San Mateo,081,765935,39255,38448,395,38843,282
2021-02-21,Santa Barbara,083,443738,32008,31374,1018,32392,399
2021-02-21,Santa Clara,085,1922200,109562,108992,549,109541,1654
2021-02-21,Santa Cruz,087,273765,15314,14401,761,15162,176
2021-02-21,Shasta,089,179085,10890,10867,1192,12059,145
2021-02-21,Sierra,091,2930,51,47,12,59,0
2021-02-21,Siskiyou,093,43540,1474,1371,220,1591,4
2021-02-21,Solano,095,438530,29642,29471,348,29819,150
2021-02-21,Sonoma,097,501317,27793,27793,191,27984,278
2021-02-21,Stanislaus,099,539301,50272,49527,5223,54750,726
2021-02-21,Sutter,101,95872,8768,8687,77,8764,97
2021-02-21,Tehama,103,63373,4581,4547,480,5027,30
2021-02-21,Trinity,105,12862,465,286,73,359,3
2021-02-21,Tulare,107,460477,47968,46830,7723,54553,749
2021-02-21,Tuolumne,109,53932,3811,3828,35,3863,53
2021-02-21,Ventura,111,848112,77341,76862,2712,79574,677
2021-02-21,Yolo,113,214977,12799,12670,140,12810,183
2021-02-21,Yuba,115,75493,5467,5396,83,5479,38
2021-02-20,Alameda,001,1643700,80240,79496,1673,81169,1055
2021-02-20,Alpine,003,1148,78,77,0,77,0
2021-02-20,Amador,005,37829,3442,3432,29,3461,39
2021-02-20,Butte,007,227075,11269,10838,1581,12419,176
2021-02-20,Calaveras,009,45235,1890,1858,11,1869,21
2021-02-20,Colusa,011,21464,1866,1858,258,2116,11
2021-02-20,Contra Costa,013,1133247,62531,61205,1046,62251,663
2021-02-20,Del Norte,015,27424,992,937,4,941,3
2021-02-20,El Dorado,017,186661,9080,8911,600,9511,96
2021-02-20,Fresno,019,978130,95636,94234,7520,101754,1341
2021-02-20,Glenn,021,27897,2236,2199,483,2682,14
2021-02-20,Humboldt,023,135768,3106,3073,22,3095,29
2021-02-20,Imperial,025,180216,27155,26771,2415,29186,590
2021-02-20,Inyo,027,18085,1276,1226,9,1235,32
2021-02-20,Kern,029,883053,92786,91025,9534,100559,968
2021-02-20,Kings,031,150075,22144,21773,936,22709,212
2021-02-20,Lake,033,64148,3147,3089,6,3095,40
2021-02-20,Lassen,035,31185,5105,5067,92,5159,1
2021-02-20,Los Angeles,037,10098052,1168381,1145594,38287,1183881,19630
2021-02-20,Madera,039,155013,15491,15274,797,16071,191
2021-02-20,Marin,041,260295,13096,12945,152,13097,211
2021-02-20,Mariposa,043,17540,376,372,5,377,4
2021-02-20,Mendocino,045,87422,3614,3533,70,3603,40
2021-02-20,Merced,047,269075,28107,28066,878,28944,379
2021-02-20,Modoc,049,8938,335,328,113,441,3
2021-02-20,Mono,051,14174,1173,1187,15,1202,3
2021-02-20,Monterey,053,433212,41748,41313,1636,42949,309
2021-02-20,Napa,055,140530,8967,8910,31,8941,69
2021-02-20,Nevada,057,99092,3953,3887,156,4043,66
2021-02-20,Orange,059,3164182,245914,243761,10027,253788,3755
2021-02-20,Placer,061,380077,20378,19509,1073,20582,236
2021-02-20,Plumas,063,18699,640,626,10,636,4
2021-02-20,Riverside,065,2383286,284393,277267,13192,290459,3559
2021-02-20,Sacramento,067,1510023,93623,92057,1186,93243,1352
2021-02-20,San Benito,069,59416,5704,5709,84,5793,57
2021-02-20,San Bernardino,071,2135413,285154,279608,8430,288038,3203
2021-02-20,San Diego,073,3302833,262224,256510,12690,269200,3188
2021-02-20,San Francisco,075,870044,33900,33820,1027,34847,399
2021-02-20,San Joaquin,077,732212,66286,64916,2662,67578,1001
2021-02-20,San Luis Obispo,079,281455,19548,19138,539,19677,229
2021-02-20,San Mateo,081,765935,39211,38371,394,38765,282
2021-02-20,Santa Barbara,083,443738,31974,31289,1017,32306,396
2021-02-20,Santa Clara,085,1922200,109384,108728,546,109274,1649
2021-02-20,Santa Cruz,087,273765,15303,14378,759,15137,176
2021-02-20,Shasta,089,179085,10876,10850,1187,12037,146
2021-02-20,Sierra,091,2930,51,47,12,59,0
2021-02-20,Siskiyou,093,43540,1471,1366,220,1586,4
2021-02-20,Solano,095,438530,29628,29440,346,29786,150
2021-02-20,Sonoma,097,501317,27764,27703,189,27892,278
2021-02-20,Stanislaus,099,539301,50221,49445,5209,54654,733
2021-02-20,Sutter,101,95872,8762,8681,77,8758,97
2021-02-20,Tehama,103,63373,4576,4545,480,5025,30
2021-02-20,Trinity,105,12862,464,285,72,357,3
2021-02-20,Tulare,107,460477,47932,46769,7701,54470,739
2021-02-20,Tuolumne,109,53932,3806,3823,35,3858,53
2021-02-20,Ventura,111,848112,77246,76757,2709,79466,671
2021-02-20,Yolo,113,214977,12785,12639,140,12779,183
2021-02-20,Yuba,115,75493,5464,5386,83,5469,38
2021-02-19,Alameda,001,1643700,80139,79318,1669,80987,1047
2021-02-19,Alpine,003,1148,78,77,0,77,0
2021-02-19,Amador,005,37829,3438,3427,29,3456,39
2021-02-19,Butte,007,227075,11255,10823,1574,12397,176
2021-02-19,Calaveras,009,45235,1889,1856,11,1867,21
2021-02-19,Colusa,011,21464,1866,1858,258,2116,11
2021-02-19,Contra Costa,013,1133247,62419,61017,1043,62060,651
2021-02-19,Del Norte,015,27424,987,932,4,936,2
2021-02-19,El Dorado,017,186661,9071,8882,599,9481,96
2021-02-19,Fresno,019,978130,95506,93973,7504,101477,1330
2021-02-19,Glenn,021,27897,2231,2199,482,2681,14
2021-02-19,Humboldt,023,135768,3094,3037,22,3059,29
2021-02-19,Imperial,025,180216,27149,26751,2412,29163,589
2021-02-19,Inyo,027,18085,1271,1212,9,1221,32
2021-02-19,Kern,029,883053,92717,90807,9494,100301,963
2021-02-19,Kings,031,150075,22130,21724,934,22658,211
2021-02-19,Lake,033,64148,3141,3078,6,3084,40
2021-02-19,Lassen,035,31185,5104,5057,92,5149,1
2021-02-19,Los Angeles,037,10098052,1167631,1143828,38247,1182075,19498
2021-02-19,Madera,039,155013,15474,15222,795,16017,188
2021-02-19,Marin,041,260295,13078,12919,151,13070,210
2021-02-19,Mariposa,043,17540,376,371,5,376,4
2021-02-19,Mendocino,045,87422,3612,3526,70,3596,39
2021-02-19,Merced,047,269075,28077,27985,875,28860,376
2021-02-19,Modoc,049,8938,335,328,113,441,3
2021-02-19,Mono,051,14174,1173,1186,15,1201,3
2021-02-19,Monterey,053,433212,41721,41209,1632,42841,309
2021-02-19,Napa,055,140530,8954,8899,31,8930,69
2021-02-19,Nevada,057,99092,3947,3863,156,4019,66
2021-02-19,Orange,059,3164182,245738,243397,10015,253412,3715
2021-02-19,Placer,061,380077,20356,19457,1073,20530,236
2021-02-19,Plumas,063,18699,638,624,10,634,4
2021-02-19,Riverside,065,2383286,284224,276941,13175,290116,3541
2021-02-19,Sacramento,067,1510023,93503,91815,1182,92997,1351
2021-02-19,San Benito,069,59416,5699,5699,84,5783,57
2021-02-19,San Bernardino,071,2135413,285018,279209,8425,287634,3117
2021-02-19,San Diego,073,3302833,261933,255799,12667,268466,3169
2021-02-19,San Francisco,075,870044,33852,33746,1021,34767,387
2021-02-19,San Joaquin,077,732212,66210,64774,2654,67428,988
2021-02-19,San Luis Obispo,079,281455,19517,19061,537,19598,230
2021-02-19,San Mateo,081,765935,39153,38256,392,38648,282
2021-02-19,Santa Barbara,083,443738,31910,31204,1016,32220,392
2021-02-19,Santa Clara,085,1922200,109172,108400,544,108944,1634
2021-02-19,Santa Cruz,087,273765,15288,14354,759,15113,176
2021-02-19,Shasta,089,179085,10865,10833,1184,12017,140
2021-02-19,Sierra,091,2930,51,47,12,59,0
2021-02-19,Siskiyou,093,43540,1467,1363,218,1581,4
2021-02-19,Solano,095,438530,29603,29383,345,29728,150
2021-02-19,Sonoma,097,501317,27717,27595,187,27782,280
2021-02-19,Stanislaus,099,539301,50159,49282,5193,54475,739
2021-02-19,Sutter,101,95872,8752,8665,77,8742,96
2021-02-19,Tehama,103,63373,4574,4535,480,5015,30
2021-02-19,Trinity,105,12862,462,282,70,352,3
2021-02-19,Tulare,107,460477,47887,46662,7676,54338,736
2021-02-19,Tuolumne,109,53932,3799,3817,35,3852,52
2021-02-19,Ventura,111,848112,77167,76582,2706,79288,667
2021-02-19,Yolo,113,214977,12769,12606,140,12746,183
2021-02-19,Yuba,115,75493,5454,5376,83,5459,38
2021-02-18,Alameda,001,1643700,80005,79111,1662,80773,1012
2021-02-18,Alpine,003,1148,78,77,0,77,0
2021-02-18,Amador,005,37829,3434,3417,28,3445,38
2021-02-18,Butte,007,227075,11237,10791,1572,12363,175
2021-02-18,Calaveras,009,45235,1884,1873,11,1884,21
2021-02-18,Colusa,011,21464,1864,1856,256,2112,11
2021-02-18,Contra Costa,013,1133247,62305,60868,1041,61909,640
2021-02-18,Del Norte,015,27424,982,929,4,933,2
2021-02-18,El Dorado,017,186661,9056,8850,598,9448,94
2021-02-18,Fresno,019,978130,95336,93734,7479,101213,1323
2021-02-18,Glenn,021,27897,2225,2195,482,2677,14
2021-02-18,Humboldt,023,135768,3082,3023,22,3045,29
2021-02-18,Imperial,025,180216,27123,26731,2405,29136,591
2021-02-18,Inyo,027,18085,1267,1213,8,1221,32
2021-02-18,Kern,029,883053,92563,90655,9464,100119,961
2021-02-18,Kings,031,150075,22106,21648,933,22581,211
2021-02-18,Lake,033,64148,3136,3066,6,3072,40
2021-02-18,Lassen,035,31185,5095,5052,92,5144,1
2021-02-18,Los Angeles,037,10098052,1166677,1141930,38184,1180114,19358
2021-02-18,Madera,039,155013,15452,15175,790,15965,188
2021-02-18,Marin,041,260295,13065,12895,150,13045,209
2021-02-18,Mariposa,043,17540,375,369,5,374,4
2021-02-18,Mendocino,045,87422,3609,3519,69,3588,39
2021-02-18,Merced,047,269075,28028,27870,869,28739,372
2021-02-18,Modoc,049,8938,333,327,112,439,3
2021-02-18,Mono,051,14174,1173,1182,15,1197,3
2021-02-18,Monterey,053,433212,41663,41091,1623,42714,307
2021-02-18,Napa,055,140530,8937,8877,31,8908,68
2021-02-18,Nevada,057,99092,3938,3836,155,3991,66
2021-02-18,Orange,059,3164182,245515,243098,9998,253096,3673
2021-02-18,Placer,061,380077,20329,19429,1072,20501,232
2021-02-18,Plumas,063,18699,638,624,10,634,4
2021-02-18,Riverside,065,2383286,283936,276595,13154,289749,3510
2021-02-18,Sacramento,067,1510023,93341,91476,1176,92652,1334
2021-02-18,San Benito,069,59416,5696,5697,83,5780,58
2021-02-18,San Bernardino,071,2135413,284808,278887,8411,287298,3066
2021-02-18,San Diego,073,3302833,261578,254987,12644,267631,3135
2021-02-18,San Francisco,075,870044,33794,33650,1018,34668,386
2021-02-18,San Joaquin,077,732212,66127,64634,2644,67278,982
2021-02-18,San Luis Obispo,079,281455,19475,18987,534,19521,230
2021-02-18,San Mateo,081,765935,39091,38185,388,38573,282
2021-02-18,Santa Barbara,083,443738,31832,31054,1009,32063,387
2021-02-18,Santa Clara,085,1922200,108947,108210,541,108751,1605
2021-02-18,Santa Cruz,087,273765,15262,14314,759,15073,176
2021-02-18,Shasta,089,179085,10847,10811,1181,11992,139
2021-02-18,Sierra,091,2930,50,47,12,59,0
2021-02-18,Siskiyou,093,43540,1462,1359,217,1576,4
2021-02-18,Solano,095,438530,29577,29349,344,29693,150
2021-02-18,Sonoma,097,501317,27650,27512,186,27698,281
2021-02-18,Stanislaus,099,539301,50059,49150,5176,54326,738
2021-02-18,Sutter,101,95872,8744,8654,77,8731,96
2021-02-18,Tehama,103,63373,4571,4528,480,5008,30
2021-02-18,Trinity,105,12862,461,282,70,352,3
2021-02-18,Tulare,107,460477,47824,46591,7637,54228,728
2021-02-18,Tuolumne,109,53932,3762,3811,35,3846,52
2021-02-18,Ventura,111,848112,77035,76442,2698,79140,659
2021-02-18,Yolo,113,214977,12743,12549,140,12689,183
2021-02-18,Yuba,115,75493,5437,5358,83,5441,38
2021-02-17,Alameda,001,1643700,79843,78895,1660,80555,1002
2021-02-17,Alpine,003,1148,78,77,0,77,0
2021-02-17,Amador,005,37829,3430,3415,28,3443,38
2021-02-17,Butte,007,227075,11219,10770,1568,12338,174
2021-02-17,Calaveras,009,45235,1884,1876,11,1887,21
2021-02-17,Colusa,011,21464,1861,1854,256,2110,10
2021-02-17,Contra Costa,013,1133247,62167,60723,1038,61761,635
2021-02-17,Del Norte,015,27424,975,920,4,924,2
2021-02-17,El Dorado,017,186661,9045,8847,598,9445,94
2021-02-17,Fresno,019,978130,95197,93555,7452,101007,1307
2021-02-17,Glenn,021,27897,2224,2189,481,2670,14
2021-02-17,Humboldt,023,135768,3067,3006,22,3028,29
2021-02-17,Imperial,025,180216,27109,26726,2401,29127,580
2021-02-17,Inyo,027,18085,1259,1197,8,1205,32
2021-02-17,Kern,029,883053,92445,90454,9420,99874,962
2021-02-17,Kings,031,150075,22068,21617,929,22546,211
2021-02-17,Lake,033,64148,3126,3057,2,3059,38
2021-02-17,Lassen,035,31185,5090,5052,91,5143,1
2021-02-17,Los Angeles,037,10098052,1165621,1139786,38121,1177907,19213
2021-02-17,Madera,039,155013,15427,15135,781,15916,177
2021-02-17,Marin,041,260295,13040,12881,150,13031,207
2021-02-17,Mariposa,043,17540,375,368,4,372,4
2021-02-17,Mendocino,045,87422,3607,3494,68,3562,39
2021-02-17,Merced,047,269075,27973,27824,860,28684,372
2021-02-17,Modoc,049,8938,333,327,112,439,3
2021-02-17,Mono,051,14174,1173,1180,15,1195,3
2021-02-17,Monterey,053,433212,41608,41014,1612,42626,304
2021-02-17,Napa,055,140530,8923,8865,31,8896,68
2021-02-17,Nevada,057,99092,3919,3822,152,3974,52
2021-02-17,Orange,059,3164182,245253,242716,9965,252681,3626
2021-02-17,Placer,061,380077,20295,19405,1068,20473,230
2021-02-17,Plumas,063,18699,637,623,10,633,4
2021-02-17,Riverside,065,2383286,283647,276289,13133,289422,3491
2021-02-17,Sacramento,067,1510023,93182,91309,1169,92478,1326
2021-02-17,San Benito,069,59416,5690,5661,83,5744,57
2021-02-17,San Bernardino,071,2135413,284605,278461,8391,286852,3020
2021-02-17,San Diego,073,3302833,261200,254177,12623,266800,3099
2021-02-17,San Francisco,075,870044,33718,33558,1013,34571,379
2021-02-17,San Joaquin,077,732212,66021,64556,2638,67194,979
2021-02-17,San Luis Obispo,079,281455,19430,18964,534,19498,230
2021-02-17,San Mateo,081,765935,39027,38124,388,38512,282
2021-02-17,Santa Barbara,083,443738,31764,30927,1008,31935,384
2021-02-17,Santa Clara,085,1922200,108715,107949,539,108488,1592
2021-02-17,Santa Cruz,087,273765,15229,14268,756,15024,174
2021-02-17,Shasta,089,179085,10827,10770,1180,11950,139
2021-02-17,Sierra,091,2930,50,47,12,59,0
2021-02-17,Siskiyou,093,43540,1456,1352,214,1566,4
2021-02-17,Solano,095,438530,29520,29288,344,29632,149
2021-02-17,Sonoma,097,501317,27578,27408,181,27589,281
2021-02-17,Stanislaus,099,539301,49946,49050,5160,54210,730
2021-02-17,Sutter,101,95872,8734,8681,77,8758,95
2021-02-17,Tehama,103,63373,4568,4511,480,4991,30
2021-02-17,Trinity,105,12862,461,277,68,345,3
2021-02-17,Tulare,107,460477,47759,46495,7612,54107,726
2021-02-17,Tuolumne,109,53932,3753,3806,35,3841,49
2021-02-17,Ventura,111,848112,76913,76234,2692,78926,646
2021-02-17,Yolo,113,214977,12724,12506,138,12644,182
2021-02-17,Yuba,115,75493,5428,5345,83,5428,38
2021-02-16,Alameda,001,1643700,79673,78756,1657,80413,997
2021-02-16,Alpine,003,1148,78,76,0,76,0
2021-02-16,Amador,005,37829,3423,3413,28,3441,39
2021-02-16,Butte,007,227075,11193,10748,1565,12313,164
2021-02-16,Calaveras,009,45235,1882,1872,11,1883,21
2021-02-16,Colusa,011,21464,1858,1852,254,2106,10
2021-02-16,Contra Costa,013,1133247,62016,60564,1033,61597,631
2021-02-16,Del Norte,015,27424,967,913,4,917,2
2021-02-16,El Dorado,017,186661,9035,8836,596,9432,94
2021-02-16,Fresno,019,978130,95032,93363,7422,100785,1293
2021-02-16,Glenn,021,27897,2220,2189,477,2666,14
2021-02-16,Humboldt,023,135768,3044,2994,21,3015,29
2021-02-16,Imperial,025,180216,27096,26711,2397,29108,580
2021-02-16,Inyo,027,18085,1251,1191,8,1199,32
2021-02-16,Kern,029,883053,92313,90267,9390,99657,959
2021-02-16,Kings,031,150075,22022,21583,925,22508,206
2021-02-16,Lake,033,64148,3119,3041,2,3043,38
2021-02-16,Lassen,035,31185,5078,5047,91,5138,1
2021-02-16,Los Angeles,037,10098052,1164368,1138262,38060,1176322,19044
2021-02-16,Madera,039,155013,15389,15120,776,15896,172
2021-02-16,Marin,041,260295,13012,12832,150,12982,205
2021-02-16,Mariposa,043,17540,375,367,4,371,4
2021-02-16,Mendocino,045,87422,3603,3489,68,3557,39
2021-02-16,Merced,047,269075,27892,27724,854,28578,368
2021-02-16,Modoc,049,8938,333,326,112,438,3
2021-02-16,Mono,051,14174,1173,1180,15,1195,3
2021-02-16,Monterey,053,433212,41532,40962,1603,42565,303
2021-02-16,Napa,055,140530,8910,8854,31,8885,66
2021-02-16,Nevada,057,99092,3906,3774,151,3925,47
2021-02-16,Orange,059,3164182,244931,242382,9949,252331,3612
2021-02-16,Placer,061,380077,20262,19367,1065,20432,230
2021-02-16,Plumas,063,18699,637,619,10,629,4
2021-02-16,Riverside,065,2383286,283343,275954,13111,289065,3471
2021-02-16,Sacramento,067,1510023,92928,91246,1163,92409,1305
2021-02-16,San Benito,069,59416,5682,5659,82,5741,56
2021-02-16,San Bernardino,071,2135413,284381,277947,8382,286329,2978
2021-02-16,San Diego,073,3302833,260735,253638,12584,266222,3042
2021-02-16,San Francisco,075,870044,33647,33491,1008,34499,373
2021-02-16,San Joaquin,077,732212,65891,64448,2635,67083,979
2021-02-16,San Luis Obispo,079,281455,19385,18925,531,19456,229
2021-02-16,San Mateo,081,765935,38968,38041,386,38427,277
2021-02-16,Santa Barbara,083,443738,31690,30865,1005,31870,378
2021-02-16,Santa Clara,085,1922200,108463,107754,536,108290,1591
2021-02-16,Santa Cruz,087,273765,15209,14256,755,15011,174
2021-02-16,Shasta,089,179085,10812,10736,1178,11914,139
2021-02-16,Sierra,091,2930,50,47,12,59,0
2021-02-16,Siskiyou,093,43540,1452,1351,214,1565,4
2021-02-16,Solano,095,438530,29482,29246,343,29589,148
2021-02-16,Sonoma,097,501317,27519,27380,175,27555,279
2021-02-16,Stanislaus,099,539301,49822,48927,5146,54073,716
2021-02-16,Sutter,101,95872,8711,8671,77,8748,95
2021-02-16,Tehama,103,63373,4559,4501,478,4979,30
2021-02-16,Trinity,105,12862,457,275,68,343,3
2021-02-16,Tulare,107,460477,47695,46444,7569,54013,716
2021-02-16,Tuolumne,109,53932,3751,3796,35,3831,49
2021-02-16,Ventura,111,848112,76771,76043,2689,78732,631
2021-02-16,Yolo,113,214977,12695,12457,138,12595,175
2021-02-16,Yuba,115,75493,5421,5332,82,5414,38
2021-02-15,Alameda,001,1643700,79477,78647,1646,80293,996
2021-02-15,Alpine,003,1148,78,76,0,76,0
2021-02-15,Amador,005,37829,3419,3409,28,3437,39
2021-02-15,Butte,007,227075,11175,10723,1561,12284,155
2021-02-15,Calaveras,009,45235,1878,1871,11,1882,21
2021-02-15,Colusa,011,21464,1858,1849,250,2099,10
2021-02-15,Contra Costa,013,1133247,61845,60444,1028,61472,631
2021-02-15,Del Norte,015,27424,963,913,4,917,2
2021-02-15,El Dorado,017,186661,9018,8816,596,9412,94
2021-02-15,Fresno,019,978130,94833,93231,7383,100614,1288
2021-02-15,Glenn,021,27897,2218,2185,476,2661,14
2021-02-15,Humboldt,023,135768,3037,2997,21,3018,29
2021-02-15,Imperial,025,180216,27076,26700,2394,29094,580
2021-02-15,Inyo,027,18085,1232,1184,8,1192,32
2021-02-15,Kern,029,883053,92169,90181,9360,99541,959
2021-02-15,Kings,031,150075,21977,21574,921,22495,205
2021-02-15,Lake,033,64148,3105,3030,1,3031,38
2021-02-15,Lassen,035,31185,5076,5047,90,5137,1
2021-02-15,Los Angeles,037,10098052,1162980,1137164,37997,1175161,18925
2021-02-15,Madera,039,155013,15358,15108,774,15882,106
2021-02-15,Marin,041,260295,12991,12810,147,12957,203
2021-02-15,Mariposa,043,17540,373,367,4,371,4
2021-02-15,Mendocino,045,87422,3591,3481,68,3549,39
2021-02-15,Merced,047,269075,27818,27656,847,28503,368
2021-02-15,Modoc,049,8938,333,326,112,438,3
2021-02-15,Mono,051,14174,1170,1178,15,1193,3
2021-02-15,Monterey,053,433212,41468,40911,1591,42502,302
2021-02-15,Napa,055,140530,8896,8837,31,8868,57
2021-02-15,Nevada,057,99092,3889,3767,150,3917,47
2021-02-15,Orange,059,3164182,244612,242176,9921,252097,3586
2021-02-15,Placer,061,380077,20236,19361,1064,20425,230
2021-02-15,Plumas,063,18699,637,620,10,630,4
2021-02-15,Riverside,065,2383286,282990,275771,13092,288863,3468
2021-02-15,Sacramento,067,1510023,92601,91091,1158,92249,1304
2021-02-15,San Benito,069,59416,5676,5649,82,5731,56
2021-02-15,San Bernardino,071,2135413,284130,277869,8374,286243,2945
2021-02-15,San Diego,073,3302833,260222,252940,12553,265493,3037
2021-02-15,San Francisco,075,870044,33574,33454,1002,34456,373
2021-02-15,San Joaquin,077,732212,65726,64382,2628,67010,979
2021-02-15,San Luis Obispo,079,281455,19332,18891,529,19420,227
2021-02-15,San Mateo,081,765935,38889,37969,383,38352,277
2021-02-15,Santa Barbara,083,443738,31587,30810,1002,31812,378
2021-02-15,Santa Clara,085,1922200,108233,107630,534,108164,1588
2021-02-15,Santa Cruz,087,273765,15177,14239,752,14991,175
2021-02-15,Shasta,089,179085,10792,10730,1173,11903,139
2021-02-15,Sierra,091,2930,50,47,12,59,0
2021-02-15,Siskiyou,093,43540,1444,1345,213,1558,4
2021-02-15,Solano,095,438530,29427,29225,343,29568,148
2021-02-15,Sonoma,097,501317,27435,27359,171,27530,276
2021-02-15,Stanislaus,099,539301,49695,48808,5133,53941,716
2021-02-15,Sutter,101,95872,8696,8652,77,8729,95
2021-02-15,Tehama,103,63373,4550,4492,477,4969,30
2021-02-15,Trinity,105,12862,456,274,68,342,3
2021-02-15,Tulare,107,460477,47624,46344,7530,53874,715
2021-02-15,Tuolumne,109,53932,3741,3794,35,3829,49
2021-02-15,Ventura,111,848112,76616,75889,2686,78575,629
2021-02-15,Yolo,113,214977,12660,12412,137,12549,175
2021-02-15,Yuba,115,75493,5404,5320,81,5401,38
2021-02-14,Alameda,001,1643700,79326,78442,1645,80087,995
2021-02-14,Alpine,003,1148,78,76,0,76,0
2021-02-14,Amador,005,37829,3414,3398,28,3426,39
2021-02-14,Butte,007,227075,11151,10717,1558,12275,155
2021-02-14,Calaveras,009,45235,1874,1866,11,1877,21
2021-02-14,Colusa,011,21464,1854,1845,247,2092,10
2021-02-14,Contra Costa,013,1133247,61695,60272,1025,61297,631
2021-02-14,Del Norte,015,27424,959,911,4,915,2
2021-02-14,El Dorado,017,186661,8987,8790,595,9385,94
2021-02-14,Fresno,019,978130,94662,93065,7360,100425,1287
2021-02-14,Glenn,021,27897,2215,2184,476,2660,14
2021-02-14,Humboldt,023,135768,3024,2992,21,3013,29
2021-02-14,Imperial,025,180216,27069,26696,2393,29089,580
2021-02-14,Inyo,027,18085,1226,1177,8,1185,32
2021-02-14,Kern,029,883053,92009,90038,9307,99345,959
2021-02-14,Kings,031,150075,21951,21538,919,22457,205
2021-02-14,Lake,033,64148,3094,3030,1,3031,38
2021-02-14,Lassen,035,31185,5072,5037,90,5127,1
2021-02-14,Los Angeles,037,10098052,1161633,1135450,37915,1173365,18898
2021-02-14,Madera,039,155013,15326,15089,770,15859,106
2021-02-14,Marin,041,260295,12967,12784,147,12931,201
2021-02-14,Mariposa,043,17540,373,365,4,369,4
2021-02-14,Mendocino,045,87422,3585,3475,68,3543,39
2021-02-14,Merced,047,269075,27736,27601,842,28443,368
2021-02-14,Modoc,049,8938,333,326,112,438,3
2021-02-14,Mono,051,14174,1169,1180,15,1195,3
2021-02-14,Monterey,053,433212,41417,40842,1586,42428,302
2021-02-14,Napa,055,140530,8876,8826,31,8857,57
2021-02-14,Nevada,057,99092,3873,3761,150,3911,47
2021-02-14,Orange,059,3164182,244299,241859,9903,251762,3564
2021-02-14,Placer,061,380077,20197,19313,1059,20372,230
2021-02-14,Plumas,063,18699,636,620,10,630,4
2021-02-14,Riverside,065,2383286,282659,275518,13073,288591,3471
2021-02-14,Sacramento,067,1510023,92394,90856,1154,92010,1304
2021-02-14,San Benito,069,59416,5667,5641,81,5722,56
2021-02-14,San Bernardino,071,2135413,283824,277664,8354,286018,2929
2021-02-14,San Diego,073,3302833,259730,252247,12506,264753,3037
2021-02-14,San Francisco,075,870044,33500,33374,994,34368,372
2021-02-14,San Joaquin,077,732212,65628,64243,2614,66857,979
2021-02-14,San Luis Obispo,079,281455,19294,18868,526,19394,225
2021-02-14,San Mateo,081,765935,38804,37859,383,38242,277
2021-02-14,Santa Barbara,083,443738,31495,30744,998,31742,377
2021-02-14,Santa Clara,085,1922200,108034,107412,530,107942,1582
2021-02-14,Santa Cruz,087,273765,15149,14225,747,14972,175
2021-02-14,Shasta,089,179085,10760,10720,1169,11889,139
2021-02-14,Sierra,091,2930,50,47,12,59,0
2021-02-14,Siskiyou,093,43540,1440,1340,213,1553,4
2021-02-14,Solano,095,438530,29385,29150,340,29490,148
2021-02-14,Sonoma,097,501317,27360,27266,169,27435,276
2021-02-14,Stanislaus,099,539301,49585,48672,5118,53790,716
2021-02-14,Sutter,101,95872,8673,8642,77,8719,95
2021-02-14,Tehama,103,63373,4544,4490,474,4964,30
2021-02-14,Trinity,105,12862,456,272,68,340,3
2021-02-14,Tulare,107,460477,47539,46263,7481,53744,715
2021-02-14,Tuolumne,109,53932,3740,3764,35,3799,49
2021-02-14,Ventura,111,848112,76447,75742,2675,78417,629
2021-02-14,Yolo,113,214977,12631,12399,136,12535,175
2021-02-14,Yuba,115,75493,5394,5314,81,5395,38
2021-02-13,Alameda,001,1643700,79204,78246,1642,79888,995
2021-02-13,Alpine,003,1148,78,76,0,76,0
2021-02-13,Amador,005,37829,3411,3387,28,3415,38
2021-02-13,Butte,007,227075,11135,10699,1556,12255,155
2021-02-13,Calaveras,009,45235,1871,1863,11,1874,21
2021-02-13,Colusa,011,21464,1854,1837,247,2084,10
2021-02-13,Contra Costa,013,1133247,61574,60100,1025,61125,629
2021-02-13,Del Norte,015,27424,957,908,4,912,2
2021-02-13,El Dorado,017,186661,8975,8758,594,9352,93
2021-02-13,Fresno,019,978130,94548,92807,7338,100145,1287
2021-02-13,Glenn,021,27897,2214,2182,474,2656,14
2021-02-13,Humboldt,023,135768,3011,2974,20,2994,29
2021-02-13,Imperial,025,180216,27062,26680,2391,29071,580
2021-02-13,Inyo,027,18085,1222,1168,8,1176,32
2021-02-13,Kern,029,883053,91920,89915,9281,99196,957
2021-02-13,Kings,031,150075,21936,21513,917,22430,205
2021-02-13,Lake,033,64148,3085,3025,1,3026,37
2021-02-13,Lassen,035,31185,5069,5028,90,5118,1
2021-02-13,Los Angeles,037,10098052,1160775,1133752,37867,1171619,18822
2021-02-13,Madera,039,155013,15317,15053,766,15819,106
2021-02-13,Marin,041,260295,12943,12757,147,12904,201
2021-02-13,Mariposa,043,17540,373,365,4,369,4
2021-02-13,Mendocino,045,87422,3575,3466,68,3534,38
2021-02-13,Merced,047,269075,27692,27541,839,28380,368
2021-02-13,Modoc,049,8938,333,325,112,437,3
2021-02-13,Mono,051,14174,1169,1176,15,1191,3
2021-02-13,Monterey,053,433212,41385,40731,1585,42316,301
2021-02-13,Napa,055,140530,8867,8809,31,8840,57
2021-02-13,Nevada,057,99092,3864,3742,149,3891,47
2021-02-13,Orange,059,3164182,244093,241545,9884,251429,3520
2021-02-13,Placer,061,380077,20177,19214,1059,20273,230
2021-02-13,Plumas,063,18699,636,616,10,626,4
2021-02-13,Riverside,065,2383286,282430,275276,13064,288340,3462
2021-02-13,Sacramento,067,1510023,92227,90401,1151,91552,1302
2021-02-13,San Benito,069,59416,5650,5633,81,5714,56
2021-02-13,San Bernardino,071,2135413,283672,277405,8341,285746,2899
2021-02-13,San Diego,073,3302833,259398,251679,12494,264173,3009
2021-02-13,San Francisco,075,870044,33450,33291,984,34275,364
2021-02-13,San Joaquin,077,732212,65559,64105,2604,66709,977
2021-02-13,San Luis Obispo,079,281455,19266,18803,520,19323,225
2021-02-13,San Mateo,081,765935,38751,37745,383,38128,277
2021-02-13,Santa Barbara,083,443738,31443,30594,997,31591,374
2021-02-13,Santa Clara,085,1922200,107845,107125,526,107651,1570
2021-02-13,Santa Cruz,087,273765,15122,14198,746,14944,173
2021-02-13,Shasta,089,179085,10747,10713,1164,11877,139
2021-02-13,Sierra,091,2930,50,47,12,59,0
2021-02-13,Siskiyou,093,43540,1437,1336,213,1549,4
2021-02-13,Solano,095,438530,29349,29084,340,29424,148
2021-02-13,Sonoma,097,501317,27312,27157,167,27324,276
2021-02-13,Stanislaus,099,539301,49514,48568,5112,53680,697
2021-02-13,Sutter,101,95872,8661,8626,77,8703,94
2021-02-13,Tehama,103,63373,4534,4484,473,4957,30
2021-02-13,Trinity,105,12862,455,272,67,339,3
2021-02-13,Tulare,107,460477,47488,46162,7450,53612,709
2021-02-13,Tuolumne,109,53932,3739,3752,35,3787,49
2021-02-13,Ventura,111,848112,76307,75481,2669,78150,618
2021-02-13,Yolo,113,214977,12618,12374,135,12509,175
2021-02-13,Yuba,115,75493,5386,5289,81,5370,38
2021-02-12,Alameda,001,1643700,79055,77958,1636,79594,974
2021-02-12,Alpine,003,1148,78,76,0,76,0
2021-02-12,Amador,005,37829,3407,3381,28,3409,38
2021-02-12,Butte,007,227075,11122,10655,1549,12204,155
2021-02-12,Calaveras,009,45235,1868,1860,11,1871,21
2021-02-12,Colusa,011,21464,1854,1836,247,2083,10
2021-02-12,Contra Costa,013,1133247,61424,59878,1021,60899,620
2021-02-12,Del Norte,015,27424,947,901,4,905,2
2021-02-12,El Dorado,017,186661,8959,8725,591,9316,92
2021-02-12,Fresno,019,978130,94394,92520,7318,99838,1273
2021-02-12,Glenn,021,27897,2211,2175,474,2649,14
2021-02-12,Humboldt,023,135768,3003,2961,20,2981,29
2021-02-12,Imperial,025,180216,27054,26646,2388,29034,585
2021-02-12,Inyo,027,18085,1216,1156,8,1164,32
2021-02-12,Kern,029,883053,91806,89532,9249,98781,949
2021-02-12,Kings,031,150075,21904,21462,912,22374,202
2021-02-12,Lake,033,64148,3080,3012,1,3013,36
2021-02-12,Lassen,035,31185,5067,5015,90,5105,1
2021-02-12,Los Angeles,037,10098052,1159566,1131185,37798,1168983,18637
2021-02-12,Madera,039,155013,15290,15022,763,15785,106
2021-02-12,Marin,041,260295,12917,12720,147,12867,200
2021-02-12,Mariposa,043,17540,372,365,4,369,4
2021-02-12,Mendocino,045,87422,3573,3447,68,3515,38
2021-02-12,Merced,047,269075,27641,27453,836,28289,367
2021-02-12,Modoc,049,8938,333,324,112,436,3
2021-02-12,Mono,051,14174,1168,1172,15,1187,3
2021-02-12,Monterey,053,433212,41337,40633,1576,42209,297
2021-02-12,Napa,055,140530,8855,8785,31,8816,55
2021-02-12,Nevada,057,99092,3859,3728,149,3877,47
2021-02-12,Orange,059,3164182,243854,241075,9869,250944,3505
2021-02-12,Placer,061,380077,20135,19174,1054,20228,230
2021-02-12,Plumas,063,18699,635,614,10,624,4
2021-02-12,Riverside,065,2383286,282152,274792,13049,287841,3438
2021-02-12,Sacramento,067,1510023,92025,90252,1150,91402,1295
2021-02-12,San Benito,069,59416,5634,5622,80,5702,56
2021-02-12,San Bernardino,071,2135413,283482,276890,8330,285220,2827
2021-02-12,San Diego,073,3302833,259010,250788,12468,263256,2979
2021-02-12,San Francisco,075,870044,33390,33179,980,34159,359
2021-02-12,San Joaquin,077,732212,65463,63966,2596,66562,975
2021-02-12,San Luis Obispo,079,281455,19225,18687,519,19206,224
2021-02-12,San Mateo,081,765935,38679,37560,383,37943,254
2021-02-12,Santa Barbara,083,443738,31372,30454,992,31446,372
2021-02-12,Santa Clara,085,1922200,107673,106759,523,107282,1543
2021-02-12,Santa Cruz,087,273765,15102,14147,746,14893,170
2021-02-12,Shasta,089,179085,10729,10693,1154,11847,142
2021-02-12,Sierra,091,2930,49,45,12,57,0
2021-02-12,Siskiyou,093,43540,1433,1324,210,1534,4
2021-02-12,Solano,095,438530,29317,28996,337,29333,147
2021-02-12,Sonoma,097,501317,27257,27064,163,27227,275
2021-02-12,Stanislaus,099,539301,49426,48418,5090,53508,697
2021-02-12,Sutter,101,95872,8648,8609,77,8686,93
2021-02-12,Tehama,103,63373,4527,4470,472,4942,27
2021-02-12,Trinity,105,12862,455,269,67,336,3
2021-02-12,Tulare,107,460477,47410,46016,7424,53440,710
2021-02-12,Tuolumne,109,53932,3736,3736,34,3770,49
2021-02-12,Ventura,111,848112,76137,75210,2663,77873,605
2021-02-12,Yolo,113,214977,12597,12340,135,12475,175
2021-02-12,Yuba,115,75493,5378,5274,81,5355,38
2021-02-11,Alameda,001,1643700,78826,77564,1631,79195,960
2021-02-11,Alpine,003,1148,77,76,0,76,0
2021-02-11,Amador,005,37829,3403,3368,28,3396,35
2021-02-11,Butte,007,227075,11099,10624,1548,12172,155
2021-02-11,Calaveras,009,45235,1865,1856,11,1867,21
2021-02-11,Colusa,011,21464,1849,1823,245,2068,10
2021-02-11,Contra Costa,013,1133247,61257,59633,1017,60650,605
2021-02-11,Del Norte,015,27424,942,894,4,898,2
2021-02-11,El Dorado,017,186661,8938,8698,591,9289,92
2021-02-11,Fresno,019,978130,94241,92168,7295,99463,1255
2021-02-11,Glenn,021,27897,2206,2166,473,2639,14
2021-02-11,Humboldt,023,135768,2990,2954,19,2973,29
2021-02-11,Imperial,025,180216,27030,26545,2386,28931,578
2021-02-11,Inyo,027,18085,1207,1144,8,1152,32
2021-02-11,Kern,029,883053,91615,89224,9206,98430,941
2021-02-11,Kings,031,150075,21874,21373,909,22282,202
2021-02-11,Lake,033,64148,3070,3002,1,3003,36
2021-02-11,Lassen,035,31185,5056,5004,87,5091,1
2021-02-11,Los Angeles,037,10098052,1157937,1128437,37730,1166167,18500
2021-02-11,Madera,039,155013,15269,14984,761,15745,106
2021-02-11,Marin,041,260295,12880,12682,147,12829,200
2021-02-11,Mariposa,043,17540,372,361,4,365,4
2021-02-11,Mendocino,045,87422,3566,3420,68,3488,38
2021-02-11,Merced,047,269075,27575,27325,832,28157,363
2021-02-11,Modoc,049,8938,332,317,112,429,3
2021-02-11,Mono,051,14174,1164,1173,15,1188,3
2021-02-11,Monterey,053,433212,41231,40469,1570,42039,295
2021-02-11,Napa,055,140530,8834,8777,31,8808,55
2021-02-11,Nevada,057,99092,3843,3720,149,3869,47
2021-02-11,Orange,059,3164182,243487,240590,9845,250435,3476
2021-02-11,Placer,061,380077,20095,19118,1053,20171,224
2021-02-11,Plumas,063,18699,634,592,10,602,4
2021-02-11,Riverside,065,2383286,281786,274313,13034,287347,3394
2021-02-11,Sacramento,067,1510023,91782,89988,1144,91132,1286
2021-02-11,San Benito,069,59416,5625,5609,80,5689,56
2021-02-11,San Bernardino,071,2135413,283183,276349,8316,284665,2774
2021-02-11,San Diego,073,3302833,258457,249971,12434,262405,2955
2021-02-11,San Francisco,075,870044,33306,33076,971,34047,356
2021-02-11,San Joaquin,077,732212,65295,63719,2586,66305,971
2021-02-11,San Luis Obispo,079,281455,19160,18615,515,19130,219
2021-02-11,San Mateo,081,765935,38588,37439,381,37820,253
2021-02-11,Santa Barbara,083,443738,31274,30375,987,31362,370
2021-02-11,Santa Clara,085,1922200,107413,106392,518,106910,1507
2021-02-11,Santa Cruz,087,273765,15079,14088,741,14829,165
2021-02-11,Shasta,089,179085,10705,10672,1150,11822,140
2021-02-11,Sierra,091,2930,49,45,12,57,0
2021-02-11,Siskiyou,093,43540,1418,1320,210,1530,4
2021-02-11,Solano,095,438530,29264,28885,337,29222,138
2021-02-11,Sonoma,097,501317,27172,26971,160,27131,272
2021-02-11,Stanislaus,099,539301,49281,48205,5078,53283,697
2021-02-11,Sutter,101,95872,8634,8590,76,8666,93
2021-02-11,Tehama,103,63373,4521,4463,472,4935,26
2021-02-11,Trinity,105,12862,455,269,67,336,3
2021-02-11,Tulare,107,460477,47315,45897,7384,53281,706
2021-02-11,Tuolumne,109,53932,3699,3716,34,3750,48
2021-02-11,Ventura,111,848112,75935,74959,2654,77613,590
2021-02-11,Yolo,113,214977,12573,12303,133,12436,173
2021-02-11,Yuba,115,75493,5364,5261,80,5341,38
2021-02-10,Alameda,001,1643700,78623,77344,1630,78974,944
2021-02-10,Alpine,003,1148,77,76,0,76,0
2021-02-10,Amador,005,37829,3391,3348,28,3376,35
2021-02-10,Butte,007,227075,11071,10594,1547,12141,155
2021-02-10,Calaveras,009,45235,1863,1850,11,1861,21
2021-02-10,Colusa,011,21464,1842,1815,243,2058,10
2021-02-10,Contra Costa,013,1133247,61082,59488,1015,60503,590
2021-02-10,Del Norte,015,27424,936,888,4,892,2
2021-02-10,El Dorado,017,186661,8907,8682,587,9269,87
2021-02-10,Fresno,019,978130,94066,91876,7270,99146,1247
2021-02-10,Glenn,021,27897,2202,2160,471,2631,14
2021-02-10,Humboldt,023,135768,2982,2924,19,2943,29
2021-02-10,Imperial,025,180216,26992,26522,2383,28905,578
2021-02-10,Inyo,027,18085,1195,1138,8,1146,30
2021-02-10,Kern,029,883053,91409,88933,9152,98085,926
2021-02-10,Kings,031,150075,21831,21294,907,22201,197
2021-02-10,Lake,033,64148,3057,2975,1,2976,36
2021-02-10,Lassen,035,31185,5052,4993,87,5080,1
2021-02-10,Los Angeles,037,10098052,1156190,1125437,37602,1163039,18338
2021-02-10,Madera,039,155013,15230,14925,759,15684,105
2021-02-10,Marin,041,260295,12843,12651,147,12798,199
2021-02-10,Mariposa,043,17540,370,360,4,364,4
2021-02-10,Mendocino,045,87422,3551,3395,68,3463,38
2021-02-10,Merced,047,269075,27492,27246,821,28067,359
2021-02-10,Modoc,049,8938,331,315,110,425,3
2021-02-10,Mono,051,14174,1159,1170,15,1185,3
2021-02-10,Monterey,053,433212,41154,40366,1556,41922,288
2021-02-10,Napa,055,140530,8815,8769,31,8800,55
2021-02-10,Nevada,057,99092,3828,3693,147,3840,47
2021-02-10,Orange,059,3164182,243070,239974,9814,249788,3439
2021-02-10,Placer,061,380077,20056,19062,1048,20110,220
2021-02-10,Plumas,063,18699,631,589,10,599,2
2021-02-10,Riverside,065,2383286,281359,273721,13024,286745,3374
2021-02-10,Sacramento,067,1510023,91531,89653,1140,90793,1275
2021-02-10,San Benito,069,59416,5611,5591,80,5671,55
2021-02-10,San Bernardino,071,2135413,282828,275616,8300,283916,2696
2021-02-10,San Diego,073,3302833,257875,248858,12396,261254,2904
2021-02-10,San Francisco,075,870044,33223,32955,968,33923,351
2021-02-10,San Joaquin,077,732212,65153,63484,2572,66056,954
2021-02-10,San Luis Obispo,079,281455,19081,18549,513,19062,216
2021-02-10,San Mateo,081,765935,38498,37323,381,37704,245
2021-02-10,Santa Barbara,083,443738,31183,30216,982,31198,359
2021-02-10,Santa Clara,085,1922200,107173,106048,515,106563,1489
2021-02-10,Santa Cruz,087,273765,15043,14007,739,14746,165
2021-02-10,Shasta,089,179085,10682,10645,1147,11792,142
2021-02-10,Sierra,091,2930,49,45,12,57,0
2021-02-10,Siskiyou,093,43540,1413,1314,209,1523,4
2021-02-10,Solano,095,438530,29189,28835,335,29170,137
2021-02-10,Sonoma,097,501317,27076,26881,158,27039,271
2021-02-10,Stanislaus,099,539301,49164,48016,5062,53078,696
2021-02-10,Sutter,101,95872,8617,8571,76,8647,93
2021-02-10,Tehama,103,63373,4513,4445,472,4917,23
2021-02-10,Trinity,105,12862,452,268,67,335,3
2021-02-10,Tulare,107,460477,47198,45782,7346,53128,696
2021-02-10,Tuolumne,109,53932,3691,3691,34,3725,48
2021-02-10,Ventura,111,848112,75707,74651,2637,77288,580
2021-02-10,Yolo,113,214977,12549,12276,133,12409,174
2021-02-10,Yuba,115,75493,5346,5241,80,5321,38
2021-02-09,Alameda,001,1643700,78359,77018,1626,78644,936
2021-02-09,Alpine,003,1148,77,76,0,76,0
2021-02-09,Amador,005,37829,3383,3347,28,3375,35
2021-02-09,Butte,007,227075,11045,10563,1544,12107,153
2021-02-09,Calaveras,009,45235,1859,1847,11,1858,21
2021-02-09,Colusa,011,21464,1833,1812,238,2050,10
2021-02-09,Contra Costa,013,1133247,60893,59307,1009,60316,583
2021-02-09,Del Norte,015,27424,930,886,4,890,2
2021-02-09,El Dorado,017,186661,8880,8663,585,9248,87
2021-02-09,Fresno,019,978130,93824,91730,7242,98972,1211
2021-02-09,Glenn,021,27897,2198,2156,471,2627,14
2021-02-09,Humboldt,023,135768,2974,2904,19,2923,29
2021-02-09,Imperial,025,180216,26961,26509,2380,28889,568
2021-02-09,Inyo,027,18085,1187,1137,8,1145,30
2021-02-09,Kern,029,883053,91157,88684,9106,97790,920
2021-02-09,Kings,031,150075,21789,21275,905,22180,196
2021-02-09,Lake,033,64148,3046,2955,1,2956,36
2021-02-09,Lassen,035,31185,5045,4983,87,5070,1
2021-02-09,Los Angeles,037,10098052,1154212,1122745,37519,1160264,18198
2021-02-09,Madera,039,155013,15210,14912,756,15668,105
2021-02-09,Marin,041,260295,12810,12623,146,12769,197
2021-02-09,Mariposa,043,17540,368,355,4,359,4
2021-02-09,Mendocino,045,87422,3533,3369,68,3437,38
2021-02-09,Merced,047,269075,27394,27166,816,27982,354
2021-02-09,Modoc,049,8938,330,316,110,426,3
2021-02-09,Mono,051,14174,1158,1167,15,1182,3
2021-02-09,Monterey,053,433212,41046,40279,1543,41822,285
2021-02-09,Napa,055,140530,8802,8749,31,8780,55
2021-02-09,Nevada,057,99092,3812,3687,147,3834,44
2021-02-09,Orange,059,3164182,242658,239169,9783,248952,3406
2021-02-09,Placer,061,380077,19991,19008,1041,20049,220
2021-02-09,Plumas,063,18699,631,584,10,594,2
2021-02-09,Riverside,065,2383286,280865,273465,13007,286472,3334
2021-02-09,Sacramento,067,1510023,91221,89378,1139,90517,1265
2021-02-09,San Benito,069,59416,5599,5566,79,5645,54
2021-02-09,San Bernardino,071,2135413,282455,274998,8287,283285,2613
2021-02-09,San Diego,073,3302833,257217,248048,12353,260401,2853
2021-02-09,San Francisco,075,870044,33144,32782,958,33740,349
2021-02-09,San Joaquin,077,732212,64978,63341,2567,65908,937
2021-02-09,San Luis Obispo,079,281455,19022,18489,512,19001,216
2021-02-09,San Mateo,081,765935,38367,37227,380,37607,235
2021-02-09,Santa Barbara,083,443738,31071,30118,976,31094,351
2021-02-09,Santa Clara,085,1922200,106867,105762,512,106274,1463
2021-02-09,Santa Cruz,087,273765,14992,13958,734,14692,162
2021-02-09,Shasta,089,179085,10654,10595,1145,11740,139
2021-02-09,Sierra,091,2930,49,44,12,56,0
2021-02-09,Siskiyou,093,43540,1405,1306,207,1513,4
2021-02-09,Solano,095,438530,29110,28769,332,29101,131
2021-02-09,Sonoma,097,501317,26986,26826,156,26982,267
2021-02-09,Stanislaus,099,539301,49004,47906,5047,52953,679
2021-02-09,Sutter,101,95872,8601,8541,76,8617,92
2021-02-09,Tehama,103,63373,4506,4416,471,4887,22
2021-02-09,Trinity,105,12862,452,266,67,333,3
2021-02-09,Tulare,107,460477,47064,45704,7294,52998,686
2021-02-09,Tuolumne,109,53932,3672,3673,34,3707,48
2021-02-09,Ventura,111,848112,75455,74333,2629,76962,567
2021-02-09,Yolo,113,214977,12507,12220,133,12353,174
2021-02-09,Yuba,115,75493,5337,5235,80,5315,35
2021-02-08,Alameda,001,1643700,78096,76735,1621,78356,924
2021-02-08,Alpine,003,1148,77,73,0,73,0
2021-02-08,Amador,005,37829,3376,3344,27,3371,33
2021-02-08,Butte,007,227075,11023,10524,1540,12064,152
2021-02-08,Calaveras,009,45235,1858,1840,11,1851,21
2021-02-08,Colusa,011,21464,1825,1802,234,2036,10
2021-02-08,Contra Costa,013,1133247,60683,59039,1007,60046,567
2021-02-08,Del Norte,015,27424,927,885,4,889,2
2021-02-08,El Dorado,017,186661,8848,8627,582,9209,86
2021-02-08,Fresno,019,978130,93611,91430,7216,98646,1207
2021-02-08,Glenn,021,27897,2194,2148,469,2617,14
2021-02-08,Humboldt,023,135768,2966,2902,19,2921,29
2021-02-08,Imperial,025,180216,26939,26526,2378,28904,567
2021-02-08,Inyo,027,18085,1174,1126,8,1134,30
2021-02-08,Kern,029,883053,90940,88380,9046,97426,920
2021-02-08,Kings,031,150075,21727,21232,902,22134,195
2021-02-08,Lake,033,64148,3027,2949,1,2950,36
2021-02-08,Lassen,035,31185,5032,4976,87,5063,1
2021-02-08,Los Angeles,037,10098052,1152114,1120179,37399,1157578,17977
2021-02-08,Madera,039,155013,15174,14887,749,15636,93
2021-02-08,Marin,041,260295,12780,12591,146,12737,194
2021-02-08,Mariposa,043,17540,368,355,4,359,4
2021-02-08,Mendocino,045,87422,3519,3355,68,3423,38
2021-02-08,Merced,047,269075,27311,27082,811,27893,346
2021-02-08,Modoc,049,8938,328,318,110,428,3
2021-02-08,Mono,051,14174,1158,1165,15,1180,3
2021-02-08,Monterey,053,433212,40926,40186,1524,41710,283
2021-02-08,Napa,055,140530,8787,8719,31,8750,55
2021-02-08,Nevada,057,99092,3800,3671,147,3818,44
2021-02-08,Orange,059,3164182,242191,238715,9760,248475,3361
2021-02-08,Placer,061,380077,19949,18944,1035,19979,211
2021-02-08,Plumas,063,18699,630,584,10,594,2
2021-02-08,Riverside,065,2383286,280297,272904,12981,285885,3301
2021-02-08,Sacramento,067,1510023,90935,89267,1136,90403,1247
2021-02-08,San Benito,069,59416,5594,5553,78,5631,52
2021-02-08,San Bernardino,071,2135413,282052,274661,8281,282942,2587
2021-02-08,San Diego,073,3302833,256474,247259,12312,259571,2821
2021-02-08,San Francisco,075,870044,33050,32679,950,33629,348
2021-02-08,San Joaquin,077,732212,64817,63148,2557,65705,929
2021-02-08,San Luis Obispo,079,281455,18965,18421,507,18928,214
2021-02-08,San Mateo,081,765935,38258,37084,380,37464,232
2021-02-08,Santa Barbara,083,443738,30956,29978,969,30947,340
2021-02-08,Santa Clara,085,1922200,106544,105413,504,105917,1456
2021-02-08,Santa Cruz,087,273765,14953,13921,728,14649,161
2021-02-08,Shasta,089,179085,10627,10574,1139,11713,137
2021-02-08,Sierra,091,2930,49,44,12,56,0
2021-02-08,Siskiyou,093,43540,1402,1303,207,1510,4
2021-02-08,Solano,095,438530,29044,28644,330,28974,130
2021-02-08,Sonoma,097,501317,26895,26760,155,26915,259
2021-02-08,Stanislaus,099,539301,48849,47704,5019,52723,679
2021-02-08,Sutter,101,95872,8582,8526,76,8602,92
2021-02-08,Tehama,103,63373,4496,4403,468,4871,22
2021-02-08,Trinity,105,12862,450,266,67,333,3
2021-02-08,Tulare,107,460477,46956,45617,7254,52871,673
2021-02-08,Tuolumne,109,53932,3664,3647,34,3681,48
2021-02-08,Ventura,111,848112,75198,74068,2624,76692,565
2021-02-08,Yolo,113,214977,12475,12169,132,12301,162
2021-02-08,Yuba,115,75493,5321,5215,80,5295,35
2021-02-07,Alameda,001,1643700,77794,76500,1613,78113,924
2021-02-07,Alpine,003,1148,74,72,0,72,0
2021-02-07,Amador,005,37829,3355,3343,27,3370,33
2021-02-07,Butte,007,227075,10991,10513,1532,12045,152
2021-02-07,Calaveras,009,45235,1854,1837,11,1848,21
2021-02-07,Colusa,011,21464,1814,1795,232,2027,10
2021-02-07,Contra Costa,013,1133247,60440,58836,1002,59838,566
2021-02-07,Del Norte,015,27424,923,881,4,885,2
2021-02-07,El Dorado,017,186661,8819,8596,580,9176,86
2021-02-07,Fresno,019,978130,93381,91184,7178,98362,1207
2021-02-07,Glenn,021,27897,2190,2141,464,2605,14
2021-02-07,Humboldt,023,135768,2945,2895,19,2914,28
2021-02-07,Imperial,025,180216,26912,26518,2373,28891,567
2021-02-07,Inyo,027,18085,1163,1124,8,1132,27
2021-02-07,Kern,029,883053,90693,88146,8988,97134,920
2021-02-07,Kings,031,150075,21666,21180,899,22079,192
2021-02-07,Lake,033,64148,3012,2940,1,2941,36
2021-02-07,Lassen,035,31185,5021,4973,87,5060,1
2021-02-07,Los Angeles,037,10098052,1149357,1117551,37272,1154823,17889
2021-02-07,Madera,039,155013,15140,14850,745,15595,93
2021-02-07,Marin,041,260295,12747,12571,144,12715,194
2021-02-07,Mariposa,043,17540,367,355,4,359,4
2021-02-07,Mendocino,045,87422,3502,3348,68,3416,38
2021-02-07,Merced,047,269075,27199,26977,799,27776,346
2021-02-07,Modoc,049,8938,328,317,106,423,3
2021-02-07,Mono,051,14174,1155,1165,15,1180,3
2021-02-07,Monterey,053,433212,40790,40113,1505,41618,283
2021-02-07,Napa,055,140530,8764,8701,31,8732,55
2021-02-07,Nevada,057,99092,3789,3643,147,3790,44
2021-02-07,Orange,059,3164182,241593,238155,9727,247882,3336
2021-02-07,Placer,061,380077,19902,18903,1022,19925,211
2021-02-07,Plumas,063,18699,630,584,10,594,2
2021-02-07,Riverside,065,2383286,279769,272301,12960,285261,3267
2021-02-07,Sacramento,067,1510023,90602,88919,1129,90048,1246
2021-02-07,San Benito,069,59416,5575,5548,77,5625,52
2021-02-07,San Bernardino,071,2135413,281459,274316,8256,282572,2587
2021-02-07,San Diego,073,3302833,255688,246561,12248,258809,2821
2021-02-07,San Francisco,075,870044,32930,32609,938,33547,348
2021-02-07,San Joaquin,077,732212,64543,63051,2543,65594,929
2021-02-07,San Luis Obispo,079,281455,18893,18349,500,18849,214
2021-02-07,San Mateo,081,765935,38124,36984,378,37362,232
2021-02-07,Santa Barbara,083,443738,30816,29815,958,30773,340
2021-02-07,Santa Clara,085,1922200,106205,105118,494,105612,1450
2021-02-07,Santa Cruz,087,273765,14899,13887,723,14610,161
2021-02-07,Shasta,089,179085,10607,10570,1131,11701,137
2021-02-07,Sierra,091,2930,49,43,12,55,0
2021-02-07,Siskiyou,093,43540,1395,1295,205,1500,4
2021-02-07,Solano,095,438530,28933,28567,329,28896,130
2021-02-07,Sonoma,097,501317,26788,26684,151,26835,257
2021-02-07,Stanislaus,099,539301,48659,47551,4987,52538,679
2021-02-07,Sutter,101,95872,8554,8515,76,8591,92
2021-02-07,Tehama,103,63373,4480,4396,467,4863,22
2021-02-07,Trinity,105,12862,447,264,65,329,3
2021-02-07,Tulare,107,460477,46834,45520,7176,52696,671
2021-02-07,Tuolumne,109,53932,3640,3619,33,3652,48
2021-02-07,Ventura,111,848112,74887,73759,2612,76371,561
2021-02-07,Yolo,113,214977,12430,12135,132,12267,162
2021-02-07,Yuba,115,75493,5306,5198,78,5276,35
2021-02-06,Alameda,001,1643700,77640,76170,1602,77772,922
2021-02-06,Alpine,003,1148,74,72,0,72,0
2021-02-06,Amador,005,37829,3349,3306,27,3333,33
2021-02-06,Butte,007,227075,10974,10480,1528,12008,150
2021-02-06,Calaveras,009,45235,1852,1832,11,1843,21
2021-02-06,Colusa,011,21464,1812,1791,231,2022,10
2021-02-06,Contra Costa,013,1133247,60293,58567,996,59563,566
2021-02-06,Del Norte,015,27424,919,879,4,883,2
2021-02-06,El Dorado,017,186661,8812,8575,576,9151,86
2021-02-06,Fresno,019,978130,93268,90944,7157,98101,1207
2021-02-06,Glenn,021,27897,2188,2136,463,2599,14
2021-02-06,Humboldt,023,135768,2934,2880,19,2899,28
2021-02-06,Imperial,025,180216,26900,26514,2372,28886,567
2021-02-06,Inyo,027,18085,1160,1113,8,1121,27
2021-02-06,Kern,029,883053,90539,87919,8942,96861,912
2021-02-06,Kings,031,150075,21636,21156,899,22055,190
2021-02-06,Lake,033,64148,3007,2920,1,2921,34
2021-02-06,Lassen,035,31185,5017,4964,86,5050,1
2021-02-06,Los Angeles,037,10098052,1148000,1114718,37175,1151893,17793
2021-02-06,Madera,039,155013,15119,14807,743,15550,93
2021-02-06,Marin,041,260295,12727,12531,144,12675,194
2021-02-06,Mariposa,043,17540,366,355,3,358,4
2021-02-06,Mendocino,045,87422,3484,3316,67,3383,38
2021-02-06,Merced,047,269075,27113,26881,791,27672,346
2021-02-06,Modoc,049,8938,328,313,106,419,3
2021-02-06,Mono,051,14174,1154,1159,15,1174,3
2021-02-06,Monterey,053,433212,40732,39995,1497,41492,282
2021-02-06,Napa,055,140530,8751,8639,31,8670,55
2021-02-06,Nevada,057,99092,3777,3624,147,3771,43
2021-02-06,Orange,059,3164182,241230,237391,9693,247084,3293
2021-02-06,Placer,061,380077,19865,18836,1019,19855,211
2021-02-06,Plumas,063,18699,630,584,10,594,2
2021-02-06,Riverside,065,2383286,279400,271741,12941,284682,3243
2021-02-06,Sacramento,067,1510023,90385,88532,1119,89651,1237
2021-02-06,San Benito,069,59416,5557,5516,77,5593,52
2021-02-06,San Bernardino,071,2135413,281150,273718,8234,281952,2564
2021-02-06,San Diego,073,3302833,255192,245331,12213,257544,2812
2021-02-06,San Francisco,075,870044,32856,32437,928,33365,346
2021-02-06,San Joaquin,077,732212,64464,62840,2532,65372,906
2021-02-06,San Luis Obispo,079,281455,18851,18284,496,18780,214
2021-02-06,San Mateo,081,765935,38056,36824,375,37199,232
2021-02-06,Santa Barbara,083,443738,30740,29645,956,30601,337
2021-02-06,Santa Clara,085,1922200,105983,104639,489,105128,1439
2021-02-06,Santa Cruz,087,273765,14868,13845,719,14564,161
2021-02-06,Shasta,089,179085,10596,10561,1129,11690,137
2021-02-06,Sierra,091,2930,49,43,12,55,0
2021-02-06,Siskiyou,093,43540,1392,1289,204,1493,4
2021-02-06,Solano,095,438530,28897,28446,328,28774,129
2021-02-06,Sonoma,097,501317,26751,26564,149,26713,257
2021-02-06,Stanislaus,099,539301,48563,47325,4972,52297,679
2021-02-06,Sutter,101,95872,8546,8485,76,8561,92
2021-02-06,Tehama,103,63373,4470,4380,466,4846,22
2021-02-06,Trinity,105,12862,447,263,65,328,3
2021-02-06,Tulare,107,460477,46766,45349,7131,52480,664
2021-02-06,Tuolumne,109,53932,3633,3612,33,3645,48
2021-02-06,Ventura,111,848112,74707,73431,2606,76037,552
2021-02-06,Yolo,113,214977,12407,12061,132,12193,161
2021-02-06,Yuba,115,75493,5296,5177,77,5254,35
2021-02-05,Alameda,001,1643700,77411,75716,1600,77316,916
2021-02-05,Alpine,003,1148,74,72,0,72,0
2021-02-05,Amador,005,37829,3344,3299,26,3325,33
2021-02-05,Butte,007,227075,10955,10421,1521,11942,150
2021-02-05,Calaveras,009,45235,1848,1818,11,1829,21
2021-02-05,Colusa,011,21464,1808,1785,231,2016,10
2021-02-05,Contra Costa,013,1133247,60132,58195,994,59189,560
2021-02-05,Del Norte,015,27424,918,874,4,878,2
2021-02-05,El Dorado,017,186661,8792,8527,574,9101,86
2021-02-05,Fresno,019,978130,93066,90513,7136,97649,1194
2021-02-05,Glenn,021,27897,2185,2122,458,2580,14
2021-02-05,Humboldt,023,135768,2924,2857,19,2876,28
2021-02-05,Imperial,025,180216,26881,26474,2371,28845,557
2021-02-05,Inyo,027,18085,1156,1104,8,1112,27
2021-02-05,Kern,029,883053,90370,87470,8876,96346,906
2021-02-05,Kings,031,150075,21598,21021,896,21917,190
2021-02-05,Lake,033,64148,2995,2906,1,2907,33
2021-02-05,Lassen,035,31185,5013,4936,86,5022,1
2021-02-05,Los Angeles,037,10098052,1145901,1110384,37043,1147427,17608
2021-02-05,Madera,039,155013,15085,14752,738,15490,95
2021-02-05,Marin,041,260295,12692,12479,144,12623,193
2021-02-05,Mariposa,043,17540,366,352,3,355,4
2021-02-05,Mendocino,045,87422,3470,3272,67,3339,38
2021-02-05,Merced,047,269075,27053,26760,790,27550,345
2021-02-05,Modoc,049,8938,328,312,106,418,3
2021-02-05,Mono,051,14174,1153,1157,15,1172,3
2021-02-05,Monterey,053,433212,40665,39840,1486,41326,281
2021-02-05,Napa,055,140530,8737,8598,31,8629,55
2021-02-05,Nevada,057,99092,3774,3607,147,3754,43
2021-02-05,Orange,059,3164182,240803,236335,9666,246001,3260
2021-02-05,Placer,061,380077,19829,18756,1017,19773,211
2021-02-05,Plumas,063,18699,628,578,10,588,2
2021-02-05,Riverside,065,2383286,278985,270666,12922,283588,3235
2021-02-05,Sacramento,067,1510023,90205,87992,1112,89104,1231
2021-02-05,San Benito,069,59416,5546,5502,77,5579,51
2021-02-05,San Bernardino,071,2135413,280805,272938,8217,281155,2495
2021-02-05,San Diego,073,3302833,254616,244066,12178,256244,2777
2021-02-05,San Francisco,075,870044,32766,32229,917,33146,337
2021-02-05,San Joaquin,077,732212,64315,62565,2524,65089,902
2021-02-05,San Luis Obispo,079,281455,18790,18152,492,18644,213
2021-02-05,San Mateo,081,765935,37973,36582,374,36956,227
2021-02-05,Santa Barbara,083,443738,30643,29455,943,30398,334
2021-02-05,Santa Clara,085,1922200,105735,104112,487,104599,1421
2021-02-05,Santa Cruz,087,273765,14847,13776,717,14493,161
2021-02-05,Shasta,089,179085,10580,10507,1122,11629,136
2021-02-05,Sierra,091,2930,49,42,12,54,0
2021-02-05,Siskiyou,093,43540,1385,1276,202,1478,4
2021-02-05,Solano,095,438530,28847,28283,328,28611,127
2021-02-05,Sonoma,097,501317,26682,26423,146,26569,252
2021-02-05,Stanislaus,099,539301,48418,47024,4954,51978,678
2021-02-05,Sutter,101,95872,8526,8443,76,8519,92
2021-02-05,Tehama,103,63373,4461,4355,465,4820,22
2021-02-05,Trinity,105,12862,446,260,65,325,3
2021-02-05,Tulare,107,460477,46690,45138,7083,52221,663
2021-02-05,Tuolumne,109,53932,3607,3595,33,3628,45
2021-02-05,Ventura,111,848112,74462,72953,2594,75547,546
2021-02-05,Yolo,113,214977,12388,12025,129,12154,162
2021-02-05,Yuba,115,75493,5279,5145,77,5222,35
2021-02-04,Alameda,001,1643700,77126,75422,1594,77016,899
2021-02-04,Alpine,003,1148,73,72,0,72,0
2021-02-04,Amador,005,37829,3341,3288,26,3314,33
2021-02-04,Butte,007,227075,10922,10386,1513,11899,147
2021-02-04,Calaveras,009,45235,1846,1808,11,1819,21
2021-02-04,Colusa,011,21464,1804,1777,229,2006,10
2021-02-04,Contra Costa,013,1133247,59945,57991,990,58981,550
2021-02-04,Del Norte,015,27424,912,870,4,874,2
2021-02-04,El Dorado,017,186661,8766,8490,571,9061,86
2021-02-04,Fresno,019,978130,92851,90126,7109,97235,1114
2021-02-04,Glenn,021,27897,2180,2102,457,2559,14
2021-02-04,Humboldt,023,135768,2914,2827,19,2846,28
2021-02-04,Imperial,025,180216,26836,26411,2369,28780,556
2021-02-04,Inyo,027,18085,1144,1084,8,1092,27
2021-02-04,Kern,029,883053,90096,87156,8799,95955,898
2021-02-04,Kings,031,150075,21548,20918,890,21808,187
2021-02-04,Lake,033,64148,2983,2882,1,2883,34
2021-02-04,Lassen,035,31185,5010,4927,86,5013,1
2021-02-04,Los Angeles,037,10098052,1143102,1106323,36919,1143242,17396
2021-02-04,Madera,039,155013,15055,14706,735,15441,95
2021-02-04,Marin,041,260295,12656,12431,144,12575,192
2021-02-04,Mariposa,043,17540,366,348,3,351,4
2021-02-04,Mendocino,045,87422,3452,3240,65,3305,38
2021-02-04,Merced,047,269075,26959,26629,787,27416,345
2021-02-04,Modoc,049,8938,328,309,106,415,3
2021-02-04,Mono,051,14174,1151,1153,15,1168,3
2021-02-04,Monterey,053,433212,40554,39619,1469,41088,279
2021-02-04,Napa,055,140530,8708,8573,31,8604,55
2021-02-04,Nevada,057,99092,3754,3590,146,3736,37
2021-02-04,Orange,059,3164182,240160,235677,9624,245301,3238
2021-02-04,Placer,061,380077,19769,18711,1008,19719,210
2021-02-04,Plumas,063,18699,625,562,10,572,2
2021-02-04,Riverside,065,2383286,278220,269851,12883,282734,3230
2021-02-04,Sacramento,067,1510023,89904,87658,1102,88760,1222
2021-02-04,San Benito,069,59416,5532,5488,76,5564,51
2021-02-04,San Bernardino,071,2135413,280256,272223,8197,280420,2409
2021-02-04,San Diego,073,3302833,253828,242613,12112,254725,2738
2021-02-04,San Francisco,075,870044,32652,32116,908,33024,326
2021-02-04,San Joaquin,077,732212,64090,62374,2516,64890,883
2021-02-04,San Luis Obispo,079,281455,18723,18058,490,18548,211
2021-02-04,San Mateo,081,765935,37852,36437,371,36808,226
2021-02-04,Santa Barbara,083,443738,30508,29344,926,30270,322
2021-02-04,Santa Clara,085,1922200,105392,103781,484,104265,1404
2021-02-04,Santa Cruz,087,273765,14814,13713,709,14422,156
2021-02-04,Shasta,089,179085,10554,10466,1117,11583,131
2021-02-04,Sierra,091,2930,49,42,12,54,0
2021-02-04,Siskiyou,093,43540,1376,1273,202,1475,4
2021-02-04,Solano,095,438530,28744,28192,327,28519,120
2021-02-04,Sonoma,097,501317,26600,26276,143,26419,249
2021-02-04,Stanislaus,099,539301,48257,46822,4935,51757,678
2021-02-04,Sutter,101,95872,8506,8401,76,8477,92
2021-02-04,Tehama,103,63373,4444,4327,464,4791,21
2021-02-04,Trinity,105,12862,445,260,64,324,3
2021-02-04,Tulare,107,460477,46563,44983,7025,52008,656
2021-02-04,Tuolumne,109,53932,3567,3585,33,3618,45
2021-02-04,Ventura,111,848112,74130,72595,2581,75176,537
2021-02-04,Yolo,113,214977,12354,11982,128,12110,161
2021-02-04,Yuba,115,75493,5253,5135,77,5212,34
2021-02-03,Alameda,001,1643700,76802,74968,1590,76558,880
2021-02-03,Alpine,003,1148,73,72,0,72,0
2021-02-03,Amador,005,37829,3337,3281,26,3307,33
2021-02-03,Butte,007,227075,10890,10355,1506,11861,144
2021-02-03,Calaveras,009,45235,1831,1799,11,1810,21
2021-02-03,Colusa,011,21464,1799,1773,228,2001,10
2021-02-03,Contra Costa,013,1133247,59705,57762,978,58740,537
2021-02-03,Del Norte,015,27424,907,869,4,873,2
2021-02-03,El Dorado,017,186661,8745,8428,570,8998,86
2021-02-03,Fresno,019,978130,92630,89748,7070,96818,1015
2021-02-03,Glenn,021,27897,2170,2098,456,2554,14
2021-02-03,Humboldt,023,135768,2904,2800,19,2819,27
2021-02-03,Imperial,025,180216,26800,26363,2363,28726,547
2021-02-03,Inyo,027,18085,1134,1071,8,1079,27
2021-02-03,Kern,029,883053,89853,86771,8758,95529,877
2021-02-03,Kings,031,150075,21487,20831,888,21719,172
2021-02-03,Lake,033,64148,2965,2869,1,2870,33
2021-02-03,Lassen,035,31185,4998,4910,86,4996,1
2021-02-03,Los Angeles,037,10098052,1140019,1101890,36798,1138688,17163
2021-02-03,Madera,039,155013,15015,14605,733,15338,94
2021-02-03,Marin,041,260295,12621,12406,144,12550,190
2021-02-03,Mariposa,043,17540,365,347,3,350,4
2021-02-03,Mendocino,045,87422,3426,3236,64,3300,38
2021-02-03,Merced,047,269075,26844,26520,783,27303,343
2021-02-03,Modoc,049,8938,327,308,106,414,3
2021-02-03,Mono,051,14174,1144,1146,15,1161,3
2021-02-03,Monterey,053,433212,40427,39500,1452,40952,279
2021-02-03,Napa,055,140530,8673,8534,31,8565,54
2021-02-03,Nevada,057,99092,3740,3572,146,3718,35
2021-02-03,Orange,059,3164182,239416,234738,9592,244330,3189
2021-02-03,Placer,061,380077,19714,18646,1006,19652,210
2021-02-03,Plumas,063,18699,625,559,10,569,2
2021-02-03,Riverside,065,2383286,277479,269019,12853,281872,3195
2021-02-03,Sacramento,067,1510023,89581,87415,1098,88513,1212
2021-02-03,San Benito,069,59416,5514,5463,73,5536,51
2021-02-03,San Bernardino,071,2135413,279770,271477,8174,279651,2308
2021-02-03,San Diego,073,3302833,252926,241015,12066,253081,2683
2021-02-03,San Francisco,075,870044,32522,31983,903,32886,325
2021-02-03,San Joaquin,077,732212,63862,61976,2506,64482,880
2021-02-03,San Luis Obispo,079,281455,18645,17922,487,18409,206
2021-02-03,San Mateo,081,765935,37714,36227,367,36594,225
2021-02-03,Santa Barbara,083,443738,30359,29121,917,30038,315
2021-02-03,Santa Clara,085,1922200,105076,103278,482,103760,1364
2021-02-03,Santa Cruz,087,273765,14759,13611,703,14314,154
2021-02-03,Shasta,089,179085,10511,10422,1112,11534,130
2021-02-03,Sierra,091,2930,49,42,12,54,0
2021-02-03,Siskiyou,093,43540,1365,1268,201,1469,4
2021-02-03,Solano,095,438530,28622,28057,327,28384,119
2021-02-03,Sonoma,097,501317,26516,26155,142,26297,248
2021-02-03,Stanislaus,099,539301,48081,46598,4916,51514,662
2021-02-03,Sutter,101,95872,8481,8379,76,8455,90
2021-02-03,Tehama,103,63373,4426,4309,461,4770,21
2021-02-03,Trinity,105,12862,445,260,63,323,3
2021-02-03,Tulare,107,460477,46392,44838,6969,51807,640
2021-02-03,Tuolumne,109,53932,3556,3568,33,3601,45
2021-02-03,Ventura,111,848112,73793,72124,2571,74695,526
2021-02-03,Yolo,113,214977,12329,11933,128,12061,161
2021-02-03,Yuba,115,75493,5235,5124,77,5201,34
2021-02-02,Alameda,001,1643700,76457,74642,1578,76220,869
2021-02-02,Alpine,003,1148,73,72,0,72,0
2021-02-02,Amador,005,37829,3306,3275,26,3301,33
2021-02-02,Butte,007,227075,10864,10307,1497,11804,141
2021-02-02,Calaveras,009,45235,1822,1786,11,1797,21
2021-02-02,Colusa,011,21464,1791,1769,223,1992,9
2021-02-02,Contra Costa,013,1133247,59426,57551,975,58526,536
2021-02-02,Del Norte,015,27424,901,868,4,872,2
2021-02-02,El Dorado,017,186661,8705,8405,570,8975,84
2021-02-02,Fresno,019,978130,92329,89542,7035,96577,1009
2021-02-02,Glenn,021,27897,2158,2090,453,2543,14
2021-02-02,Humboldt,023,135768,2892,2784,19,2803,25
2021-02-02,Imperial,025,180216,26747,26317,2357,28674,535
2021-02-02,Inyo,027,18085,1131,1074,8,1082,27
2021-02-02,Kern,029,883053,89550,86485,8682,95167,867
2021-02-02,Kings,031,150075,21409,20785,880,21665,172
2021-02-02,Lake,033,64148,2945,2857,1,2858,33
2021-02-02,Lassen,035,31185,4991,4908,86,4994,1
2021-02-02,Los Angeles,037,10098052,1136634,1097573,36636,1134209,16913
2021-02-02,Madera,039,155013,14964,14595,728,15323,94
2021-02-02,Marin,041,260295,12592,12367,144,12511,189
2021-02-02,Mariposa,043,17540,362,345,3,348,4
2021-02-02,Mendocino,045,87422,3393,3210,64,3274,38
2021-02-02,Merced,047,269075,26747,26427,777,27204,340
2021-02-02,Modoc,049,8938,322,306,106,412,3
2021-02-02,Mono,051,14174,1142,1147,15,1162,3
2021-02-02,Monterey,053,433212,40292,39371,1438,40809,278
2021-02-02,Napa,055,140530,8644,8505,31,8536,53
2021-02-02,Nevada,057,99092,3725,3548,146,3694,20
2021-02-02,Orange,059,3164182,238614,233783,9557,243340,3152
2021-02-02,Placer,061,380077,19656,18615,1002,19617,205
2021-02-02,Plumas,063,18699,625,560,10,570,2
2021-02-02,Riverside,065,2383286,276620,267901,12819,280720,3169
2021-02-02,Sacramento,067,1510023,89291,87107,1087,88194,1202
2021-02-02,San Benito,069,59416,5500,5444,72,5516,50
2021-02-02,San Bernardino,071,2135413,279092,270486,8145,278631,2244
2021-02-02,San Diego,073,3302833,251887,240047,11979,252026,2629
2021-02-02,San Francisco,075,870044,32368,31788,893,32681,324
2021-02-02,San Joaquin,077,732212,63641,61708,2493,64201,878
2021-02-02,San Luis Obispo,079,281455,18551,17811,485,18296,201
2021-02-02,San Mateo,081,765935,37550,36004,361,36365,225
2021-02-02,Santa Barbara,083,443738,30188,28951,910,29861,304
2021-02-02,Santa Clara,085,1922200,104611,102872,477,103349,1349
2021-02-02,Santa Cruz,087,273765,14700,13572,699,14271,150
2021-02-02,Shasta,089,179085,10485,10371,1102,11473,128
2021-02-02,Sierra,091,2930,49,42,12,54,0
2021-02-02,Siskiyou,093,43540,1358,1252,198,1450,4
2021-02-02,Solano,095,438530,28526,27963,323,28286,118
2021-02-02,Sonoma,097,501317,26400,26054,142,26196,247
2021-02-02,Stanislaus,099,539301,47862,46306,4884,51190,641
2021-02-02,Sutter,101,95872,8458,8340,76,8416,89
2021-02-02,Tehama,103,63373,4412,4289,460,4749,21
2021-02-02,Trinity,105,12862,445,260,63,323,3
2021-02-02,Tulare,107,460477,46236,44720,6904,51624,625
2021-02-02,Tuolumne,109,53932,3544,3548,33,3581,39
2021-02-02,Ventura,111,848112,73376,71557,2561,74118,514
2021-02-02,Yolo,113,214977,12284,11886,126,12012,158
2021-02-02,Yuba,115,75493,5217,5111,76,5187,34
2021-02-01,Alameda,001,1643700,76102,74374,1573,75947,858
2021-02-01,Alpine,003,1148,73,72,0,72,0
2021-02-01,Amador,005,37829,3295,3234,26,3260,32
2021-02-01,Butte,007,227075,10820,10263,1493,11756,141
2021-02-01,Calaveras,009,45235,1815,1785,11,1796,21
2021-02-01,Colusa,011,21464,1786,1763,214,1977,9
2021-02-01,Contra Costa,013,1133247,59183,57324,974,58298,531
2021-02-01,Del Norte,015,27424,897,865,4,869,2
2021-02-01,El Dorado,017,186661,8666,8337,570,8907,83
2021-02-01,Fresno,019,978130,91997,89272,7000,96272,994
2021-02-01,Glenn,021,27897,2142,2086,445,2531,14
2021-02-01,Humboldt,023,135768,2871,2773,18,2791,25
2021-02-01,Imperial,025,180216,26703,26224,2355,28579,530
2021-02-01,Inyo,027,18085,1121,1072,8,1080,27
2021-02-01,Kern,029,883053,89153,86170,8614,94784,862
2021-02-01,Kings,031,150075,21318,20746,872,21618,172
2021-02-01,Lake,033,64148,2929,2843,1,2844,33
2021-02-01,Lassen,035,31185,4971,4907,86,4993,1
2021-02-01,Los Angeles,037,10098052,1132807,1094341,36471,1130812,16695
2021-02-01,Madera,039,155013,14929,14572,725,15297,94
2021-02-01,Marin,041,260295,12553,12341,143,12484,188
2021-02-01,Mariposa,043,17540,360,344,3,347,4
2021-02-01,Mendocino,045,87422,3360,3192,64,3256,37
2021-02-01,Merced,047,269075,26623,26282,768,27050,337
2021-02-01,Modoc,049,8938,316,303,102,405,1
2021-02-01,Mono,051,14174,1139,1145,15,1160,3
2021-02-01,Monterey,053,433212,40108,39196,1417,40613,278
2021-02-01,Napa,055,140530,8612,8449,31,8480,52
2021-02-01,Nevada,057,99092,3708,3535,145,3680,20
2021-02-01,Orange,059,3164182,237702,233155,9512,242667,3100
2021-02-01,Placer,061,380077,19589,18574,995,19569,204
2021-02-01,Plumas,063,18699,623,554,10,564,2
2021-02-01,Riverside,065,2383286,275682,267025,12784,279809,3092
2021-02-01,Sacramento,067,1510023,88890,86856,1076,87932,1193
2021-02-01,San Benito,069,59416,5482,5432,72,5504,48
2021-02-01,San Bernardino,071,2135413,278395,270012,8105,278117,2172
2021-02-01,San Diego,073,3302833,250662,239121,11903,251024,2619
2021-02-01,San Francisco,075,870044,32233,31703,881,32584,324
2021-02-01,San Joaquin,077,732212,63435,61542,2482,64024,877
2021-02-01,San Luis Obispo,079,281455,18431,17690,478,18168,199
2021-02-01,San Mateo,081,765935,37401,35843,361,36204,220
2021-02-01,Santa Barbara,083,443738,30019,28837,902,29739,297
2021-02-01,Santa Clara,085,1922200,104194,102462,476,102938,1343
2021-02-01,Santa Cruz,087,273765,14647,13524,697,14221,149
2021-02-01,Shasta,089,179085,10460,10329,1096,11425,112
2021-02-01,Sierra,091,2930,49,42,12,54,0
2021-02-01,Siskiyou,093,43540,1351,1238,195,1433,4
2021-02-01,Solano,095,438530,28421,27844,322,28166,117
2021-02-01,Sonoma,097,501317,26312,26011,141,26152,243
2021-02-01,Stanislaus,099,539301,47605,46112,4856,50968,642
2021-02-01,Sutter,101,95872,8419,8313,76,8389,89
2021-02-01,Tehama,103,63373,4386,4263,460,4723,21
2021-02-01,Trinity,105,12862,443,260,63,323,3
2021-02-01,Tulare,107,460477,46091,44569,6824,51393,618
2021-02-01,Tuolumne,109,53932,3536,3534,33,3567,39
2021-02-01,Ventura,111,848112,72971,71104,2544,73648,502
2021-02-01,Yolo,113,214977,12236,11824,126,11950,151
2021-02-01,Yuba,115,75493,5203,5084,75,5159,33
2021-01-31,Alameda,001,1643700,75673,73979,1565,75544,857
2021-01-31,Alpine,003,1148,73,72,0,72,0
2021-01-31,Amador,005,37829,3285,3212,25,3237,32
2021-01-31,Butte,007,227075,10775,10215,1483,11698,140
2021-01-31,Calaveras,009,45235,1795,1778,11,1789,21
2021-01-31,Colusa,011,21464,1780,1754,209,1963,9
2021-01-31,Contra Costa,013,1133247,58851,57079,974,58053,531
2021-01-31,Del Norte,015,27424,895,865,4,869,2
2021-01-31,El Dorado,017,186661,8629,8317,568,8885,83
2021-01-31,Fresno,019,978130,91685,88852,6946,95798,994
2021-01-31,Glenn,021,27897,2132,2083,444,2527,14
2021-01-31,Humboldt,023,135768,2855,2767,18,2785,25
2021-01-31,Imperial,025,180216,26631,26206,2346,28552,530
2021-01-31,Inyo,027,18085,1108,1072,8,1080,27
2021-01-31,Kern,029,883053,88657,85872,8530,94402,861
2021-01-31,Kings,031,150075,21234,20709,860,21569,172
2021-01-31,Lake,033,64148,2908,2826,1,2827,33
2021-01-31,Lassen,035,31185,4955,4900,86,4986,1
2021-01-31,Los Angeles,037,10098052,1128177,1090304,36270,1126574,16609
2021-01-31,Madera,039,155013,14875,14496,717,15213,94
2021-01-31,Marin,041,260295,12506,12297,139,12436,185
2021-01-31,Mariposa,043,17540,358,344,3,347,4
2021-01-31,Mendocino,045,87422,3337,3181,63,3244,37
2021-01-31,Merced,047,269075,26479,26222,763,26985,337
2021-01-31,Modoc,049,8938,313,304,100,404,1
2021-01-31,Mono,051,14174,1136,1146,15,1161,3
2021-01-31,Monterey,053,433212,39929,39035,1390,40425,278
2021-01-31,Napa,055,140530,8570,8404,31,8435,52
2021-01-31,Nevada,057,99092,3686,3518,143,3661,20
2021-01-31,Orange,059,3164182,236685,232347,9472,241819,3053
2021-01-31,Placer,061,380077,19512,18506,984,19490,204
2021-01-31,Plumas,063,18699,622,554,10,564,2
2021-01-31,Riverside,065,2383286,274666,266145,12737,278882,3074
2021-01-31,Sacramento,067,1510023,88448,86560,1062,87622,1186
2021-01-31,San Benito,069,59416,5460,5425,70,5495,48
2021-01-31,San Bernardino,071,2135413,277374,269533,8076,277609,2156
2021-01-31,San Diego,073,3302833,249349,238039,11789,249828,2619
2021-01-31,San Francisco,075,870044,32042,31563,870,32433,323
2021-01-31,San Joaquin,077,732212,63034,61379,2473,63852,877
2021-01-31,San Luis Obispo,079,281455,18298,17615,473,18088,199
2021-01-31,San Mateo,081,765935,37211,35659,358,36017,219
2021-01-31,Santa Barbara,083,443738,29775,28570,893,29463,297
2021-01-31,Santa Clara,085,1922200,103644,101986,467,102453,1330
2021-01-31,Santa Cruz,087,273765,14552,13469,683,14152,149
2021-01-31,Shasta,089,179085,10415,10313,1088,11401,112
2021-01-31,Sierra,091,2930,48,43,12,55,0
2021-01-31,Siskiyou,093,43540,1341,1238,195,1433,4
2021-01-31,Solano,095,438530,28291,27678,322,28000,118
2021-01-31,Sonoma,097,501317,26209,25925,140,26065,243
2021-01-31,Stanislaus,099,539301,47321,45971,4826,50797,642
2021-01-31,Sutter,101,95872,8374,8289,76,8365,89
2021-01-31,Tehama,103,63373,4364,4256,459,4715,21
2021-01-31,Trinity,105,12862,441,260,63,323,3
2021-01-31,Tulare,107,460477,45923,44440,6744,51184,618
2021-01-31,Tuolumne,109,53932,3498,3519,33,3552,39
2021-01-31,Ventura,111,848112,72376,70635,2531,73166,502
2021-01-31,Yolo,113,214977,12175,11771,126,11897,151
2021-01-31,Yuba,115,75493,5183,5071,75,5146,33
2021-01-30,Alameda,001,1643700,75468,73622,1560,75182,850
2021-01-30,Alpine,003,1148,73,72,0,72,0
2021-01-30,Amador,005,37829,3281,3181,25,3206,32
2021-01-30,Butte,007,227075,10741,10177,1474,11651,139
2021-01-30,Calaveras,009,45235,1782,1763,11,1774,21
2021-01-30,Colusa,011,21464,1778,1748,209,1957,9
2021-01-30,Contra Costa,013,1133247,58668,56763,970,57733,531
2021-01-30,Del Norte,015,27424,894,865,4,869,2
2021-01-30,El Dorado,017,186661,8609,8299,567,8866,83
2021-01-30,Fresno,019,978130,91505,88476,6926,95402,964
2021-01-30,Glenn,021,27897,2129,2074,442,2516,14
2021-01-30,Humboldt,023,135768,2844,2742,18,2760,24
2021-01-30,Imperial,025,180216,26607,26160,2344,28504,530
2021-01-30,Inyo,027,18085,1104,1068,8,1076,27
2021-01-30,Kern,029,883053,88456,85572,8465,94037,848
2021-01-30,Kings,031,150075,21163,20605,855,21460,169
2021-01-30,Lake,033,64148,2902,2809,1,2810,33
2021-01-30,Lassen,035,31185,4951,4890,86,4976,1
2021-01-30,Los Angeles,037,10098052,1125778,1084763,36128,1120891,16484
2021-01-30,Madera,039,155013,14833,14443,712,15155,94
2021-01-30,Marin,041,260295,12478,12225,138,12363,185
2021-01-30,Mariposa,043,17540,356,344,3,347,4
2021-01-30,Mendocino,045,87422,3323,3153,62,3215,36
2021-01-30,Merced,047,269075,26405,26078,761,26839,335
2021-01-30,Modoc,049,8938,313,303,100,403,1
2021-01-30,Mono,051,14174,1136,1143,15,1158,3
2021-01-30,Monterey,053,433212,39869,38847,1388,40235,277
2021-01-30,Napa,055,140530,8554,8342,31,8373,52
2021-01-30,Nevada,057,99092,3667,3499,143,3642,20
2021-01-30,Orange,059,3164182,236140,231358,9435,240793,3013
2021-01-30,Placer,061,380077,19459,18430,978,19408,205
2021-01-30,Plumas,063,18699,620,554,10,564,2
2021-01-30,Riverside,065,2383286,274069,265137,12706,277843,3061
2021-01-30,Sacramento,067,1510023,88256,86388,1057,87445,1184
2021-01-30,San Benito,069,59416,5442,5401,69,5470,48
2021-01-30,San Bernardino,071,2135413,276947,268660,8057,276717,2122
2021-01-30,San Diego,073,3302833,248584,236765,11744,248509,2603
2021-01-30,San Francisco,075,870044,31941,31427,867,32294,316
2021-01-30,San Joaquin,077,732212,62902,61120,2464,63584,864
2021-01-30,San Luis Obispo,079,281455,18218,17522,472,17994,198
2021-01-30,San Mateo,081,765935,37072,35451,357,35808,219
2021-01-30,Santa Barbara,083,443738,29633,28342,891,29233,296
2021-01-30,Santa Clara,085,1922200,103298,101471,465,101936,1307
2021-01-30,Santa Cruz,087,273765,14512,13383,682,14065,149
2021-01-30,Shasta,089,179085,10396,10283,1085,11368,112
2021-01-30,Sierra,091,2930,48,43,12,55,0
2021-01-30,Siskiyou,093,43540,1338,1236,194,1430,4
2021-01-30,Solano,095,438530,28208,27511,321,27832,118
2021-01-30,Sonoma,097,501317,26161,25810,137,25947,243
2021-01-30,Stanislaus,099,539301,47191,45697,4799,50496,642
2021-01-30,Sutter,101,95872,8358,8226,76,8302,87
2021-01-30,Tehama,103,63373,4351,4229,458,4687,21
2021-01-30,Trinity,105,12862,441,259,63,322,3
2021-01-30,Tulare,107,460477,45787,44203,6708,50911,615
2021-01-30,Tuolumne,109,53932,3494,3508,33,3541,36
2021-01-30,Ventura,111,848112,72063,69931,2517,72448,493
2021-01-30,Yolo,113,214977,12161,11698,125,11823,151
2021-01-30,Yuba,115,75493,5173,5042,74,5116,33
2021-01-29,Alameda,001,1643700,75201,73210,1553,74763,841
2021-01-29,Alpine,003,1148,73,72,0,72,0
2021-01-29,Amador,005,37829,3269,3134,24,3158,32
2021-01-29,Butte,007,227075,10709,10122,1465,11587,138
2021-01-29,Calaveras,009,45235,1771,1757,11,1768,21
2021-01-29,Colusa,011,21464,1774,1734,208,1942,8
2021-01-29,Contra Costa,013,1133247,58498,56318,968,57286,529
2021-01-29,Del Norte,015,27424,893,865,4,869,2
2021-01-29,El Dorado,017,186661,8592,8231,566,8797,83
2021-01-29,Fresno,019,978130,91290,87936,6889,94825,962
2021-01-29,Glenn,021,27897,2124,2061,441,2502,14
2021-01-29,Humboldt,023,135768,2831,2707,18,2725,24
2021-01-29,Imperial,025,180216,26592,26045,2341,28386,521
2021-01-29,Inyo,027,18085,1092,1048,8,1056,27
2021-01-29,Kern,029,883053,88229,85044,8414,93458,836
2021-01-29,Kings,031,150075,21124,20466,850,21316,169
2021-01-29,Lake,033,64148,2892,2792,1,2793,32
2021-01-29,Lassen,035,31185,4948,4874,86,4960,1
2021-01-29,Los Angeles,037,10098052,1122284,1078329,35976,1114305,16190
2021-01-29,Madera,039,155013,14782,14377,712,15089,94
2021-01-29,Marin,041,260295,12433,12145,137,12282,185
2021-01-29,Mariposa,043,17540,355,342,3,345,4
2021-01-29,Mendocino,045,87422,3314,3131,61,3192,36
2021-01-29,Merced,047,269075,26331,25865,756,26621,334
2021-01-29,Modoc,049,8938,312,297,100,397,1
2021-01-29,Mono,051,14174,1134,1139,15,1154,3
2021-01-29,Monterey,053,433212,39755,38539,1380,39919,277
2021-01-29,Napa,055,140530,8523,8276,31,8307,52
2021-01-29,Nevada,057,99092,3658,3487,142,3629,20
2021-01-29,Orange,059,3164182,235463,229917,9398,239315,2967
2021-01-29,Placer,061,380077,19406,18367,974,19341,203
2021-01-29,Plumas,063,18699,619,548,10,558,2
2021-01-29,Riverside,065,2383286,273267,263504,12674,276178,3008
2021-01-29,Sacramento,067,1510023,88002,86320,1053,87373,1169
2021-01-29,San Benito,069,59416,5434,5386,69,5455,48
2021-01-29,San Bernardino,071,2135413,276434,267490,8020,275510,2095
2021-01-29,San Diego,073,3302833,247642,234637,11666,246303,2571
2021-01-29,San Francisco,075,870044,31801,31294,859,32153,307
2021-01-29,San Joaquin,077,732212,62757,60899,2450,63349,858
2021-01-29,San Luis Obispo,079,281455,18158,17440,467,17907,193
2021-01-29,San Mateo,081,765935,36939,35223,354,35577,218
2021-01-29,Santa Barbara,083,443738,29499,28105,885,28990,291
2021-01-29,Santa Clara,085,1922200,102937,101010,463,101473,1273
2021-01-29,Santa Cruz,087,273765,14459,13311,679,13990,148
2021-01-29,Shasta,089,179085,10379,10220,1081,11301,112
2021-01-29,Sierra,091,2930,48,43,12,55,0
2021-01-29,Siskiyou,093,43540,1337,1227,194,1421,4
2021-01-29,Solano,095,438530,28125,27352,319,27671,116
2021-01-29,Sonoma,097,501317,26105,25710,136,25846,243
2021-01-29,Stanislaus,099,539301,47048,45466,4777,50243,642
2021-01-29,Sutter,101,95872,8339,8181,76,8257,87
2021-01-29,Tehama,103,63373,4339,4191,456,4647,20
2021-01-29,Trinity,105,12862,441,260,63,323,3
2021-01-29,Tulare,107,460477,45680,43925,6669,50594,606
2021-01-29,Tuolumne,109,53932,3484,3483,33,3516,36
2021-01-29,Ventura,111,848112,71639,69511,2504,72015,484
2021-01-29,Yolo,113,214977,12123,11612,125,11737,151
2021-01-29,Yuba,115,75493,5157,5018,74,5092,32
2021-01-28,Alameda,001,1643700,74777,72758,1545,74303,833
2021-01-28,Alpine,003,1148,73,72,0,72,0
2021-01-28,Amador,005,37829,3232,3124,24,3148,31
2021-01-28,Butte,007,227075,10668,10037,1455,11492,138
2021-01-28,Calaveras,009,45235,1758,1747,10,1757,21
2021-01-28,Colusa,011,21464,1767,1731,204,1935,8
2021-01-28,Contra Costa,013,1133247,58257,55999,958,56957,525
2021-01-28,Del Norte,015,27424,892,862,4,866,2
2021-01-28,El Dorado,017,186661,8577,8198,561,8759,79
2021-01-28,Fresno,019,978130,91003,87401,6841,94242,949
2021-01-28,Glenn,021,27897,2119,2043,434,2477,14
2021-01-28,Humboldt,023,135768,2814,2686,18,2704,24
2021-01-28,Imperial,025,180216,26548,25984,2334,28318,517
2021-01-28,Inyo,027,18085,1087,1039,8,1047,27
2021-01-28,Kern,029,883053,87900,84708,8331,93039,817
2021-01-28,Kings,031,150075,21064,20328,847,21175,167
2021-01-28,Lake,033,64148,2877,2772,1,2773,32
2021-01-28,Lassen,035,31185,4942,4865,86,4951,1
2021-01-28,Los Angeles,037,10098052,1118370,1072412,35789,1108201,15967
2021-01-28,Madera,039,155013,14726,14301,708,15009,94
2021-01-28,Marin,041,260295,12380,12079,136,12215,183
2021-01-28,Mariposa,043,17540,355,334,3,337,4
2021-01-28,Mendocino,045,87422,3297,3110,61,3171,36
2021-01-28,Merced,047,269075,26209,25620,744,26364,328
2021-01-28,Modoc,049,8938,311,297,100,397,0
2021-01-28,Mono,051,14174,1132,1131,15,1146,3
2021-01-28,Monterey,053,433212,39561,38312,1361,39673,274
2021-01-28,Napa,055,140530,8476,8233,31,8264,50
2021-01-28,Nevada,057,99092,3643,3452,141,3593,19
2021-01-28,Orange,059,3164182,234486,228636,9368,238004,2860
2021-01-28,Placer,061,380077,19346,18246,971,19217,198
2021-01-28,Plumas,063,18699,618,547,10,557,2
2021-01-28,Riverside,065,2383286,272485,262342,12626,274968,2981
2021-01-28,Sacramento,067,1510023,87639,85698,1042,86740,1149
2021-01-28,San Benito,069,59416,5416,5344,68,5412,47
2021-01-28,San Bernardino,071,2135413,275732,266456,7999,274455,2057
2021-01-28,San Diego,073,3302833,246489,232967,11577,244544,2534
2021-01-28,San Francisco,075,870044,31664,31193,843,32036,290
2021-01-28,San Joaquin,077,732212,62491,60627,2436,63063,854
2021-01-28,San Luis Obispo,079,281455,18058,17279,465,17744,189
2021-01-28,San Mateo,081,765935,36770,34931,338,35269,218
2021-01-28,Santa Barbara,083,443738,29275,27674,872,28546,284
2021-01-28,Santa Clara,085,1922200,102471,100470,461,100931,1219
2021-01-28,Santa Cruz,087,273765,14370,13188,673,13861,145
2021-01-28,Shasta,089,179085,10345,10176,1073,11249,110
2021-01-28,Sierra,091,2930,48,43,12,55,0
2021-01-28,Siskiyou,093,43540,1330,1218,192,1410,4
2021-01-28,Solano,095,438530,27965,27163,318,27481,114
2021-01-28,Sonoma,097,501317,26014,25564,136,25700,236
2021-01-28,Stanislaus,099,539301,46840,45162,4758,49920,640
2021-01-28,Sutter,101,95872,8292,8136,76,8212,85
2021-01-28,Tehama,103,63373,4316,4163,453,4616,20
2021-01-28,Trinity,105,12862,439,260,63,323,3
2021-01-28,Tulare,107,460477,45524,43742,6594,50336,595
2021-01-28,Tuolumne,109,53932,3470,3472,33,3505,32
2021-01-28,Ventura,111,848112,71126,68896,2488,71384,475
2021-01-28,Yolo,113,214977,12080,11500,121,11621,151
2021-01-28,Yuba,115,75493,5141,4994,73,5067,32
2021-01-27,Alameda,001,1643700,74359,72188,1537,73725,815
2021-01-27,Alpine,003,1148,73,72,0,72,0
2021-01-27,Amador,005,37829,3216,3116,24,3140,31
2021-01-27,Butte,007,227075,10629,9988,1443,11431,138
2021-01-27,Calaveras,009,45235,1749,1737,10,1747,21
2021-01-27,Colusa,011,21464,1761,1724,202,1926,8
2021-01-27,Contra Costa,013,1133247,57958,55578,955,56533,507
2021-01-27,Del Norte,015,27424,891,859,4,863,2
2021-01-27,El Dorado,017,186661,8551,8141,560,8701,76
2021-01-27,Fresno,019,978130,90712,86886,6799,93685,938
2021-01-27,Glenn,021,27897,2115,2042,433,2475,14
2021-01-27,Humboldt,023,135768,2792,2630,18,2648,24
2021-01-27,Imperial,025,180216,26494,25861,2320,28181,504
2021-01-27,Inyo,027,18085,1083,1023,8,1031,27
2021-01-27,Kern,029,883053,87590,84244,8261,92505,809
2021-01-27,Kings,031,150075,20958,20211,839,21050,167
2021-01-27,Lake,033,64148,2857,2750,1,2751,32
2021-01-27,Lassen,035,31185,4936,4851,86,4937,1
2021-01-27,Los Angeles,037,10098052,1113562,1066569,35582,1102151,15757
2021-01-27,Madera,039,155013,14685,14194,703,14897,86
2021-01-27,Marin,041,260295,12343,12028,135,12163,180
2021-01-27,Mariposa,043,17540,355,333,3,336,4
2021-01-27,Mendocino,045,87422,3277,3095,61,3156,36
2021-01-27,Merced,047,269075,26050,25439,733,26172,315
2021-01-27,Modoc,049,8938,311,297,97,394,0
2021-01-27,Mono,051,14174,1130,1131,15,1146,3
2021-01-27,Monterey,053,433212,39353,38139,1342,39481,268
2021-01-27,Napa,055,140530,8403,8187,31,8218,46
2021-01-27,Nevada,057,99092,3621,3431,141,3572,18
2021-01-27,Orange,059,3164182,233369,227110,9316,236426,2832
2021-01-27,Placer,061,380077,19276,18106,960,19066,198
2021-01-27,Plumas,063,18699,618,544,10,554,2
2021-01-27,Riverside,065,2383286,271289,260796,12575,273371,2931
2021-01-27,Sacramento,067,1510023,87279,85428,1031,86459,1142
2021-01-27,San Benito,069,59416,5401,5284,68,5352,47
2021-01-27,San Bernardino,071,2135413,274880,265153,7967,273120,2019
2021-01-27,San Diego,073,3302833,245160,231478,11472,242950,2465
2021-01-27,San Francisco,075,870044,31520,31082,836,31918,287
2021-01-27,San Joaquin,077,732212,62221,60131,2417,62548,853
2021-01-27,San Luis Obispo,079,281455,17950,17119,461,17580,188
2021-01-27,San Mateo,081,765935,36615,34619,335,34954,216
2021-01-27,Santa Barbara,083,443738,29098,27435,866,28301,282
2021-01-27,Santa Clara,085,1922200,102067,99732,457,100189,1184
2021-01-27,Santa Cruz,087,273765,14300,13111,670,13781,143
2021-01-27,Shasta,089,179085,10311,10106,1067,11173,105
2021-01-27,Sierra,091,2930,48,44,12,56,0
2021-01-27,Siskiyou,093,43540,1325,1214,189,1403,4
2021-01-27,Solano,095,438530,27788,26982,311,27293,112
2021-01-27,Sonoma,097,501317,25915,25361,132,25493,237
2021-01-27,Stanislaus,099,539301,46656,44874,4733,49607,624
2021-01-27,Sutter,101,95872,8249,8093,76,8169,83
2021-01-27,Tehama,103,63373,4296,4133,449,4582,20
2021-01-27,Trinity,105,12862,439,260,63,323,3
2021-01-27,Tulare,107,460477,45337,43462,6523,49985,583
2021-01-27,Tuolumne,109,53932,3460,3464,33,3497,32
2021-01-27,Ventura,111,848112,70653,68291,2463,70754,468
2021-01-27,Yolo,113,214977,12032,11427,119,11546,151
2021-01-27,Yuba,115,75493,5125,4968,73,5041,32
2021-01-26,Alameda,001,1643700,73986,71851,1520,73371,789
2021-01-26,Alpine,003,1148,73,72,0,72,0
2021-01-26,Amador,005,37829,3205,3113,24,3137,31
2021-01-26,Butte,007,227075,10587,9943,1437,11380,136
2021-01-26,Calaveras,009,45235,1739,1723,10,1733,21
2021-01-26,Colusa,011,21464,1754,1719,199,1918,8
2021-01-26,Contra Costa,013,1133247,57680,55337,947,56284,491
2021-01-26,Del Norte,015,27424,890,856,4,860,2
2021-01-26,El Dorado,017,186661,8525,8115,558,8673,71
2021-01-26,Fresno,019,978130,90354,86673,6756,93429,923
2021-01-26,Glenn,021,27897,2105,2034,428,2462,13
2021-01-26,Humboldt,023,135768,2771,2612,17,2629,24
2021-01-26,Imperial,025,180216,26421,25812,2308,28120,498
2021-01-26,Inyo,027,18085,1076,1018,8,1026,27
2021-01-26,Kern,029,883053,87167,83868,8186,92054,790
2021-01-26,Kings,031,150075,20900,20156,834,20990,159
2021-01-26,Lake,033,64148,2848,2748,1,2749,32
2021-01-26,Lassen,035,31185,4930,4844,86,4930,1
2021-01-26,Los Angeles,037,10098052,1108274,1060492,35381,1095873,15458
2021-01-26,Madera,039,155013,14628,14130,697,14827,86
2021-01-26,Marin,041,260295,12298,11993,133,12126,179
2021-01-26,Mariposa,043,17540,353,332,3,335,3
2021-01-26,Mendocino,045,87422,3251,3076,60,3136,36
2021-01-26,Merced,047,269075,25910,25359,725,26084,309
2021-01-26,Modoc,049,8938,304,291,96,387,0
2021-01-26,Mono,051,14174,1128,1120,15,1135,3
2021-01-26,Monterey,053,433212,39159,37963,1322,39285,255
2021-01-26,Napa,055,140530,8346,8145,31,8176,43
2021-01-26,Nevada,057,99092,3614,3410,140,3550,18
2021-01-26,Orange,059,3164182,232245,225987,9270,235257,2760
2021-01-26,Placer,061,380077,19200,18016,958,18974,193
2021-01-26,Plumas,063,18699,616,536,10,546,2
2021-01-26,Riverside,065,2383286,269921,259399,12512,271911,2898
2021-01-26,Sacramento,067,1510023,86921,85062,1024,86086,1127
2021-01-26,San Benito,069,59416,5387,5251,67,5318,45
2021-01-26,San Bernardino,071,2135413,273878,263736,7925,271661,1970
2021-01-26,San Diego,073,3302833,243665,230063,11370,241433,2421
2021-01-26,San Francisco,075,870044,31388,30874,817,31691,286
2021-01-26,San Joaquin,077,732212,61967,59889,2401,62290,847
2021-01-26,San Luis Obispo,079,281455,17869,17016,458,17474,186
2021-01-26,San Mateo,081,765935,36421,34441,324,34765,213
2021-01-26,Santa Barbara,083,443738,28923,27321,854,28175,273
2021-01-26,Santa Clara,085,1922200,101588,99215,454,99669,1171
2021-01-26,Santa Cruz,087,273765,14234,13045,664,13709,134
2021-01-26,Shasta,089,179085,10276,10036,1059,11095,103
2021-01-26,Sierra,091,2930,48,43,12,55,0
2021-01-26,Siskiyou,093,43540,1310,1208,187,1395,4
2021-01-26,Solano,095,438530,27632,26858,304,27162,110
2021-01-26,Sonoma,097,501317,25796,25273,130,25403,236
2021-01-26,Stanislaus,099,539301,46474,44703,4693,49396,599
2021-01-26,Sutter,101,95872,8206,8067,76,8143,83
2021-01-26,Tehama,103,63373,4263,4115,449,4564,20
2021-01-26,Trinity,105,12862,439,260,63,323,3
2021-01-26,Tulare,107,460477,45133,43394,6456,49850,579
2021-01-26,Tuolumne,109,53932,3450,3451,33,3484,30
2021-01-26,Ventura,111,848112,70120,67526,2437,69963,448
2021-01-26,Yolo,113,214977,11987,11361,116,11477,148
2021-01-26,Yuba,115,75493,5100,4944,71,5015,31
2021-01-25,Alameda,001,1643700,73559,71255,1510,72765,780
2021-01-25,Alpine,003,1148,73,72,0,72,0
2021-01-25,Amador,005,37829,3165,3074,24,3098,30
2021-01-25,Butte,007,227075,10520,9865,1429,11294,133
2021-01-25,Calaveras,009,45235,1724,1713,10,1723,21
2021-01-25,Colusa,011,21464,1742,1709,195,1904,8
2021-01-25,Contra Costa,013,1133247,57326,54989,940,55929,488
2021-01-25,Del Norte,015,27424,889,855,4,859,2
2021-01-25,El Dorado,017,186661,8500,8060,558,8618,66
2021-01-25,Fresno,019,978130,89983,86336,6725,93061,913
2021-01-25,Glenn,021,27897,2096,2028,428,2456,13
2021-01-25,Humboldt,023,135768,2737,2587,17,2604,24
2021-01-25,Imperial,025,180216,26372,25745,2300,28045,491
2021-01-25,Inyo,027,18085,1070,1015,8,1023,27
2021-01-25,Kern,029,883053,86781,83401,8101,91502,787
2021-01-25,Kings,031,150075,20780,20067,830,20897,159
2021-01-25,Lake,033,64148,2829,2729,1,2730,32
2021-01-25,Lassen,035,31185,4903,4835,86,4921,1
2021-01-25,Los Angeles,037,10098052,1102310,1055181,35155,1090336,15163
2021-01-25,Madera,039,155013,14574,14068,692,14760,86
2021-01-25,Marin,041,260295,12246,11923,129,12052,177
2021-01-25,Mariposa,043,17540,350,331,3,334,3
2021-01-25,Mendocino,045,87422,3240,3054,60,3114,35
2021-01-25,Merced,047,269075,25771,25181,716,25897,305
2021-01-25,Modoc,049,8938,303,288,92,380,0
2021-01-25,Mono,051,14174,1125,1114,14,1128,3
2021-01-25,Monterey,053,433212,38906,37726,1303,39029,255
2021-01-25,Napa,055,140530,8312,8057,30,8087,43
2021-01-25,Nevada,057,99092,3600,3365,140,3505,18
2021-01-25,Orange,059,3164182,231037,225105,9225,234330,2696
2021-01-25,Placer,061,380077,19112,17936,943,18879,193
2021-01-25,Plumas,063,18699,613,533,10,543,2
2021-01-25,Riverside,065,2383286,268182,258082,12459,270541,2789
2021-01-25,Sacramento,067,1510023,86479,84653,1016,85669,1118
2021-01-25,San Benito,069,59416,5352,5238,66,5304,43
2021-01-25,San Bernardino,071,2135413,272935,263174,7889,271063,1947
2021-01-25,San Diego,073,3302833,242052,228630,11298,239928,2375
2021-01-25,San Francisco,075,870044,31238,30734,794,31528,288
2021-01-25,San Joaquin,077,732212,61673,59291,2376,61667,838
2021-01-25,San Luis Obispo,079,281455,17735,16868,453,17321,179
2021-01-25,San Mateo,081,765935,36188,34187,318,34505,213
2021-01-25,Santa Barbara,083,443738,28689,27065,844,27909,269
2021-01-25,Santa Clara,085,1922200,101022,98647,446,99093,1143
2021-01-25,Santa Cruz,087,273765,14147,12973,660,13633,133
2021-01-25,Shasta,089,179085,10235,9991,1048,11039,103
2021-01-25,Sierra,091,2930,48,42,12,54,0
2021-01-25,Siskiyou,093,43540,1302,1205,184,1389,4
2021-01-25,Solano,095,438530,27464,26648,303,26951,109
2021-01-25,Sonoma,097,501317,25689,25160,128,25288,233
2021-01-25,Stanislaus,099,539301,46228,44293,4651,48944,599
2021-01-25,Sutter,101,95872,8163,8023,76,8099,83
2021-01-25,Tehama,103,63373,4236,4082,445,4527,20
2021-01-25,Trinity,105,12862,439,262,63,325,3
2021-01-25,Tulare,107,460477,44916,43124,6354,49478,578
2021-01-25,Tuolumne,109,53932,3441,3422,33,3455,29
2021-01-25,Ventura,111,848112,69486,66910,2420,69330,439
2021-01-25,Yolo,113,214977,11901,11276,115,11391,140
2021-01-25,Yuba,115,75493,5078,4900,69,4969,31
2021-01-24,Alameda,001,1643700,73055,70823,1499,72322,780
2021-01-24,Alpine,003,1148,73,72,0,72,0
2021-01-24,Amador,005,37829,3132,3054,24,3078,30
2021-01-24,Butte,007,227075,10436,9820,1413,11233,133
2021-01-24,Calaveras,009,45235,1711,1704,10,1714,21
2021-01-24,Colusa,011,21464,1731,1689,189,1878,8
2021-01-24,Contra Costa,013,1133247,56938,54694,927,55621,488
2021-01-24,Del Norte,015,27424,885,855,4,859,2
2021-01-24,El Dorado,017,186661,8465,8003,554,8557,66
2021-01-24,Fresno,019,978130,89545,85808,6686,92494,911
2021-01-24,Glenn,021,27897,2088,2026,427,2453,13
2021-01-24,Humboldt,023,135768,2698,2562,17,2579,24
2021-01-24,Imperial,025,180216,26277,25707,2278,27985,488
2021-01-24,Inyo,027,18085,1054,1007,8,1015,27
2021-01-24,Kern,029,883053,86345,83125,7994,91119,785
2021-01-24,Kings,031,150075,20652,19988,814,20802,159
2021-01-24,Lake,033,64148,2812,2724,0,2724,32
2021-01-24,Lassen,035,31185,4892,4828,83,4911,1
2021-01-24,Los Angeles,037,10098052,1095895,1048757,34849,1083606,15119
2021-01-24,Madera,039,155013,14484,14000,686,14686,86
2021-01-24,Marin,041,260295,12179,11872,128,12000,177
2021-01-24,Mariposa,043,17540,346,322,3,325,3
2021-01-24,Mendocino,045,87422,3219,3037,59,3096,33
2021-01-24,Merced,047,269075,25560,25047,707,25754,305
2021-01-24,Modoc,049,8938,303,285,92,377,0
2021-01-24,Mono,051,14174,1118,1113,14,1127,3
2021-01-24,Monterey,053,433212,38635,37527,1269,38796,254
2021-01-24,Napa,055,140530,8270,8005,30,8035,43
2021-01-24,Nevada,057,99092,3558,3349,138,3487,18
2021-01-24,Orange,059,3164182,229604,223853,9157,233010,2632
2021-01-24,Placer,061,380077,18999,17839,923,18762,193
2021-01-24,Plumas,063,18699,610,532,10,542,2
2021-01-24,Riverside,065,2383286,266540,256767,12383,269150,2761
2021-01-24,Sacramento,067,1510023,85925,84110,1008,85118,1112
2021-01-24,San Benito,069,59416,5310,5223,63,5286,43
2021-01-24,San Bernardino,071,2135413,271612,262370,7837,270207,1935
2021-01-24,San Diego,073,3302833,240358,227193,11167,238360,2375
2021-01-24,San Francisco,075,870044,31050,30559,772,31331,275
2021-01-24,San Joaquin,077,732212,61246,59021,2362,61383,838
2021-01-24,San Luis Obispo,079,281455,17611,16758,451,17209,179
2021-01-24,San Mateo,081,765935,35943,33956,313,34269,213
2021-01-24,Santa Barbara,083,443738,28373,26735,834,27569,269
2021-01-24,Santa Clara,085,1922200,100374,98103,441,98544,1109
2021-01-24,Santa Cruz,087,273765,14061,12905,652,13557,133
2021-01-24,Shasta,089,179085,10164,9978,1039,11017,103
2021-01-24,Sierra,091,2930,47,42,12,54,0
2021-01-24,Siskiyou,093,43540,1295,1195,184,1379,4
2021-01-24,Solano,095,438530,27276,26515,299,26814,109
2021-01-24,Sonoma,097,501317,25527,25045,127,25172,233
2021-01-24,Stanislaus,099,539301,45919,44031,4592,48623,599
2021-01-24,Sutter,101,95872,8099,7980,76,8056,83
2021-01-24,Tehama,103,63373,4196,4062,440,4502,20
2021-01-24,Trinity,105,12862,439,262,63,325,3
2021-01-24,Tulare,107,460477,44697,43006,6265,49271,577
2021-01-24,Tuolumne,109,53932,3430,3416,33,3449,29
2021-01-24,Ventura,111,848112,68775,66347,2398,68745,439
2021-01-24,Yolo,113,214977,11817,11210,111,11321,140
2021-01-24,Yuba,115,75493,5038,4875,68,4943,31
2021-01-23,Alameda,001,1643700,72807,70080,1492,71572,780
2021-01-23,Alpine,003,1148,73,72,0,72,0
2021-01-23,Amador,005,37829,3129,3049,24,3073,30
2021-01-23,Butte,007,227075,10407,9757,1410,11167,133
2021-01-23,Calaveras,009,45235,1708,1695,10,1705,21
2021-01-23,Colusa,011,21464,1727,1672,188,1860,8
2021-01-23,Contra Costa,013,1133247,56725,54162,920,55082,487
2021-01-23,Del Norte,015,27424,884,855,4,859,2
2021-01-23,El Dorado,017,186661,8449,7984,552,8536,66
2021-01-23,Fresno,019,978130,89359,85274,6658,91932,910
2021-01-23,Glenn,021,27897,2085,2015,423,2438,13
2021-01-23,Humboldt,023,135768,2679,2493,16,2509,23
2021-01-23,Imperial,025,180216,26243,25581,2268,27849,487
2021-01-23,Inyo,027,18085,1045,987,8,995,27
2021-01-23,Kern,029,883053,86101,82602,7926,90528,783
2021-01-23,Kings,031,150075,20608,19904,812,20716,159
2021-01-23,Lake,033,64148,2804,2673,0,2673,32
2021-01-23,Lassen,035,31185,4891,4816,80,4896,1
2021-01-23,Los Angeles,037,10098052,1092661,1040961,34689,1075650,15034
2021-01-23,Madera,039,155013,14448,13858,683,14541,86
2021-01-23,Marin,041,260295,12123,11796,126,11922,177
2021-01-23,Mariposa,043,17540,346,323,3,326,3
2021-01-23,Mendocino,045,87422,3205,2991,59,3050,32
2021-01-23,Merced,047,269075,25468,24787,693,25480,303
2021-01-23,Modoc,049,8938,303,285,92,377,0
2021-01-23,Mono,051,14174,1116,1111,14,1125,3
2021-01-23,Monterey,053,433212,38552,37165,1264,38429,253
2021-01-23,Napa,055,140530,8245,7893,30,7923,43
2021-01-23,Nevada,057,99092,3547,3332,137,3469,18
2021-01-23,Orange,059,3164182,228836,221722,9117,230839,2618
2021-01-23,Placer,061,380077,18948,17617,918,18535,193
2021-01-23,Plumas,063,18699,609,528,10,538,2
2021-01-23,Riverside,065,2383286,265640,253636,12333,265969,2733
2021-01-23,Sacramento,067,1510023,85697,83408,1005,84413,1108
2021-01-23,San Benito,069,59416,5286,5166,62,5228,43
2021-01-23,San Bernardino,071,2135413,271060,260381,7807,268188,1922
2021-01-23,San Diego,073,3302833,239297,225556,11095,236651,2344
2021-01-23,San Francisco,075,870044,30946,30308,743,31051,268
2021-01-23,San Joaquin,077,732212,61120,58164,2352,60516,836
2021-01-23,San Luis Obispo,079,281455,17547,16652,448,17100,176
2021-01-23,San Mateo,081,765935,35767,33696,302,33998,213
2021-01-23,Santa Barbara,083,443738,28188,26234,825,27059,264
2021-01-23,Santa Clara,085,1922200,100018,97189,440,97629,1086
2021-01-23,Santa Cruz,087,273765,14003,12771,649,13420,127
2021-01-23,Shasta,089,179085,10135,9951,1038,10989,103
2021-01-23,Sierra,091,2930,47,41,12,53,0
2021-01-23,Siskiyou,093,43540,1285,1190,183,1373,4
2021-01-23,Solano,095,438530,27183,26261,297,26558,107
2021-01-23,Sonoma,097,501317,25447,24790,127,24917,232
2021-01-23,Stanislaus,099,539301,45752,43723,4561,48284,599
2021-01-23,Sutter,101,95872,8081,7943,75,8018,80
2021-01-23,Tehama,103,63373,4177,4006,439,4445,20
2021-01-23,Trinity,105,12862,439,262,63,325,3
2021-01-23,Tulare,107,460477,44544,42661,6205,48866,575
2021-01-23,Tuolumne,109,53932,3423,3407,33,3440,29
2021-01-23,Ventura,111,848112,68325,65581,2375,67956,438
2021-01-23,Yolo,113,214977,11775,11087,110,11197,141
2021-01-23,Yuba,115,75493,5026,4831,67,4898,30
2021-01-22,Alameda,001,1643700,72485,69693,1486,71179,751
2021-01-22,Alpine,003,1148,73,71,0,71,0
2021-01-22,Amador,005,37829,3124,3042,24,3066,30
2021-01-22,Butte,007,227075,10363,9711,1397,11108,133
2021-01-22,Calaveras,009,45235,1699,1672,10,1682,21
2021-01-22,Colusa,011,21464,1725,1668,188,1856,7
2021-01-22,Contra Costa,013,1133247,56488,53887,914,54801,485
2021-01-22,Del Norte,015,27424,883,852,4,856,2
2021-01-22,El Dorado,017,186661,8415,7877,549,8426,64
2021-01-22,Fresno,019,978130,89018,84744,6630,91374,892
2021-01-22,Glenn,021,27897,2080,1985,417,2402,13
2021-01-22,Humboldt,023,135768,2655,2452,16,2468,23
2021-01-22,Imperial,025,180216,26208,25562,2253,27815,474
2021-01-22,Inyo,027,18085,1034,961,8,969,26
2021-01-22,Kern,029,883053,85804,82101,7850,89951,771
2021-01-22,Kings,031,150075,20532,19760,808,20568,159
2021-01-22,Lake,033,64148,2792,2681,0,2681,32
2021-01-22,Lassen,035,31185,4882,4765,79,4844,1
2021-01-22,Los Angeles,037,10098052,1088195,1031177,34500,1065677,14777
2021-01-22,Madera,039,155013,14388,13781,682,14463,86
2021-01-22,Marin,041,260295,12087,11769,124,11893,177
2021-01-22,Mariposa,043,17540,346,323,3,326,3
2021-01-22,Mendocino,045,87422,3180,2994,58,3052,32
2021-01-22,Merced,047,269075,25345,24616,686,25302,290
2021-01-22,Modoc,049,8938,303,285,92,377,0
2021-01-22,Mono,051,14174,1116,1108,14,1122,3
2021-01-22,Monterey,053,433212,38400,36909,1259,38168,253
2021-01-22,Napa,055,140530,8199,7828,30,7858,40
2021-01-22,Nevada,057,99092,3522,3296,136,3432,18
2021-01-22,Orange,059,3164182,227884,220384,9070,229454,2542
2021-01-22,Placer,061,380077,18891,17636,903,18539,193
2021-01-22,Plumas,063,18699,607,522,10,532,2
2021-01-22,Riverside,065,2383286,264495,252440,12267,264707,2710
2021-01-22,Sacramento,067,1510023,85367,82861,997,83858,1094
2021-01-22,San Benito,069,59416,5260,5143,62,5205,43
2021-01-22,San Bernardino,071,2135413,270247,259121,7777,266898,1849
2021-01-22,San Diego,073,3302833,238057,222576,11030,233606,2301
2021-01-22,San Francisco,075,870044,30833,30027,726,30753,266
2021-01-22,San Joaquin,077,732212,60938,58485,2340,60825,812
2021-01-22,San Luis Obispo,079,281455,17458,16336,445,16781,172
2021-01-22,San Mateo,081,765935,35545,33401,299,33700,211
2021-01-22,Santa Barbara,083,443738,27987,25989,814,26803,256
2021-01-22,Santa Clara,085,1922200,99580,96435,437,96872,1062
2021-01-22,Santa Cruz,087,273765,13945,12687,645,13332,123
2021-01-22,Shasta,089,179085,10115,9866,1036,10902,103
2021-01-22,Sierra,091,2930,47,40,12,52,0
2021-01-22,Siskiyou,093,43540,1281,1182,181,1363,4
2021-01-22,Solano,095,438530,27093,26048,295,26343,107
2021-01-22,Sonoma,097,501317,25362,24659,127,24786,232
2021-01-22,Stanislaus,099,539301,45586,43489,4535,48024,599
2021-01-22,Sutter,101,95872,8056,7878,75,7953,80
2021-01-22,Tehama,103,63373,4161,3993,437,4430,19
2021-01-22,Trinity,105,12862,438,263,63,326,3
2021-01-22,Tulare,107,460477,44364,42307,6138,48445,573
2021-01-22,Tuolumne,109,53932,3395,3379,33,3412,29
2021-01-22,Ventura,111,848112,67819,64404,2357,66761,426
2021-01-22,Yolo,113,214977,11741,11014,108,11122,141
2021-01-22,Yuba,115,75493,5002,4789,65,4854,29
2021-01-21,Alameda,001,1643700,72049,69314,1469,70783,739
2021-01-21,Alpine,003,1148,73,71,0,71,0
2021-01-21,Amador,005,37829,3102,3038,24,3062,29
2021-01-21,Butte,007,227075,10299,9643,1390,11033,130
2021-01-21,Calaveras,009,45235,1690,1647,10,1657,21
2021-01-21,Colusa,011,21464,1718,1662,185,1847,7
2021-01-21,Contra Costa,013,1133247,56080,53595,901,54496,478
2021-01-21,Del Norte,015,27424,881,850,3,853,2
2021-01-21,El Dorado,017,186661,8366,7823,546,8369,58
2021-01-21,Fresno,019,978130,88614,84137,6590,90727,889
2021-01-21,Glenn,021,27897,2072,1964,412,2376,13
2021-01-21,Humboldt,023,135768,2632,2423,16,2439,23
2021-01-21,Imperial,025,180216,26118,25509,2240,27749,463
2021-01-21,Inyo,027,18085,1025,946,8,954,26
2021-01-21,Kern,029,883053,85392,81328,7735,89063,769
2021-01-21,Kings,031,150075,20461,19633,791,20424,158
2021-01-21,Lake,033,64148,2777,2669,0,2669,32
2021-01-21,Lassen,035,31185,4875,4763,79,4842,1
2021-01-21,Los Angeles,037,10098052,1081531,1023055,34184,1057239,14537
2021-01-21,Madera,039,155013,14320,13664,674,14338,86
2021-01-21,Marin,041,260295,12032,11732,122,11854,173
2021-01-21,Mariposa,043,17540,342,322,3,325,3
2021-01-21,Mendocino,045,87422,3157,2967,56,3023,32
2021-01-21,Merced,047,269075,25190,24426,679,25105,245
2021-01-21,Modoc,049,8938,300,284,91,375,0
2021-01-21,Mono,051,14174,1111,1104,14,1118,3
2021-01-21,Monterey,053,433212,38120,36149,1250,37399,253
2021-01-21,Napa,055,140530,8135,7774,30,7804,40
2021-01-21,Nevada,057,99092,3493,3274,135,3409,18
2021-01-21,Orange,059,3164182,226508,218867,9016,227883,2540
2021-01-21,Placer,061,380077,18812,17553,899,18452,190
2021-01-21,Plumas,063,18699,603,518,10,528,2
2021-01-21,Riverside,065,2383286,262773,251007,12189,263196,2676
2021-01-21,Sacramento,067,1510023,84888,82303,977,83280,1084
2021-01-21,San Benito,069,59416,5230,5100,57,5157,43
2021-01-21,San Bernardino,071,2135413,268906,257754,7713,265467,1832
2021-01-21,San Diego,073,3302833,236282,219729,10923,230652,2222
2021-01-21,San Francisco,075,870044,30657,29801,692,30493,266
2021-01-21,San Joaquin,077,732212,60628,58270,2322,60592,806
2021-01-21,San Luis Obispo,079,281455,17372,16153,437,16590,169
2021-01-21,San Mateo,081,765935,35299,33156,286,33442,210
2021-01-21,Santa Barbara,083,443738,27699,25654,801,26455,253
2021-01-21,Santa Clara,085,1922200,98957,96028,431,96459,1062
2021-01-21,Santa Cruz,087,273765,13861,12548,635,13183,119
2021-01-21,Shasta,089,179085,10072,9795,1021,10816,98
2021-01-21,Sierra,091,2930,47,40,12,52,0
2021-01-21,Siskiyou,093,43540,1278,1178,179,1357,4
2021-01-21,Solano,095,438530,26913,25885,291,26176,106
2021-01-21,Sonoma,097,501317,25222,24440,125,24565,230
2021-01-21,Stanislaus,099,539301,45288,43223,4491,47714,599
2021-01-21,Sutter,101,95872,8022,7822,75,7897,80
2021-01-21,Tehama,103,63373,4122,3938,437,4375,19
2021-01-21,Trinity,105,12862,438,261,63,324,3
2021-01-21,Tulare,107,460477,44153,42082,6064,48146,569
2021-01-21,Tuolumne,109,53932,3385,3365,32,3397,29
2021-01-21,Ventura,111,848112,67125,63995,2336,66331,420
2021-01-21,Yolo,113,214977,11650,10940,100,11040,141
2021-01-21,Yuba,115,75493,4970,4757,64,4821,29
2021-01-20,Alameda,001,1643700,71572,68785,1453,70238,702
2021-01-20,Alpine,003,1148,73,71,0,71,0
2021-01-20,Amador,005,37829,3071,3036,24,3060,29
2021-01-20,Butte,007,227075,10243,9582,1380,10962,130
2021-01-20,Calaveras,009,45235,1668,1637,9,1646,21
2021-01-20,Colusa,011,21464,1701,1630,180,1810,7
2021-01-20,Contra Costa,013,1133247,55623,53108,894,54002,461
2021-01-20,Del Norte,015,27424,880,848,3,851,2
2021-01-20,El Dorado,017,186661,8316,7785,543,8328,53
2021-01-20,Fresno,019,978130,88196,83591,6537,90128,872
2021-01-20,Glenn,021,27897,2053,1955,410,2365,13
2021-01-20,Humboldt,023,135768,2589,2390,16,2406,22
2021-01-20,Imperial,025,180216,26046,25380,2206,27586,461
2021-01-20,Inyo,027,18085,1015,901,8,909,26
2021-01-20,Kern,029,883053,84942,80701,7628,88329,754
2021-01-20,Kings,031,150075,20371,19522,783,20305,146
2021-01-20,Lake,033,64148,2756,2646,0,2646,31
2021-01-20,Lassen,035,31185,4867,4758,77,4835,1
2021-01-20,Los Angeles,037,10098052,1074031,1015608,33900,1049508,14299
2021-01-20,Madera,039,155013,14256,13585,670,14255,86
2021-01-20,Marin,041,260295,11978,11684,120,11804,171
2021-01-20,Mariposa,043,17540,340,322,3,325,3
2021-01-20,Mendocino,045,87422,3142,2957,56,3013,32
2021-01-20,Merced,047,269075,25017,24220,657,24877,243
2021-01-20,Modoc,049,8938,299,282,91,373,0
2021-01-20,Mono,051,14174,1104,1105,13,1118,3
2021-01-20,Monterey,053,433212,37808,35960,1230,37190,249
2021-01-20,Napa,055,140530,8066,7731,30,7761,40
2021-01-20,Nevada,057,99092,3461,3238,135,3373,18
2021-01-20,Orange,059,3164182,224973,216893,8955,225848,2500
2021-01-20,Placer,061,380077,18718,17455,881,18336,186
2021-01-20,Plumas,063,18699,601,512,10,522,2
2021-01-20,Riverside,065,2383286,260729,248686,12106,260792,2615
2021-01-20,Sacramento,067,1510023,84328,81687,967,82654,1072
2021-01-20,San Benito,069,59416,5199,5036,56,5092,35
2021-01-20,San Bernardino,071,2135413,267564,255921,7666,263587,1801
2021-01-20,San Diego,073,3302833,234427,218553,10819,229372,2174
2021-01-20,San Francisco,075,870044,30469,29665,672,30337,262
2021-01-20,San Joaquin,077,732212,60224,58025,2313,60338,783
2021-01-20,San Luis Obispo,079,281455,17190,15936,428,16364,164
2021-01-20,San Mateo,081,765935,35072,32929,285,33214,210
2021-01-20,Santa Barbara,083,443738,27382,25312,789,26101,248
2021-01-20,Santa Clara,085,1922200,98277,94995,429,95424,1040
2021-01-20,Santa Cruz,087,273765,13754,12460,622,13082,107
2021-01-20,Shasta,089,179085,10020,9697,1011,10708,98
2021-01-20,Sierra,091,2930,47,40,12,52,0
2021-01-20,Siskiyou,093,43540,1271,1163,178,1341,4
2021-01-20,Solano,095,438530,26720,25659,287,25946,106
2021-01-20,Sonoma,097,501317,25085,24262,123,24385,223
2021-01-20,Stanislaus,099,539301,45008,42955,4453,47408,585
2021-01-20,Sutter,101,95872,7971,7772,73,7845,80
2021-01-20,Tehama,103,63373,4096,3892,435,4327,19
2021-01-20,Trinity,105,12862,438,260,63,323,3
2021-01-20,Tulare,107,460477,43895,41799,5973,47772,559
2021-01-20,Tuolumne,109,53932,3371,3355,31,3386,29
2021-01-20,Ventura,111,848112,66165,63413,2307,65720,395
2021-01-20,Yolo,113,214977,11582,10852,97,10949,141
2021-01-20,Yuba,115,75493,4943,4729,64,4793,29
2021-01-19,Alameda,001,1643700,70930,68434,1444,69878,680
2021-01-19,Alpine,003,1148,73,71,0,71,0
2021-01-19,Amador,005,37829,3062,3024,24,3048,28
2021-01-19,Butte,007,227075,10180,9528,1366,10894,129
2021-01-19,Calaveras,009,45235,1653,1621,8,1629,21
2021-01-19,Colusa,011,21464,1679,1617,177,1794,7
2021-01-19,Contra Costa,013,1133247,55130,52730,883,53613,448
2021-01-19,Del Norte,015,27424,878,843,3,846,2
2021-01-19,El Dorado,017,186661,8255,7743,535,8278,47
2021-01-19,Fresno,019,978130,87674,83200,6487,89687,857
2021-01-19,Glenn,021,27897,2041,1948,405,2353,13
2021-01-19,Humboldt,023,135768,2565,2359,13,2372,22
2021-01-19,Imperial,025,180216,25965,25333,2190,27523,452
2021-01-19,Inyo,027,18085,1008,891,8,899,26
2021-01-19,Kern,029,883053,84353,80272,7523,87795,742
2021-01-19,Kings,031,150075,20232,19375,773,20148,143
2021-01-19,Lake,033,64148,2741,2625,0,2625,31
2021-01-19,Lassen,035,31185,4860,4753,77,4830,1
2021-01-19,Los Angeles,037,10098052,1065353,1010375,33633,1044008,14014
2021-01-19,Madera,039,155013,14140,13528,663,14191,86
2021-01-19,Marin,041,260295,11921,11654,116,11770,169
2021-01-19,Mariposa,043,17540,340,322,3,325,3
2021-01-19,Mendocino,045,87422,3125,2930,56,2986,32
2021-01-19,Merced,047,269075,24805,24108,648,24756,242
2021-01-19,Modoc,049,8938,298,281,91,372,0
2021-01-19,Mono,051,14174,1103,1106,13,1119,3
2021-01-19,Monterey,053,433212,37506,35840,1209,37049,248
2021-01-19,Napa,055,140530,8007,7672,30,7702,38
2021-01-19,Nevada,057,99092,3442,3216,133,3349,18
2021-01-19,Orange,059,3164182,223238,215244,8888,224132,2468
2021-01-19,Placer,061,380077,18621,17348,871,18219,182
2021-01-19,Plumas,063,18699,594,509,10,519,2
2021-01-19,Riverside,065,2383286,258642,246248,12028,258276,2585
2021-01-19,Sacramento,067,1510023,83791,81183,947,82130,1053
2021-01-19,San Benito,069,59416,5153,4988,55,5043,35
2021-01-19,San Bernardino,071,2135413,265844,253651,7610,261261,1777
2021-01-19,San Diego,073,3302833,232004,216833,10721,227554,2109
2021-01-19,San Francisco,075,870044,30250,29502,641,30143,261
2021-01-19,San Joaquin,077,732212,59841,57655,2302,59957,782
2021-01-19,San Luis Obispo,079,281455,16927,15855,425,16280,161
2021-01-19,San Mateo,081,765935,34787,32730,274,33004,208
2021-01-19,Santa Barbara,083,443738,26998,24991,773,25764,236
2021-01-19,Santa Clara,085,1922200,97507,94483,428,94911,1010
2021-01-19,Santa Cruz,087,273765,13637,12410,614,13024,106
2021-01-19,Shasta,089,179085,9984,9614,1001,10615,93
2021-01-19,Sierra,091,2930,47,40,10,50,0
2021-01-19,Siskiyou,093,43540,1263,1149,176,1325,4
2021-01-19,Solano,095,438530,26473,25520,286,25806,106
2021-01-19,Sonoma,097,501317,24905,24133,121,24254,223
2021-01-19,Stanislaus,099,539301,44660,42723,4408,47131,561
2021-01-19,Sutter,101,95872,7921,7709,67,7776,80
2021-01-19,Tehama,103,63373,4064,3876,433,4309,19
2021-01-19,Trinity,105,12862,437,260,63,323,3
2021-01-19,Tulare,107,460477,43617,41559,5879,47438,549
2021-01-19,Tuolumne,109,53932,3344,3328,31,3359,29
2021-01-19,Ventura,111,848112,65486,62656,2280,64936,383
2021-01-19,Yolo,113,214977,11495,10789,97,10886,134
2021-01-19,Yuba,115,75493,4910,4695,63,4758,29
2021-01-18,Alameda,001,1643700,70298,67938,1426,69364,680
2021-01-18,Alpine,003,1148,73,71,0,71,0
2021-01-18,Amador,005,37829,3048,3016,24,3040,28
2021-01-18,Butte,007,227075,10095,9474,1354,10828,129
2021-01-18,Calaveras,009,45235,1632,1617,7,1624,21
2021-01-18,Colusa,011,21464,1662,1608,176,1784,7
2021-01-18,Contra Costa,013,1133247,54612,52323,875,53198,448
2021-01-18,Del Norte,015,27424,877,840,3,843,2
2021-01-18,El Dorado,017,186661,8187,7707,533,8240,47
2021-01-18,Fresno,019,978130,87063,82485,6421,88906,857
2021-01-18,Glenn,021,27897,2024,1935,401,2336,13
2021-01-18,Humboldt,023,135768,2527,2343,13,2356,22
2021-01-18,Imperial,025,180216,25896,25317,2166,27483,452
2021-01-18,Inyo,027,18085,996,872,8,880,26
2021-01-18,Kern,029,883053,83716,79930,7432,87362,740
2021-01-18,Kings,031,150075,20062,19267,761,20028,141
2021-01-18,Lake,033,64148,2724,2591,0,2591,30
2021-01-18,Lassen,035,31185,4824,4749,76,4825,1
2021-01-18,Los Angeles,037,10098052,1055850,1002614,33346,1035960,13828
2021-01-18,Madera,039,155013,14027,13443,655,14098,85
2021-01-18,Marin,041,260295,11874,11607,114,11721,165
2021-01-18,Mariposa,043,17540,337,320,2,322,3
2021-01-18,Mendocino,045,87422,3102,2919,56,2975,31
2021-01-18,Merced,047,269075,24560,23927,632,24559,242
2021-01-18,Modoc,049,8938,295,281,88,369,0
2021-01-18,Mono,051,14174,1100,1101,13,1114,3
2021-01-18,Monterey,053,433212,37064,35549,1195,36744,247
2021-01-18,Napa,055,140530,7933,7601,30,7631,38
2021-01-18,Nevada,057,99092,3404,3199,133,3332,17
2021-01-18,Orange,059,3164182,221341,213866,8834,222700,2405
2021-01-18,Placer,061,380077,18505,17263,862,18125,182
2021-01-18,Plumas,063,18699,591,506,10,516,2
2021-01-18,Riverside,065,2383286,256330,244151,11935,256086,2568
2021-01-18,Sacramento,067,1510023,83121,80546,931,81477,1046
2021-01-18,San Benito,069,59416,5105,4963,53,5016,35
2021-01-18,San Bernardino,071,2135413,264092,252808,7554,260362,1775
2021-01-18,San Diego,073,3302833,229356,214335,10592,224927,2103
2021-01-18,San Francisco,075,870044,30044,29321,617,29938,259
2021-01-18,San Joaquin,077,732212,59325,57405,2280,59685,782
2021-01-18,San Luis Obispo,079,281455,16740,15742,415,16157,158
2021-01-18,San Mateo,081,765935,34474,32515,255,32770,208
2021-01-18,Santa Barbara,083,443738,26619,24638,760,25398,235
2021-01-18,Santa Clara,085,1922200,96628,93688,424,94112,992
2021-01-18,Santa Cruz,087,273765,13504,12298,601,12899,106
2021-01-18,Shasta,089,179085,9945,9600,991,10591,92
2021-01-18,Sierra,091,2930,46,40,10,50,0
2021-01-18,Siskiyou,093,43540,1251,1144,175,1319,4
2021-01-18,Solano,095,438530,26196,25344,282,25626,105
2021-01-18,Sonoma,097,501317,24637,24068,120,24188,223
2021-01-18,Stanislaus,099,539301,44303,42413,4352,46765,562
2021-01-18,Sutter,101,95872,7864,7680,65,7745,78
2021-01-18,Tehama,103,63373,4020,3854,426,4280,19
2021-01-18,Trinity,105,12862,437,260,63,323,3
2021-01-18,Tulare,107,460477,43328,41196,5772,46968,549
2021-01-18,Tuolumne,109,53932,3320,3318,30,3348,28
2021-01-18,Ventura,111,848112,65056,61859,2258,64117,379
2021-01-18,Yolo,113,214977,11366,10620,94,10714,134
2021-01-18,Yuba,115,75493,4883,4671,61,4732,29
2021-01-17,Alameda,001,1643700,69734,67375,1408,68783,676
2021-01-17,Alpine,003,1148,73,71,0,71,0
2021-01-17,Amador,005,37829,3041,3001,24,3025,28
2021-01-17,Butte,007,227075,10020,9411,1330,10741,129
2021-01-17,Calaveras,009,45235,1619,1608,7,1615,21
2021-01-17,Colusa,011,21464,1648,1588,172,1760,7
2021-01-17,Contra Costa,013,1133247,54121,51932,865,52797,447
2021-01-17,Del Norte,015,27424,877,838,3,841,2
2021-01-17,El Dorado,017,186661,8131,7659,522,8181,47
2021-01-17,Fresno,019,978130,86510,82039,6345,88384,857
2021-01-17,Glenn,021,27897,2013,1924,396,2320,9
2021-01-17,Humboldt,023,135768,2491,2322,11,2333,22
2021-01-17,Imperial,025,180216,25826,25253,2123,27376,451
2021-01-17,Inyo,027,18085,990,864,8,872,26
2021-01-17,Kern,029,883053,83166,79489,7347,86836,738
2021-01-17,Kings,031,150075,19926,19201,747,19948,131
2021-01-17,Lake,033,64148,2708,2572,0,2572,30
2021-01-17,Lassen,035,31185,4816,4740,75,4815,1
2021-01-17,Los Angeles,037,10098052,1049194,993028,32954,1025982,13741
2021-01-17,Madera,039,155013,13935,13328,650,13978,85
2021-01-17,Marin,041,260295,11821,11552,112,11664,164
2021-01-17,Mariposa,043,17540,337,319,2,321,3
2021-01-17,Mendocino,045,87422,3074,2912,55,2967,31
2021-01-17,Merced,047,269075,24348,23800,614,24414,242
2021-01-17,Modoc,049,8938,294,279,88,367,0
2021-01-17,Mono,051,14174,1093,1091,12,1103,3
2021-01-17,Monterey,053,433212,36820,35340,1169,36509,244
2021-01-17,Napa,055,140530,7877,7521,30,7551,38
2021-01-17,Nevada,057,99092,3379,3176,131,3307,17
2021-01-17,Orange,059,3164182,219344,212389,8759,221148,2359
2021-01-17,Placer,061,380077,18399,17194,847,18041,181
2021-01-17,Plumas,063,18699,589,505,9,514,2
2021-01-17,Riverside,065,2383286,254221,242206,11819,254025,2534
2021-01-17,Sacramento,067,1510023,82519,80154,919,81073,1045
2021-01-17,San Benito,069,59416,5067,4941,53,4994,35
2021-01-17,San Bernardino,071,2135413,261976,251487,7468,258955,1775
2021-01-17,San Diego,073,3302833,227162,211785,10485,222270,2103
2021-01-17,San Francisco,075,870044,29857,29139,580,29719,255
2021-01-17,San Joaquin,077,732212,58967,57094,2266,59360,780
2021-01-17,San Luis Obispo,079,281455,16618,15658,406,16064,157
2021-01-17,San Mateo,081,765935,34222,32186,232,32418,208
2021-01-17,Santa Barbara,083,443738,26159,24401,748,25149,235
2021-01-17,Santa Clara,085,1922200,95877,92752,421,93173,976
2021-01-17,Santa Cruz,087,273765,13392,12196,598,12794,106
2021-01-17,Shasta,089,179085,9887,9588,983,10571,92
2021-01-17,Sierra,091,2930,46,38,9,47,0
2021-01-17,Siskiyou,093,43540,1244,1136,172,1308,4
2021-01-17,Solano,095,438530,25967,25216,280,25496,105
2021-01-17,Sonoma,097,501317,24463,23871,120,23991,223
2021-01-17,Stanislaus,099,539301,43984,42221,4289,46510,562
2021-01-17,Sutter,101,95872,7801,7604,64,7668,77
2021-01-17,Tehama,103,63373,3989,3837,422,4259,18
2021-01-17,Trinity,105,12862,437,261,63,324,3
2021-01-17,Tulare,107,460477,43037,41016,5656,46672,549
2021-01-17,Tuolumne,109,53932,3303,3287,30,3317,27
2021-01-17,Ventura,111,848112,64208,61257,2211,63468,376
2021-01-17,Yolo,113,214977,11266,10519,92,10611,134
2021-01-17,Yuba,115,75493,4833,4640,58,4698,28
2021-01-16,Alameda,001,1643700,69412,66583,1395,67978,673
2021-01-16,Alpine,003,1148,73,71,0,71,0
2021-01-16,Amador,005,37829,3038,2986,24,3010,28
2021-01-16,Butte,007,227075,9989,9359,1310,10669,129
2021-01-16,Calaveras,009,45235,1606,1596,7,1603,21
2021-01-16,Colusa,011,21464,1636,1578,172,1750,7
2021-01-16,Contra Costa,013,1133247,53855,51363,858,52221,443
2021-01-16,Del Norte,015,27424,872,833,3,836,2
2021-01-16,El Dorado,017,186661,8109,7575,521,8096,47
2021-01-16,Fresno,019,978130,86236,81294,6291,87585,846
2021-01-16,Glenn,021,27897,2009,1894,393,2287,9
2021-01-16,Humboldt,023,135768,2471,2294,9,2303,22
2021-01-16,Imperial,025,180216,25791,25140,2116,27256,451
2021-01-16,Inyo,027,18085,986,845,8,853,25
2021-01-16,Kern,029,883053,82800,78865,7293,86158,733
2021-01-16,Kings,031,150075,19870,19072,744,19816,131
2021-01-16,Lake,033,64148,2697,2504,0,2504,30
2021-01-16,Lassen,035,31185,4804,4719,75,4794,1
2021-01-16,Los Angeles,037,10098052,1045112,982684,32716,1015400,13654
2021-01-16,Madera,039,155013,13868,13193,645,13838,85
2021-01-16,Marin,041,260295,11778,11482,112,11594,164
2021-01-16,Mariposa,043,17540,336,317,2,319,3
2021-01-16,Mendocino,045,87422,3060,2890,52,2942,31
2021-01-16,Merced,047,269075,24260,23478,600,24078,242
2021-01-16,Modoc,049,8938,294,278,88,366,0
2021-01-16,Mono,051,14174,1091,1079,12,1091,3
2021-01-16,Monterey,053,433212,36709,34972,1153,36125,243
2021-01-16,Napa,055,140530,7838,7356,30,7386,39
2021-01-16,Nevada,057,99092,3346,3144,131,3275,17
2021-01-16,Orange,059,3164182,218311,210111,8703,218814,2312
2021-01-16,Placer,061,380077,18335,16995,845,17840,177
2021-01-16,Plumas,063,18699,587,502,9,511,2
2021-01-16,Riverside,065,2383286,252864,239412,11704,251116,2506
2021-01-16,Sacramento,067,1510023,82145,79122,902,80024,1033
2021-01-16,San Benito,069,59416,5034,4875,53,4928,35
2021-01-16,San Bernardino,071,2135413,261178,249401,7402,256803,1755
2021-01-16,San Diego,073,3302833,225864,209895,10388,220283,2065
2021-01-16,San Francisco,075,870044,29729,28853,549,29402,244
2021-01-16,San Joaquin,077,732212,58718,56642,2234,58876,776
2021-01-16,San Luis Obispo,079,281455,16517,15466,404,15870,152
2021-01-16,San Mateo,081,765935,34058,31805,226,32031,208
2021-01-16,Santa Barbara,083,443738,25958,24088,744,24832,229
2021-01-16,Santa Clara,085,1922200,95406,91584,414,91998,954
2021-01-16,Santa Cruz,087,273765,13333,12026,596,12622,106
2021-01-16,Shasta,089,179085,9854,9547,979,10526,92
2021-01-16,Sierra,091,2930,45,38,9,47,0
2021-01-16,Siskiyou,093,43540,1239,1124,172,1296,4
2021-01-16,Solano,095,438530,25859,24732,276,25008,103
2021-01-16,Sonoma,097,501317,24372,23607,119,23726,223
2021-01-16,Stanislaus,099,539301,43796,41809,4239,46048,562
2021-01-16,Sutter,101,95872,7769,7560,64,7624,76
2021-01-16,Tehama,103,63373,3975,3783,422,4205,18
2021-01-16,Trinity,105,12862,437,261,63,324,3
2021-01-16,Tulare,107,460477,42858,40655,5583,46238,542
2021-01-16,Tuolumne,109,53932,3295,3269,30,3299,27
2021-01-16,Ventura,111,848112,63656,60368,2181,62549,369
2021-01-16,Yolo,113,214977,11217,10406,91,10497,134
2021-01-16,Yuba,115,75493,4802,4602,58,4660,27
2021-01-15,Alameda,001,1643700,68986,65416,1384,66800,672
2021-01-15,Alpine,003,1148,73,71,0,71,0
2021-01-15,Amador,005,37829,3031,2953,24,2977,28
2021-01-15,Butte,007,227075,9947,9233,1295,10528,129
2021-01-15,Calaveras,009,45235,1599,1538,7,1545,21
2021-01-15,Colusa,011,21464,1625,1541,167,1708,7
2021-01-15,Contra Costa,013,1133247,53525,50408,851,51259,428
2021-01-15,Del Norte,015,27424,868,828,2,830,2
2021-01-15,El Dorado,017,186661,8060,7439,513,7952,47
2021-01-15,Fresno,019,978130,85699,79950,6255,86205,832
2021-01-15,Glenn,021,27897,2005,1824,390,2214,9
2021-01-15,Humboldt,023,135768,2444,2218,8,2226,22
2021-01-15,Imperial,025,180216,25757,24944,2110,27054,446
2021-01-15,Inyo,027,18085,968,814,8,822,25
2021-01-15,Kern,029,883053,82384,77873,7228,85101,719
2021-01-15,Kings,031,150075,19761,18661,738,19399,131
2021-01-15,Lake,033,64148,2671,2434,0,2434,28
2021-01-15,Lassen,035,31185,4793,4693,73,4766,1
2021-01-15,Los Angeles,037,10098052,1038061,968979,32432,1001411,13404
2021-01-15,Madera,039,155013,13783,12883,642,13525,85
2021-01-15,Marin,041,260295,11727,11310,112,11422,160
2021-01-15,Mariposa,043,17540,334,307,2,309,3
2021-01-15,Mendocino,045,87422,3049,2835,52,2887,31
2021-01-15,Merced,047,269075,24147,23060,596,23656,239
2021-01-15,Modoc,049,8938,294,278,86,364,0
2021-01-15,Mono,051,14174,1088,1057,12,1069,3
2021-01-15,Monterey,053,433212,36492,34460,1096,35556,243
2021-01-15,Napa,055,140530,7776,7231,30,7261,38
2021-01-15,Nevada,057,99092,3333,3099,128,3227,17
2021-01-15,Orange,059,3164182,216959,207129,8651,215780,2254
2021-01-15,Placer,061,380077,18231,16712,836,17548,173
2021-01-15,Plumas,063,18699,584,499,9,508,2
2021-01-15,Riverside,065,2383286,250999,235235,11625,246860,2458
2021-01-15,Sacramento,067,1510023,81723,80279,894,81173,1023
2021-01-15,San Benito,069,59416,4995,4766,51,4817,35
2021-01-15,San Bernardino,071,2135413,260007,246182,7340,253522,1726
2021-01-15,San Diego,073,3302833,224115,206868,10323,217191,2037
2021-01-15,San Francisco,075,870044,29555,28574,529,29103,242
2021-01-15,San Joaquin,077,732212,58485,55885,2220,58105,748
2021-01-15,San Luis Obispo,079,281455,16384,15129,399,15528,148
2021-01-15,San Mateo,081,765935,33813,31291,222,31513,208
2021-01-15,Santa Barbara,083,443738,25675,23487,740,24227,226
2021-01-15,Santa Clara,085,1922200,94752,90103,409,90512,942
2021-01-15,Santa Cruz,087,273765,13224,11776,583,12359,105
2021-01-15,Shasta,089,179085,9815,9459,972,10431,91
2021-01-15,Sierra,091,2930,44,36,7,43,0
2021-01-15,Siskiyou,093,43540,1235,1119,172,1291,4
2021-01-15,Solano,095,438530,25709,24222,274,24496,103
2021-01-15,Sonoma,097,501317,24241,23204,118,23322,222
2021-01-15,Stanislaus,099,539301,43546,41178,4197,45375,562
2021-01-15,Sutter,101,95872,7722,7484,63,7547,75
2021-01-15,Tehama,103,63373,3953,3714,421,4135,17
2021-01-15,Trinity,105,12862,437,262,63,325,3
2021-01-15,Tulare,107,460477,42615,39951,5500,45451,535
2021-01-15,Tuolumne,109,53932,3279,3231,30,3261,27
2021-01-15,Ventura,111,848112,62912,59061,2148,61209,353
2021-01-15,Yolo,113,214977,11161,10240,90,10330,134
2021-01-15,Yuba,115,75493,4782,4549,58,4607,27
2021-01-14,Alameda,001,1643700,68358,64364,1368,65732,686
2021-01-14,Alpine,003,1148,73,71,0,71,0
2021-01-14,Amador,005,37829,3025,2940,24,2964,28
2021-01-14,Butte,007,227075,9859,9127,1273,10400,129
2021-01-14,Calaveras,009,45235,1582,1513,7,1520,21
2021-01-14,Colusa,011,21464,1610,1535,161,1696,7
2021-01-14,Contra Costa,013,1133247,52970,49545,838,50383,415
2021-01-14,Del Norte,015,27424,862,821,2,823,2
2021-01-14,El Dorado,017,186661,7986,7321,506,7827,45
2021-01-14,Fresno,019,978130,85066,79033,6175,85208,814
2021-01-14,Glenn,021,27897,1993,1798,385,2183,9
2021-01-14,Humboldt,023,135768,2401,2169,8,2177,22
2021-01-14,Imperial,025,180216,25648,24882,2077,26959,447
2021-01-14,Inyo,027,18085,961,790,8,798,25
2021-01-14,Kern,029,883053,81713,77070,7127,84197,705
2021-01-14,Kings,031,150075,19631,18405,734,19139,108
2021-01-14,Lake,033,64148,2628,2378,0,2378,27
2021-01-14,Lassen,035,31185,4783,4673,71,4744,1
2021-01-14,Los Angeles,037,10098052,1028034,954652,32062,986714,13147
2021-01-14,Madera,039,155013,13669,12742,631,13373,85
2021-01-14,Marin,041,260295,11653,11155,111,11266,159
2021-01-14,Mariposa,043,17540,331,302,2,304,3
2021-01-14,Mendocino,045,87422,3035,2801,50,2851,31
2021-01-14,Merced,047,269075,23920,22780,586,23366,239
2021-01-14,Modoc,049,8938,294,273,86,359,0
2021-01-14,Mono,051,14174,1080,1020,12,1032,3
2021-01-14,Monterey,053,433212,36071,34105,1074,35179,242
2021-01-14,Napa,055,140530,7690,7117,30,7147,38
2021-01-14,Nevada,057,99092,3306,3075,126,3201,17
2021-01-14,Orange,059,3164182,215029,204442,8567,213009,2162
2021-01-14,Placer,061,380077,18069,16488,829,17317,169
2021-01-14,Plumas,063,18699,576,496,9,505,2
2021-01-14,Riverside,065,2383286,248354,231684,11524,243208,2357
2021-01-14,Sacramento,067,1510023,81086,79137,871,80008,1007
2021-01-14,San Benito,069,59416,4959,4678,50,4728,35
2021-01-14,San Bernardino,071,2135413,258037,243379,7269,250648,1750
2021-01-14,San Diego,073,3302833,221721,204173,10203,214376,2005
2021-01-14,San Francisco,075,870044,29310,28200,483,28683,238
2021-01-14,San Joaquin,077,732212,57968,55058,2207,57265,739
2021-01-14,San Luis Obispo,079,281455,16222,14851,390,15241,146
2021-01-14,San Mateo,081,765935,33444,30694,213,30907,208
2021-01-14,Santa Barbara,083,443738,25254,23126,723,23849,219
2021-01-14,Santa Clara,085,1922200,93824,88505,403,88908,910
2021-01-14,Santa Cruz,087,273765,13077,11583,568,12151,109
2021-01-14,Shasta,089,179085,9766,9334,956,10290,90
2021-01-14,Sierra,091,2930,44,35,6,41,0
2021-01-14,Siskiyou,093,43540,1223,1108,169,1277,3
2021-01-14,Solano,095,438530,25450,23782,270,24052,103
2021-01-14,Sonoma,097,501317,24001,22910,118,23028,202
2021-01-14,Stanislaus,099,539301,43219,40597,4156,44753,574
2021-01-14,Sutter,101,95872,7663,7416,60,7476,74
2021-01-14,Tehama,103,63373,3925,3664,417,4081,17
2021-01-14,Trinity,105,12862,437,261,62,323,3
2021-01-14,Tulare,107,460477,42232,39565,5392,44957,533
2021-01-14,Tuolumne,109,53932,3258,3215,30,3245,28
2021-01-14,Ventura,111,848112,62040,57941,2111,60052,347
2021-01-14,Yolo,113,214977,11053,10097,86,10183,135
2021-01-14,Yuba,115,75493,4749,4496,58,4554,27
2021-01-13,Alameda,001,1643700,67603,63568,1352,64920,690
2021-01-13,Alpine,003,1148,73,71,0,71,0
2021-01-13,Amador,005,37829,3011,2914,24,2938,26
2021-01-13,Butte,007,227075,9777,9013,1258,10271,126
2021-01-13,Calaveras,009,45235,1560,1493,7,1500,21
2021-01-13,Colusa,011,21464,1598,1524,153,1677,7
2021-01-13,Contra Costa,013,1133247,52393,48877,826,49703,403
2021-01-13,Del Norte,015,27424,858,820,2,822,2
2021-01-13,El Dorado,017,186661,7893,7247,498,7745,43
2021-01-13,Fresno,019,978130,84347,78278,6134,84412,804
2021-01-13,Glenn,021,27897,1977,1792,376,2168,9
2021-01-13,Humboldt,023,135768,2368,2114,8,2122,22
2021-01-13,Imperial,025,180216,25524,24717,2044,26761,463
2021-01-13,Inyo,027,18085,949,785,8,793,25
2021-01-13,Kern,029,883053,81054,76049,7037,83086,704
2021-01-13,Kings,031,150075,19464,18121,713,18834,108
2021-01-13,Lake,033,64148,2585,2305,0,2305,27
2021-01-13,Lassen,035,31185,4776,4663,70,4733,1
2021-01-13,Los Angeles,037,10098052,1017243,937985,31662,969647,12873
2021-01-13,Madera,039,155013,13543,12570,626,13196,85
2021-01-13,Marin,041,260295,11597,11039,111,11150,161
2021-01-13,Mariposa,043,17540,329,304,2,306,3
2021-01-13,Mendocino,045,87422,3015,2790,50,2840,31
2021-01-13,Merced,047,269075,23682,22497,572,23069,241
2021-01-13,Modoc,049,8938,293,274,83,357,0
2021-01-13,Mono,051,14174,1076,1017,12,1029,3
2021-01-13,Monterey,053,433212,35647,33748,1050,34798,241
2021-01-13,Napa,055,140530,7576,7028,30,7058,36
2021-01-13,Nevada,057,99092,3282,3037,123,3160,17
2021-01-13,Orange,059,3164182,212940,201158,8498,209656,2172
2021-01-13,Placer,061,380077,17943,16272,815,17087,172
2021-01-13,Plumas,063,18699,574,490,9,499,2
2021-01-13,Riverside,065,2383286,245208,228192,11411,239603,2278
2021-01-13,Sacramento,067,1510023,80425,78268,864,79132,996
2021-01-13,San Benito,069,59416,4903,4583,49,4632,35
2021-01-13,San Bernardino,071,2135413,255655,240191,7196,247387,1759
2021-01-13,San Diego,073,3302833,219107,201578,10100,211678,1952
2021-01-13,San Francisco,075,870044,29071,27863,463,28326,238
2021-01-13,San Joaquin,077,732212,57347,54373,2178,56551,738
2021-01-13,San Luis Obispo,079,281455,16067,14625,379,15004,140
2021-01-13,San Mateo,081,765935,33105,30195,211,30406,207
2021-01-13,Santa Barbara,083,443738,24812,22714,707,23421,216
2021-01-13,Santa Clara,085,1922200,92847,87187,400,87587,911
2021-01-13,Santa Cruz,087,273765,12904,11423,554,11977,110
2021-01-13,Shasta,089,179085,9702,9180,942,10122,93
2021-01-13,Sierra,091,2930,44,33,6,39,0
2021-01-13,Siskiyou,093,43540,1217,1102,165,1267,3
2021-01-13,Solano,095,438530,25166,23503,267,23770,105
2021-01-13,Sonoma,097,501317,23751,22610,117,22727,206
2021-01-13,Stanislaus,099,539301,42827,40167,4103,44270,574
2021-01-13,Sutter,101,95872,7617,7350,59,7409,73
2021-01-13,Tehama,103,63373,3875,3589,412,4001,17
2021-01-13,Trinity,105,12862,437,260,62,322,3
2021-01-13,Tulare,107,460477,41827,39129,5292,44421,522
2021-01-13,Tuolumne,109,53932,3244,3196,30,3226,28
2021-01-13,Ventura,111,848112,61029,56453,2071,58524,338
2021-01-13,Yolo,113,214977,10953,9933,84,10017,135
2021-01-13,Yuba,115,75493,4706,4448,55,4503,27
2021-01-12,Alameda,001,1643700,66769,62642,1334,63976,677
2021-01-12,Alpine,003,1148,73,71,0,71,0
2021-01-12,Amador,005,37829,2994,2897,24,2921,26
2021-01-12,Butte,007,227075,9689,8883,1243,10126,124
2021-01-12,Calaveras,009,45235,1524,1475,7,1482,21
2021-01-12,Colusa,011,21464,1586,1510,149,1659,7
2021-01-12,Contra Costa,013,1133247,51752,48242,812,49054,399
2021-01-12,Del Norte,015,27424,853,816,2,818,2
2021-01-12,El Dorado,017,186661,7809,7156,487,7643,41
2021-01-12,Fresno,019,978130,83475,77651,6066,83717,796
2021-01-12,Glenn,021,27897,1952,1781,372,2153,9
2021-01-12,Humboldt,023,135768,2314,2077,7,2084,22
2021-01-12,Imperial,025,180216,25434,24566,2004,26570,457
2021-01-12,Inyo,027,18085,931,773,8,781,25
2021-01-12,Kern,029,883053,80349,75320,6942,82262,689
2021-01-12,Kings,031,150075,19252,18072,703,18775,108
2021-01-12,Lake,033,64148,2537,2260,0,2260,27
2021-01-12,Lassen,035,31185,4754,4659,68,4727,1
2021-01-12,Los Angeles,037,10098052,1005582,926295,31262,957557,12610
2021-01-12,Madera,039,155013,13403,12485,617,13102,85
2021-01-12,Marin,041,260295,11488,10960,111,11071,157
2021-01-12,Mariposa,043,17540,326,302,2,304,3
2021-01-12,Mendocino,045,87422,2995,2762,46,2808,31
2021-01-12,Merced,047,269075,23431,22172,550,22722,239
2021-01-12,Modoc,049,8938,291,274,83,357,0
2021-01-12,Mono,051,14174,1066,1008,12,1020,3
2021-01-12,Monterey,053,433212,35156,33381,1033,34414,240
2021-01-12,Napa,055,140530,7493,6936,30,6966,36
2021-01-12,Nevada,057,99092,3254,3014,121,3135,17
2021-01-12,Orange,059,3164182,210648,198260,8412,206672,2142
2021-01-12,Placer,061,380077,17773,16087,809,16896,163
2021-01-12,Plumas,063,18699,568,483,9,492,2
2021-01-12,Riverside,065,2383286,242075,225580,11272,236852,2266
2021-01-12,Sacramento,067,1510023,79697,77201,856,78057,985
2021-01-12,San Benito,069,59416,4834,4515,49,4564,35
2021-01-12,San Bernardino,071,2135413,253088,237008,7126,244134,1739
2021-01-12,San Diego,073,3302833,216193,198317,9983,208300,1898
2021-01-12,San Francisco,075,870044,28796,27531,430,27961,238
2021-01-12,San Joaquin,077,732212,56706,53630,2150,55780,725
2021-01-12,San Luis Obispo,079,281455,15822,14367,371,14738,132
2021-01-12,San Mateo,081,765935,32714,29747,199,29946,206
2021-01-12,Santa Barbara,083,443738,24390,22182,687,22869,209
2021-01-12,Santa Clara,085,1922200,91768,86075,392,86467,904
2021-01-12,Santa Cruz,087,273765,12689,11267,539,11806,110
2021-01-12,Shasta,089,179085,9629,9086,929,10015,84
2021-01-12,Sierra,091,2930,43,33,6,39,0
2021-01-12,Siskiyou,093,43540,1207,1091,158,1249,3
2021-01-12,Solano,095,438530,24863,23160,263,23423,102
2021-01-12,Sonoma,097,501317,23446,22403,117,22520,205
2021-01-12,Stanislaus,099,539301,42389,39615,4068,43683,571
2021-01-12,Sutter,101,95872,7554,7276,58,7334,73
2021-01-12,Tehama,103,63373,3837,3567,407,3974,17
2021-01-12,Trinity,105,12862,437,258,62,320,3
2021-01-12,Tulare,107,460477,41368,38797,5176,43973,509
2021-01-12,Tuolumne,109,53932,3211,3178,30,3208,28
2021-01-12,Ventura,111,848112,60057,55342,2039,57381,324
2021-01-12,Yolo,113,214977,10817,9857,82,9939,133
2021-01-12,Yuba,115,75493,4664,4389,55,4444,27
2021-01-11,Alameda,001,1643700,65907,61949,1316,63265,652
2021-01-11,Alpine,003,1148,73,70,0,70,0
2021-01-11,Amador,005,37829,2980,2867,24,2891,24
2021-01-11,Butte,007,227075,9576,8757,1225,9982,119
2021-01-11,Calaveras,009,45235,1505,1460,7,1467,21
2021-01-11,Colusa,011,21464,1569,1494,144,1638,7
2021-01-11,Contra Costa,013,1133247,51074,47728,802,48530,398
2021-01-11,Del Norte,015,27424,849,810,2,812,2
2021-01-11,El Dorado,017,186661,7715,6987,480,7467,36
2021-01-11,Fresno,019,978130,82596,76581,5990,82571,775
2021-01-11,Glenn,021,27897,1925,1763,366,2129,9
2021-01-11,Humboldt,023,135768,2275,2069,7,2076,22
2021-01-11,Imperial,025,180216,25319,24418,1968,26386,453
2021-01-11,Inyo,027,18085,913,763,8,771,25
2021-01-11,Kern,029,883053,79488,74489,6843,81332,682
2021-01-11,Kings,031,150075,18990,17909,695,18604,108
2021-01-11,Lake,033,64148,2485,2205,0,2205,26
2021-01-11,Lassen,035,31185,4731,4647,68,4715,1
2021-01-11,Los Angeles,037,10098052,992356,914434,30799,945233,12304
2021-01-11,Madera,039,155013,13269,12366,606,12972,85
2021-01-11,Marin,041,260295,11391,10814,109,10923,156
2021-01-11,Mariposa,043,17540,319,296,2,298,3
2021-01-11,Mendocino,045,87422,2967,2728,46,2774,31
2021-01-11,Merced,047,269075,23108,21884,536,22420,238
2021-01-11,Modoc,049,8938,290,271,82,353,0
2021-01-11,Mono,051,14174,1060,1006,12,1018,3
2021-01-11,Monterey,053,433212,34617,32858,971,33829,239
2021-01-11,Napa,055,140530,7391,6822,30,6852,36
2021-01-11,Nevada,057,99092,3226,2980,121,3101,17
2021-01-11,Orange,059,3164182,208063,196340,8313,204653,2113
2021-01-11,Placer,061,380077,17593,15919,800,16719,163
2021-01-11,Plumas,063,18699,564,477,9,486,2
2021-01-11,Riverside,065,2383286,238563,222907,11128,234035,2222
2021-01-11,Sacramento,067,1510023,78765,76009,840,76849,974
2021-01-11,San Benito,069,59416,4761,4482,42,4524,34
2021-01-11,San Bernardino,071,2135413,250290,235543,7027,242570,1739
2021-01-11,San Diego,073,3302833,212924,194793,9823,204616,1857
2021-01-11,San Francisco,075,870044,28520,27264,410,27674,238
2021-01-11,San Joaquin,077,732212,56094,53002,2121,55123,725
2021-01-11,San Luis Obispo,079,281455,15451,14213,364,14577,126
2021-01-11,San Mateo,081,765935,32270,29355,187,29542,206
2021-01-11,Santa Barbara,083,443738,23940,21740,675,22415,200
2021-01-11,Santa Clara,085,1922200,90557,84851,383,85234,877
2021-01-11,Santa Cruz,087,273765,12509,11093,516,11609,106
2021-01-11,Shasta,089,179085,9531,8977,916,9893,81
2021-01-11,Sierra,091,2930,41,33,6,39,0
2021-01-11,Siskiyou,093,43540,1198,1087,156,1243,3
2021-01-11,Solano,095,438530,24543,22893,257,23150,101
2021-01-11,Sonoma,097,501317,23199,22191,117,22308,205
2021-01-11,Stanislaus,099,539301,41898,39149,4019,43168,571
2021-01-11,Sutter,101,95872,7495,7204,57,7261,71
2021-01-11,Tehama,103,63373,3774,3524,386,3910,17
2021-01-11,Trinity,105,12862,437,256,62,318,2
2021-01-11,Tulare,107,460477,40953,38380,5096,43476,497
2021-01-11,Tuolumne,109,53932,3200,3165,30,3195,27
2021-01-11,Ventura,111,848112,58921,54202,2016,56218,320
2021-01-11,Yolo,113,214977,10609,9699,81,9780,129
2021-01-11,Yuba,115,75493,4626,4349,48,4397,27
2021-01-10,Alameda,001,1643700,64915,61111,1288,62399,650
2021-01-10,Alpine,003,1148,73,70,0,70,0
2021-01-10,Amador,005,37829,2956,2861,24,2885,24
2021-01-10,Butte,007,227075,9455,8665,1199,9864,119
2021-01-10,Calaveras,009,45235,1481,1449,7,1456,21
2021-01-10,Colusa,011,21464,1546,1478,142,1620,7
2021-01-10,Contra Costa,013,1133247,50290,47109,785,47894,398
2021-01-10,Del Norte,015,27424,846,809,2,811,2
2021-01-10,El Dorado,017,186661,7628,6904,463,7367,36
2021-01-10,Fresno,019,978130,81785,75621,5869,81490,775
2021-01-10,Glenn,021,27897,1906,1746,358,2104,9
2021-01-10,Humboldt,023,135768,2214,2049,7,2056,22
2021-01-10,Imperial,025,180216,25159,24233,1918,26151,453
2021-01-10,Inyo,027,18085,885,748,8,756,25
2021-01-10,Kern,029,883053,78657,73712,6713,80425,679
2021-01-10,Kings,031,150075,18771,17812,688,18500,108
2021-01-10,Lake,033,64148,2432,2174,0,2174,26
2021-01-10,Lassen,035,31185,4709,4642,68,4710,1
2021-01-10,Los Angeles,037,10098052,977747,901783,30177,931960,12170
2021-01-10,Madera,039,155013,13080,12179,591,12770,85
2021-01-10,Marin,041,260295,11270,10737,108,10845,155
2021-01-10,Mariposa,043,17540,319,291,2,293,3
2021-01-10,Mendocino,045,87422,2936,2706,42,2748,31
2021-01-10,Merced,047,269075,22836,21691,525,22216,238
2021-01-10,Modoc,049,8938,290,271,80,351,0
2021-01-10,Mono,051,14174,1042,965,12,977,3
2021-01-10,Monterey,053,433212,34177,32571,939,33510,237
2021-01-10,Napa,055,140530,7287,6687,28,6715,36
2021-01-10,Nevada,057,99092,3207,2959,117,3076,17
2021-01-10,Orange,059,3164182,205293,193766,8191,201957,2104
2021-01-10,Placer,061,380077,17404,15779,780,16559,163
2021-01-10,Plumas,063,18699,554,477,9,486,2
2021-01-10,Riverside,065,2383286,235197,219486,10939,230425,2216
2021-01-10,Sacramento,067,1510023,77804,75394,813,76207,965
2021-01-10,San Benito,069,59416,4659,4434,41,4475,34
2021-01-10,San Bernardino,071,2135413,246785,232171,6925,239096,1736
2021-01-10,San Diego,073,3302833,209256,191886,9656,201542,1857
2021-01-10,San Francisco,075,870044,28135,27054,379,27433,238
2021-01-10,San Joaquin,077,732212,55235,52535,2088,54623,725
2021-01-10,San Luis Obispo,079,281455,15121,13968,352,14320,122
2021-01-10,San Mateo,081,765935,31780,28972,173,29145,206
2021-01-10,Santa Barbara,083,443738,23381,21290,660,21950,200
2021-01-10,Santa Clara,085,1922200,89380,83779,374,84153,858
2021-01-10,Santa Cruz,087,273765,12296,10951,498,11449,106
2021-01-10,Shasta,089,179085,9419,8936,901,9837,81
2021-01-10,Sierra,091,2930,40,32,6,38,0
2021-01-10,Siskiyou,093,43540,1192,1075,153,1228,3
2021-01-10,Solano,095,438530,24140,22621,254,22875,101
2021-01-10,Sonoma,097,501317,22923,21925,116,22041,204
2021-01-10,Stanislaus,099,539301,41325,38809,3942,42751,571
2021-01-10,Sutter,101,95872,7434,7133,54,7187,71
2021-01-10,Tehama,103,63373,3701,3504,373,3877,17
2021-01-10,Trinity,105,12862,437,253,60,313,2
2021-01-10,Tulare,107,460477,40535,38012,4979,42991,497
2021-01-10,Tuolumne,109,53932,3166,3143,29,3172,27
2021-01-10,Ventura,111,848112,57652,53095,1973,55068,319
2021-01-10,Yolo,113,214977,10456,9610,81,9691,129
2021-01-10,Yuba,115,75493,4573,4300,45,4345,27
2021-01-09,Alameda,001,1643700,64369,60125,1272,61397,649
2021-01-09,Alpine,003,1148,73,70,0,70,0
2021-01-09,Amador,005,37829,2949,2809,24,2833,24
2021-01-09,Butte,007,227075,9376,8552,1175,9727,118
2021-01-09,Calaveras,009,45235,1471,1425,7,1432,21
2021-01-09,Colusa,011,21464,1539,1468,141,1609,7
2021-01-09,Contra Costa,013,1133247,49938,46406,770,47176,393
2021-01-09,Del Norte,015,27424,844,802,2,804,2
2021-01-09,El Dorado,017,186661,7596,6800,460,7260,36
2021-01-09,Fresno,019,978130,81376,74816,5829,80645,773
2021-01-09,Glenn,021,27897,1891,1707,355,2062,9
2021-01-09,Humboldt,023,135768,2196,2026,7,2033,22
2021-01-09,Imperial,025,180216,25091,24028,1904,25932,448
2021-01-09,Inyo,027,18085,875,734,8,742,25
2021-01-09,Kern,029,883053,78188,73015,6636,79651,677
2021-01-09,Kings,031,150075,18676,17679,684,18363,108
2021-01-09,Lake,033,64148,2397,2144,0,2144,26
2021-01-09,Lassen,035,31185,4697,4613,68,4681,1
2021-01-09,Los Angeles,037,10098052,972173,887949,29743,917692,12011
2021-01-09,Madera,039,155013,12989,12063,586,12649,85
2021-01-09,Marin,041,260295,11209,10634,107,10741,154
2021-01-09,Mariposa,043,17540,316,287,2,289,3
2021-01-09,Mendocino,045,87422,2918,2664,42,2706,31
2021-01-09,Merced,047,269075,22694,21357,516,21873,237
2021-01-09,Modoc,049,8938,290,271,79,350,0
2021-01-09,Mono,051,14174,1037,964,12,976,3
2021-01-09,Monterey,053,433212,34026,31948,929,32877,235
2021-01-09,Napa,055,140530,7217,6594,25,6619,36
2021-01-09,Nevada,057,99092,3185,2932,114,3046,17
2021-01-09,Orange,059,3164182,203781,191004,8099,199103,2034
2021-01-09,Placer,061,380077,17297,15609,778,16387,162
2021-01-09,Plumas,063,18699,552,477,9,486,2
2021-01-09,Riverside,065,2383286,233441,216076,10803,226879,2201
2021-01-09,Sacramento,067,1510023,77271,74482,808,75290,953
2021-01-09,San Benito,069,59416,4608,4335,41,4376,34
2021-01-09,San Bernardino,071,2135413,245587,228857,6857,235714,1714
2021-01-09,San Diego,073,3302833,207562,188598,9536,198134,1824
2021-01-09,San Francisco,075,870044,27963,26708,338,27046,235
2021-01-09,San Joaquin,077,732212,54886,51927,2069,53996,724
2021-01-09,San Luis Obispo,079,281455,14997,13647,341,13988,121
2021-01-09,San Mateo,081,765935,31481,28512,166,28678,205
2021-01-09,Santa Barbara,083,443738,23169,20971,655,21626,197
2021-01-09,Santa Clara,085,1922200,88542,82269,362,82631,808
2021-01-09,Santa Cruz,087,273765,12200,10717,492,11209,107
2021-01-09,Shasta,089,179085,9386,8893,897,9790,81
2021-01-09,Sierra,091,2930,38,32,6,38,0
2021-01-09,Siskiyou,093,43540,1188,1062,148,1210,3
2021-01-09,Solano,095,438530,23983,22226,252,22478,101
2021-01-09,Sonoma,097,501317,22801,21393,116,21509,202
2021-01-09,Stanislaus,099,539301,41034,38403,3908,42311,567
2021-01-09,Sutter,101,95872,7398,7072,53,7125,69
2021-01-09,Tehama,103,63373,3669,3451,363,3814,15
2021-01-09,Trinity,105,12862,437,252,60,312,2
2021-01-09,Tulare,107,460477,40281,37684,4915,42599,496
2021-01-09,Tuolumne,109,53932,3158,3117,28,3145,26
2021-01-09,Ventura,111,848112,56823,51988,1947,53935,306
2021-01-09,Yolo,113,214977,10383,9524,80,9604,129
2021-01-09,Yuba,115,75493,4543,4265,45,4310,27
2021-01-08,Alameda,001,1643700,63804,59172,1263,60435,646
2021-01-08,Alpine,003,1148,73,70,0,70,0
2021-01-08,Amador,005,37829,2942,2792,24,2816,24
2021-01-08,Butte,007,227075,9316,8430,1161,9591,115
2021-01-08,Calaveras,009,45235,1457,1385,7,1392,21
2021-01-08,Colusa,011,21464,1526,1448,140,1588,7
2021-01-08,Contra Costa,013,1133247,49409,45667,766,46433,381
2021-01-08,Del Norte,015,27424,842,795,2,797,2
2021-01-08,El Dorado,017,186661,7526,6690,448,7138,36
2021-01-08,Fresno,019,978130,80562,73689,5771,79460,771
2021-01-08,Glenn,021,27897,1876,1680,350,2030,9
2021-01-08,Humboldt,023,135768,2172,1988,7,1995,22
2021-01-08,Imperial,025,180216,25025,23751,1889,25640,446
2021-01-08,Inyo,027,18085,861,682,8,690,24
2021-01-08,Kern,029,883053,77625,71978,6563,78541,674
2021-01-08,Kings,031,150075,18548,17441,679,18120,108
2021-01-08,Lake,033,64148,2372,2098,0,2098,26
2021-01-08,Lassen,035,31185,4689,4598,66,4664,1
2021-01-08,Los Angeles,037,10098052,961362,871188,29318,900506,11796
2021-01-08,Madera,039,155013,12838,11846,577,12423,85
2021-01-08,Marin,041,260295,11115,10531,107,10638,153
2021-01-08,Mariposa,043,17540,315,273,2,275,3
2021-01-08,Mendocino,045,87422,2899,2634,39,2673,31
2021-01-08,Merced,047,269075,22499,20862,511,21373,236
2021-01-08,Modoc,049,8938,290,266,79,345,0
2021-01-08,Mono,051,14174,1027,951,12,963,3
2021-01-08,Monterey,053,433212,33774,31543,919,32462,224
2021-01-08,Napa,055,140530,7147,6544,25,6569,32
2021-01-08,Nevada,057,99092,3163,2888,114,3002,17
2021-01-08,Orange,059,3164182,201786,186608,8013,194621,1991
2021-01-08,Placer,061,380077,17166,15401,771,16172,161
2021-01-08,Plumas,063,18699,546,465,9,474,2
2021-01-08,Riverside,065,2383286,231036,212122,10680,222802,2184
2021-01-08,Sacramento,067,1510023,76698,73245,802,74047,939
2021-01-08,San Benito,069,59416,4571,4225,40,4265,33
2021-01-08,San Bernardino,071,2135413,243717,224267,6787,231054,1703
2021-01-08,San Diego,073,3302833,205024,185060,9442,194502,1771
2021-01-08,San Francisco,075,870044,27713,26378,316,26694,207
2021-01-08,San Joaquin,077,732212,54552,50990,2041,53031,710
2021-01-08,San Luis Obispo,079,281455,14864,13286,329,13615,119
2021-01-08,San Mateo,081,765935,31131,28072,164,28236,204
2021-01-08,Santa Barbara,083,443738,22883,20461,650,21111,189
2021-01-08,Santa Clara,085,1922200,87539,80561,359,80920,789
2021-01-08,Santa Cruz,087,273765,12059,10486,484,10970,106
2021-01-08,Shasta,089,179085,9336,8772,882,9654,81
2021-01-08,Sierra,091,2930,38,31,6,37,0
2021-01-08,Siskiyou,093,43540,1185,1027,147,1174,3
2021-01-08,Solano,095,438530,23812,21832,249,22081,100
2021-01-08,Sonoma,097,501317,22659,21178,116,21294,201
2021-01-08,Stanislaus,099,539301,40735,37858,3874,41732,566
2021-01-08,Sutter,101,95872,7348,6982,53,7035,68
2021-01-08,Tehama,103,63373,3646,3406,360,3766,15
2021-01-08,Trinity,105,12862,437,247,60,307,2
2021-01-08,Tulare,107,460477,40009,36946,4820,41766,491
2021-01-08,Tuolumne,109,53932,3150,3099,28,3127,19
2021-01-08,Ventura,111,848112,55957,50553,1923,52476,294
2021-01-08,Yolo,113,214977,10295,9391,80,9471,129
2021-01-08,Yuba,115,75493,4501,4195,44,4239,26
2021-01-07,Alameda,001,1643700,62949,57921,1237,59158,632
2021-01-07,Alpine,003,1148,71,70,0,70,0
2021-01-07,Amador,005,37829,2929,2740,23,2763,24
2021-01-07,Butte,007,227075,9219,8278,1140,9418,112
2021-01-07,Calaveras,009,45235,1440,1342,6,1348,21
2021-01-07,Colusa,011,21464,1514,1420,133,1553,7
2021-01-07,Contra Costa,013,1133247,48634,44756,751,45507,376
2021-01-07,Del Norte,015,27424,840,791,2,793,2
2021-01-07,El Dorado,017,186661,7425,6545,438,6983,36
2021-01-07,Fresno,019,978130,79606,72557,5671,78228,765
2021-01-07,Glenn,021,27897,1858,1639,340,1979,9
2021-01-07,Humboldt,023,135768,2145,1954,7,1961,22
2021-01-07,Imperial,025,180216,24835,23608,1840,25448,431
2021-01-07,Inyo,027,18085,848,656,8,664,20
2021-01-07,Kern,029,883053,76763,70953,6415,77368,660
2021-01-07,Kings,031,150075,18422,17238,670,17908,108
2021-01-07,Lake,033,64148,2318,2054,0,2054,26
2021-01-07,Lassen,035,31185,4684,4581,64,4645,1
2021-01-07,Los Angeles,037,10098052,946444,853187,28787,881974,11480
2021-01-07,Madera,039,155013,12681,11644,566,12210,76
2021-01-07,Marin,041,260295,11026,10364,105,10469,153
2021-01-07,Mariposa,043,17540,313,264,2,266,3
2021-01-07,Mendocino,045,87422,2844,2585,34,2619,30
2021-01-07,Merced,047,269075,22178,20510,495,21005,234
2021-01-07,Modoc,049,8938,290,265,79,344,0
2021-01-07,Mono,051,14174,1016,905,12,917,3
2021-01-07,Monterey,053,433212,33269,30903,896,31799,222
2021-01-07,Napa,055,140530,7037,6408,25,6433,32
2021-01-07,Nevada,057,99092,3129,2847,109,2956,17
2021-01-07,Orange,059,3164182,198945,181922,7915,189837,1974
2021-01-07,Placer,061,380077,16988,15155,743,15898,144
2021-01-07,Plumas,063,18699,544,454,9,463,2
2021-01-07,Riverside,065,2383286,227574,208177,10530,218707,2156
2021-01-07,Sacramento,067,1510023,75792,72342,781,73123,919
2021-01-07,San Benito,069,59416,4510,4112,38,4150,33
2021-01-07,San Bernardino,071,2135413,240270,219691,6703,226394,1666
2021-01-07,San Diego,073,3302833,201718,180510,9264,189774,1738
2021-01-07,San Francisco,075,870044,27385,25885,303,26188,202
2021-01-07,San Joaquin,077,732212,53871,50156,2012,52168,689
2021-01-07,San Luis Obispo,079,281455,14626,12810,316,13126,118
2021-01-07,San Mateo,081,765935,30622,27494,161,27655,201
2021-01-07,Santa Barbara,083,443738,22456,19931,639,20570,187
2021-01-07,Santa Clara,085,1922200,86372,78808,356,79164,775
2021-01-07,Santa Cruz,087,273765,11850,10228,476,10704,104
2021-01-07,Shasta,089,179085,9248,8612,874,9486,81
2021-01-07,Sierra,091,2930,38,31,6,37,0
2021-01-07,Siskiyou,093,43540,1180,1010,146,1156,3
2021-01-07,Solano,095,438530,23420,21384,245,21629,100
2021-01-07,Sonoma,097,501317,22398,20857,115,20972,200
2021-01-07,Stanislaus,099,539301,40318,37296,3821,41117,553
2021-01-07,Sutter,101,95872,7289,6890,52,6942,65
2021-01-07,Tehama,103,63373,3622,3330,352,3682,15
2021-01-07,Trinity,105,12862,437,247,60,307,2
2021-01-07,Tulare,107,460477,39609,36397,4690,41087,482
2021-01-07,Tuolumne,109,53932,3130,3068,27,3095,14
2021-01-07,Ventura,111,848112,54796,49083,1895,50978,288
2021-01-07,Yolo,113,214977,10155,9207,78,9285,128
2021-01-07,Yuba,115,75493,4459,4128,44,4172,25
2021-01-06,Alameda,001,1643700,62093,57081,1210,58291,616
2021-01-06,Alpine,003,1148,71,70,0,70,0
2021-01-06,Amador,005,37829,2908,2717,22,2739,24
2021-01-06,Butte,007,227075,9104,8147,1121,9268,110
2021-01-06,Calaveras,009,45235,1417,1321,6,1327,21
2021-01-06,Colusa,011,21464,1493,1385,128,1513,7
2021-01-06,Contra Costa,013,1133247,47842,44054,735,44789,358
2021-01-06,Del Norte,015,27424,834,780,2,782,2
2021-01-06,El Dorado,017,186661,7313,6397,424,6821,35
2021-01-06,Fresno,019,978130,78763,71404,5569,76973,752
2021-01-06,Glenn,021,27897,1832,1622,336,1958,9
2021-01-06,Humboldt,023,135768,2119,1912,7,1919,22
2021-01-06,Imperial,025,180216,24590,23400,1800,25200,431
2021-01-06,Inyo,027,18085,832,630,8,638,20
2021-01-06,Kern,029,883053,75820,69893,6288,76181,646
2021-01-06,Kings,031,150075,18224,17019,651,17670,108
2021-01-06,Lake,033,64148,2281,2033,0,2033,26
2021-01-06,Lassen,035,31185,4672,4560,60,4620,1
2021-01-06,Los Angeles,037,10098052,930486,835052,28100,863152,11285
2021-01-06,Madera,039,155013,12545,11407,560,11967,67
2021-01-06,Marin,041,260295,10898,10282,104,10386,153
2021-01-06,Mariposa,043,17540,310,259,2,261,3
2021-01-06,Mendocino,045,87422,2814,2561,34,2595,30
2021-01-06,Merced,047,269075,21842,20258,480,20738,232
2021-01-06,Modoc,049,8938,290,263,79,342,0
2021-01-06,Mono,051,14174,985,905,12,917,3
2021-01-06,Monterey,053,433212,32668,30387,865,31252,222
2021-01-06,Napa,055,140530,6907,6342,25,6367,32
2021-01-06,Nevada,057,99092,3109,2805,108,2913,15
2021-01-06,Orange,059,3164182,195498,177686,7774,185460,1935
2021-01-06,Placer,061,380077,16800,14940,725,15665,134
2021-01-06,Plumas,063,18699,536,445,9,454,2
2021-01-06,Riverside,065,2383286,223552,203714,10344,214058,2121
2021-01-06,Sacramento,067,1510023,74769,71572,764,72336,909
2021-01-06,San Benito,069,59416,4434,4031,37,4068,32
2021-01-06,San Bernardino,071,2135413,236566,215286,6599,221885,1634
2021-01-06,San Diego,073,3302833,198218,176660,9093,185753,1691
2021-01-06,San Francisco,075,870044,27015,25424,295,25719,199
2021-01-06,San Joaquin,077,732212,53118,49286,1971,51257,673
2021-01-06,San Luis Obispo,079,281455,14233,12305,309,12614,115
2021-01-06,San Mateo,081,765935,30197,27050,158,27208,200
2021-01-06,Santa Barbara,083,443738,21967,19453,630,20083,177
2021-01-06,Santa Clara,085,1922200,85010,77485,349,77834,746
2021-01-06,Santa Cruz,087,273765,11631,9954,458,10412,97
2021-01-06,Shasta,089,179085,9178,8482,867,9349,78
2021-01-06,Sierra,091,2930,37,31,6,37,0
2021-01-06,Siskiyou,093,43540,1168,998,142,1140,3
2021-01-06,Solano,095,438530,23037,21102,242,21344,99
2021-01-06,Sonoma,097,501317,22091,20558,115,20673,196
2021-01-06,Stanislaus,099,539301,39751,36751,3762,40513,553
2021-01-06,Sutter,101,95872,7208,6839,51,6890,59
2021-01-06,Tehama,103,63373,3594,3306,346,3652,15
2021-01-06,Trinity,105,12862,437,246,60,306,2
2021-01-06,Tulare,107,460477,39063,35882,4595,40477,465
2021-01-06,Tuolumne,109,53932,3110,3008,27,3035,14
2021-01-06,Ventura,111,848112,53553,47428,1871,49299,280
2021-01-06,Yolo,113,214977,9990,9083,75,9158,127
2021-01-06,Yuba,115,75493,4410,4097,44,4141,25
2021-01-05,Alameda,001,1643700,60980,56432,1180,57612,602
2021-01-05,Alpine,003,1148,71,70,0,70,0
2021-01-05,Amador,005,37829,2868,2695,22,2717,24
2021-01-05,Butte,007,227075,8963,8008,1094,9102,107
2021-01-05,Calaveras,009,45235,1371,1292,6,1298,21
2021-01-05,Colusa,011,21464,1469,1376,122,1498,7
2021-01-05,Contra Costa,013,1133247,46975,43442,723,44165,353
2021-01-05,Del Norte,015,27424,827,770,2,772,2
2021-01-05,El Dorado,017,186661,7195,6270,403,6673,32
2021-01-05,Fresno,019,978130,77542,70971,5478,76449,741
2021-01-05,Glenn,021,27897,1809,1608,320,1928,9
2021-01-05,Humboldt,023,135768,2083,1884,7,1891,22
2021-01-05,Imperial,025,180216,24417,23165,1758,24923,421
2021-01-05,Inyo,027,18085,818,627,8,635,20
2021-01-05,Kern,029,883053,74743,68257,6153,74410,624
2021-01-05,Kings,031,150075,18026,16860,629,17489,108
2021-01-05,Lake,033,64148,2233,2015,0,2015,25
2021-01-05,Lassen,035,31185,4657,4554,56,4610,1
2021-01-05,Los Angeles,037,10098052,911753,823783,27434,851217,11028
2021-01-05,Madera,039,155013,12369,11359,548,11907,67
2021-01-05,Marin,041,260295,10746,10214,103,10317,151
2021-01-05,Mariposa,043,17540,304,257,2,259,3
2021-01-05,Mendocino,045,87422,2778,2501,34,2535,30
2021-01-05,Merced,047,269075,21491,20051,468,20519,230
2021-01-05,Modoc,049,8938,290,254,79,333,0
2021-01-05,Mono,051,14174,979,896,12,908,3
2021-01-05,Monterey,053,433212,32118,30045,832,30877,213
2021-01-05,Napa,055,140530,6820,6264,25,6289,29
2021-01-05,Nevada,057,99092,3081,2781,106,2887,15
2021-01-05,Orange,059,3164182,191864,174869,7582,182451,1918
2021-01-05,Placer,061,380077,16577,14723,702,15425,133
2021-01-05,Plumas,063,18699,529,428,9,437,2
2021-01-05,Riverside,065,2383286,219426,200439,10175,210614,2069
2021-01-05,Sacramento,067,1510023,73841,70677,738,71415,888
2021-01-05,San Benito,069,59416,4333,3961,35,3996,28
2021-01-05,San Bernardino,071,2135413,232629,212522,6484,219006,1615
2021-01-05,San Diego,073,3302833,194078,172845,8879,181724,1654
2021-01-05,San Francisco,075,870044,26647,24989,278,25267,196
2021-01-05,San Joaquin,077,732212,52248,48969,1927,50896,663
2021-01-05,San Luis Obispo,079,281455,13835,12027,299,12326,106
2021-01-05,San Mateo,081,765935,29716,26486,156,26642,198
2021-01-05,Santa Barbara,083,443738,21521,19063,622,19685,172
2021-01-05,Santa Clara,085,1922200,83481,76355,337,76692,729
2021-01-05,Santa Cruz,087,273765,11358,9753,434,10187,93
2021-01-05,Shasta,089,179085,9071,8345,849,9194,73
2021-01-05,Sierra,091,2930,37,31,6,37,0
2021-01-05,Siskiyou,093,43540,1156,985,140,1125,3
2021-01-05,Solano,095,438530,22629,20860,237,21097,97
2021-01-05,Sonoma,097,501317,21732,20247,114,20361,194
2021-01-05,Stanislaus,099,539301,39207,36363,3711,40074,553
2021-01-05,Sutter,101,95872,7111,6769,50,6819,59
2021-01-05,Tehama,103,63373,3539,3255,341,3596,9
2021-01-05,Trinity,105,12862,437,246,60,306,2
2021-01-05,Tulare,107,460477,38450,35585,4454,40039,455
2021-01-05,Tuolumne,109,53932,3086,2996,22,3018,13
2021-01-05,Ventura,111,848112,52309,46456,1849,48305,264
2021-01-05,Yolo,113,214977,9815,8980,75,9055,127
2021-01-05,Yuba,115,75493,4351,4053,43,4096,21
2021-01-04,Alameda,001,1643700,59760,55899,1147,57046,583
2021-01-04,Alpine,003,1148,71,68,0,68,0
2021-01-04,Amador,005,37829,2828,2596,22,2618,24
2021-01-04,Butte,007,227075,8804,7893,1073,8966,105
2021-01-04,Calaveras,009,45235,1330,1276,5,1281,21
2021-01-04,Colusa,011,21464,1445,1368,108,1476,7
2021-01-04,Contra Costa,013,1133247,46117,43019,697,43716,353
2021-01-04,Del Norte,015,27424,817,770,2,772,2
2021-01-04,El Dorado,017,186661,7061,6152,388,6540,27
2021-01-04,Fresno,019,978130,76274,69871,5380,75251,726
2021-01-04,Glenn,021,27897,1776,1590,315,1905,9
2021-01-04,Humboldt,023,135768,2047,1845,7,1852,22
2021-01-04,Imperial,025,180216,24267,23035,1706,24741,420
2021-01-04,Inyo,027,18085,792,623,8,631,20
2021-01-04,Kern,029,883053,73660,67418,5960,73378,623
2021-01-04,Kings,031,150075,17750,16801,605,17406,108
2021-01-04,Lake,033,64148,2194,1984,0,1984,25
2021-01-04,Lassen,035,31185,4635,4550,55,4605,1
2021-01-04,Los Angeles,037,10098052,891631,813022,26577,839599,10790
2021-01-04,Madera,039,155013,12149,11204,526,11730,67
2021-01-04,Marin,041,260295,10609,10115,100,10215,151
2021-01-04,Mariposa,043,17540,298,253,2,255,3
2021-01-04,Mendocino,045,87422,2738,2460,30,2490,28
2021-01-04,Merced,047,269075,21077,19804,449,20253,230
2021-01-04,Modoc,049,8938,274,250,77,327,0
2021-01-04,Mono,051,14174,968,895,12,907,3
2021-01-04,Monterey,053,433212,31499,29659,811,30470,212
2021-01-04,Napa,055,140530,6679,6187,25,6212,29
2021-01-04,Nevada,057,99092,3043,2765,103,2868,15
2021-01-04,Orange,059,3164182,187972,172458,7460,179918,1918
2021-01-04,Placer,061,380077,16318,14622,689,15311,133
2021-01-04,Plumas,063,18699,519,419,9,428,1
2021-01-04,Riverside,065,2383286,214875,196809,9989,206798,2066
2021-01-04,Sacramento,067,1510023,72787,70164,729,70893,870
2021-01-04,San Benito,069,59416,4220,3914,35,3949,28
2021-01-04,San Bernardino,071,2135413,228366,210868,6337,217205,1615
2021-01-04,San Diego,073,3302833,189504,171031,8683,179714,1598
2021-01-04,San Francisco,075,870044,26259,24753,272,25025,191
2021-01-04,San Joaquin,077,732212,51346,48644,1886,50530,661
2021-01-04,San Luis Obispo,079,281455,13349,11945,292,12237,96
2021-01-04,San Mateo,081,765935,29152,26150,151,26301,198
2021-01-04,Santa Barbara,083,443738,20998,18735,593,19328,165
2021-01-04,Santa Clara,085,1922200,81726,75297,329,75626,727
2021-01-04,Santa Cruz,087,273765,11070,9680,417,10097,85
2021-01-04,Shasta,089,179085,8966,8224,832,9056,72
2021-01-04,Sierra,091,2930,36,30,6,36,0
2021-01-04,Siskiyou,093,43540,1139,980,137,1117,3
2021-01-04,Solano,095,438530,22129,20588,229,20817,97
2021-01-04,Sonoma,097,501317,21394,20210,113,20323,194
2021-01-04,Stanislaus,099,539301,38645,36141,3656,39797,553
2021-01-04,Sutter,101,95872,7015,6712,49,6761,56
2021-01-04,Tehama,103,63373,3470,3190,336,3526,9
2021-01-04,Trinity,105,12862,434,245,60,305,2
2021-01-04,Tulare,107,460477,37898,35060,4354,39414,455
2021-01-04,Tuolumne,109,53932,3061,2987,22,3009,13
2021-01-04,Ventura,111,848112,50806,45014,1829,46843,255
2021-01-04,Yolo,113,214977,9620,8834,75,8909,121
2021-01-04,Yuba,115,75493,4294,4023,43,4066,21
2021-01-03,Alameda,001,1643700,58504,55082,1119,56201,580
2021-01-03,Alpine,003,1148,69,68,0,68,0
2021-01-03,Amador,005,37829,2771,2565,22,2587,24
2021-01-03,Butte,007,227075,8610,7837,1027,8864,105
2021-01-03,Calaveras,009,45235,1293,1249,3,1252,21
2021-01-03,Colusa,011,21464,1415,1337,102,1439,7
2021-01-03,Contra Costa,013,1133247,45228,42432,673,43105,352
2021-01-03,Del Norte,015,27424,805,768,2,770,2
2021-01-03,El Dorado,017,186661,6933,6034,371,6405,27
2021-01-03,Fresno,019,978130,75126,69326,5264,74590,719
2021-01-03,Glenn,021,27897,1751,1581,309,1890,9
2021-01-03,Humboldt,023,135768,2010,1833,7,1840,21
2021-01-03,Imperial,025,180216,24020,22951,1629,24580,419
2021-01-03,Inyo,027,18085,774,615,8,623,20
2021-01-03,Kern,029,883053,72398,66895,5785,72680,609
2021-01-03,Kings,031,150075,17474,16593,576,17169,108
2021-01-03,Lake,033,64148,2141,1976,0,1976,24
2021-01-03,Lassen,035,31185,4602,4531,54,4585,1
2021-01-03,Los Angeles,037,10098052,869575,792168,25525,817693,10633
2021-01-03,Madera,039,155013,11926,11152,503,11655,67
2021-01-03,Marin,041,260295,10458,10034,95,10129,150
2021-01-03,Mariposa,043,17540,291,248,2,250,3
2021-01-03,Mendocino,045,87422,2698,2445,28,2473,24
2021-01-03,Merced,047,269075,20610,19600,423,20023,230
2021-01-03,Modoc,049,8938,270,245,76,321,0
2021-01-03,Mono,051,14174,943,893,12,905,3
2021-01-03,Monterey,053,433212,30907,29357,776,30133,191
2021-01-03,Napa,055,140530,6578,6094,25,6119,29
2021-01-03,Nevada,057,99092,2982,2742,100,2842,15
2021-01-03,Orange,059,3164182,183783,169881,7271,177152,1919
2021-01-03,Placer,061,380077,16069,14319,666,14985,133
2021-01-03,Plumas,063,18699,506,416,9,425,1
2021-01-03,Riverside,065,2383286,209997,195048,9741,204789,2005
2021-01-03,Sacramento,067,1510023,71579,68558,708,69266,859
2021-01-03,San Benito,069,59416,4123,3882,34,3916,28
2021-01-03,San Bernardino,071,2135413,223064,208294,6168,214462,1592
2021-01-03,San Diego,073,3302833,184244,168018,8454,176472,1592
2021-01-03,San Francisco,075,870044,25761,24588,254,24842,193
2021-01-03,San Joaquin,077,732212,50226,47899,1830,49729,661
2021-01-03,San Luis Obispo,079,281455,12881,11636,284,11920,95
2021-01-03,San Mateo,081,765935,28558,25770,144,25914,196
2021-01-03,Santa Barbara,083,443738,20265,18267,578,18845,164
2021-01-03,Santa Clara,085,1922200,80133,74534,323,74857,720
2021-01-03,Santa Cruz,087,273765,10766,9528,402,9930,84
2021-01-03,Shasta,089,179085,8840,8192,792,8984,72
2021-01-03,Sierra,091,2930,36,30,6,36,0
2021-01-03,Siskiyou,093,43540,1106,976,128,1104,3
2021-01-03,Solano,095,438530,21600,20105,223,20328,97
2021-01-03,Sonoma,097,501317,21007,19982,111,20093,193
2021-01-03,Stanislaus,099,539301,37938,35762,3573,39335,553
2021-01-03,Sutter,101,95872,6918,6664,48,6712,53
2021-01-03,Tehama,103,63373,3414,3176,329,3505,9
2021-01-03,Trinity,105,12862,429,243,58,301,2
2021-01-03,Tulare,107,460477,37336,34747,4209,38956,455
2021-01-03,Tuolumne,109,53932,3001,2978,19,2997,13
2021-01-03,Ventura,111,848112,48981,43748,1812,45560,254
2021-01-03,Yolo,113,214977,9463,8674,74,8748,121
2021-01-03,Yuba,115,75493,4242,3966,42,4008,20
2021-01-02,Alameda,001,1643700,57880,54518,1088,55606,581
2021-01-02,Alpine,003,1148,69,68,0,68,0
2021-01-02,Amador,005,37829,2752,2540,22,2562,24
2021-01-02,Butte,007,227075,8504,7750,1006,8756,105
2021-01-02,Calaveras,009,45235,1273,1230,3,1233,21
2021-01-02,Colusa,011,21464,1405,1332,101,1433,7
2021-01-02,Contra Costa,013,1133247,44690,41993,663,42656,352
2021-01-02,Del Norte,015,27424,803,764,2,766,2
2021-01-02,El Dorado,017,186661,6878,5959,367,6326,27
2021-01-02,Fresno,019,978130,74582,68740,5153,73893,717
2021-01-02,Glenn,021,27897,1734,1546,308,1854,9
2021-01-02,Humboldt,023,135768,1983,1815,7,1822,21
2021-01-02,Imperial,025,180216,23934,22867,1594,24461,420
2021-01-02,Inyo,027,18085,761,609,8,617,20
2021-01-02,Kern,029,883053,71678,66457,5673,72130,610
2021-01-02,Kings,031,150075,17380,16515,572,17087,108
2021-01-02,Lake,033,64148,2105,1925,0,1925,24
2021-01-02,Lassen,035,31185,4591,4457,53,4510,1
2021-01-02,Los Angeles,037,10098052,861214,791892,24835,816727,10633
2021-01-02,Madera,039,155013,11815,11039,491,11530,67
2021-01-02,Marin,041,260295,10411,9924,92,10016,151
2021-01-02,Mariposa,043,17540,284,243,2,245,3
2021-01-02,Mendocino,045,87422,2655,2428,27,2455,24
2021-01-02,Merced,047,269075,20468,19395,406,19801,230
2021-01-02,Modoc,049,8938,269,245,76,321,0
2021-01-02,Mono,051,14174,932,884,12,896,3
2021-01-02,Monterey,053,433212,30694,28991,764,29755,191
2021-01-02,Napa,055,140530,6519,5994,25,6019,29
2021-01-02,Nevada,057,99092,2953,2706,96,2802,15
2021-01-02,Orange,059,3164182,181571,168457,7124,175581,1918
2021-01-02,Placer,061,380077,15896,14182,657,14839,133
2021-01-02,Plumas,063,18699,503,413,9,422,1
2021-01-02,Riverside,065,2383286,207354,192069,9514,201583,2008
2021-01-02,Sacramento,067,1510023,70945,67810,691,68501,858
2021-01-02,San Benito,069,59416,4040,3829,34,3863,28
2021-01-02,San Bernardino,071,2135413,221407,206939,6046,212985,1597
2021-01-02,San Diego,073,3302833,181645,164498,8257,172755,1592
2021-01-02,San Francisco,075,870044,25502,24414,247,24661,194
2021-01-02,San Joaquin,077,732212,49842,47310,1802,49112,662
2021-01-02,San Luis Obispo,079,281455,12747,11467,278,11745,95
2021-01-02,San Mateo,081,765935,28223,25483,136,25619,196
2021-01-02,Santa Barbara,083,443738,19976,18135,575,18710,164
2021-01-02,Santa Clara,085,1922200,78948,73662,317,73979,720
2021-01-02,Santa Cruz,087,273765,10611,9340,394,9734,85
2021-01-02,Shasta,089,179085,8774,8154,781,8935,72
2021-01-02,Sierra,091,2930,36,28,6,34,0
2021-01-02,Siskiyou,093,43540,1095,949,126,1075,3
2021-01-02,Solano,095,438530,21400,19805,214,20019,97
2021-01-02,Sonoma,097,501317,20838,19761,111,19872,194
2021-01-02,Stanislaus,099,539301,37605,35431,3509,38940,553
2021-01-02,Sutter,101,95872,6866,6621,48,6669,53
2021-01-02,Tehama,103,63373,3386,3146,325,3471,9
2021-01-02,Trinity,105,12862,426,243,58,301,2
2021-01-02,Tulare,107,460477,37015,34479,4135,38614,455
2021-01-02,Tuolumne,109,53932,2987,2942,17,2959,13
2021-01-02,Ventura,111,848112,47826,43397,1779,45176,254
2021-01-02,Yolo,113,214977,9364,8571,72,8643,122
2021-01-02,Yuba,115,75493,4203,3930,42,3972,21
2021-01-01,Alameda,001,1643700,57230,53518,1074,54592,579
2021-01-01,Alpine,003,1148,69,68,0,68,0
2021-01-01,Amador,005,37829,2726,2513,20,2533,24
2021-01-01,Butte,007,227075,8402,7589,985,8574,105
2021-01-01,Calaveras,009,45235,1258,1186,3,1189,21
2021-01-01,Colusa,011,21464,1396,1314,99,1413,7
2021-01-01,Contra Costa,013,1133247,44210,41412,646,42058,351
2021-01-01,Del Norte,015,27424,796,758,2,760,2
2021-01-01,El Dorado,017,186661,6785,5832,359,6191,27
2021-01-01,Fresno,019,978130,73509,67484,5069,72553,717
2021-01-01,Glenn,021,27897,1717,1520,299,1819,9
2021-01-01,Humboldt,023,135768,1944,1783,7,1790,21
2021-01-01,Imperial,025,180216,23845,22715,1546,24261,418
2021-01-01,Inyo,027,18085,737,606,8,614,20
2021-01-01,Kern,029,883053,70852,65571,5566,71137,609
2021-01-01,Kings,031,150075,17197,16358,565,16923,108
2021-01-01,Lake,033,64148,2072,1888,0,1888,24
2021-01-01,Lassen,035,31185,4585,4377,53,4430,1
2021-01-01,Los Angeles,037,10098052,847007,775578,24152,799730,10515
2021-01-01,Madera,039,155013,11655,10752,482,11234,66
2021-01-01,Marin,041,260295,10304,9821,91,9912,148
2021-01-01,Mariposa,043,17540,276,236,2,238,3
2021-01-01,Mendocino,045,87422,2601,2400,27,2427,24
2021-01-01,Merced,047,269075,20284,19118,390,19508,229
2021-01-01,Modoc,049,8938,269,241,76,317,0
2021-01-01,Mono,051,14174,914,884,11,895,3
2021-01-01,Monterey,053,433212,30454,28465,755,29220,191
2021-01-01,Napa,055,140530,6433,5899,25,5924,28
2021-01-01,Nevada,057,99092,2929,2663,96,2759,15
2021-01-01,Orange,059,3164182,178773,165440,6982,172422,1893
2021-01-01,Placer,061,380077,15706,13987,642,14629,133
2021-01-01,Plumas,063,18699,498,412,9,421,1
2021-01-01,Riverside,065,2383286,204166,188674,9261,197935,1990
2021-01-01,Sacramento,067,1510023,70348,66956,674,67630,848
2021-01-01,San Benito,069,59416,4002,3773,34,3807,28
2021-01-01,San Bernardino,071,2135413,218594,203651,5916,209567,1590
2021-01-01,San Diego,073,3302833,178572,160071,8078,168149,1592
2021-01-01,San Francisco,075,870044,25227,24145,236,24381,187
2021-01-01,San Joaquin,077,732212,49548,46640,1758,48398,657
2021-01-01,San Luis Obispo,079,281455,12520,11160,270,11430,94
2021-01-01,San Mateo,081,765935,27774,25041,132,25173,194
2021-01-01,Santa Barbara,083,443738,19656,17759,565,18324,164
2021-01-01,Santa Clara,085,1922200,77673,71904,312,72216,680
2021-01-01,Santa Cruz,087,273765,10431,9146,384,9530,84
2021-01-01,Shasta,089,179085,8693,8102,764,8866,72
2021-01-01,Sierra,091,2930,36,26,6,32,0
2021-01-01,Siskiyou,093,43540,1081,944,121,1065,3
2021-01-01,Solano,095,438530,21185,19393,212,19605,97
2021-01-01,Sonoma,097,501317,20642,19513,111,19624,189
2021-01-01,Stanislaus,099,539301,37317,34978,3447,38425,553
2021-01-01,Sutter,101,95872,6809,6553,47,6600,52
2021-01-01,Tehama,103,63373,3328,3079,318,3397,9
2021-01-01,Trinity,105,12862,426,243,58,301,2
2021-01-01,Tulare,107,460477,36602,33994,4047,38041,454
2021-01-01,Tuolumne,109,53932,2971,2909,17,2926,13
2021-01-01,Ventura,111,848112,46333,42026,1753,43779,253
2021-01-01,Yolo,113,214977,9253,8461,69,8530,120
2021-01-01,Yuba,115,75493,4149,3845,41,3886,19
2020-12-31,Alameda,001,1643700,56679,52475,1043,53518,579
2020-12-31,Alpine,003,1148,69,66,0,66,0
2020-12-31,Amador,005,37829,2712,2493,20,2513,24
2020-12-31,Butte,007,227075,8327,7405,964,8369,105
2020-12-31,Calaveras,009,45235,1247,1161,3,1164,21
2020-12-31,Colusa,011,21464,1386,1301,96,1397,7
2020-12-31,Contra Costa,013,1133247,43820,40512,631,41143,336
2020-12-31,Del Norte,015,27424,795,748,2,750,2
2020-12-31,El Dorado,017,186661,6733,5662,350,6012,26
2020-12-31,Fresno,019,978130,73076,66442,5007,71449,711
2020-12-31,Glenn,021,27897,1689,1484,291,1775,9
2020-12-31,Humboldt,023,135768,1927,1713,7,1720,21
2020-12-31,Imperial,025,180216,23774,22494,1530,24024,417
2020-12-31,Inyo,027,18085,729,591,8,599,20
2020-12-31,Kern,029,883053,70380,64904,5478,70382,609
2020-12-31,Kings,031,150075,17122,16077,557,16634,108
2020-12-31,Lake,033,64148,2057,1848,0,1848,23
2020-12-31,Lassen,035,31185,4579,4340,52,4392,1
2020-12-31,Los Angeles,037,10098052,841666,755844,23696,779540,10320
2020-12-31,Madera,039,155013,11582,10609,474,11083,64
2020-12-31,Marin,041,260295,10261,9731,90,9821,148
2020-12-31,Mariposa,043,17540,274,217,2,219,3
2020-12-31,Mendocino,045,87422,2586,2367,23,2390,24
2020-12-31,Merced,047,269075,20194,18808,380,19188,226
2020-12-31,Modoc,049,8938,269,238,76,314,0
2020-12-31,Mono,051,14174,906,868,11,879,3
2020-12-31,Monterey,053,433212,30225,27720,743,28463,188
2020-12-31,Napa,055,140530,6370,5801,25,5826,28
2020-12-31,Nevada,057,99092,2906,2619,95,2714,15
2020-12-31,Orange,059,3164182,176885,161586,6853,168439,1866
2020-12-31,Placer,061,380077,15550,13708,639,14347,126
2020-12-31,Plumas,063,18699,494,401,8,409,1
2020-12-31,Riverside,065,2383286,202487,184193,9133,193326,1958
2020-12-31,Sacramento,067,1510023,69819,65817,664,66481,830
2020-12-31,San Benito,069,59416,3978,3673,34,3707,28
2020-12-31,San Bernardino,071,2135413,216939,199115,5847,204962,1586
2020-12-31,San Diego,073,3302833,176809,155593,7979,163572,1534
2020-12-31,San Francisco,075,870044,24996,23740,229,23969,183
2020-12-31,San Joaquin,077,732212,49229,45764,1721,47485,646
2020-12-31,San Luis Obispo,079,281455,12406,10846,270,11116,89
2020-12-31,San Mateo,081,765935,27444,24570,126,24696,192
2020-12-31,Santa Barbara,083,443738,19412,17434,558,17992,161
2020-12-31,Santa Clara,085,1922200,76856,70032,307,70339,665
2020-12-31,Santa Cruz,087,273765,10313,8909,372,9281,84
2020-12-31,Shasta,089,179085,8627,7996,754,8750,69
2020-12-31,Sierra,091,2930,36,26,6,32,0
2020-12-31,Siskiyou,093,43540,1065,940,118,1058,3
2020-12-31,Solano,095,438530,20954,18942,211,19153,97
2020-12-31,Sonoma,097,501317,20521,19129,110,19239,188
2020-12-31,Stanislaus,099,539301,37008,34398,3400,37798,552
2020-12-31,Sutter,101,95872,6778,6432,47,6479,51
2020-12-31,Tehama,103,63373,3292,3036,317,3353,9
2020-12-31,Trinity,105,12862,425,241,58,299,2
2020-12-31,Tulare,107,460477,36424,33412,3986,37398,446
2020-12-31,Tuolumne,109,53932,2962,2902,17,2919,12
2020-12-31,Ventura,111,848112,45822,40854,1736,42590,251
2020-12-31,Yolo,113,214977,9166,8295,68,8363,117
2020-12-31,Yuba,115,75493,4108,3799,40,3839,18
2020-12-30,Alameda,001,1643700,55896,50158,990,51148,573
2020-12-30,Alpine,003,1148,69,66,0,66,0
2020-12-30,Amador,005,37829,2692,2418,19,2437,24
2020-12-30,Butte,007,227075,8166,7140,944,8084,103
2020-12-30,Calaveras,009,45235,1222,1135,3,1138,21
2020-12-30,Colusa,011,21464,1370,1289,90,1379,7
2020-12-30,Contra Costa,013,1133247,43236,39601,619,40220,337
2020-12-30,Del Norte,015,27424,790,726,2,728,2
2020-12-30,El Dorado,017,186661,6632,5595,340,5935,27
2020-12-30,Fresno,019,978130,72230,65566,4858,70424,711
2020-12-30,Glenn,021,27897,1658,1471,279,1750,9
2020-12-30,Humboldt,023,135768,1893,1654,7,1661,22
2020-12-30,Imperial,025,180216,23605,22098,1455,23553,412
2020-12-30,Inyo,027,18085,722,572,8,580,20
2020-12-30,Kern,029,883053,69652,63292,5334,68626,604
2020-12-30,Kings,031,150075,17003,15862,549,16411,108
2020-12-30,Lake,033,64148,2035,1731,0,1731,23
2020-12-30,Lassen,035,31185,4570,4300,52,4352,1
2020-12-30,Los Angeles,037,10098052,830750,741907,23021,764928,10046
2020-12-30,Madera,039,155013,11472,10249,463,10712,65
2020-12-30,Marin,041,260295,10171,9569,84,9653,148
2020-12-30,Mariposa,043,17540,270,214,2,216,3
2020-12-30,Mendocino,045,87422,2568,2291,20,2311,24
2020-12-30,Merced,047,269075,19904,18519,370,18889,225
2020-12-30,Modoc,049,8938,266,234,76,310,0
2020-12-30,Mono,051,14174,903,868,11,879,3
2020-12-30,Monterey,053,433212,29595,26977,721,27698,186
2020-12-30,Napa,055,140530,6264,5754,25,5779,28
2020-12-30,Nevada,057,99092,2871,2595,93,2688,15
2020-12-30,Orange,059,3164182,174225,153951,6667,160618,1863
2020-12-30,Placer,061,380077,15318,13540,627,14167,127
2020-12-30,Plumas,063,18699,489,397,8,405,1
2020-12-30,Riverside,065,2383286,199540,176402,8949,185351,1919
2020-12-30,Sacramento,067,1510023,68946,64119,647,64766,847
2020-12-30,San Benito,069,59416,3897,3464,30,3494,29
2020-12-30,San Bernardino,071,2135413,214373,192648,5761,198409,1591
2020-12-30,San Diego,073,3302833,173176,152510,7804,160314,1472
2020-12-30,San Francisco,075,870044,24704,23099,224,23323,182
2020-12-30,San Joaquin,077,732212,48534,44465,1680,46145,634
2020-12-30,San Luis Obispo,079,281455,12136,10542,262,10804,89
2020-12-30,San Mateo,081,765935,27015,24150,122,24272,190
2020-12-30,Santa Barbara,083,443738,19009,16895,537,17432,161
2020-12-30,Santa Clara,085,1922200,75611,67218,303,67521,661
2020-12-30,Santa Cruz,087,273765,10119,8787,363,9150,86
2020-12-30,Shasta,089,179085,8513,7818,740,8558,69
2020-12-30,Sierra,091,2930,36,25,6,31,0
2020-12-30,Siskiyou,093,43540,1058,913,110,1023,3
2020-12-30,Solano,095,438530,20562,18300,208,18508,96
2020-12-30,Sonoma,097,501317,20264,18947,110,19057,191
2020-12-30,Stanislaus,099,539301,36544,33730,3325,37055,526
2020-12-30,Sutter,101,95872,6717,6328,45,6373,51
2020-12-30,Tehama,103,63373,3248,2969,313,3282,9
2020-12-30,Trinity,105,12862,424,231,57,288,2
2020-12-30,Tulare,107,460477,35878,32413,3922,36335,430
2020-12-30,Tuolumne,109,53932,2952,2772,15,2787,12
2020-12-30,Ventura,111,848112,44534,39039,1712,40751,251
2020-12-30,Yolo,113,214977,9058,8067,66,8133,117
2020-12-30,Yuba,115,75493,4037,3612,40,3652,18
2020-12-29,Alameda,001,1643700,54829,50946,954,51900,552
2020-12-29,Alpine,003,1148,69,65,0,65,0
2020-12-29,Amador,005,37829,2640,2388,18,2406,23
2020-12-29,Butte,007,227075,7993,7178,920,8098,98
2020-12-29,Calaveras,009,45235,1178,1111,2,1113,21
2020-12-29,Colusa,011,21464,1349,1272,85,1357,7
2020-12-29,Contra Costa,013,1133247,42434,39225,588,39813,325
2020-12-29,Del Norte,015,27424,783,724,2,726,2
2020-12-29,El Dorado,017,186661,6502,5551,327,5878,22
2020-12-29,Fresno,019,978130,70854,65149,4708,69857,688
2020-12-29,Glenn,021,27897,1624,1454,272,1726,9
2020-12-29,Humboldt,023,135768,1845,1616,7,1623,19
2020-12-29,Imperial,025,180216,23392,22105,1370,23475,407
2020-12-29,Inyo,027,18085,705,571,8,579,19
2020-12-29,Kern,029,883053,68487,63096,5166,68262,589
2020-12-29,Kings,031,150075,16834,15777,537,16314,108
2020-12-29,Lake,033,64148,2004,1805,0,1805,22
2020-12-29,Lassen,035,31185,4555,4288,52,4340,1
2020-12-29,Los Angeles,037,10098052,810548,731907,22179,754086,9786
2020-12-29,Madera,039,155013,11158,10251,450,10701,64
2020-12-29,Marin,041,260295,10019,9595,80,9675,146
2020-12-29,Mariposa,043,17540,262,212,2,214,3
2020-12-29,Mendocino,045,87422,2525,2249,19,2268,24
2020-12-29,Merced,047,269075,19554,18464,354,18818,221
2020-12-29,Modoc,049,8938,263,232,76,308,0
2020-12-29,Mono,051,14174,894,868,11,879,3
2020-12-29,Monterey,053,433212,28946,26894,696,27590,185
2020-12-29,Napa,055,140530,6146,5663,25,5688,28
2020-12-29,Nevada,057,99092,2823,2550,92,2642,15
2020-12-29,Orange,059,3164182,170435,154411,6503,160914,1839
2020-12-29,Placer,061,380077,15105,13392,606,13998,126
2020-12-29,Plumas,063,18699,480,395,8,403,1
2020-12-29,Riverside,065,2383286,194939,177624,8699,186323,1904
2020-12-29,Sacramento,067,1510023,67895,65078,635,65713,820
2020-12-29,San Benito,069,59416,3778,3474,29,3503,25
2020-12-29,San Bernardino,071,2135413,209553,190476,5625,196101,1557
2020-12-29,San Diego,073,3302833,168953,150062,7573,157635,1435
2020-12-29,San Francisco,075,870044,24366,22996,217,23213,178
2020-12-29,San Joaquin,077,732212,47614,44699,1627,46326,622
2020-12-29,San Luis Obispo,079,281455,11840,10387,254,10641,80
2020-12-29,San Mateo,081,765935,26473,23773,110,23883,189
2020-12-29,Santa Barbara,083,443738,18540,16797,511,17308,155
2020-12-29,Santa Clara,085,1922200,74068,67581,300,67881,621
2020-12-29,Santa Cruz,087,273765,9848,8492,354,8846,84
2020-12-29,Shasta,089,179085,8409,7782,725,8507,65
2020-12-29,Sierra,091,2930,34,24,5,29,0
2020-12-29,Siskiyou,093,43540,1043,926,108,1034,3
2020-12-29,Solano,095,438530,20180,18412,203,18615,96
2020-12-29,Sonoma,097,501317,19930,18790,108,18898,187
2020-12-29,Stanislaus,099,539301,36068,33775,3255,37030,508
2020-12-29,Sutter,101,95872,6650,6302,45,6347,50
2020-12-29,Tehama,103,63373,3179,2962,301,3263,9
2020-12-29,Trinity,105,12862,423,241,57,298,2
2020-12-29,Tulare,107,460477,35219,32545,3792,36337,419
2020-12-29,Tuolumne,109,53932,2910,2797,15,2812,12
2020-12-29,Ventura,111,848112,43279,38669,1686,40355,235
2020-12-29,Yolo,113,214977,8929,8124,64,8188,111
2020-12-29,Yuba,115,75493,3955,3723,40,3763,18
2020-12-28,Alameda,001,1643700,53785,50405,934,51339,551
2020-12-28,Alpine,003,1148,68,65,0,65,0
2020-12-28,Amador,005,37829,2570,2255,18,2273,23
2020-12-28,Butte,007,227075,7826,7053,890,7943,86
2020-12-28,Calaveras,009,45235,1155,1102,2,1104,21
2020-12-28,Colusa,011,21464,1324,1255,74,1329,7
2020-12-28,Contra Costa,013,1133247,41496,38872,561,39433,324
2020-12-28,Del Norte,015,27424,773,718,2,720,2
2020-12-28,El Dorado,017,186661,6346,5441,315,5756,18
2020-12-28,Fresno,019,978130,69585,64274,4559,68833,679
2020-12-28,Glenn,021,27897,1590,1435,260,1695,9
2020-12-28,Humboldt,023,135768,1810,1579,7,1586,19
2020-12-28,Imperial,025,180216,23133,22003,1297,23300,405
2020-12-28,Inyo,027,18085,698,569,8,577,19
2020-12-28,Kern,029,883053,67421,62392,4966,67358,579
2020-12-28,Kings,031,150075,16617,15733,520,16253,108
2020-12-28,Lake,033,64148,1963,1785,0,1785,22
2020-12-28,Lassen,035,31185,4448,4284,51,4335,1
2020-12-28,Los Angeles,037,10098052,788194,720699,21384,742083,9544
2020-12-28,Madera,039,155013,10984,10123,428,10551,64
2020-12-28,Marin,041,260295,9911,9546,74,9620,145
2020-12-28,Mariposa,043,17540,238,211,2,213,3
2020-12-28,Mendocino,045,87422,2490,2214,19,2233,23
2020-12-28,Merced,047,269075,19234,18245,336,18581,213
2020-12-28,Modoc,049,8938,258,220,75,295,0
2020-12-28,Mono,051,14174,890,848,11,859,3
2020-12-28,Monterey,053,433212,28098,26529,687,27216,182
2020-12-28,Napa,055,140530,6037,5576,25,5601,26
2020-12-28,Nevada,057,99092,2775,2532,88,2620,15
2020-12-28,Orange,059,3164182,166332,152089,6328,158417,1839
2020-12-28,Placer,061,380077,14765,13234,579,13813,126
2020-12-28,Plumas,063,18699,476,391,8,399,0
2020-12-28,Riverside,065,2383286,190042,174029,8411,182440,1855
2020-12-28,Sacramento,067,1510023,66659,64322,611,64933,813
2020-12-28,San Benito,069,59416,3709,3429,29,3458,24
2020-12-28,San Bernardino,071,2135413,204456,188919,5512,194431,1552
2020-12-28,San Diego,073,3302833,164209,147528,7391,154919,1404
2020-12-28,San Francisco,075,870044,24005,22726,212,22938,178
2020-12-28,San Joaquin,077,732212,46680,44172,1595,45767,618
2020-12-28,San Luis Obispo,079,281455,11490,10260,250,10510,76
2020-12-28,San Mateo,081,765935,25999,23467,106,23573,189
2020-12-28,Santa Barbara,083,443738,18072,16579,499,17078,155
2020-12-28,Santa Clara,085,1922200,72583,66418,293,66711,619
2020-12-28,Santa Cruz,087,273765,9582,8310,344,8654,81
2020-12-28,Shasta,089,179085,8292,7688,712,8400,65
2020-12-28,Sierra,091,2930,32,24,4,28,0
2020-12-28,Siskiyou,093,43540,1027,915,103,1018,3
2020-12-28,Solano,095,438530,19608,18171,196,18367,96
2020-12-28,Sonoma,097,501317,19583,18667,106,18773,185
2020-12-28,Stanislaus,099,539301,35521,33473,3193,36666,507
2020-12-28,Sutter,101,95872,6570,6253,45,6298,49
2020-12-28,Tehama,103,63373,3126,2934,294,3228,9
2020-12-28,Trinity,105,12862,421,240,57,297,2
2020-12-28,Tulare,107,460477,34538,32010,3687,35697,404
2020-12-28,Tuolumne,109,53932,2893,2777,15,2792,12
2020-12-28,Ventura,111,848112,41610,37151,1641,38792,230
2020-12-28,Yolo,113,214977,8775,8031,63,8094,111
2020-12-28,Yuba,115,75493,3893,3679,39,3718,18
2020-12-27,Alameda,001,1643700,52544,49764,907,50671,551
2020-12-27,Alpine,003,1148,66,65,0,65,0
2020-12-27,Amador,005,37829,2450,2218,18,2236,23
2020-12-27,Butte,007,227075,7671,7016,852,7868,86
2020-12-27,Calaveras,009,45235,1109,1097,2,1099,21
2020-12-27,Colusa,011,21464,1299,1253,71,1324,7
2020-12-27,Contra Costa,013,1133247,40563,38428,535,38963,324
2020-12-27,Del Norte,015,27424,750,712,2,714,2
2020-12-27,El Dorado,017,186661,6132,5388,292,5680,18
2020-12-27,Fresno,019,978130,68338,63811,4356,68167,679
2020-12-27,Glenn,021,27897,1562,1434,246,1680,9
2020-12-27,Humboldt,023,135768,1766,1575,7,1582,17
2020-12-27,Imperial,025,180216,22834,21934,1188,23122,405
2020-12-27,Inyo,027,18085,676,565,7,572,18
2020-12-27,Kern,029,883053,66139,61914,4800,66714,568
2020-12-27,Kings,031,150075,16381,15593,486,16079,108
2020-12-27,Lake,033,64148,1908,1769,0,1769,22
2020-12-27,Lassen,035,31185,4371,4230,44,4274,1
2020-12-27,Los Angeles,037,10098052,766678,707260,20507,727767,9476
2020-12-27,Madera,039,155013,10727,10005,418,10423,64
2020-12-27,Marin,041,260295,9788,9477,70,9547,144
2020-12-27,Mariposa,043,17540,231,208,2,210,3
2020-12-27,Mendocino,045,87422,2443,2209,19,2228,23
2020-12-27,Merced,047,269075,18866,18075,320,18395,213
2020-12-27,Modoc,049,8938,249,221,71,292,0
2020-12-27,Mono,051,14174,878,849,11,860,3
2020-12-27,Monterey,053,433212,27537,26322,670,26992,181
2020-12-27,Napa,055,140530,5903,5496,25,5521,26
2020-12-27,Nevada,057,99092,2739,2519,88,2607,15
2020-12-27,Orange,059,3164182,161932,149276,6139,155415,1839
2020-12-27,Placer,061,380077,14470,13017,547,13564,126
2020-12-27,Plumas,063,18699,470,390,8,398,0
2020-12-27,Riverside,065,2383286,185127,171995,8111,180106,1836
2020-12-27,Sacramento,067,1510023,65452,63416,589,64005,811
2020-12-27,San Benito,069,59416,3624,3394,29,3423,24
2020-12-27,San Bernardino,071,2135413,199381,186776,5375,192151,1551
2020-12-27,San Diego,073,3302833,159802,145777,7204,152981,1402
2020-12-27,San Francisco,075,870044,23660,22514,204,22718,178
2020-12-27,San Joaquin,077,732212,45644,43529,1546,45075,618
2020-12-27,San Luis Obispo,079,281455,11082,10154,245,10399,76
2020-12-27,San Mateo,081,765935,25435,23136,103,23239,187
2020-12-27,Santa Barbara,083,443738,17543,16364,472,16836,155
2020-12-27,Santa Clara,085,1922200,70951,65288,288,65576,619
2020-12-27,Santa Cruz,087,273765,9317,8234,336,8570,81
2020-12-27,Shasta,089,179085,8165,7671,690,8361,65
2020-12-27,Sierra,091,2930,32,24,3,27,0
2020-12-27,Siskiyou,093,43540,1017,914,98,1012,3
2020-12-27,Solano,095,438530,19114,17840,190,18030,96
2020-12-27,Sonoma,097,501317,19292,18487,105,18592,185
2020-12-27,Stanislaus,099,539301,34902,33076,3101,36177,506
2020-12-27,Sutter,101,95872,6489,6218,43,6261,48
2020-12-27,Tehama,103,63373,3055,2922,278,3200,9
2020-12-27,Trinity,105,12862,414,240,55,295,2
2020-12-27,Tulare,107,460477,33941,31864,3569,35433,400
2020-12-27,Tuolumne,109,53932,2787,2750,13,2763,12
2020-12-27,Ventura,111,848112,40547,36661,1590,38251,230
2020-12-27,Yolo,113,214977,8586,7919,59,7978,111
2020-12-27,Yuba,115,75493,3828,3665,37,3702,18
2020-12-26,Alameda,001,1643700,51923,49084,894,49978,551
2020-12-26,Alpine,003,1148,66,65,0,65,0
2020-12-26,Amador,005,37829,2436,2189,18,2207,23
2020-12-26,Butte,007,227075,7576,6968,828,7796,86
2020-12-26,Calaveras,009,45235,1103,1084,2,1086,21
2020-12-26,Colusa,011,21464,1289,1240,71,1311,7
2020-12-26,Contra Costa,013,1133247,40095,38008,521,38529,324
2020-12-26,Del Norte,015,27424,744,709,2,711,2
2020-12-26,El Dorado,017,186661,6077,5279,288,5567,18
2020-12-26,Fresno,019,978130,67868,63080,4293,67373,679
2020-12-26,Glenn,021,27897,1541,1413,241,1654,9
2020-12-26,Humboldt,023,135768,1728,1545,7,1552,17
2020-12-26,Imperial,025,180216,22742,21734,1136,22870,405
2020-12-26,Inyo,027,18085,663,554,7,561,18
2020-12-26,Kern,029,883053,65469,61174,4653,65827,564
2020-12-26,Kings,031,150075,16263,15517,482,15999,108
2020-12-26,Lake,033,64148,1867,1710,0,1710,22
2020-12-26,Lassen,035,31185,4350,3981,44,4025,1
2020-12-26,Los Angeles,037,10098052,758114,694149,20010,714159,9424
2020-12-26,Madera,039,155013,10650,9908,406,10314,64
2020-12-26,Marin,041,260295,9753,9413,69,9482,143
2020-12-26,Mariposa,043,17540,230,206,2,208,3
2020-12-26,Mendocino,045,87422,2397,2194,19,2213,23
2020-12-26,Merced,047,269075,18707,17890,315,18205,213
2020-12-26,Modoc,049,8938,246,222,71,293,0
2020-12-26,Mono,051,14174,872,850,11,861,3
2020-12-26,Monterey,053,433212,27400,26010,661,26671,182
2020-12-26,Napa,055,140530,5845,5427,25,5452,26
2020-12-26,Nevada,057,99092,2711,2480,88,2568,15
2020-12-26,Orange,059,3164182,159725,147304,6048,153352,1838
2020-12-26,Placer,061,380077,14299,12816,532,13348,122
2020-12-26,Plumas,063,18699,467,381,8,389,0
2020-12-26,Riverside,065,2383286,182642,169360,7953,177313,1834
2020-12-26,Sacramento,067,1510023,64829,62435,579,63014,807
2020-12-26,San Benito,069,59416,3551,3330,29,3359,24
2020-12-26,San Bernardino,071,2135413,197706,185111,5293,190404,1551
2020-12-26,San Diego,073,3302833,157277,142644,7057,149701,1402
2020-12-26,San Francisco,075,870044,23423,22319,204,22523,177
2020-12-26,San Joaquin,077,732212,45258,42887,1498,44385,618
2020-12-26,San Luis Obispo,079,281455,10995,9945,240,10185,76
2020-12-26,San Mateo,081,765935,25097,22908,98,23006,187
2020-12-26,Santa Barbara,083,443738,17304,16159,466,16625,155
2020-12-26,Santa Clara,085,1922200,69880,64185,286,64471,618
2020-12-26,Santa Cruz,087,273765,9191,8113,327,8440,81
2020-12-26,Shasta,089,179085,8105,7641,678,8319,65
2020-12-26,Sierra,091,2930,32,24,3,27,0
2020-12-26,Siskiyou,093,43540,1010,909,94,1003,2
2020-12-26,Solano,095,438530,18869,17528,190,17718,96
2020-12-26,Sonoma,097,501317,19089,18261,103,18364,184
2020-12-26,Stanislaus,099,539301,34602,32678,3048,35726,505
2020-12-26,Sutter,101,95872,6430,6121,43,6164,48
2020-12-26,Tehama,103,63373,3026,2884,272,3156,9
2020-12-26,Trinity,105,12862,412,237,54,291,2
2020-12-26,Tulare,107,460477,33636,31665,3512,35177,398
2020-12-26,Tuolumne,109,53932,2776,2703,13,2716,12
2020-12-26,Ventura,111,848112,39582,36064,1560,37624,230
2020-12-26,Yolo,113,214977,8483,7785,57,7842,111
2020-12-26,Yuba,115,75493,3799,3599,37,3636,18
2020-12-25,Alameda,001,1643700,51351,48365,879,49244,542
2020-12-25,Alpine,003,1148,66,64,0,64,0
2020-12-25,Amador,005,37829,2393,2172,18,2190,23
2020-12-25,Butte,007,227075,7477,6873,809,7682,85
2020-12-25,Calaveras,009,45235,1100,1062,2,1064,21
2020-12-25,Colusa,011,21464,1277,1219,70,1289,7
2020-12-25,Contra Costa,013,1133247,39626,37480,496,37976,324
2020-12-25,Del Norte,015,27424,741,692,2,694,2
2020-12-25,El Dorado,017,186661,6012,5170,275,5445,16
2020-12-25,Fresno,019,978130,67004,62251,4213,66464,679
2020-12-25,Glenn,021,27897,1525,1390,234,1624,9
2020-12-25,Humboldt,023,135768,1688,1532,7,1539,16
2020-12-25,Imperial,025,180216,22647,21646,1125,22771,405
2020-12-25,Inyo,027,18085,653,546,7,553,18
2020-12-25,Kern,029,883053,64739,60417,4507,64924,562
2020-12-25,Kings,031,150075,16152,15460,478,15938,108
2020-12-25,Lake,033,64148,1847,1669,0,1669,20
2020-12-25,Lassen,035,31185,4335,3926,44,3970,1
2020-12-25,Los Angeles,037,10098052,744451,665600,19347,684947,9292
2020-12-25,Madera,039,155013,10482,9770,400,10170,64
2020-12-25,Marin,041,260295,9704,9375,67,9442,143
2020-12-25,Mariposa,043,17540,224,203,2,205,3
2020-12-25,Mendocino,045,87422,2354,2176,19,2195,23
2020-12-25,Merced,047,269075,18546,17726,307,18033,213
2020-12-25,Modoc,049,8938,245,221,71,292,0
2020-12-25,Mono,051,14174,870,843,11,854,3
2020-12-25,Monterey,053,433212,27123,25788,652,26440,182
2020-12-25,Napa,055,140530,5768,5351,25,5376,26
2020-12-25,Nevada,057,99092,2685,2458,86,2544,15
2020-12-25,Orange,059,3164182,157043,144542,5858,150400,1814
2020-12-25,Placer,061,380077,14113,12660,510,13170,122
2020-12-25,Plumas,063,18699,460,381,8,389,0
2020-12-25,Riverside,065,2383286,179357,166690,7642,174332,1825
2020-12-25,Sacramento,067,1510023,64135,61630,554,62184,796
2020-12-25,San Benito,069,59416,3510,3281,27,3308,24
2020-12-25,San Bernardino,071,2135413,195081,181812,5178,186990,1546
2020-12-25,San Diego,073,3302833,154797,139958,6879,146837,1402
2020-12-25,San Francisco,075,870044,23146,22130,199,22329,175
2020-12-25,San Joaquin,077,732212,44951,42089,1444,43533,614
2020-12-25,San Luis Obispo,079,281455,10812,9749,233,9982,76
2020-12-25,San Mateo,081,765935,24775,22568,96,22664,187
2020-12-25,Santa Barbara,083,443738,17080,15936,459,16395,155
2020-12-25,Santa Clara,085,1922200,68764,63173,277,63450,612
2020-12-25,Santa Cruz,087,273765,9048,8018,306,8324,81
2020-12-25,Shasta,089,179085,8031,7612,655,8267,65
2020-12-25,Sierra,091,2930,32,24,3,27,0
2020-12-25,Siskiyou,093,43540,1004,905,92,997,2
2020-12-25,Solano,095,438530,18697,17280,188,17468,96
2020-12-25,Sonoma,097,501317,18914,18035,101,18136,184
2020-12-25,Stanislaus,099,539301,34302,32290,2997,35287,498
2020-12-25,Sutter,101,95872,6371,6051,42,6093,47
2020-12-25,Tehama,103,63373,2977,2839,259,3098,9
2020-12-25,Trinity,105,12862,408,236,54,290,2
2020-12-25,Tulare,107,460477,33244,31323,3447,34770,398
2020-12-25,Tuolumne,109,53932,2757,2674,13,2687,12
2020-12-25,Ventura,111,848112,38426,35514,1512,37026,230
2020-12-25,Yolo,113,214977,8387,7700,55,7755,111
2020-12-25,Yuba,115,75493,3763,3549,36,3585,17
2020-12-24,Alameda,001,1643700,50997,47527,861,48388,541
2020-12-24,Alpine,003,1148,66,64,0,64,0
2020-12-24,Amador,005,37829,2381,2145,18,2163,23
2020-12-24,Butte,007,227075,7438,6716,794,7510,84
2020-12-24,Calaveras,009,45235,1097,1032,2,1034,21
2020-12-24,Colusa,011,21464,1272,1188,68,1256,7
2020-12-24,Contra Costa,013,1133247,39386,36623,485,37108,311
2020-12-24,Del Norte,015,27424,741,678,2,680,2
2020-12-24,El Dorado,017,186661,5986,5042,267,5309,16
2020-12-24,Fresno,019,978130,66781,61435,4199,65634,663
2020-12-24,Glenn,021,27897,1514,1363,226,1589,9
2020-12-24,Humboldt,023,135768,1665,1516,7,1523,16
2020-12-24,Imperial,025,180216,22597,21545,1116,22661,402
2020-12-24,Inyo,027,18085,651,532,7,539,17
2020-12-24,Kern,029,883053,64452,59601,4494,64095,556
2020-12-24,Kings,031,150075,16112,15211,477,15688,108
2020-12-24,Lake,033,64148,1832,1629,0,1629,20
2020-12-24,Lassen,035,31185,4322,3894,44,3938,1
2020-12-24,Los Angeles,037,10098052,740267,664840,19098,683938,9288
2020-12-24,Madera,039,155013,10442,9547,393,9940,63
2020-12-24,Marin,041,260295,9670,9287,67,9354,143
2020-12-24,Mariposa,043,17540,220,197,2,199,3
2020-12-24,Mendocino,045,87422,2343,2150,19,2169,23
2020-12-24,Merced,047,269075,18476,17485,303,17788,212
2020-12-24,Modoc,049,8938,245,220,70,290,0
2020-12-24,Mono,051,14174,868,817,11,828,3
2020-12-24,Monterey,053,433212,27011,25131,645,25776,180
2020-12-24,Napa,055,140530,5713,5265,25,5290,26
2020-12-24,Nevada,057,99092,2661,2429,86,2515,15
2020-12-24,Orange,059,3164182,155561,141205,5807,147012,1775
2020-12-24,Placer,061,380077,14023,12457,503,12960,121
2020-12-24,Plumas,063,18699,457,376,8,384,0
2020-12-24,Riverside,065,2383286,178422,162435,7602,170037,1816
2020-12-24,Sacramento,067,1510023,63860,60596,552,61148,788
2020-12-24,San Benito,069,59416,3479,3183,27,3210,24
2020-12-24,San Bernardino,071,2135413,194017,176866,5144,182010,1533
2020-12-24,San Diego,073,3302833,153713,136952,6847,143799,1382
2020-12-24,San Francisco,075,870044,22978,21830,196,22026,175
2020-12-24,San Joaquin,077,732212,44786,41324,1426,42750,611
2020-12-24,San Luis Obispo,079,281455,10743,9504,231,9735,77
2020-12-24,San Mateo,081,765935,24580,22093,96,22189,186
2020-12-24,Santa Barbara,083,443738,16975,15644,451,16095,153
2020-12-24,Santa Clara,085,1922200,68152,61742,270,62012,591
2020-12-24,Santa Cruz,087,273765,8976,7856,294,8150,82
2020-12-24,Shasta,089,179085,7990,7540,638,8178,65
2020-12-24,Sierra,091,2930,29,23,1,24,0
2020-12-24,Siskiyou,093,43540,999,900,86,986,2
2020-12-24,Solano,095,438530,18556,16872,183,17055,96
2020-12-24,Sonoma,097,501317,18814,17710,101,17811,183
2020-12-24,Stanislaus,099,539301,34098,31848,2971,34819,498
2020-12-24,Sutter,101,95872,6331,5960,41,6001,47
2020-12-24,Tehama,103,63373,2959,2779,257,3036,9
2020-12-24,Trinity,105,12862,407,235,54,289,2
2020-12-24,Tulare,107,460477,33124,30827,3422,34249,390
2020-12-24,Tuolumne,109,53932,2749,2653,13,2666,12
2020-12-24,Ventura,111,848112,38146,34400,1505,35905,224
2020-12-24,Yolo,113,214977,8345,7566,54,7620,113
2020-12-24,Yuba,115,75493,3738,3483,36,3519,16
2020-12-23,Alameda,001,1643700,50418,46753,834,47587,537
2020-12-23,Alpine,003,1148,66,64,0,64,0
2020-12-23,Amador,005,37829,2312,2108,17,2125,23
2020-12-23,Butte,007,227075,7349,6588,768,7356,84
2020-12-23,Calaveras,009,45235,1089,1002,1,1003,21
2020-12-23,Colusa,011,21464,1261,1167,67,1234,7
2020-12-23,Contra Costa,013,1133247,38985,36190,472,36662,311
2020-12-23,Del Norte,015,27424,734,670,2,672,2
2020-12-23,El Dorado,017,186661,5911,4967,259,5226,14
2020-12-23,Fresno,019,978130,66171,60488,4134,64622,654
2020-12-23,Glenn,021,27897,1500,1349,222,1571,9
2020-12-23,Humboldt,023,135768,1640,1458,7,1465,16
2020-12-23,Imperial,025,180216,22502,21323,1087,22410,399
2020-12-23,Inyo,027,18085,639,517,7,524,17
2020-12-23,Kern,029,883053,63934,58656,4403,63059,549
2020-12-23,Kings,031,150075,16035,14923,474,15397,105
2020-12-23,Lake,033,64148,1819,1595,0,1595,20
2020-12-23,Lassen,035,31185,4312,3865,41,3906,1
2020-12-23,Los Angeles,037,10098052,731199,651958,18577,670535,9146
2020-12-23,Madera,039,155013,10283,9371,379,9750,63
2020-12-23,Marin,041,260295,9612,9199,64,9263,142
2020-12-23,Mariposa,043,17540,218,194,2,196,3
2020-12-23,Mendocino,045,87422,2331,2121,19,2140,23
2020-12-23,Merced,047,269075,18320,17250,295,17545,203
2020-12-23,Modoc,049,8938,241,197,69,266,0
2020-12-23,Mono,051,14174,865,814,11,825,3
2020-12-23,Monterey,053,433212,26711,24856,640,25496,176
2020-12-23,Napa,055,140530,5645,5172,25,5197,25
2020-12-23,Nevada,057,99092,2616,2406,85,2491,15
2020-12-23,Orange,059,3164182,153111,138050,5645,143695,1771
2020-12-23,Placer,061,380077,13813,12213,495,12708,111
2020-12-23,Plumas,063,18699,450,369,8,377,0
2020-12-23,Riverside,065,2383286,176151,158110,7447,165557,1790
2020-12-23,Sacramento,067,1510023,63210,59661,539,60200,779
2020-12-23,San Benito,069,59416,3425,3073,25,3098,24
2020-12-23,San Bernardino,071,2135413,191964,172888,5076,177964,1509
2020-12-23,San Diego,073,3302833,151287,134695,6710,141405,1350
2020-12-23,San Francisco,075,870044,22756,21498,193,21691,174
2020-12-23,San Joaquin,077,732212,44263,35664,1385,37049,602
2020-12-23,San Luis Obispo,079,281455,10601,9267,226,9493,74
2020-12-23,San Mateo,081,765935,24278,21780,94,21874,186
2020-12-23,Santa Barbara,083,443738,16767,15399,426,15825,152
2020-12-23,Santa Clara,085,1922200,67237,60455,265,60720,579
2020-12-23,Santa Cruz,087,273765,8816,7637,276,7913,75
2020-12-23,Shasta,089,179085,7918,7487,632,8119,66
2020-12-23,Sierra,091,2930,27,23,1,24,0
2020-12-23,Siskiyou,093,43540,978,891,85,976,2
2020-12-23,Solano,095,438530,18348,16626,179,16805,95
2020-12-23,Sonoma,097,501317,18610,17397,101,17498,182
2020-12-23,Stanislaus,099,539301,33744,31492,2919,34411,499
2020-12-23,Sutter,101,95872,6265,5871,41,5912,46
2020-12-23,Tehama,103,63373,2941,2737,250,2987,9
2020-12-23,Trinity,105,12862,407,234,53,287,2
2020-12-23,Tulare,107,460477,32830,30315,3385,33700,385
2020-12-23,Tuolumne,109,53932,2710,2540,13,2553,12
2020-12-23,Ventura,111,848112,37749,33377,1476,34853,216
2020-12-23,Yolo,113,214977,8267,7508,54,7562,112
2020-12-23,Yuba,115,75493,3685,3438,36,3474,14
2020-12-22,Alameda,001,1643700,49528,45751,804,46555,534
2020-12-22,Alpine,003,1148,66,64,0,64,0
2020-12-22,Amador,005,37829,2301,1839,17,1856,23
2020-12-22,Butte,007,227075,7221,6467,754,7221,85
2020-12-22,Calaveras,009,45235,1062,988,0,988,21
2020-12-22,Colusa,011,21464,1238,1150,64,1214,7
2020-12-22,Contra Costa,013,1133247,38359,35681,460,36141,301
2020-12-22,Del Norte,015,27424,727,666,2,668,2
2020-12-22,El Dorado,017,186661,5788,4885,247,5132,12
2020-12-22,Fresno,019,978130,65138,59640,4032,63672,640
2020-12-22,Glenn,021,27897,1477,1337,211,1548,9
2020-12-22,Humboldt,023,135768,1607,1440,7,1447,16
2020-12-22,Imperial,025,180216,22315,21128,1047,22175,398
2020-12-22,Inyo,027,18085,619,506,7,513,17
2020-12-22,Kern,029,883053,62981,57816,4268,62084,547
2020-12-22,Kings,031,150075,15893,14855,468,15323,102
2020-12-22,Lake,033,64148,1795,1569,0,1569,20
2020-12-22,Lassen,035,31185,4170,3848,39,3887,1
2020-12-22,Los Angeles,037,10098052,713929,635931,17913,653844,9013
2020-12-22,Madera,039,155013,10165,9187,363,9550,63
2020-12-22,Marin,041,260295,9548,9115,63,9178,142
2020-12-22,Mariposa,043,17540,215,194,2,196,3
2020-12-22,Mendocino,045,87422,2298,2092,19,2111,23
2020-12-22,Merced,047,269075,18074,17012,290,17302,201
2020-12-22,Modoc,049,8938,233,182,68,250,0
2020-12-22,Mono,051,14174,859,786,11,797,3
2020-12-22,Monterey,053,433212,26041,24152,619,24771,176
2020-12-22,Napa,055,140530,5556,5059,25,5084,23
2020-12-22,Nevada,057,99092,2588,2367,84,2451,14
2020-12-22,Orange,059,3164182,149773,134850,5477,140327,1774
2020-12-22,Placer,061,380077,13569,11943,475,12418,105
2020-12-22,Plumas,063,18699,444,360,8,368,0
2020-12-22,Riverside,065,2383286,172341,155059,7181,162240,1777
2020-12-22,Sacramento,067,1510023,62282,57966,520,58486,772
2020-12-22,San Benito,069,59416,3347,2998,25,3023,24
2020-12-22,San Bernardino,071,2135413,187372,169266,4932,174198,1500
2020-12-22,San Diego,073,3302833,147928,132097,6548,138645,1311
2020-12-22,San Francisco,075,870044,22486,21232,189,21421,174
2020-12-22,San Joaquin,077,732212,43505,39423,1338,40761,592
2020-12-22,San Luis Obispo,079,281455,10255,9174,221,9395,69
2020-12-22,San Mateo,081,765935,23952,21382,78,21460,186
2020-12-22,Santa Barbara,083,443738,16502,15189,416,15605,150
2020-12-22,Santa Clara,085,1922200,66065,59192,258,59450,569
2020-12-22,Santa Cruz,087,273765,8636,7471,250,7721,72
2020-12-22,Shasta,089,179085,7839,7371,615,7986,64
2020-12-22,Sierra,091,2930,27,23,0,23,0
2020-12-22,Siskiyou,093,43540,972,880,84,964,2
2020-12-22,Solano,095,438530,17945,16229,176,16405,95
2020-12-22,Sonoma,097,501317,18290,17216,101,17317,180
2020-12-22,Stanislaus,099,539301,33360,30914,2847,33761,499
2020-12-22,Sutter,101,95872,6206,5791,40,5831,46
2020-12-22,Tehama,103,63373,2891,2688,244,2932,9
2020-12-22,Trinity,105,12862,406,231,53,284,2
2020-12-22,Tulare,107,460477,32362,30025,3320,33345,377
2020-12-22,Tuolumne,109,53932,2659,2526,13,2539,12
2020-12-22,Ventura,111,848112,36984,32488,1433,33921,213
2020-12-22,Yolo,113,214977,8153,7388,53,7441,113
2020-12-22,Yuba,115,75493,3634,3379,36,3415,14
2020-12-21,Alameda,001,1643700,48632,44756,778,45534,518
2020-12-21,Alpine,003,1148,65,64,0,64,0
2020-12-21,Amador,005,37829,2224,1815,17,1832,23
2020-12-21,Butte,007,227075,7066,6335,731,7066,81
2020-12-21,Calaveras,009,45235,1032,963,0,963,21
2020-12-21,Colusa,011,21464,1211,1135,59,1194,7
2020-12-21,Contra Costa,013,1133247,37604,35207,423,35630,300
2020-12-21,Del Norte,015,27424,712,660,2,662,2
2020-12-21,El Dorado,017,186661,5642,4805,235,5040,10
2020-12-21,Fresno,019,978130,63988,58568,3890,62458,634
2020-12-21,Glenn,021,27897,1445,1323,203,1526,9
2020-12-21,Humboldt,023,135768,1584,1419,7,1426,16
2020-12-21,Imperial,025,180216,22046,20994,1005,21999,395
2020-12-21,Inyo,027,18085,598,482,7,489,17
2020-12-21,Kern,029,883053,62090,56836,4135,60971,541
2020-12-21,Kings,031,150075,15643,14760,453,15213,100
2020-12-21,Lake,033,64148,1740,1538,0,1538,20
2020-12-21,Lassen,035,31185,4010,3798,37,3835,1
2020-12-21,Los Angeles,037,10098052,694831,624129,17244,641373,8918
2020-12-21,Madera,039,155013,9971,9069,343,9412,63
2020-12-21,Marin,041,260295,9479,9035,63,9098,142
2020-12-21,Mariposa,043,17540,210,186,2,188,3
2020-12-21,Mendocino,045,87422,2267,2066,19,2085,23
2020-12-21,Merced,047,269075,17824,16710,275,16985,198
2020-12-21,Modoc,049,8938,219,181,67,248,0
2020-12-21,Mono,051,14174,847,781,11,792,3
2020-12-21,Monterey,053,433212,25510,23673,605,24278,174
2020-12-21,Napa,055,140530,5469,4952,25,4977,23
2020-12-21,Nevada,057,99092,2555,2337,84,2421,13
2020-12-21,Orange,059,3164182,146363,130444,5326,135770,1772
2020-12-21,Placer,061,380077,13337,11715,456,12171,105
2020-12-21,Plumas,063,18699,440,353,8,361,0
2020-12-21,Riverside,065,2383286,168114,151713,6862,158575,1743
2020-12-21,Sacramento,067,1510023,61262,57064,503,57567,759
2020-12-21,San Benito,069,59416,3279,2921,25,2946,22
2020-12-21,San Bernardino,071,2135413,182575,165086,4766,169852,1476
2020-12-21,San Diego,073,3302833,144477,129716,6384,136100,1284
2020-12-21,San Francisco,075,870044,22200,21086,187,21273,174
2020-12-21,San Joaquin,077,732212,42711,38811,1289,40100,586
2020-12-21,San Luis Obispo,079,281455,10066,9006,216,9222,64
2020-12-21,San Mateo,081,765935,23548,21035,75,21110,185
2020-12-21,Santa Barbara,083,443738,16227,14988,411,15399,149
2020-12-21,Santa Clara,085,1922200,64874,57699,246,57945,570
2020-12-21,Santa Cruz,087,273765,8425,7315,237,7552,69
2020-12-21,Shasta,089,179085,7774,7299,605,7904,64
2020-12-21,Sierra,091,2930,24,23,0,23,0
2020-12-21,Siskiyou,093,43540,965,878,83,961,2
2020-12-21,Solano,095,438530,17475,15878,171,16049,95
2020-12-21,Sonoma,097,501317,18017,17075,98,17173,176
2020-12-21,Stanislaus,099,539301,32903,30437,2773,33210,499
2020-12-21,Sutter,101,95872,6111,5708,40,5748,46
2020-12-21,Tehama,103,63373,2826,2656,235,2891,9
2020-12-21,Trinity,105,12862,404,226,51,277,2
2020-12-21,Tulare,107,460477,31868,29482,3232,32714,373
2020-12-21,Tuolumne,109,53932,2634,2423,11,2434,12
2020-12-21,Ventura,111,848112,35904,31759,1396,33155,212
2020-12-21,Yolo,113,214977,8008,7266,49,7315,109
2020-12-21,Yuba,115,75493,3575,3329,36,3365,14
2020-12-20,Alameda,001,1643700,47750,44004,756,44760,516
2020-12-20,Alpine,003,1148,65,64,0,64,0
2020-12-20,Amador,005,37829,2166,1771,17,1788,23
2020-12-20,Butte,007,227075,6920,6228,695,6923,81
2020-12-20,Calaveras,009,45235,1008,926,0,926,21
2020-12-20,Colusa,011,21464,1183,1121,53,1174,7
2020-12-20,Contra Costa,013,1133247,37016,34798,407,35205,301
2020-12-20,Del Norte,015,27424,690,652,2,654,2
2020-12-20,El Dorado,017,186661,5518,4697,226,4923,10
2020-12-20,Fresno,019,978130,62998,57616,3755,61371,634
2020-12-20,Glenn,021,27897,1436,1295,196,1491,9
2020-12-20,Humboldt,023,135768,1547,1386,6,1392,15
2020-12-20,Imperial,025,180216,21806,20882,903,21785,395
2020-12-20,Inyo,027,18085,583,476,7,483,17
2020-12-20,Kern,029,883053,60992,55983,3981,59964,540
2020-12-20,Kings,031,150075,15423,14629,437,15066,100
2020-12-20,Lake,033,64148,1694,1463,0,1463,20
2020-12-20,Lassen,035,31185,3956,3669,35,3704,1
2020-12-20,Los Angeles,037,10098052,676731,612975,16522,629497,8862
2020-12-20,Madera,039,155013,9761,8871,334,9205,63
2020-12-20,Marin,041,260295,9381,8948,60,9008,142
2020-12-20,Mariposa,043,17540,209,179,2,181,3
2020-12-20,Mendocino,045,87422,2242,2033,19,2052,23
2020-12-20,Merced,047,269075,17508,16435,268,16703,198
2020-12-20,Modoc,049,8938,219,181,65,246,0
2020-12-20,Mono,051,14174,829,774,11,785,3
2020-12-20,Monterey,053,433212,25027,23250,567,23817,173
2020-12-20,Napa,055,140530,5348,4865,23,4888,23
2020-12-20,Nevada,057,99092,2509,2289,78,2367,13
2020-12-20,Orange,059,3164182,142862,128780,5178,133958,1763
2020-12-20,Placer,061,380077,13112,11496,438,11934,105
2020-12-20,Plumas,063,18699,432,347,8,355,0
2020-12-20,Riverside,065,2383286,163908,148714,6575,155289,1742
2020-12-20,Sacramento,067,1510023,60262,56017,483,56500,755
2020-12-20,San Benito,069,59416,3207,2885,24,2909,21
2020-12-20,San Bernardino,071,2135413,177585,162810,4610,167420,1458
2020-12-20,San Diego,073,3302833,140759,126465,6214,132679,1280
2020-12-20,San Francisco,075,870044,21885,20937,184,21121,174
2020-12-20,San Joaquin,077,732212,41867,38268,1229,39497,587
2020-12-20,San Luis Obispo,079,281455,9774,8881,210,9091,63
2020-12-20,San Mateo,081,765935,23114,20764,71,20835,185
2020-12-20,Santa Barbara,083,443738,15905,14817,393,15210,148
2020-12-20,Santa Clara,085,1922200,63464,56860,240,57100,566
2020-12-20,Santa Cruz,087,273765,8217,7178,224,7402,69
2020-12-20,Shasta,089,179085,7660,7256,591,7847,64
2020-12-20,Sierra,091,2930,24,22,0,22,0
2020-12-20,Siskiyou,093,43540,956,870,82,952,2
2020-12-20,Solano,095,438530,17097,15533,160,15693,95
2020-12-20,Sonoma,097,501317,17741,16802,97,16899,175
2020-12-20,Stanislaus,099,539301,32377,29995,2672,32667,498
2020-12-20,Sutter,101,95872,6024,5601,40,5641,43
2020-12-20,Tehama,103,63373,2778,2602,216,2818,9
2020-12-20,Trinity,105,12862,396,221,50,271,2
2020-12-20,Tulare,107,460477,31349,29078,3137,32215,373
2020-12-20,Tuolumne,109,53932,2526,2152,10,2162,12
2020-12-20,Ventura,111,848112,35202,31335,1364,32699,210
2020-12-20,Yolo,113,214977,7856,7121,46,7167,109
2020-12-20,Yuba,115,75493,3528,3254,34,3288,12
2020-12-19,Alameda,001,1643700,47302,43109,749,43858,516
2020-12-19,Alpine,003,1148,65,64,0,64,0
2020-12-19,Amador,005,37829,2142,1754,17,1771,23
2020-12-19,Butte,007,227075,6820,6118,672,6790,81
2020-12-19,Calaveras,009,45235,991,900,0,900,21
2020-12-19,Colusa,011,21464,1175,1096,50,1146,7
2020-12-19,Contra Costa,013,1133247,36700,34321,393,34714,301
2020-12-19,Del Norte,015,27424,688,641,1,642,2
2020-12-19,El Dorado,017,186661,5451,4588,218,4806,10
2020-12-19,Fresno,019,978130,62673,55428,3689,59117,634
2020-12-19,Glenn,021,27897,1401,1286,195,1481,9
2020-12-19,Humboldt,023,135768,1530,1357,6,1363,15
2020-12-19,Imperial,025,180216,21713,20711,857,21568,395
2020-12-19,Inyo,027,18085,576,475,7,482,17
2020-12-19,Kern,029,883053,60507,55118,3875,58993,540
2020-12-19,Kings,031,150075,15344,14474,435,14909,100
2020-12-19,Lake,033,64148,1659,1438,0,1438,20
2020-12-19,Lassen,035,31185,3928,3595,35,3630,1
2020-12-19,Los Angeles,037,10098052,669614,599888,15997,615885,8804
2020-12-19,Madera,039,155013,9669,8717,323,9040,63
2020-12-19,Marin,041,260295,9341,8864,60,8924,142
2020-12-19,Mariposa,043,17540,207,177,2,179,3
2020-12-19,Mendocino,045,87422,2217,2008,19,2027,23
2020-12-19,Merced,047,269075,17369,16230,260,16490,198
2020-12-19,Modoc,049,8938,216,181,65,246,0
2020-12-19,Mono,051,14174,822,766,11,777,3
2020-12-19,Monterey,053,433212,24913,22799,562,23361,172
2020-12-19,Napa,055,140530,5286,4772,23,4795,23
2020-12-19,Nevada,057,99092,2487,2260,78,2338,13
2020-12-19,Orange,059,3164182,140941,125574,5030,130604,1733
2020-12-19,Placer,061,380077,12957,11246,432,11678,105
2020-12-19,Plumas,063,18699,429,343,8,351,0
2020-12-19,Riverside,065,2383286,161921,146703,6344,153047,1737
2020-12-19,Sacramento,067,1510023,59730,55169,469,55638,746
2020-12-19,San Benito,069,59416,3161,2820,23,2843,21
2020-12-19,San Bernardino,071,2135413,176010,159883,4502,164385,1433
2020-12-19,San Diego,073,3302833,138992,122972,6075,129047,1280
2020-12-19,San Francisco,075,870044,21735,20643,184,20827,174
2020-12-19,San Joaquin,077,732212,41465,37340,1181,38521,586
2020-12-19,San Luis Obispo,079,281455,9703,8788,207,8995,63
2020-12-19,San Mateo,081,765935,22905,20393,64,20457,182
2020-12-19,Santa Barbara,083,443738,15749,14667,387,15054,148
2020-12-19,Santa Clara,085,1922200,62646,55540,236,55776,558
2020-12-19,Santa Cruz,087,273765,8112,7054,220,7274,68
2020-12-19,Shasta,089,179085,7608,7221,579,7800,63
2020-12-19,Sierra,091,2930,24,23,0,23,0
2020-12-19,Siskiyou,093,43540,952,853,81,934,2
2020-12-19,Solano,095,438530,16931,15204,156,15360,95
2020-12-19,Sonoma,097,501317,17632,16553,97,16650,175
2020-12-19,Stanislaus,099,539301,32056,29555,2600,32155,498
2020-12-19,Sutter,101,95872,5968,5506,40,5546,41
2020-12-19,Tehama,103,63373,2729,2574,214,2788,9
2020-12-19,Trinity,105,12862,395,219,50,269,2
2020-12-19,Tulare,107,460477,31126,28734,3071,31805,375
2020-12-19,Tuolumne,109,53932,2513,2107,10,2117,12
2020-12-19,Ventura,111,848112,34921,30843,1334,32177,209
2020-12-19,Yolo,113,214977,7787,7025,45,7070,109
2020-12-19,Yuba,115,75493,3496,3168,34,3202,11
2020-12-18,Alameda,001,1643700,46762,42196,733,42929,515
2020-12-18,Alpine,003,1148,65,64,0,64,0
2020-12-18,Amador,005,37829,2125,1727,15,1742,20
2020-12-18,Butte,007,227075,6735,5891,646,6537,81
2020-12-18,Calaveras,009,45235,981,870,0,870,21
2020-12-18,Colusa,011,21464,1166,1068,50,1118,7
2020-12-18,Contra Costa,013,1133247,36415,33610,382,33992,300
2020-12-18,Del Norte,015,27424,683,627,0,627,2
2020-12-18,El Dorado,017,186661,5389,4494,209,4703,10
2020-12-18,Fresno,019,978130,61846,52643,3627,56270,613
2020-12-18,Glenn,021,27897,1384,1264,190,1454,9
2020-12-18,Humboldt,023,135768,1515,1331,6,1337,15
2020-12-18,Imperial,025,180216,21634,20430,811,21241,393
2020-12-18,Inyo,027,18085,556,454,7,461,17
2020-12-18,Kern,029,883053,59847,54220,3790,58010,533
2020-12-18,Kings,031,150075,15218,14284,429,14713,98
2020-12-18,Lake,033,64148,1647,1397,0,1397,20
2020-12-18,Lassen,035,31185,3920,3486,35,3521,1
2020-12-18,Los Angeles,037,10098052,657466,586413,15508,601921,8744
2020-12-18,Madera,039,155013,9567,8609,318,8927,63
2020-12-18,Marin,041,260295,9257,8799,60,8859,142
2020-12-18,Mariposa,043,17540,204,176,2,178,3
2020-12-18,Mendocino,045,87422,2199,1977,19,1996,24
2020-12-18,Merced,047,269075,17288,15956,258,16214,195
2020-12-18,Modoc,049,8938,216,179,65,244,0
2020-12-18,Mono,051,14174,814,731,11,742,3
2020-12-18,Monterey,053,433212,24619,22336,557,22893,165
2020-12-18,Napa,055,140530,5237,4688,23,4711,23
2020-12-18,Nevada,057,99092,2470,2220,77,2297,13
2020-12-18,Orange,059,3164182,138504,121681,4882,126563,1725
2020-12-18,Placer,061,380077,12786,10995,424,11419,104
2020-12-18,Plumas,063,18699,423,336,8,344,0
2020-12-18,Riverside,065,2383286,159081,142375,6082,148457,1733
2020-12-18,Sacramento,067,1510023,59104,53980,453,54433,736
2020-12-18,San Benito,069,59416,3112,2744,23,2767,21
2020-12-18,San Bernardino,071,2135413,173711,154272,4368,158640,1430
2020-12-18,San Diego,073,3302833,136814,120463,5936,126399,1253
2020-12-18,San Francisco,075,870044,21569,20315,178,20493,173
2020-12-18,San Joaquin,077,732212,41107,36484,1151,37635,559
2020-12-18,San Luis Obispo,079,281455,9605,8598,202,8800,62
2020-12-18,San Mateo,081,765935,22592,19971,60,20031,182
2020-12-18,Santa Barbara,083,443738,15608,14361,374,14735,148
2020-12-18,Santa Clara,085,1922200,61773,53992,227,54219,539
2020-12-18,Santa Cruz,087,273765,7996,6838,212,7050,68
2020-12-18,Shasta,089,179085,7570,7114,568,7682,62
2020-12-18,Sierra,091,2930,24,23,0,23,0
2020-12-18,Siskiyou,093,43540,950,840,81,921,2
2020-12-18,Solano,095,438530,16778,14667,152,14819,95
2020-12-18,Sonoma,097,501317,17513,16261,97,16358,173
2020-12-18,Stanislaus,099,539301,31783,28967,2564,31531,490
2020-12-18,Sutter,101,95872,5884,5399,40,5439,39
2020-12-18,Tehama,103,63373,2714,2523,204,2727,9
2020-12-18,Trinity,105,12862,394,215,50,265,2
2020-12-18,Tulare,107,460477,30848,28322,2993,31315,370
2020-12-18,Tuolumne,109,53932,2502,2067,10,2077,12
2020-12-18,Ventura,111,848112,34417,29907,1291,31198,209
2020-12-18,Yolo,113,214977,7719,6901,44,6945,109
2020-12-18,Yuba,115,75493,3438,3097,34,3131,11
2020-12-17,Alameda,001,1643700,45955,41548,708,42256,508
2020-12-17,Alpine,003,1148,65,64,0,64,0
2020-12-17,Amador,005,37829,2077,1703,13,1716,19
2020-12-17,Butte,007,227075,6609,5746,628,6374,78
2020-12-17,Calaveras,009,45235,958,848,0,848,21
2020-12-17,Colusa,011,21464,1155,1053,48,1101,7
2020-12-17,Contra Costa,013,1133247,35890,33006,351,33357,293
2020-12-17,Del Norte,015,27424,678,583,0,583,1
2020-12-17,El Dorado,017,186661,5243,4327,196,4523,9
2020-12-17,Fresno,019,978130,60985,49918,3501,53419,597
2020-12-17,Glenn,021,27897,1360,1244,183,1427,9
2020-12-17,Humboldt,023,135768,1482,1322,6,1328,14
2020-12-17,Imperial,025,180216,21471,20208,745,20953,391
2020-12-17,Inyo,027,18085,538,450,6,456,16
2020-12-17,Kern,029,883053,58890,53683,3655,57338,526
2020-12-17,Kings,031,150075,15115,14057,414,14471,98
2020-12-17,Lake,033,64148,1621,1374,0,1374,20
2020-12-17,Lassen,035,31185,3884,3417,35,3452,1
2020-12-17,Los Angeles,037,10098052,641799,571093,14966,586059,8657
2020-12-17,Madera,039,155013,9450,8465,314,8779,62
2020-12-17,Marin,041,260295,9193,8721,58,8779,142
2020-12-17,Mariposa,043,17540,200,172,2,174,3
2020-12-17,Mendocino,045,87422,2165,1942,19,1961,23
2020-12-17,Merced,047,269075,17026,15648,250,15898,192
2020-12-17,Modoc,049,8938,213,179,65,244,0
2020-12-17,Mono,051,14174,800,718,11,729,3
2020-12-17,Monterey,053,433212,24100,21951,542,22493,163
2020-12-17,Napa,055,140530,5125,4612,23,4635,23
2020-12-17,Nevada,057,99092,2429,2173,74,2247,13
2020-12-17,Orange,059,3164182,135132,118367,4750,123117,1725
2020-12-17,Placer,061,380077,12512,10756,410,11166,99
2020-12-17,Plumas,063,18699,414,324,8,332,0
2020-12-17,Riverside,065,2383286,155197,139325,5867,145192,1696
2020-12-17,Sacramento,067,1510023,58198,53189,431,53620,721
2020-12-17,San Benito,069,59416,3043,2645,22,2667,20
2020-12-17,San Bernardino,071,2135413,169770,149838,4253,154091,1425
2020-12-17,San Diego,073,3302833,134013,116852,5780,122632,1239
2020-12-17,San Francisco,075,870044,21282,19939,173,20112,170
2020-12-17,San Joaquin,077,732212,40380,35894,1117,37011,554
2020-12-17,San Luis Obispo,079,281455,9486,8365,201,8566,59
2020-12-17,San Mateo,081,765935,22222,19647,60,19707,181
2020-12-17,Santa Barbara,083,443738,15375,14207,367,14574,147
2020-12-17,Santa Clara,085,1922200,60603,52559,221,52780,527
2020-12-17,Santa Cruz,087,273765,7841,6687,199,6886,64
2020-12-17,Shasta,089,179085,7493,7000,549,7549,62
2020-12-17,Sierra,091,2930,23,23,0,23,0
2020-12-17,Siskiyou,093,43540,942,827,80,907,2
2020-12-17,Solano,095,438530,16472,14361,150,14511,96
2020-12-17,Sonoma,097,501317,17241,15993,96,16089,171
2020-12-17,Stanislaus,099,539301,31358,28582,2505,31087,489
2020-12-17,Sutter,101,95872,5786,5309,38,5347,39
2020-12-17,Tehama,103,63373,2664,2480,198,2678,9
2020-12-17,Trinity,105,12862,389,213,50,263,2
2020-12-17,Tulare,107,460477,30456,27852,2917,30769,358
2020-12-17,Tuolumne,109,53932,2211,1992,10,2002,11
2020-12-17,Ventura,111,848112,33807,29404,1255,30659,208
2020-12-17,Yolo,113,214977,7594,6800,43,6843,105
2020-12-17,Yuba,115,75493,3379,3035,32,3067,12
2020-12-16,Alameda,001,1643700,45099,40751,684,41435,497
2020-12-16,Alpine,003,1148,65,64,0,64,0
2020-12-16,Amador,005,37829,2030,1693,12,1705,19
2020-12-16,Butte,007,227075,6420,5659,600,6259,76
2020-12-16,Calaveras,009,45235,923,821,0,821,21
2020-12-16,Colusa,011,21464,1142,1038,45,1083,7
2020-12-16,Contra Costa,013,1133247,35333,32429,333,32762,293
2020-12-16,Del Norte,015,27424,676,575,0,575,1
2020-12-16,El Dorado,017,186661,5122,4237,187,4424,9
2020-12-16,Fresno,019,978130,60028,49173,3405,52578,584
2020-12-16,Glenn,021,27897,1342,1236,172,1408,9
2020-12-16,Humboldt,023,135768,1450,1308,5,1313,12
2020-12-16,Imperial,025,180216,21289,19980,681,20661,388
2020-12-16,Inyo,027,18085,525,444,6,450,16
2020-12-16,Kern,029,883053,58013,52896,3525,56421,522
2020-12-16,Kings,031,150075,14935,13734,398,14132,99
2020-12-16,Lake,033,64148,1581,1363,0,1363,20
2020-12-16,Lassen,035,31185,3851,3396,34,3430,1
2020-12-16,Los Angeles,037,10098052,625257,557907,14295,572202,8561
2020-12-16,Madera,039,155013,9325,8278,306,8584,62
2020-12-16,Marin,041,260295,9122,8641,58,8699,142
2020-12-16,Mariposa,043,17540,197,175,2,177,3
2020-12-16,Mendocino,045,87422,2130,1929,19,1948,23
2020-12-16,Merced,047,269075,16740,15443,247,15690,190
2020-12-16,Modoc,049,8938,210,178,65,243,0
2020-12-16,Mono,051,14174,781,702,11,713,3
2020-12-16,Monterey,053,433212,23541,21107,531,21638,163
2020-12-16,Napa,055,140530,5028,4544,23,4567,23
2020-12-16,Nevada,057,99092,2393,2149,72,2221,13
2020-12-16,Orange,059,3164182,131657,115260,4584,119844,1712
2020-12-16,Placer,061,380077,12275,10554,389,10943,96
2020-12-16,Plumas,063,18699,405,319,8,327,0
2020-12-16,Riverside,065,2383286,151073,135751,5622,141373,1664
2020-12-16,Sacramento,067,1510023,57225,52166,406,52572,715
2020-12-16,San Benito,069,59416,2952,2582,22,2604,20
2020-12-16,San Bernardino,071,2135413,165162,143565,4119,147684,1403
2020-12-16,San Diego,073,3302833,130909,114248,5626,119874,1217
2020-12-16,San Francisco,075,870044,21023,19624,173,19797,170
2020-12-16,San Joaquin,077,732212,39559,35010,1078,36088,547
2020-12-16,San Luis Obispo,079,281455,9291,8252,192,8444,58
2020-12-16,San Mateo,081,765935,21897,19292,56,19348,179
2020-12-16,Santa Barbara,083,443738,15125,13966,355,14321,144
2020-12-16,Santa Clara,085,1922200,59361,51502,218,51720,523
2020-12-16,Santa Cruz,087,273765,7657,6536,188,6724,63
2020-12-16,Shasta,089,179085,7420,6914,526,7440,62
2020-12-16,Sierra,091,2930,23,23,0,23,0
2020-12-16,Siskiyou,093,43540,934,818,80,898,2
2020-12-16,Solano,095,438530,16005,14157,146,14303,96
2020-12-16,Sonoma,097,501317,16985,15768,96,15864,170
2020-12-16,Stanislaus,099,539301,30857,28279,2433,30712,489
2020-12-16,Sutter,101,95872,5706,5223,38,5261,39
2020-12-16,Tehama,103,63373,2631,2441,174,2615,9
2020-12-16,Trinity,105,12862,383,212,50,262,2
2020-12-16,Tulare,107,460477,30032,27500,2818,30318,352
2020-12-16,Tuolumne,109,53932,2168,1941,10,1951,11
2020-12-16,Ventura,111,848112,33033,28566,1213,29779,203
2020-12-16,Yolo,113,214977,7466,6649,42,6691,103
2020-12-16,Yuba,115,75493,3293,2980,31,3011,11
2020-12-15,Alameda,001,1643700,44243,40026,663,40689,492
2020-12-15,Alpine,003,1148,65,64,0,64,0
2020-12-15,Amador,005,37829,1917,1669,10,1679,19
2020-12-15,Butte,007,227075,6281,5565,572,6137,75
2020-12-15,Calaveras,009,45235,891,799,0,799,21
2020-12-15,Colusa,011,21464,1129,1026,44,1070,7
2020-12-15,Contra Costa,013,1133247,34677,31423,319,31742,281
2020-12-15,Del Norte,015,27424,665,564,0,564,1
2020-12-15,El Dorado,017,186661,5014,4113,173,4286,9
2020-12-15,Fresno,019,978130,58655,47316,3271,50587,574
2020-12-15,Glenn,021,27897,1329,1207,156,1363,9
2020-12-15,Humboldt,023,135768,1430,1276,5,1281,12
2020-12-15,Imperial,025,180216,21069,19756,603,20359,380
2020-12-15,Inyo,027,18085,512,394,6,400,16
2020-12-15,Kern,029,883053,57002,52002,3419,55421,511
2020-12-15,Kings,031,150075,14771,13652,379,14031,97
2020-12-15,Lake,033,64148,1556,1341,0,1341,21
2020-12-15,Lassen,035,31185,3679,3378,33,3411,1
2020-12-15,Los Angeles,037,10098052,608863,536258,13660,549918,8429
2020-12-15,Madera,039,155013,9171,8118,299,8417,60
2020-12-15,Marin,041,260295,9014,8528,56,8584,141
2020-12-15,Mariposa,043,17540,193,171,2,173,3
2020-12-15,Mendocino,045,87422,2103,1883,19,1902,24
2020-12-15,Merced,047,269075,16442,15120,243,15363,190
2020-12-15,Modoc,049,8938,208,179,65,244,0
2020-12-15,Mono,051,14174,765,702,11,713,3
2020-12-15,Monterey,053,433212,22943,19905,470,20375,161
2020-12-15,Napa,055,140530,4925,4440,23,4463,23
2020-12-15,Nevada,057,99092,2360,2117,70,2187,11
2020-12-15,Orange,059,3164182,128010,112893,4436,117329,1689
2020-12-15,Placer,061,380077,12041,10301,367,10668,95
2020-12-15,Plumas,063,18699,400,313,8,321,0
2020-12-15,Riverside,065,2383286,147017,131822,5346,137168,1624
2020-12-15,Sacramento,067,1510023,56209,51076,393,51469,703
2020-12-15,San Benito,069,59416,2873,2520,21,2541,19
2020-12-15,San Bernardino,071,2135413,160703,137548,3969,141517,1351
2020-12-15,San Diego,073,3302833,127342,111441,5463,116904,1194
2020-12-15,San Francisco,075,870044,20713,19283,170,19453,171
2020-12-15,San Joaquin,077,732212,38634,33849,1044,34893,537
2020-12-15,San Luis Obispo,079,281455,9182,8074,189,8263,55
2020-12-15,San Mateo,081,765935,21488,18907,54,18961,178
2020-12-15,Santa Barbara,083,443738,14898,13782,347,14129,144
2020-12-15,Santa Clara,085,1922200,57925,50311,215,50526,505
2020-12-15,Santa Cruz,087,273765,7471,6361,175,6536,59
2020-12-15,Shasta,089,179085,7361,6794,501,7295,54
2020-12-15,Sierra,091,2930,23,23,0,23,0
2020-12-15,Siskiyou,093,43540,925,812,79,891,2
2020-12-15,Solano,095,438530,15655,13796,146,13942,95
2020-12-15,Sonoma,097,501317,16764,15406,96,15502,167
2020-12-15,Stanislaus,099,539301,30344,27823,2352,30175,485
2020-12-15,Sutter,101,95872,5608,5080,37,5117,36
2020-12-15,Tehama,103,63373,2593,2392,168,2560,9
2020-12-15,Trinity,105,12862,375,213,48,261,1
2020-12-15,Tulare,107,460477,29544,27026,2729,29755,342
2020-12-15,Tuolumne,109,53932,2138,1874,10,1884,8
2020-12-15,Ventura,111,848112,32411,27936,1166,29102,201
2020-12-15,Yolo,113,214977,7344,6531,40,6571,104
2020-12-15,Yuba,115,75493,3199,2891,30,2921,11
2020-12-14,Alameda,001,1643700,43345,39252,644,39896,487
2020-12-14,Alpine,003,1148,65,63,0,63,0
2020-12-14,Amador,005,37829,1845,1609,10,1619,19
2020-12-14,Butte,007,227075,6113,5202,555,5757,75
2020-12-14,Calaveras,009,45235,853,718,0,718,21
2020-12-14,Colusa,011,21464,1105,949,43,992,7
2020-12-14,Contra Costa,013,1133247,33980,30594,305,30899,281
2020-12-14,Del Norte,015,27424,659,560,0,560,1
2020-12-14,El Dorado,017,186661,4858,4018,157,4175,9
2020-12-14,Fresno,019,978130,57632,44726,3097,47823,560
2020-12-14,Glenn,021,27897,1303,1186,148,1334,9
2020-12-14,Humboldt,023,135768,1417,1256,5,1261,9
2020-12-14,Imperial,025,180216,20830,19608,529,20137,379
2020-12-14,Inyo,027,18085,498,382,6,388,16
2020-12-14,Kern,029,883053,55965,50538,3298,53836,510
2020-12-14,Kings,031,150075,14586,13491,352,13843,97
2020-12-14,Lake,033,64148,1508,1301,0,1301,21
2020-12-14,Lassen,035,31185,3581,2905,30,2935,1
2020-12-14,Los Angeles,037,10098052,591233,524668,13029,537697,8340
2020-12-14,Madera,039,155013,8904,8011,290,8301,60
2020-12-14,Marin,041,260295,8931,8475,55,8530,141
2020-12-14,Mariposa,043,17540,192,171,2,173,3
2020-12-14,Mendocino,045,87422,2082,1845,19,1864,24
2020-12-14,Merced,047,269075,16035,14572,229,14801,189
2020-12-14,Modoc,049,8938,202,180,63,243,0
2020-12-14,Mono,051,14174,757,685,11,696,3
2020-12-14,Monterey,053,433212,22421,19154,464,19618,155
2020-12-14,Napa,055,140530,4832,4289,23,4312,22
2020-12-14,Nevada,057,99092,2323,2070,67,2137,11
2020-12-14,Orange,059,3164182,124126,108602,4300,112902,1688
2020-12-14,Placer,061,380077,11760,9551,356,9907,95
2020-12-14,Plumas,063,18699,388,309,8,317,0
2020-12-14,Riverside,065,2383286,142889,123715,5085,128800,1588
2020-12-14,Sacramento,067,1510023,55101,50304,368,50672,691
2020-12-14,San Benito,069,59416,2807,2467,20,2487,19
2020-12-14,San Bernardino,071,2135413,156249,129151,3841,132992,1347
2020-12-14,San Diego,073,3302833,123606,109578,5278,114856,1162
2020-12-14,San Francisco,075,870044,20337,18904,168,19072,171
2020-12-14,San Joaquin,077,732212,37794,32522,998,33520,534
2020-12-14,San Luis Obispo,079,281455,8936,7791,185,7976,52
2020-12-14,San Mateo,081,765935,20991,18361,51,18412,178
2020-12-14,Santa Barbara,083,443738,14625,13587,339,13926,144
2020-12-14,Santa Clara,085,1922200,56367,49180,204,49384,502
2020-12-14,Santa Cruz,087,273765,7285,6049,160,6209,54
2020-12-14,Shasta,089,179085,7272,6665,483,7148,54
2020-12-14,Sierra,091,2930,23,21,0,21,0
2020-12-14,Siskiyou,093,43540,902,764,73,837,2
2020-12-14,Solano,095,438530,15294,13352,145,13497,93
2020-12-14,Sonoma,097,501317,16458,14807,95,14902,167
2020-12-14,Stanislaus,099,539301,29812,27311,2304,29615,485
2020-12-14,Sutter,101,95872,5504,5001,30,5031,35
2020-12-14,Tehama,103,63373,2551,2344,165,2509,9
2020-12-14,Trinity,105,12862,371,205,46,251,1
2020-12-14,Tulare,107,460477,29069,25735,2641,28376,341
2020-12-14,Tuolumne,109,53932,2085,1647,10,1657,8
2020-12-14,Ventura,111,848112,31488,27436,1108,28544,202
2020-12-14,Yolo,113,214977,7183,6389,39,6428,95
2020-12-14,Yuba,115,75493,3137,2851,30,2881,11
2020-12-13,Alameda,001,1643700,42146,38064,620,38684,486
2020-12-13,Alpine,003,1148,65,63,0,63,0
2020-12-13,Amador,005,37829,1789,1457,9,1466,19
2020-12-13,Butte,007,227075,5965,5103,516,5619,75
2020-12-13,Calaveras,009,45235,819,710,0,710,21
2020-12-13,Colusa,011,21464,1089,945,40,985,7
2020-12-13,Contra Costa,013,1133247,33252,29667,299,29966,281
2020-12-13,Del Norte,015,27424,606,542,0,542,1
2020-12-13,El Dorado,017,186661,4757,3770,148,3918,9
2020-12-13,Fresno,019,978130,56525,44114,2943,47057,559
2020-12-13,Glenn,021,27897,1290,1171,137,1308,9
2020-12-13,Humboldt,023,135768,1394,1238,4,1242,9
2020-12-13,Imperial,025,180216,20540,19472,409,19881,379
2020-12-13,Inyo,027,18085,477,380,6,386,16
2020-12-13,Kern,029,883053,54935,49051,3144,52195,510
2020-12-13,Kings,031,150075,14306,13357,334,13691,97
2020-12-13,Lake,033,64148,1467,1271,0,1271,21
2020-12-13,Lassen,035,31185,3474,2867,25,2892,1
2020-12-13,Los Angeles,037,10098052,573604,517472,12338,529810,8294
2020-12-13,Madera,039,155013,8722,7909,277,8186,60
2020-12-13,Marin,041,260295,8811,8409,55,8464,141
2020-12-13,Mariposa,043,17540,188,167,2,169,3
2020-12-13,Mendocino,045,87422,2048,1793,19,1812,24
2020-12-13,Merced,047,269075,15684,14384,226,14610,189
2020-12-13,Modoc,049,8938,192,179,57,236,0
2020-12-13,Mono,051,14174,741,675,11,686,3
2020-12-13,Monterey,053,433212,22000,18913,450,19363,153
2020-12-13,Napa,055,140530,4726,4194,23,4217,22
2020-12-13,Nevada,057,99092,2276,2030,65,2095,11
2020-12-13,Orange,059,3164182,120196,104768,4127,108895,1688
2020-12-13,Placer,061,380077,11446,9405,338,9743,95
2020-12-13,Plumas,063,18699,382,291,8,299,0
2020-12-13,Riverside,065,2383286,138762,119691,4825,124516,1581
2020-12-13,Sacramento,067,1510023,53833,49480,340,49820,682
2020-12-13,San Benito,069,59416,2738,2408,19,2427,19
2020-12-13,San Bernardino,071,2135413,151352,126718,3685,130403,1333
2020-12-13,San Diego,073,3302833,120006,107372,5109,112481,1162
2020-12-13,San Francisco,075,870044,19993,18686,159,18845,167
2020-12-13,San Joaquin,077,732212,36991,32170,958,33128,534
2020-12-13,San Luis Obispo,079,281455,8745,7625,177,7802,52
2020-12-13,San Mateo,081,765935,20500,18090,45,18135,177
2020-12-13,Santa Barbara,083,443738,14356,13249,325,13574,144
2020-12-13,Santa Clara,085,1922200,54944,47920,196,48116,499
2020-12-13,Santa Cruz,087,273765,7035,5986,149,6135,54
2020-12-13,Shasta,089,179085,7198,6647,457,7104,54
2020-12-13,Sierra,091,2930,23,21,0,21,0
2020-12-13,Siskiyou,093,43540,890,762,68,830,2
2020-12-13,Solano,095,438530,14856,13276,142,13418,93
2020-12-13,Sonoma,097,501317,16144,14495,94,14589,167
2020-12-13,Stanislaus,099,539301,29248,26569,2243,28812,485
2020-12-13,Sutter,101,95872,5377,4798,26,4824,34
2020-12-13,Tehama,103,63373,2506,2325,150,2475,9
2020-12-13,Trinity,105,12862,365,204,46,250,1
2020-12-13,Tulare,107,460477,28580,25496,2559,28055,340
2020-12-13,Tuolumne,109,53932,2023,1611,10,1621,8
2020-12-13,Ventura,111,848112,30485,26588,1048,27636,202
2020-12-13,Yolo,113,214977,7000,6265,33,6298,95
2020-12-13,Yuba,115,75493,3072,2754,27,2781,11
2020-12-12,Alameda,001,1643700,41704,37027,601,37628,486
2020-12-12,Alpine,003,1148,65,63,0,63,0
2020-12-12,Amador,005,37829,1761,1236,8,1244,19
2020-12-12,Butte,007,227075,5892,4972,504,5476,73
2020-12-12,Calaveras,009,45235,809,708,0,708,21
2020-12-12,Colusa,011,21464,1069,945,39,984,7
2020-12-12,Contra Costa,013,1133247,32908,29506,290,29796,281
2020-12-12,Del Norte,015,27424,598,529,0,529,1
2020-12-12,El Dorado,017,186661,4682,3706,132,3838,9
2020-12-12,Fresno,019,978130,56174,43756,2884,46640,559
2020-12-12,Glenn,021,27897,1282,1143,133,1276,8
2020-12-12,Humboldt,023,135768,1375,1208,4,1212,9
2020-12-12,Imperial,025,180216,20454,18947,355,19302,379
2020-12-12,Inyo,027,18085,473,380,6,386,16
2020-12-12,Kern,029,883053,54415,48194,3058,51252,507
2020-12-12,Kings,031,150075,14217,13205,330,13535,96
2020-12-12,Lake,033,64148,1450,1232,0,1232,21
2020-12-12,Lassen,035,31185,3451,2866,22,2888,1
2020-12-12,Los Angeles,037,10098052,566793,504317,11841,516158,8269
2020-12-12,Madera,039,155013,8595,7765,274,8039,59
2020-12-12,Marin,041,260295,8757,8363,54,8417,141
2020-12-12,Mariposa,043,17540,187,164,2,166,3
2020-12-12,Mendocino,045,87422,2012,1771,19,1790,24
2020-12-12,Merced,047,269075,15593,14181,222,14403,188
2020-12-12,Modoc,049,8938,191,169,54,223,0
2020-12-12,Mono,051,14174,734,640,11,651,3
2020-12-12,Monterey,053,433212,21887,18596,421,19017,151
2020-12-12,Napa,055,140530,4681,4113,23,4136,22
2020-12-12,Nevada,057,99092,2258,1981,63,2044,10
2020-12-12,Orange,059,3164182,118308,100468,3982,104450,1674
2020-12-12,Placer,061,380077,11281,9390,333,9723,95
2020-12-12,Plumas,063,18699,376,291,8,299,0
2020-12-12,Riverside,065,2383286,136706,118335,4624,122959,1579
2020-12-12,Sacramento,067,1510023,53249,48319,327,48646,673
2020-12-12,San Benito,069,59416,2682,2355,19,2374,19
2020-12-12,San Bernardino,071,2135413,149719,125741,3583,129324,1321
2020-12-12,San Diego,073,3302833,118385,104958,5012,109970,1151
2020-12-12,San Francisco,075,870044,19803,18413,155,18568,167
2020-12-12,San Joaquin,077,732212,36666,32200,928,33128,534
2020-12-12,San Luis Obispo,079,281455,8646,7462,171,7633,50
2020-12-12,San Mateo,081,765935,20279,17574,44,17618,177
2020-12-12,Santa Barbara,083,443738,14204,13174,317,13491,144
2020-12-12,Santa Clara,085,1922200,53997,45892,193,46085,498
2020-12-12,Santa Cruz,087,273765,6937,5905,140,6045,54
2020-12-12,Shasta,089,179085,7165,6551,439,6990,54
2020-12-12,Sierra,091,2930,23,21,0,21,0
2020-12-12,Siskiyou,093,43540,888,762,65,827,2
2020-12-12,Solano,095,438530,14658,12748,135,12883,93
2020-12-12,Sonoma,097,501317,16023,14466,94,14560,166
2020-12-12,Stanislaus,099,539301,28947,26246,2194,28440,483
2020-12-12,Sutter,101,95872,5315,4717,26,4743,32
2020-12-12,Tehama,103,63373,2488,2252,145,2397,9
2020-12-12,Trinity,105,12862,363,204,44,248,1
2020-12-12,Tulare,107,460477,28322,25333,2502,27835,341
2020-12-12,Tuolumne,109,53932,1980,1536,10,1546,8
2020-12-12,Ventura,111,848112,30041,25955,1015,26970,202
2020-12-12,Yolo,113,214977,6918,6116,31,6147,95
2020-12-12,Yuba,115,75493,3045,2692,26,2718,10
2020-12-11,Alameda,001,1643700,41137,36281,589,36870,482
2020-12-11,Alpine,003,1148,65,63,0,63,0
2020-12-11,Amador,005,37829,1745,1213,8,1221,19
2020-12-11,Butte,007,227075,5819,4941,486,5427,73
2020-12-11,Calaveras,009,45235,793,697,0,697,21
2020-12-11,Colusa,011,21464,1059,923,37,960,7
2020-12-11,Contra Costa,013,1133247,32485,29036,286,29322,282
2020-12-11,Del Norte,015,27424,592,505,0,505,1
2020-12-11,El Dorado,017,186661,4601,3669,117,3786,9
2020-12-11,Fresno,019,978130,55162,43071,2818,45889,550
2020-12-11,Glenn,021,27897,1266,1135,129,1264,8
2020-12-11,Humboldt,023,135768,1357,1190,4,1194,9
2020-12-11,Imperial,025,180216,20365,18599,311,18910,377
2020-12-11,Inyo,027,18085,462,372,6,378,16
2020-12-11,Kern,029,883053,53737,47664,2995,50659,502
2020-12-11,Kings,031,150075,14073,13118,326,13444,94
2020-12-11,Lake,033,64148,1436,1205,0,1205,21
2020-12-11,Lassen,035,31185,3439,2790,21,2811,1
2020-12-11,Los Angeles,037,10098052,554983,493592,11430,505022,8198
2020-12-11,Madera,039,155013,8504,7648,264,7912,59
2020-12-11,Marin,041,260295,8663,8317,53,8370,141
2020-12-11,Mariposa,043,17540,186,164,2,166,3
2020-12-11,Mendocino,045,87422,1988,1769,19,1788,24
2020-12-11,Merced,047,269075,15473,14038,214,14252,186
2020-12-11,Modoc,049,8938,191,168,53,221,0
2020-12-11,Mono,051,14174,724,631,11,642,3
2020-12-11,Monterey,053,433212,21586,18421,416,18837,150
2020-12-11,Napa,055,140530,4626,4054,23,4077,22
2020-12-11,Nevada,057,99092,2241,1959,60,2019,10
2020-12-11,Orange,059,3164182,115993,98357,3881,102238,1656
2020-12-11,Placer,061,380077,11119,8904,317,9221,93
2020-12-11,Plumas,063,18699,368,286,8,294,0
2020-12-11,Riverside,065,2383286,133638,115329,4406,119735,1573
2020-12-11,Sacramento,067,1510023,52588,47468,319,47787,669
2020-12-11,San Benito,069,59416,2631,2319,19,2338,19
2020-12-11,San Bernardino,071,2135413,147029,123092,3469,126561,1313
2020-12-11,San Diego,073,3302833,116425,102468,4929,107397,1137
2020-12-11,San Francisco,075,870044,19573,18246,154,18400,165
2020-12-11,San Joaquin,077,732212,36321,32044,901,32945,534
2020-12-11,San Luis Obispo,079,281455,8485,7415,169,7584,49
2020-12-11,San Mateo,081,765935,20009,17240,33,17273,177
2020-12-11,Santa Barbara,083,443738,14061,12997,309,13306,144
2020-12-11,Santa Clara,085,1922200,52994,45101,184,45285,494
2020-12-11,Santa Cruz,087,273765,6824,5764,131,5895,50
2020-12-11,Shasta,089,179085,7120,6459,432,6891,54
2020-12-11,Sierra,091,2930,23,19,0,19,0
2020-12-11,Siskiyou,093,43540,881,753,62,815,2
2020-12-11,Solano,095,438530,14472,12554,131,12685,92
2020-12-11,Sonoma,097,501317,15856,14298,92,14390,166
2020-12-11,Stanislaus,099,539301,28678,25928,2151,28079,464
2020-12-11,Sutter,101,95872,5252,4600,25,4625,30
2020-12-11,Tehama,103,63373,2458,2232,141,2373,9
2020-12-11,Trinity,105,12862,360,204,44,248,1
2020-12-11,Tulare,107,460477,27963,24953,2454,27407,338
2020-12-11,Tuolumne,109,53932,1965,1510,10,1520,8
2020-12-11,Ventura,111,848112,29435,24999,993,25992,202
2020-12-11,Yolo,113,214977,6812,6006,30,6036,95
2020-12-11,Yuba,115,75493,2985,2649,25,2674,10
2020-12-10,Alameda,001,1643700,40369,35686,569,36255,477
2020-12-10,Alpine,003,1148,65,63,0,63,0
2020-12-10,Amador,005,37829,1688,1191,8,1199,18
2020-12-10,Butte,007,227075,5704,4863,460,5323,72
2020-12-10,Calaveras,009,45235,775,684,0,684,21
2020-12-10,Colusa,011,21464,1036,909,34,943,7
2020-12-10,Contra Costa,013,1133247,31804,28413,280,28693,276
2020-12-10,Del Norte,015,27424,582,501,0,501,1
2020-12-10,El Dorado,017,186661,4483,3557,112,3669,9
2020-12-10,Fresno,019,978130,54184,42461,2678,45139,540
2020-12-10,Glenn,021,27897,1246,1126,120,1246,8
2020-12-10,Humboldt,023,135768,1337,1140,4,1144,9
2020-12-10,Imperial,025,180216,20151,18333,236,18569,370
2020-12-10,Inyo,027,18085,441,365,6,371,15
2020-12-10,Kern,029,883053,52755,47176,2832,50008,499
2020-12-10,Kings,031,150075,13915,12993,320,13313,92
2020-12-10,Lake,033,64148,1395,1167,0,1167,21
2020-12-10,Lassen,035,31185,3417,2764,17,2781,0
2020-12-10,Los Angeles,037,10098052,541003,480354,10902,491256,8149
2020-12-10,Madera,039,155013,8397,7445,249,7694,59
2020-12-10,Marin,041,260295,8610,8245,52,8297,140
2020-12-10,Mariposa,043,17540,185,160,2,162,3
2020-12-10,Mendocino,045,87422,1961,1748,16,1764,24
2020-12-10,Merced,047,269075,15227,13756,211,13967,186
2020-12-10,Modoc,049,8938,186,165,51,216,0
2020-12-10,Mono,051,14174,719,601,11,612,3
2020-12-10,Monterey,053,433212,21105,18266,406,18672,145
2020-12-10,Napa,055,140530,4540,3974,22,3996,22
2020-12-10,Nevada,057,99092,2205,1919,60,1979,10
2020-12-10,Orange,059,3164182,112894,95297,3721,99018,1651
2020-12-10,Placer,061,380077,10866,8906,300,9206,90
2020-12-10,Plumas,063,18699,357,281,8,289,0
2020-12-10,Riverside,065,2383286,129952,112794,4139,116933,1552
2020-12-10,Sacramento,067,1510023,51688,46471,298,46769,664
2020-12-10,San Benito,069,59416,2571,2268,18,2286,19
2020-12-10,San Bernardino,071,2135413,142794,120186,3296,123482,1306
2020-12-10,San Diego,073,3302833,113900,99601,4780,104381,1114
2020-12-10,San Francisco,075,870044,19261,17945,147,18092,164
2020-12-10,San Joaquin,077,732212,35685,31228,872,32100,534
2020-12-10,San Luis Obispo,079,281455,8322,7245,158,7403,49
2020-12-10,San Mateo,081,765935,19567,16701,23,16724,177
2020-12-10,Santa Barbara,083,443738,13881,12788,301,13089,143
2020-12-10,Santa Clara,085,1922200,51856,43939,170,44109,491
2020-12-10,Santa Cruz,087,273765,6657,5645,119,5764,48
2020-12-10,Shasta,089,179085,7053,6312,407,6719,53
2020-12-10,Sierra,091,2930,23,18,0,18,0
2020-12-10,Siskiyou,093,43540,871,712,61,773,2
2020-12-10,Solano,095,438530,14107,12017,125,12142,90
2020-12-10,Sonoma,097,501317,15601,14282,90,14372,167
2020-12-10,Stanislaus,099,539301,28214,25582,2082,27664,464
2020-12-10,Sutter,101,95872,5122,4528,23,4551,27
2020-12-10,Tehama,103,63373,2414,2190,133,2323,9
2020-12-10,Trinity,105,12862,356,202,42,244,1
2020-12-10,Tulare,107,460477,27507,24506,2390,26896,337
2020-12-10,Tuolumne,109,53932,1723,1451,10,1461,8
2020-12-10,Ventura,111,848112,28584,24075,949,25024,202
2020-12-10,Yolo,113,214977,6691,5896,29,5925,95
2020-12-10,Yuba,115,75493,2921,2604,24,2628,10
2020-12-09,Alameda,001,1643700,39531,35047,548,35595,470
2020-12-09,Alpine,003,1148,65,58,0,58,0
2020-12-09,Amador,005,37829,1645,1121,8,1129,19
2020-12-09,Butte,007,227075,5561,4733,440,5173,70
2020-12-09,Calaveras,009,45235,746,670,0,670,21
2020-12-09,Colusa,011,21464,1021,896,33,929,7
2020-12-09,Contra Costa,013,1133247,31100,28308,269,28577,273
2020-12-09,Del Norte,015,27424,569,481,0,481,2
2020-12-09,El Dorado,017,186661,4348,3449,104,3553,8
2020-12-09,Fresno,019,978130,53184,41954,2525,44479,533
2020-12-09,Glenn,021,27897,1232,1107,114,1221,8
2020-12-09,Humboldt,023,135768,1305,1086,4,1090,10
2020-12-09,Imperial,025,180216,19896,17757,200,17957,368
2020-12-09,Inyo,027,18085,428,356,6,362,15
2020-12-09,Kern,029,883053,51598,46379,2690,49069,494
2020-12-09,Kings,031,150075,13770,12716,312,13028,92
2020-12-09,Lake,033,64148,1367,1158,0,1158,20
2020-12-09,Lassen,035,31185,3348,2331,15,2346,0
2020-12-09,Los Angeles,037,10098052,527503,467971,10364,478335,8075
2020-12-09,Madera,039,155013,8284,7216,246,7462,59
2020-12-09,Marin,041,260295,8548,8182,51,8233,138
2020-12-09,Mariposa,043,17540,183,154,2,156,3
2020-12-09,Mendocino,045,87422,1935,1703,15,1718,24
2020-12-09,Merced,047,269075,14986,13588,205,13793,183
2020-12-09,Modoc,049,8938,181,146,42,188,0
2020-12-09,Mono,051,14174,707,601,11,612,3
2020-12-09,Monterey,053,433212,20704,17891,398,18289,143
2020-12-09,Napa,055,140530,4454,3858,21,3879,21
2020-12-09,Nevada,057,99092,2152,1864,60,1924,10
2020-12-09,Orange,059,3164182,109804,93763,3553,97316,1629
2020-12-09,Placer,061,380077,10605,8588,286,8874,85
2020-12-09,Plumas,063,18699,349,271,8,279,0
2020-12-09,Riverside,065,2383286,126257,110376,3938,114314,1543
2020-12-09,Sacramento,067,1510023,50625,45284,273,45557,659
2020-12-09,San Benito,069,59416,2499,2217,16,2233,19
2020-12-09,San Bernardino,071,2135413,138515,114516,3100,117616,1305
2020-12-09,San Diego,073,3302833,110920,97551,4641,102192,1103
2020-12-09,San Francisco,075,870044,18960,17628,146,17774,163
2020-12-09,San Joaquin,077,732212,34870,30539,847,31386,531
2020-12-09,San Luis Obispo,079,281455,8104,7105,150,7255,47
2020-12-09,San Mateo,081,765935,19118,16422,22,16444,175
2020-12-09,Santa Barbara,083,443738,13681,12630,291,12921,142
2020-12-09,Santa Clara,085,1922200,50699,42912,155,43067,489
2020-12-09,Santa Cruz,087,273765,6499,5527,104,5631,47
2020-12-09,Shasta,089,179085,6988,6105,393,6498,52
2020-12-09,Sierra,091,2930,23,18,0,18,0
2020-12-09,Siskiyou,093,43540,860,713,60,773,2
2020-12-09,Solano,095,438530,13759,11862,117,11979,90
2020-12-09,Sonoma,097,501317,15345,13994,87,14081,164
2020-12-09,Stanislaus,099,539301,27717,25157,2022,27179,463
2020-12-09,Sutter,101,95872,5004,4418,19,4437,24
2020-12-09,Tehama,103,63373,2378,2102,129,2231,9
2020-12-09,Trinity,105,12862,348,199,39,238,0
2020-12-09,Tulare,107,460477,26912,24124,2313,26437,334
2020-12-09,Tuolumne,109,53932,1690,1319,10,1329,8
2020-12-09,Ventura,111,848112,27721,23830,907,24737,201
2020-12-09,Yolo,113,214977,6566,5760,27,5787,95
2020-12-09,Yuba,115,75493,2853,2513,23,2536,10
2020-12-08,Alameda,001,1643700,38630,34373,532,34905,469
2020-12-08,Alpine,003,1148,64,53,0,53,0
2020-12-08,Amador,005,37829,1359,1043,8,1051,17
2020-12-08,Butte,007,227075,5403,4651,400,5051,70
2020-12-08,Calaveras,009,45235,722,657,0,657,21
2020-12-08,Colusa,011,21464,1005,875,32,907,6
2020-12-08,Contra Costa,013,1133247,30399,27926,252,28178,270
2020-12-08,Del Norte,015,27424,553,465,0,465,2
2020-12-08,El Dorado,017,186661,4224,3296,91,3387,8
2020-12-08,Fresno,019,978130,51920,41574,2371,43945,529
2020-12-08,Glenn,021,27897,1212,1094,106,1200,8
2020-12-08,Humboldt,023,135768,1279,1059,4,1063,10
2020-12-08,Imperial,025,180216,19381,17568,193,17761,363
2020-12-08,Inyo,027,18085,405,333,6,339,15
2020-12-08,Kern,029,883053,50304,45116,2538,47654,487
2020-12-08,Kings,031,150075,13616,12623,303,12926,90
2020-12-08,Lake,033,64148,1325,1127,0,1127,20
2020-12-08,Lassen,035,31185,3192,2165,15,2180,0
2020-12-08,Los Angeles,037,10098052,514801,459738,9890,469628,8004
2020-12-08,Madera,039,155013,8153,7082,233,7315,59
2020-12-08,Marin,041,260295,8468,8099,50,8149,137
2020-12-08,Mariposa,043,17540,179,150,2,152,2
2020-12-08,Mendocino,045,87422,1893,1666,15,1681,23
2020-12-08,Merced,047,269075,14675,13380,204,13584,181
2020-12-08,Modoc,049,8938,173,138,39,177,0
2020-12-08,Mono,051,14174,693,597,11,608,3
2020-12-08,Monterey,053,433212,20133,17752,391,18143,134
2020-12-08,Napa,055,140530,4367,3778,19,3797,22
2020-12-08,Nevada,057,99092,2098,1809,57,1866,11
2020-12-08,Orange,059,3164182,106583,91406,3389,94795,1629
2020-12-08,Placer,061,380077,10337,8224,281,8505,82
2020-12-08,Plumas,063,18699,339,258,8,266,0
2020-12-08,Riverside,065,2383286,122894,107620,3761,111381,1514
2020-12-08,Sacramento,067,1510023,49561,44635,258,44893,649
2020-12-08,San Benito,069,59416,2446,2180,16,2196,18
2020-12-08,San Bernardino,071,2135413,134169,110676,2978,113654,1301
2020-12-08,San Diego,073,3302833,107549,95447,4484,99931,1088
2020-12-08,San Francisco,075,870044,18651,17384,144,17528,162
2020-12-08,San Joaquin,077,732212,33975,30225,814,31039,530
2020-12-08,San Luis Obispo,079,281455,7975,6903,139,7042,45
2020-12-08,San Mateo,081,765935,18719,16305,22,16327,175
2020-12-08,Santa Barbara,083,443738,13497,12516,282,12798,141
2020-12-08,Santa Clara,085,1922200,49392,41309,147,41456,484
2020-12-08,Santa Cruz,087,273765,6320,5374,102,5476,45
2020-12-08,Shasta,089,179085,6878,5946,385,6331,50
2020-12-08,Sierra,091,2930,22,18,0,18,0
2020-12-08,Siskiyou,093,43540,846,704,58,762,2
2020-12-08,Solano,095,438530,13357,11669,115,11784,89
2020-12-08,Sonoma,097,501317,15086,13601,86,13687,164
2020-12-08,Stanislaus,099,539301,27229,24793,1957,26750,461
2020-12-08,Sutter,101,95872,4909,4342,18,4360,24
2020-12-08,Tehama,103,63373,2304,2057,121,2178,9
2020-12-08,Trinity,105,12862,339,198,38,236,0
2020-12-08,Tulare,107,460477,26308,23607,2252,25859,330
2020-12-08,Tuolumne,109,53932,1666,1264,10,1274,7
2020-12-08,Ventura,111,848112,27058,23665,865,24530,195
2020-12-08,Yolo,113,214977,6434,5560,27,5587,90
2020-12-08,Yuba,115,75493,2776,2477,23,2500,10
2020-12-07,Alameda,001,1643700,37764,33887,498,34385,466
2020-12-07,Alpine,003,1148,63,53,0,53,0
2020-12-07,Amador,005,37829,1284,993,7,1000,17
2020-12-07,Butte,007,227075,5267,4604,379,4983,67
2020-12-07,Calaveras,009,45235,692,606,0,606,21
2020-12-07,Colusa,011,21464,980,825,27,852,6
2020-12-07,Contra Costa,013,1133247,29785,27307,239,27546,270
2020-12-07,Del Norte,015,27424,541,424,0,424,2
2020-12-07,El Dorado,017,186661,4045,3275,84,3359,8
2020-12-07,Fresno,019,978130,50446,41098,2250,43348,526
2020-12-07,Glenn,021,27897,1193,1085,100,1185,8
2020-12-07,Humboldt,023,135768,1244,1023,4,1027,9
2020-12-07,Imperial,025,180216,18959,17234,183,17417,364
2020-12-07,Inyo,027,18085,390,333,6,339,15
2020-12-07,Kern,029,883053,49279,44409,2404,46813,486
2020-12-07,Kings,031,150075,13473,12412,295,12707,90
2020-12-07,Lake,033,64148,1298,1090,0,1090,20
2020-12-07,Lassen,035,31185,3095,2167,15,2182,0
2020-12-07,Los Angeles,037,10098052,501131,451052,9458,460510,7937
2020-12-07,Madera,039,155013,7888,6935,228,7163,59
2020-12-07,Marin,041,260295,8410,8049,49,8098,136
2020-12-07,Mariposa,043,17540,176,146,2,148,2
2020-12-07,Mendocino,045,87422,1857,1638,14,1652,23
2020-12-07,Merced,047,269075,14316,13250,195,13445,179
2020-12-07,Modoc,049,8938,166,128,36,164,0
2020-12-07,Mono,051,14174,680,590,11,601,3
2020-12-07,Monterey,053,433212,19652,17746,380,18126,132
2020-12-07,Napa,055,140530,4276,3684,19,3703,21
2020-12-07,Nevada,057,99092,2049,1777,56,1833,11
2020-12-07,Orange,059,3164182,103319,89793,3270,93063,1628
2020-12-07,Placer,061,380077,10011,7911,267,8178,82
2020-12-07,Plumas,063,18699,327,256,5,261,0
2020-12-07,Riverside,065,2383286,119696,102363,3580,105943,1491
2020-12-07,Sacramento,067,1510023,48466,43419,241,43660,638
2020-12-07,San Benito,069,59416,2395,2165,15,2180,18
2020-12-07,San Bernardino,071,2135413,130217,108161,2863,111024,1295
2020-12-07,San Diego,073,3302833,104760,94171,4303,98474,1062
2020-12-07,San Francisco,075,870044,18360,17220,137,17357,161
2020-12-07,San Joaquin,077,732212,33099,28188,788,28976,530
2020-12-07,San Luis Obispo,079,281455,7793,6782,132,6914,45
2020-12-07,San Mateo,081,765935,18280,16029,21,16050,175
2020-12-07,Santa Barbara,083,443738,13256,12362,272,12634,141
2020-12-07,Santa Clara,085,1922200,48007,40621,138,40759,484
2020-12-07,Santa Cruz,087,273765,6155,5152,96,5248,41
2020-12-07,Shasta,089,179085,6755,5742,370,6112,50
2020-12-07,Sierra,091,2930,20,18,0,18,0
2020-12-07,Siskiyou,093,43540,819,652,58,710,2
2020-12-07,Solano,095,438530,13018,11354,111,11465,89
2020-12-07,Sonoma,097,501317,14802,13376,86,13462,164
2020-12-07,Stanislaus,099,539301,26671,24479,1905,26384,454
2020-12-07,Sutter,101,95872,4768,4106,18,4124,24
2020-12-07,Tehama,103,63373,2253,2030,116,2146,9
2020-12-07,Trinity,105,12862,335,194,38,232,0
2020-12-07,Tulare,107,460477,25771,22760,2196,24956,328
2020-12-07,Tuolumne,109,53932,1581,1256,9,1265,7
2020-12-07,Ventura,111,848112,26471,23354,829,24183,191
2020-12-07,Yolo,113,214977,6272,5537,26,5563,90
2020-12-07,Yuba,115,75493,2708,2428,21,2449,10
2020-12-06,Alameda,001,1643700,36774,33477,478,33955,465
2020-12-06,Alpine,003,1148,59,53,0,53,0
2020-12-06,Amador,005,37829,1221,952,6,958,17
2020-12-06,Butte,007,227075,5114,4527,346,4873,67
2020-12-06,Calaveras,009,45235,672,606,0,606,21
2020-12-06,Colusa,011,21464,963,824,23,847,6
2020-12-06,Contra Costa,013,1133247,29179,26566,233,26799,270
2020-12-06,Del Norte,015,27424,486,414,0,414,2
2020-12-06,El Dorado,017,186661,3908,3086,79,3165,8
2020-12-06,Fresno,019,978130,49491,40869,2135,43004,526
2020-12-06,Glenn,021,27897,1183,1067,96,1163,8
2020-12-06,Humboldt,023,135768,1219,1004,4,1008,9
2020-12-06,Imperial,025,180216,18645,16922,174,17096,364
2020-12-06,Inyo,027,18085,377,333,6,339,15
2020-12-06,Kern,029,883053,48289,43899,2236,46135,486
2020-12-06,Kings,031,150075,13201,12056,278,12334,90
2020-12-06,Lake,033,64148,1261,1075,0,1075,20
2020-12-06,Lassen,035,31185,2991,2168,13,2181,0
2020-12-06,Los Angeles,037,10098052,487535,443230,9023,452253,7910
2020-12-06,Madera,039,155013,7717,6826,219,7045,59
2020-12-06,Marin,041,260295,8329,8013,47,8060,136
2020-12-06,Mariposa,043,17540,175,144,2,146,2
2020-12-06,Mendocino,045,87422,1817,1614,14,1628,23
2020-12-06,Merced,047,269075,13981,12928,186,13114,179
2020-12-06,Modoc,049,8938,153,125,29,154,0
2020-12-06,Mono,051,14174,658,586,10,596,3
2020-12-06,Monterey,053,433212,19034,17426,370,17796,130
2020-12-06,Napa,055,140530,4164,3644,19,3663,21
2020-12-06,Nevada,057,99092,1990,1710,53,1763,10
2020-12-06,Orange,059,3164182,100255,87737,3140,90877,1627
2020-12-06,Placer,061,380077,9729,7837,247,8084,82
2020-12-06,Plumas,063,18699,314,254,4,258,0
2020-12-06,Riverside,065,2383286,116602,100088,3359,103447,1482
2020-12-06,Sacramento,067,1510023,47228,42808,227,43035,638
2020-12-06,San Benito,069,59416,2358,2135,15,2150,18
2020-12-06,San Bernardino,071,2135413,126066,106927,2708,109635,1286
2020-12-06,San Diego,073,3302833,101727,92173,4149,96322,1062
2020-12-06,San Francisco,075,870044,18038,17107,130,17237,161
2020-12-06,San Joaquin,077,732212,32264,28188,760,28948,530
2020-12-06,San Luis Obispo,079,281455,7628,6723,127,6850,45
2020-12-06,San Mateo,081,765935,17776,15855,19,15874,175
2020-12-06,Santa Barbara,083,443738,13024,12252,263,12515,141
2020-12-06,Santa Clara,085,1922200,46633,39112,133,39245,482
2020-12-06,Santa Cruz,087,273765,5981,5069,90,5159,40
2020-12-06,Shasta,089,179085,6614,5743,349,6092,49
2020-12-06,Sierra,091,2930,20,17,0,17,0
2020-12-06,Siskiyou,093,43540,801,652,56,708,2
2020-12-06,Solano,095,438530,12733,11354,101,11455,88
2020-12-06,Sonoma,097,501317,14513,13238,85,13323,164
2020-12-06,Stanislaus,099,539301,26122,24036,1842,25878,454
2020-12-06,Sutter,101,95872,4652,4009,17,4026,21
2020-12-06,Tehama,103,63373,2194,1982,107,2089,9
2020-12-06,Trinity,105,12862,328,181,36,217,0
2020-12-06,Tulare,107,460477,25246,22756,2131,24887,327
2020-12-06,Tuolumne,109,53932,1485,1210,9,1219,7
2020-12-06,Ventura,111,848112,25930,23035,804,23839,191
2020-12-06,Yolo,113,214977,6111,5465,22,5487,90
2020-12-06,Yuba,115,75493,2664,2340,20,2360,10
2020-12-05,Alameda,001,1643700,36417,32781,467,33248,465
2020-12-05,Alpine,003,1148,58,53,0,53,0
2020-12-05,Amador,005,37829,1197,847,6,853,17
2020-12-05,Butte,007,227075,5046,4455,327,4782,66
2020-12-05,Calaveras,009,45235,660,606,0,606,21
2020-12-05,Colusa,011,21464,945,825,20,845,6
2020-12-05,Contra Costa,013,1133247,28887,26217,226,26443,270
2020-12-05,Del Norte,015,27424,480,408,0,408,2
2020-12-05,El Dorado,017,186661,3843,3061,74,3135,8
2020-12-05,Fresno,019,978130,49172,40568,2081,42649,525
2020-12-05,Glenn,021,27897,1170,1056,90,1146,8
2020-12-05,Humboldt,023,135768,1186,979,4,983,9
2020-12-05,Imperial,025,180216,18477,16544,173,16717,362
2020-12-05,Inyo,027,18085,372,332,6,338,15
2020-12-05,Kern,029,883053,47826,43332,2151,45483,484
2020-12-05,Kings,031,150075,13120,11898,275,12173,90
2020-12-05,Lake,033,64148,1234,1069,0,1069,20
2020-12-05,Lassen,035,31185,2800,2168,11,2179,0
2020-12-05,Los Angeles,037,10098052,481735,433120,8708,441828,7888
2020-12-05,Madera,039,155013,7624,6619,212,6831,59
2020-12-05,Marin,041,260295,8302,7961,47,8008,136
2020-12-05,Mariposa,043,17540,170,143,2,145,2
2020-12-05,Mendocino,045,87422,1778,1585,14,1599,23
2020-12-05,Merced,047,269075,13874,12747,175,12922,180
2020-12-05,Modoc,049,8938,153,118,28,146,0
2020-12-05,Mono,051,14174,653,554,10,564,3
2020-12-05,Monterey,053,433212,18888,17077,366,17443,127
2020-12-05,Napa,055,140530,4093,3565,19,3584,21
2020-12-05,Nevada,057,99092,1975,1642,51,1693,10
2020-12-05,Orange,059,3164182,98790,85735,3044,88779,1612
2020-12-05,Placer,061,380077,9609,7811,238,8049,78
2020-12-05,Plumas,063,18699,307,246,1,247,0
2020-12-05,Riverside,065,2383286,114990,98612,3185,101797,1477
2020-12-05,Sacramento,067,1510023,46563,41878,213,42091,625
2020-12-05,San Benito,069,59416,2314,2073,15,2088,18
2020-12-05,San Bernardino,071,2135413,124540,105382,2580,107962,1283
2020-12-05,San Diego,073,3302833,100375,90470,4068,94538,1055
2020-12-05,San Francisco,075,870044,17854,16786,126,16912,161
2020-12-05,San Joaquin,077,732212,31997,28105,727,28832,523
2020-12-05,San Luis Obispo,079,281455,7561,6623,124,6747,44
2020-12-05,San Mateo,081,765935,17519,15512,19,15531,175
2020-12-05,Santa Barbara,083,443738,12924,12107,257,12364,141
2020-12-05,Santa Clara,085,1922200,45891,38339,128,38467,474
2020-12-05,Santa Cruz,087,273765,5908,4997,89,5086,40
2020-12-05,Shasta,089,179085,6553,5653,338,5991,49
2020-12-05,Sierra,091,2930,20,17,0,17,0
2020-12-05,Siskiyou,093,43540,793,649,55,704,2
2020-12-05,Solano,095,438530,12564,11351,99,11450,87
2020-12-05,Sonoma,097,501317,14417,13137,85,13222,164
2020-12-05,Stanislaus,099,539301,25807,23662,1808,25470,454
2020-12-05,Sutter,101,95872,4587,3937,17,3954,20
2020-12-05,Tehama,103,63373,2178,1926,105,2031,9
2020-12-05,Trinity,105,12862,327,177,36,213,0
2020-12-05,Tulare,107,460477,25032,22660,2075,24735,324
2020-12-05,Tuolumne,109,53932,1428,1180,9,1189,7
2020-12-05,Ventura,111,848112,25559,22710,790,23500,191
2020-12-05,Yolo,113,214977,6035,5351,21,5372,90
2020-12-05,Yuba,115,75493,2627,2275,20,2295,10
2020-12-04,Alameda,001,1643700,35868,31871,454,32325,465
2020-12-04,Alpine,003,1148,58,53,0,53,0
2020-12-04,Amador,005,37829,1183,766,3,769,16
2020-12-04,Butte,007,227075,4974,4336,307,4643,65
2020-12-04,Calaveras,009,45235,655,585,0,585,21
2020-12-04,Colusa,011,21464,931,790,18,808,6
2020-12-04,Contra Costa,013,1133247,28543,25705,214,25919,264
2020-12-04,Del Norte,015,27424,469,401,0,401,2
2020-12-04,El Dorado,017,186661,3755,2933,71,3004,7
2020-12-04,Fresno,019,978130,48463,40108,2013,42121,522
2020-12-04,Glenn,021,27897,1164,1017,82,1099,8
2020-12-04,Humboldt,023,135768,1168,960,4,964,9
2020-12-04,Imperial,025,180216,18235,16484,173,16657,362
2020-12-04,Inyo,027,18085,364,324,6,330,15
2020-12-04,Kern,029,883053,47275,42497,2049,44546,485
2020-12-04,Kings,031,150075,13027,11767,269,12036,88
2020-12-04,Lake,033,64148,1206,1018,0,1018,20
2020-12-04,Lassen,035,31185,2793,2167,10,2177,0
2020-12-04,Los Angeles,037,10098052,473111,424164,8417,432581,7845
2020-12-04,Madera,039,155013,7533,6479,209,6688,58
2020-12-04,Marin,041,260295,8251,7896,44,7940,136
2020-12-04,Mariposa,043,17540,170,136,2,138,2
2020-12-04,Mendocino,045,87422,1759,1563,13,1576,23
2020-12-04,Merced,047,269075,13759,12474,167,12641,177
2020-12-04,Modoc,049,8938,153,115,28,143,0
2020-12-04,Mono,051,14174,648,549,10,559,3
2020-12-04,Monterey,053,433212,18676,16737,357,17094,127
2020-12-04,Napa,055,140530,4039,3432,19,3451,19
2020-12-04,Nevada,057,99092,1950,1560,48,1608,10
2020-12-04,Orange,059,3164182,96870,83738,2980,86718,1597
2020-12-04,Placer,061,380077,9485,7461,225,7686,76
2020-12-04,Plumas,063,18699,300,232,0,232,0
2020-12-04,Riverside,065,2383286,112793,95255,3028,98283,1475
2020-12-04,Sacramento,067,1510023,45799,41061,196,41257,618
2020-12-04,San Benito,069,59416,2281,2006,15,2021,17
2020-12-04,San Bernardino,071,2135413,122269,102418,2472,104890,1290
2020-12-04,San Diego,073,3302833,98891,88183,3981,92164,1047
2020-12-04,San Francisco,075,870044,17663,16499,126,16625,161
2020-12-04,San Joaquin,077,732212,31561,27806,690,28496,522
2020-12-04,San Luis Obispo,079,281455,7476,6473,121,6594,42
2020-12-04,San Mateo,081,765935,17231,15112,18,15130,173
2020-12-04,Santa Barbara,083,443738,12817,11947,251,12198,141
2020-12-04,Santa Clara,085,1922200,44970,37465,122,37587,468
2020-12-04,Santa Cruz,087,273765,5821,4985,87,5072,32
2020-12-04,Shasta,089,179085,6465,5439,329,5768,49
2020-12-04,Sierra,091,2930,19,17,0,17,0
2020-12-04,Siskiyou,093,43540,786,639,52,691,2
2020-12-04,Solano,095,438530,12418,11037,96,11133,87
2020-12-04,Sonoma,097,501317,14269,12962,84,13046,164
2020-12-04,Stanislaus,099,539301,25536,23206,1764,24970,448
2020-12-04,Sutter,101,95872,4515,3791,12,3803,20
2020-12-04,Tehama,103,63373,2138,1876,100,1976,9
2020-12-04,Trinity,105,12862,325,172,36,208,0
2020-12-04,Tulare,107,460477,24747,22273,2003,24276,322
2020-12-04,Tuolumne,109,53932,1397,1134,9,1143,7
2020-12-04,Ventura,111,848112,25182,22024,774,22798,189
2020-12-04,Yolo,113,214977,5961,5294,20,5314,87
2020-12-04,Yuba,115,75493,2585,2225,19,2244,10
2020-12-03,Alameda,001,1643700,35103,31184,437,31621,465
2020-12-03,Alpine,003,1148,57,53,0,53,0
2020-12-03,Amador,005,37829,1132,653,3,656,16
2020-12-03,Butte,007,227075,4879,4305,288,4593,65
2020-12-03,Calaveras,009,45235,635,572,0,572,21
2020-12-03,Colusa,011,21464,918,774,17,791,6
2020-12-03,Contra Costa,013,1133247,28041,25464,207,25671,265
2020-12-03,Del Norte,015,27424,465,388,0,388,2
2020-12-03,El Dorado,017,186661,3629,2740,69,2809,6
2020-12-03,Fresno,019,978130,47710,39680,1941,41621,516
2020-12-03,Glenn,021,27897,1146,997,74,1071,8
2020-12-03,Humboldt,023,135768,1138,923,4,927,9
2020-12-03,Imperial,025,180216,18030,16436,161,16597,359
2020-12-03,Inyo,027,18085,361,321,6,327,15
2020-12-03,Kern,029,883053,46429,42062,1948,44010,483
2020-12-03,Kings,031,150075,12928,11658,258,11916,87
2020-12-03,Lake,033,64148,1191,991,0,991,20
2020-12-03,Lassen,035,31185,2753,2128,9,2137,0
2020-12-03,Los Angeles,037,10098052,463009,415805,8057,423862,7787
2020-12-03,Madera,039,155013,7410,6398,204,6602,58
2020-12-03,Marin,041,260295,8191,7861,40,7901,136
2020-12-03,Mariposa,043,17540,166,132,2,134,2
2020-12-03,Mendocino,045,87422,1742,1547,10,1557,23
2020-12-03,Merced,047,269075,13514,12310,160,12470,177
2020-12-03,Modoc,049,8938,151,114,28,142,0
2020-12-03,Mono,051,14174,626,527,10,537,3
2020-12-03,Monterey,053,433212,18215,16218,348,16566,125
2020-12-03,Napa,055,140530,3925,3360,19,3379,19
2020-12-03,Nevada,057,99092,1872,1472,47,1519,10
2020-12-03,Orange,059,3164182,94337,82187,2911,85098,1591
2020-12-03,Placer,061,380077,9283,7270,209,7479,73
2020-12-03,Plumas,063,18699,285,223,0,223,0
2020-12-03,Riverside,065,2383286,110030,92489,2869,95358,1461
2020-12-03,Sacramento,067,1510023,44740,40280,183,40463,614
2020-12-03,San Benito,069,59416,2235,1967,15,1982,16
2020-12-03,San Bernardino,071,2135413,118941,100787,2389,103176,1283
2020-12-03,San Diego,073,3302833,97076,86144,3863,90007,1040
2020-12-03,San Francisco,075,870044,17441,16236,125,16361,161
2020-12-03,San Joaquin,077,732212,30839,27239,648,27887,522
2020-12-03,San Luis Obispo,079,281455,7308,6388,120,6508,42
2020-12-03,San Mateo,081,765935,16878,14909,18,14927,173
2020-12-03,Santa Barbara,083,443738,12688,11829,245,12074,141
2020-12-03,Santa Clara,085,1922200,43772,36621,116,36737,465
2020-12-03,Santa Cruz,087,273765,5677,4850,83,4933,28
2020-12-03,Shasta,089,179085,6356,5330,322,5652,48
2020-12-03,Sierra,091,2930,19,17,0,17,0
2020-12-03,Siskiyou,093,43540,771,629,49,678,2
2020-12-03,Solano,095,438530,12204,10857,93,10950,87
2020-12-03,Sonoma,097,501317,14026,12772,83,12855,164
2020-12-03,Stanislaus,099,539301,25124,22821,1716,24537,447
2020-12-03,Sutter,101,95872,4431,3727,12,3739,20
2020-12-03,Tehama,103,63373,2086,1832,93,1925,9
2020-12-03,Trinity,105,12862,322,166,36,202,0
2020-12-03,Tulare,107,460477,24348,21993,1913,23906,321
2020-12-03,Tuolumne,109,53932,1355,1105,9,1114,7
2020-12-03,Ventura,111,848112,24479,21555,761,22316,187
2020-12-03,Yolo,113,214977,5823,5069,20,5089,87
2020-12-03,Yuba,115,75493,2515,2182,18,2200,10
2020-12-02,Alameda,001,1643700,34477,30697,428,31125,463
2020-12-02,Alpine,003,1148,56,52,0,52,0
2020-12-02,Amador,005,37829,1060,585,3,588,16
2020-12-02,Butte,007,227075,4756,4243,278,4521,65
2020-12-02,Calaveras,009,45235,619,553,0,553,21
2020-12-02,Colusa,011,21464,902,756,16,772,6
2020-12-02,Contra Costa,013,1133247,27583,25147,195,25342,264
2020-12-02,Del Norte,015,27424,451,384,0,384,2
2020-12-02,El Dorado,017,186661,3528,2638,64,2702,5
2020-12-02,Fresno,019,978130,46954,39324,1843,41167,507
2020-12-02,Glenn,021,27897,1129,995,66,1061,7
2020-12-02,Humboldt,023,135768,1112,899,4,903,9
2020-12-02,Imperial,025,180216,17607,16360,154,16514,356
2020-12-02,Inyo,027,18085,354,314,6,320,15
2020-12-02,Kern,029,883053,45532,41660,1853,43513,479
2020-12-02,Kings,031,150075,12575,11531,244,11775,86
2020-12-02,Lake,033,64148,1160,971,0,971,20
2020-12-02,Lassen,035,31185,2694,2115,9,2124,0
2020-12-02,Los Angeles,037,10098052,452958,408289,7725,416014,7739
2020-12-02,Madera,039,155013,7286,6370,198,6568,57
2020-12-02,Marin,041,260295,8144,7819,38,7857,136
2020-12-02,Mariposa,043,17540,163,131,2,133,2
2020-12-02,Mendocino,045,87422,1709,1524,10,1534,23
2020-12-02,Merced,047,269075,13270,12168,152,12320,173
2020-12-02,Modoc,049,8938,148,113,28,141,0
2020-12-02,Mono,051,14174,617,520,10,530,3
2020-12-02,Monterey,053,433212,17735,16064,309,16373,121
2020-12-02,Napa,055,140530,3822,3298,18,3316,19
2020-12-02,Nevada,057,99092,1810,1430,46,1476,9
2020-12-02,Orange,059,3164182,92139,81046,2832,83878,1569
2020-12-02,Placer,061,380077,9049,6941,196,7137,73
2020-12-02,Plumas,063,18699,272,218,0,218,0
2020-12-02,Riverside,065,2383286,107313,90089,2690,92779,1451
2020-12-02,Sacramento,067,1510023,43701,39334,172,39506,597
2020-12-02,San Benito,069,59416,2170,1921,15,1936,16
2020-12-02,San Bernardino,071,2135413,115372,98567,2284,100851,1240
2020-12-02,San Diego,073,3302833,95160,84640,3748,88388,1035
2020-12-02,San Francisco,075,870044,17205,16058,123,16181,157
2020-12-02,San Joaquin,077,732212,30220,26740,625,27365,519
2020-12-02,San Luis Obispo,079,281455,7209,6324,118,6442,42
2020-12-02,San Mateo,081,765935,16515,14757,17,14774,170
2020-12-02,Santa Barbara,083,443738,12537,11705,233,11938,140
2020-12-02,Santa Clara,085,1922200,42657,35878,116,35994,458
2020-12-02,Santa Cruz,087,273765,5545,4766,80,4846,27
2020-12-02,Shasta,089,179085,6233,5188,305,5493,47
2020-12-02,Sierra,091,2930,19,17,0,17,0
2020-12-02,Siskiyou,093,43540,755,624,47,671,1
2020-12-02,Solano,095,438530,11958,10701,89,10790,87
2020-12-02,Sonoma,097,501317,13787,12635,82,12717,163
2020-12-02,Stanislaus,099,539301,24623,22615,1661,24276,448
2020-12-02,Sutter,101,95872,4272,3604,12,3616,18
2020-12-02,Tehama,103,63373,2041,1800,78,1878,9
2020-12-02,Trinity,105,12862,312,165,35,200,0
2020-12-02,Tulare,107,460477,23968,21789,1836,23625,321
2020-12-02,Tuolumne,109,53932,1314,1076,9,1085,7
2020-12-02,Ventura,111,848112,24068,21208,743,21951,186
2020-12-02,Yolo,113,214977,5712,5053,19,5072,87
2020-12-02,Yuba,115,75493,2438,2119,17,2136,10
2020-12-01,Alameda,001,1643700,33785,30252,418,30670,460
2020-12-01,Alpine,003,1148,56,41,0,41,0
2020-12-01,Amador,005,37829,913,575,2,577,16
2020-12-01,Butte,007,227075,4650,4177,264,4441,65
2020-12-01,Calaveras,009,45235,601,544,0,544,21
2020-12-01,Colusa,011,21464,885,747,16,763,6
2020-12-01,Contra Costa,013,1133247,27013,24788,187,24975,264
2020-12-01,Del Norte,015,27424,423,357,0,357,2
2020-12-01,El Dorado,017,186661,3384,2542,59,2601,4
2020-12-01,Fresno,019,978130,46052,39004,1767,40771,505
2020-12-01,Glenn,021,27897,1108,989,62,1051,7
2020-12-01,Humboldt,023,135768,1082,886,4,890,9
2020-12-01,Imperial,025,180216,17291,16278,151,16429,356
2020-12-01,Inyo,027,18085,347,304,6,310,15
2020-12-01,Kern,029,883053,44730,41345,1726,43071,478
2020-12-01,Kings,031,150075,12260,11415,230,11645,86
2020-12-01,Lake,033,64148,1141,969,0,969,19
2020-12-01,Lassen,035,31185,2528,2047,8,2055,0
2020-12-01,Los Angeles,037,10098052,442584,403266,7409,410675,7704
2020-12-01,Madera,039,155013,7169,6270,188,6458,57
2020-12-01,Marin,041,260295,8074,7787,37,7824,136
2020-12-01,Mariposa,043,17540,158,128,2,130,2
2020-12-01,Mendocino,045,87422,1675,1497,10,1507,23
2020-12-01,Merced,047,269075,13027,12032,143,12175,172
2020-12-01,Modoc,049,8938,143,113,24,137,0
2020-12-01,Mono,051,14174,604,520,10,530,3
2020-12-01,Monterey,053,433212,17228,15835,298,16133,121
2020-12-01,Napa,055,140530,3738,3124,17,3141,19
2020-12-01,Nevada,057,99092,1748,1411,45,1456,9
2020-12-01,Orange,059,3164182,90039,79468,2743,82211,1567
2020-12-01,Placer,061,380077,8725,6794,189,6983,72
2020-12-01,Plumas,063,18699,260,201,0,201,0
2020-12-01,Riverside,065,2383286,104504,88530,2530,91060,1448
2020-12-01,Sacramento,067,1510023,42652,38966,169,39135,589
2020-12-01,San Benito,069,59416,2115,1888,15,1903,15
2020-12-01,San Bernardino,071,2135413,111902,95854,2161,98015,1220
2020-12-01,San Diego,073,3302833,92903,83423,3638,87061,1019
2020-12-01,San Francisco,075,870044,16923,15797,120,15917,157
2020-12-01,San Joaquin,077,732212,29420,26432,604,27036,514
2020-12-01,San Luis Obispo,079,281455,7067,6264,113,6377,40
2020-12-01,San Mateo,081,765935,16190,14495,17,14512,170
2020-12-01,Santa Barbara,083,443738,12398,11611,223,11834,140
2020-12-01,Santa Clara,085,1922200,41403,35397,110,35507,452
2020-12-01,Santa Cruz,087,273765,5387,4638,72,4710,27
2020-12-01,Shasta,089,179085,6108,5077,285,5362,47
2020-12-01,Sierra,091,2930,19,17,0,17,0
2020-12-01,Siskiyou,093,43540,741,608,43,651,1
2020-12-01,Solano,095,438530,11698,10604,84,10688,87
2020-12-01,Sonoma,097,501317,13583,12491,79,12570,163
2020-12-01,Stanislaus,099,539301,24166,22351,1604,23955,447
2020-12-01,Sutter,101,95872,4130,3538,12,3550,17
2020-12-01,Tehama,103,63373,1975,1773,68,1841,9
2020-12-01,Trinity,105,12862,298,165,29,194,0
2020-12-01,Tulare,107,460477,23513,21645,1768,23413,319
2020-12-01,Tuolumne,109,53932,1278,1052,7,1059,7
2020-12-01,Ventura,111,848112,23455,20604,721,21325,186
2020-12-01,Yolo,113,214977,5572,4928,19,4947,86
2020-12-01,Yuba,115,75493,2372,2088,16,2104,10
2020-11-30,Alameda,001,1643700,32965,29972,401,30373,457
2020-11-30,Alpine,003,1148,54,41,0,41,0
2020-11-30,Amador,005,37829,872,559,2,561,16
2020-11-30,Butte,007,227075,4532,4148,248,4396,65
2020-11-30,Calaveras,009,45235,580,478,0,478,21
2020-11-30,Colusa,011,21464,858,737,12,749,6
2020-11-30,Contra Costa,013,1133247,26430,24365,183,24548,264
2020-11-30,Del Norte,015,27424,400,339,0,339,2
2020-11-30,El Dorado,017,186661,3210,2488,53,2541,4
2020-11-30,Fresno,019,978130,44942,38712,1656,40368,500
2020-11-30,Glenn,021,27897,1085,954,57,1011,5
2020-11-30,Humboldt,023,135768,1035,870,4,874,9
2020-11-30,Imperial,025,180216,17038,16212,130,16342,356
2020-11-30,Inyo,027,18085,342,304,5,309,15
2020-11-30,Kern,029,883053,43970,40941,1594,42535,473
2020-11-30,Kings,031,150075,12112,11346,215,11561,85
2020-11-30,Lake,033,64148,1109,939,0,939,18
2020-11-30,Lassen,035,31185,2436,1793,8,1801,0
2020-11-30,Los Angeles,037,10098052,431903,396202,7084,403286,7658
2020-11-30,Madera,039,155013,7003,6210,174,6384,57
2020-11-30,Marin,041,260295,8031,7764,36,7800,136
2020-11-30,Mariposa,043,17540,151,123,2,125,2
2020-11-30,Mendocino,045,87422,1647,1482,10,1492,23
2020-11-30,Merced,047,269075,12752,11913,132,12045,172
2020-11-30,Modoc,049,8938,133,113,24,137,0
2020-11-30,Mono,051,14174,582,519,10,529,3
2020-11-30,Monterey,053,433212,16798,15837,290,16127,119
2020-11-30,Napa,055,140530,3638,3091,17,3108,18
2020-11-30,Nevada,057,99092,1662,1347,42,1389,9
2020-11-30,Orange,059,3164182,87930,78711,2647,81358,1568
2020-11-30,Placer,061,380077,8429,6575,176,6751,72
2020-11-30,Plumas,063,18699,249,192,0,192,0
2020-11-30,Riverside,065,2383286,101510,87722,2385,90107,1446
2020-11-30,Sacramento,067,1510023,41572,37834,160,37994,586
2020-11-30,San Benito,069,59416,2068,1875,14,1889,15
2020-11-30,San Bernardino,071,2135413,108168,92704,2050,94754,1220
2020-11-30,San Diego,073,3302833,90540,82045,3511,85556,997
2020-11-30,San Francisco,075,870044,16625,15638,117,15755,157
2020-11-30,San Joaquin,077,732212,28712,25742,578,26320,509
2020-11-30,San Luis Obispo,079,281455,6933,6224,111,6335,36
2020-11-30,San Mateo,081,765935,15831,14276,17,14293,170
2020-11-30,Santa Barbara,083,443738,12220,11572,215,11787,140
2020-11-30,Santa Clara,085,1922200,40195,35019,109,35128,451
2020-11-30,Santa Cruz,087,273765,5249,4558,69,4627,26
2020-11-30,Shasta,089,179085,5963,4933,257,5190,44
2020-11-30,Sierra,091,2930,19,16,0,16,0
2020-11-30,Siskiyou,093,43540,732,605,39,644,1
2020-11-30,Solano,095,438530,11436,10392,79,10471,87
2020-11-30,Sonoma,097,501317,13338,12232,75,12307,163
2020-11-30,Stanislaus,099,539301,23703,22110,1562,23672,446
2020-11-30,Sutter,101,95872,3974,3430,12,3442,16
2020-11-30,Tehama,103,63373,1926,1724,61,1785,9
2020-11-30,Trinity,105,12862,292,162,29,191,0
2020-11-30,Tulare,107,460477,23127,20833,1675,22508,319
2020-11-30,Tuolumne,109,53932,1234,1027,7,1034,7
2020-11-30,Ventura,111,848112,22699,20308,705,21013,180
2020-11-30,Yolo,113,214977,5461,4894,19,4913,81
2020-11-30,Yuba,115,75493,2312,2028,14,2042,10
2020-11-29,Alameda,001,1643700,32178,29918,379,30297,457
2020-11-29,Alpine,003,1148,51,41,0,41,0
2020-11-29,Amador,005,37829,721,548,2,550,16
2020-11-29,Butte,007,227075,4431,4008,232,4240,65
2020-11-29,Calaveras,009,45235,549,478,0,478,21
2020-11-29,Colusa,011,21464,829,723,8,731,6
2020-11-29,Contra Costa,013,1133247,25927,24165,177,24342,264
2020-11-29,Del Norte,015,27424,394,339,0,339,2
2020-11-29,El Dorado,017,186661,3079,2447,51,2498,4
2020-11-29,Fresno,019,978130,43991,38568,1585,40153,500
2020-11-29,Glenn,021,27897,1062,951,55,1006,4
2020-11-29,Humboldt,023,135768,1006,856,4,860,9
2020-11-29,Imperial,025,180216,16808,16138,105,16243,356
2020-11-29,Inyo,027,18085,327,289,5,294,15
2020-11-29,Kern,029,883053,43206,40596,1446,42042,473
2020-11-29,Kings,031,150075,11961,11247,197,11444,85
2020-11-29,Lake,033,64148,1085,927,0,927,18
2020-11-29,Lassen,035,31185,2333,1793,8,1801,0
2020-11-29,Los Angeles,037,10098052,421499,391162,6789,397951,7642
2020-11-29,Madera,039,155013,6860,6184,168,6352,57
2020-11-29,Marin,041,260295,7965,7739,33,7772,135
2020-11-29,Mariposa,043,17540,147,123,2,125,2
2020-11-29,Mendocino,045,87422,1613,1473,10,1483,23
2020-11-29,Merced,047,269075,12513,11773,123,11896,172
2020-11-29,Modoc,049,8938,129,105,22,127,0
2020-11-29,Mono,051,14174,559,515,9,524,3
2020-11-29,Monterey,053,433212,16485,15621,283,15904,119
2020-11-29,Napa,055,140530,3533,3090,16,3106,18
2020-11-29,Nevada,057,99092,1582,1311,40,1351,9
2020-11-29,Orange,059,3164182,85911,78057,2601,80658,1567
2020-11-29,Placer,061,380077,8131,6535,164,6699,72
2020-11-29,Plumas,063,18699,244,191,0,191,0
2020-11-29,Riverside,065,2383286,99116,87383,2233,89616,1442
2020-11-29,Sacramento,067,1510023,40494,37415,151,37566,585
2020-11-29,San Benito,069,59416,2024,1860,14,1874,15
2020-11-29,San Bernardino,071,2135413,104820,92052,1934,93986,1223
2020-11-29,San Diego,073,3302833,88129,81086,3358,84444,997
2020-11-29,San Francisco,075,870044,16343,15571,112,15683,153
2020-11-29,San Joaquin,077,732212,27966,25740,572,26312,509
2020-11-29,San Luis Obispo,079,281455,6810,6145,111,6256,36
2020-11-29,San Mateo,081,765935,15499,14177,17,14194,169
2020-11-29,Santa Barbara,083,443738,12065,11520,211,11731,140
2020-11-29,Santa Clara,085,1922200,38989,34234,103,34337,451
2020-11-29,Santa Cruz,087,273765,5090,4490,67,4557,26
2020-11-29,Shasta,089,179085,5791,4935,229,5164,43
2020-11-29,Sierra,091,2930,19,16,0,16,0
2020-11-29,Siskiyou,093,43540,709,590,37,627,1
2020-11-29,Solano,095,438530,11204,10393,75,10468,87
2020-11-29,Sonoma,097,501317,13086,12052,71,12123,163
2020-11-29,Stanislaus,099,539301,23207,21701,1528,23229,446
2020-11-29,Sutter,101,95872,3859,3297,12,3309,16
2020-11-29,Tehama,103,63373,1875,1710,47,1757,9
2020-11-29,Trinity,105,12862,289,159,27,186,0
2020-11-29,Tulare,107,460477,22758,20793,1600,22393,319
2020-11-29,Tuolumne,109,53932,1197,988,7,995,7
2020-11-29,Ventura,111,848112,22015,19952,693,20645,179
2020-11-29,Yolo,113,214977,5323,4830,18,4848,80
2020-11-29,Yuba,115,75493,2256,1959,14,1973,10
2020-11-28,Alameda,001,1643700,31869,29368,374,29742,456
2020-11-28,Alpine,003,1148,51,41,0,41,0
2020-11-28,Amador,005,37829,644,536,2,538,16
2020-11-28,Butte,007,227075,4373,3894,228,4122,65
2020-11-28,Calaveras,009,45235,543,478,0,478,21
2020-11-28,Colusa,011,21464,820,711,6,717,6
2020-11-28,Contra Costa,013,1133247,25595,23798,173,23971,264
2020-11-28,Del Norte,015,27424,384,328,0,328,2
2020-11-28,El Dorado,017,186661,3011,2415,45,2460,4
2020-11-28,Fresno,019,978130,43644,38288,1547,39835,500
2020-11-28,Glenn,021,27897,1051,925,51,976,4
2020-11-28,Humboldt,023,135768,971,844,4,848,9
2020-11-28,Imperial,025,180216,16742,16019,103,16122,356
2020-11-28,Inyo,027,18085,319,289,5,294,15
2020-11-28,Kern,029,883053,42843,40255,1358,41613,473
2020-11-28,Kings,031,150075,11896,11070,190,11260,85
2020-11-28,Lake,033,64148,1070,920,0,920,18
2020-11-28,Lassen,035,31185,2266,1714,8,1722,0
2020-11-28,Los Angeles,037,10098052,416577,386194,6633,392827,7625
2020-11-28,Madera,039,155013,6758,6119,161,6280,57
2020-11-28,Marin,041,260295,7935,7696,29,7725,135
2020-11-28,Mariposa,043,17540,144,120,2,122,2
2020-11-28,Mendocino,045,87422,1582,1458,10,1468,22
2020-11-28,Merced,047,269075,12415,11688,117,11805,172
2020-11-28,Modoc,049,8938,126,103,22,125,0
2020-11-28,Mono,051,14174,553,505,9,514,3
2020-11-28,Monterey,053,433212,16319,15328,279,15607,118
2020-11-28,Napa,055,140530,3481,3033,16,3049,18
2020-11-28,Nevada,057,99092,1553,1272,38,1310,9
2020-11-28,Orange,059,3164182,84813,76882,2555,79437,1568
2020-11-28,Placer,061,380077,7970,6497,161,6658,70
2020-11-28,Plumas,063,18699,237,188,0,188,0
2020-11-28,Riverside,065,2383286,97707,86854,2132,88986,1440
2020-11-28,Sacramento,067,1510023,39916,36905,147,37052,580
2020-11-28,San Benito,069,59416,1979,1835,14,1849,15
2020-11-28,San Bernardino,071,2135413,103418,91183,1831,93014,1224
2020-11-28,San Diego,073,3302833,86875,80020,3274,83294,997
2020-11-28,San Francisco,075,870044,16167,15450,105,15555,153
2020-11-28,San Joaquin,077,732212,27765,25742,557,26299,509
2020-11-28,San Luis Obispo,079,281455,6740,6106,107,6213,36
2020-11-28,San Mateo,081,765935,15309,14040,17,14057,169
2020-11-28,Santa Barbara,083,443738,11963,11481,206,11687,140
2020-11-28,Santa Clara,085,1922200,38243,33701,101,33802,449
2020-11-28,Santa Cruz,087,273765,5013,4426,67,4493,26
2020-11-28,Shasta,089,179085,5714,4882,222,5104,43
2020-11-28,Sierra,091,2930,19,16,0,16,0
2020-11-28,Siskiyou,093,43540,699,558,34,592,1
2020-11-28,Solano,095,438530,11085,10252,73,10325,87
2020-11-28,Sonoma,097,501317,12982,12008,62,12070,162
2020-11-28,Stanislaus,099,539301,22968,21574,1494,23068,446
2020-11-28,Sutter,101,95872,3775,3244,12,3256,15
2020-11-28,Tehama,103,63373,1856,1678,43,1721,9
2020-11-28,Trinity,105,12862,286,157,25,182,0
2020-11-28,Tulare,107,460477,22561,20701,1558,22259,319
2020-11-28,Tuolumne,109,53932,1175,976,7,983,7
2020-11-28,Ventura,111,848112,21717,19510,683,20193,179
2020-11-28,Yolo,113,214977,5249,4739,16,4755,80
2020-11-28,Yuba,115,75493,2202,1912,14,1926,10
2020-11-27,Alameda,001,1643700,31428,29064,364,29428,450
2020-11-27,Alpine,003,1148,51,41,0,41,0
2020-11-27,Amador,005,37829,597,498,1,499,16
2020-11-27,Butte,007,227075,4332,3894,222,4116,65
2020-11-27,Calaveras,009,45235,534,478,0,478,21
2020-11-27,Colusa,011,21464,803,694,4,698,6
2020-11-27,Contra Costa,013,1133247,25335,23463,167,23630,264
2020-11-27,Del Norte,015,27424,378,307,0,307,2
2020-11-27,El Dorado,017,186661,2940,2238,42,2280,4
2020-11-27,Fresno,019,978130,43238,37994,1491,39485,500
2020-11-27,Glenn,021,27897,1038,891,46,937,4
2020-11-27,Humboldt,023,135768,952,795,3,798,9
2020-11-27,Imperial,025,180216,16674,15960,95,16055,356
2020-11-27,Inyo,027,18085,313,289,5,294,15
2020-11-27,Kern,029,883053,42420,39707,1288,40995,473
2020-11-27,Kings,031,150075,11811,10667,172,10839,85
2020-11-27,Lake,033,64148,1034,909,0,909,18
2020-11-27,Lassen,035,31185,2254,1714,8,1722,0
2020-11-27,Los Angeles,037,10098052,410063,382740,6481,389221,7606
2020-11-27,Madera,039,155013,6686,6050,156,6206,57
2020-11-27,Marin,041,260295,7892,7660,29,7689,135
2020-11-27,Mariposa,043,17540,142,118,2,120,2
2020-11-27,Mendocino,045,87422,1568,1387,9,1396,22
2020-11-27,Merced,047,269075,12309,11550,110,11660,172
2020-11-27,Modoc,049,8938,125,100,22,122,0
2020-11-27,Mono,051,14174,549,498,9,507,3
2020-11-27,Monterey,053,433212,16151,14753,279,15032,113
2020-11-27,Napa,055,140530,3441,2988,16,3004,18
2020-11-27,Nevada,057,99092,1523,1184,36,1220,9
2020-11-27,Orange,059,3164182,83524,75151,2516,77667,1568
2020-11-27,Placer,061,380077,7810,6283,151,6434,68
2020-11-27,Plumas,063,18699,234,188,0,188,0
2020-11-27,Riverside,065,2383286,96097,85769,1980,87749,1440
2020-11-27,Sacramento,067,1510023,39295,36579,143,36722,579
2020-11-27,San Benito,069,59416,1945,1805,13,1818,15
2020-11-27,San Bernardino,071,2135413,101902,90254,1750,92004,1224
2020-11-27,San Diego,073,3302833,85681,78161,3185,81346,996
2020-11-27,San Francisco,075,870044,16011,15377,103,15480,153
2020-11-27,San Joaquin,077,732212,27544,25741,537,26278,509
2020-11-27,San Luis Obispo,079,281455,6657,6039,104,6143,36
2020-11-27,San Mateo,081,765935,15107,13872,16,13888,169
2020-11-27,Santa Barbara,083,443738,11870,11340,203,11543,140
2020-11-27,Santa Clara,085,1922200,37567,32935,94,33029,449
2020-11-27,Santa Cruz,087,273765,4942,4358,65,4423,26
2020-11-27,Shasta,089,179085,5637,4710,209,4919,43
2020-11-27,Sierra,091,2930,18,16,0,16,0
2020-11-27,Siskiyou,093,43540,684,554,31,585,1
2020-11-27,Solano,095,438530,10966,10044,70,10114,87
2020-11-27,Sonoma,097,501317,12849,11924,60,11984,162
2020-11-27,Stanislaus,099,539301,22740,21185,1465,22650,446
2020-11-27,Sutter,101,95872,3707,3101,12,3113,15
2020-11-27,Tehama,103,63373,1828,1649,39,1688,9
2020-11-27,Trinity,105,12862,282,151,25,176,0
2020-11-27,Tulare,107,460477,22373,20634,1501,22135,319
2020-11-27,Tuolumne,109,53932,1143,881,7,888,7
2020-11-27,Ventura,111,848112,21393,19379,661,20040,179
2020-11-27,Yolo,113,214977,5199,4737,16,4753,79
2020-11-27,Yuba,115,75493,2173,1864,13,1877,10
2020-11-26,Alameda,001,1643700,31015,28797,346,29143,447
2020-11-26,Alpine,003,1148,51,41,0,41,0
2020-11-26,Amador,005,37829,589,488,1,489,16
2020-11-26,Butte,007,227075,4269,3894,216,4110,65
2020-11-26,Calaveras,009,45235,507,478,0,478,21
2020-11-26,Colusa,011,21464,789,694,4,698,6
2020-11-26,Contra Costa,013,1133247,25002,23468,161,23629,264
2020-11-26,Del Norte,015,27424,367,307,0,307,2
2020-11-26,El Dorado,017,186661,2859,2217,40,2257,4
2020-11-26,Fresno,019,978130,42832,37724,1446,39170,500
2020-11-26,Glenn,021,27897,1022,892,44,936,4
2020-11-26,Humboldt,023,135768,929,795,2,797,9
2020-11-26,Imperial,025,180216,16563,15722,92,15814,355
2020-11-26,Inyo,027,18085,312,289,5,294,15
2020-11-26,Kern,029,883053,41970,39123,1228,40351,471
2020-11-26,Kings,031,150075,11756,10475,160,10635,85
2020-11-26,Lake,033,64148,1021,890,0,890,18
2020-11-26,Lassen,035,31185,2239,1714,8,1722,0
2020-11-26,Los Angeles,037,10098052,404904,378340,6245,384585,7581
2020-11-26,Madera,039,155013,6611,6003,151,6154,57
2020-11-26,Marin,041,260295,7855,7610,29,7639,135
2020-11-26,Mariposa,043,17540,137,116,2,118,2
2020-11-26,Mendocino,045,87422,1554,1387,7,1394,22
2020-11-26,Merced,047,269075,12162,11440,108,11548,172
2020-11-26,Modoc,049,8938,123,100,22,122,0
2020-11-26,Mono,051,14174,541,485,9,494,2
2020-11-26,Monterey,053,433212,15915,14750,271,15021,113
2020-11-26,Napa,055,140530,3377,2988,16,3004,18
2020-11-26,Nevada,057,99092,1478,1184,36,1220,9
2020-11-26,Orange,059,3164182,82137,74264,2456,76720,1563
2020-11-26,Placer,061,380077,7648,6278,142,6420,68
2020-11-26,Plumas,063,18699,226,188,0,188,0
2020-11-26,Riverside,065,2383286,94494,85774,1856,87630,1440
2020-11-26,Sacramento,067,1510023,38654,35854,135,35989,580
2020-11-26,San Benito,069,59416,1918,1769,13,1782,15
2020-11-26,San Bernardino,071,2135413,100248,89727,1658,91385,1223
2020-11-26,San Diego,073,3302833,84071,76359,3081,79440,996
2020-11-26,San Francisco,075,870044,15876,15156,99,15255,153
2020-11-26,San Joaquin,077,732212,27287,25738,525,26263,509
2020-11-26,San Luis Obispo,079,281455,6564,5964,101,6065,36
2020-11-26,San Mateo,081,765935,14918,13715,15,13730,169
2020-11-26,Santa Barbara,083,443738,11789,11277,202,11479,139
2020-11-26,Santa Clara,085,1922200,36923,32411,87,32498,446
2020-11-26,Santa Cruz,087,273765,4811,4269,59,4328,26
2020-11-26,Shasta,089,179085,5554,4712,198,4910,43
2020-11-26,Sierra,091,2930,18,15,0,15,0
2020-11-26,Siskiyou,093,43540,674,526,31,557,1
2020-11-26,Solano,095,438530,10823,9941,68,10009,87
2020-11-26,Sonoma,097,501317,12701,11922,58,11980,162
2020-11-26,Stanislaus,099,539301,22508,21186,1425,22611,445
2020-11-26,Sutter,101,95872,3613,3101,11,3112,15
2020-11-26,Tehama,103,63373,1785,1612,36,1648,9
2020-11-26,Trinity,105,12862,278,139,25,164,0
2020-11-26,Tulare,107,460477,22134,20649,1440,22089,319
2020-11-26,Tuolumne,109,53932,1115,871,7,878,7
2020-11-26,Ventura,111,848112,20897,19058,647,19705,179
2020-11-26,Yolo,113,214977,5112,4566,16,4582,76
2020-11-26,Yuba,115,75493,2113,1865,11,1876,10
2020-11-25,Alameda,001,1643700,30800,28378,338,28716,447
2020-11-25,Alpine,003,1148,51,41,0,41,0
2020-11-25,Amador,005,37829,579,484,1,485,16
2020-11-25,Butte,007,227075,4238,3848,213,4061,64
2020-11-25,Calaveras,009,45235,504,475,0,475,21
2020-11-25,Colusa,011,21464,772,693,4,697,6
2020-11-25,Contra Costa,013,1133247,24847,23307,160,23467,263
2020-11-25,Del Norte,015,27424,366,304,0,304,2
2020-11-25,El Dorado,017,186661,2823,2154,40,2194,4
2020-11-25,Fresno,019,978130,42599,37349,1424,38773,494
2020-11-25,Glenn,021,27897,1005,891,42,933,4
2020-11-25,Humboldt,023,135768,921,777,2,779,9
2020-11-25,Imperial,025,180216,16492,15640,91,15731,355
2020-11-25,Inyo,027,18085,310,289,5,294,15
2020-11-25,Kern,029,883053,41814,38878,1211,40089,467
2020-11-25,Kings,031,150075,11721,10417,156,10573,85
2020-11-25,Lake,033,64148,1004,878,0,878,18
2020-11-25,Lassen,035,31185,2196,1701,8,1709,0
2020-11-25,Los Angeles,037,10098052,401876,373919,6143,380062,7545
2020-11-25,Madera,039,155013,6589,5989,148,6137,57
2020-11-25,Marin,041,260295,7828,7601,28,7629,135
2020-11-25,Mariposa,043,17540,136,114,2,116,2
2020-11-25,Mendocino,045,87422,1535,1373,7,1380,22
2020-11-25,Merced,047,269075,12104,11346,108,11454,172
2020-11-25,Modoc,049,8938,123,96,22,118,0
2020-11-25,Mono,051,14174,536,487,9,496,2
2020-11-25,Monterey,053,433212,15799,14695,269,14964,113
2020-11-25,Napa,055,140530,3344,2945,16,2961,17
2020-11-25,Nevada,057,99092,1460,1170,34,1204,9
2020-11-25,Orange,059,3164182,81381,73014,2436,75450,1551
2020-11-25,Placer,061,380077,7571,6221,141,6362,68
2020-11-25,Plumas,063,18699,221,183,0,183,0
2020-11-25,Riverside,065,2383286,93951,85077,1838,86915,1438
2020-11-25,Sacramento,067,1510023,38318,35687,132,35819,574
2020-11-25,San Benito,069,59416,1895,1764,13,1777,15
2020-11-25,San Bernardino,071,2135413,99407,88469,1629,90098,1225
2020-11-25,San Diego,073,3302833,83414,75307,3045,78352,988
2020-11-25,San Francisco,075,870044,15771,15053,97,15150,153
2020-11-25,San Joaquin,077,732212,27160,25556,513,26069,515
2020-11-25,San Luis Obispo,079,281455,6521,5913,101,6014,34
2020-11-25,San Mateo,081,765935,14803,13614,15,13629,170
2020-11-25,Santa Barbara,083,443738,11739,11183,202,11385,138
2020-11-25,Santa Clara,085,1922200,36477,32032,86,32118,442
2020-11-25,Santa Cruz,087,273765,4758,4202,58,4260,25
2020-11-25,Shasta,089,179085,5508,4588,191,4779,43
2020-11-25,Sierra,091,2930,18,15,0,15,0
2020-11-25,Siskiyou,093,43540,667,499,31,530,1
2020-11-25,Solano,095,438530,10718,9832,67,9899,87
2020-11-25,Sonoma,097,501317,12638,11775,57,11832,162
2020-11-25,Stanislaus,099,539301,22377,21022,1398,22420,445
2020-11-25,Sutter,101,95872,3569,3064,11,3075,14
2020-11-25,Tehama,103,63373,1773,1587,30,1617,9
2020-11-25,Trinity,105,12862,276,135,25,160,0
2020-11-25,Tulare,107,460477,22044,20528,1410,21938,318
2020-11-25,Tuolumne,109,53932,1098,842,7,849,7
2020-11-25,Ventura,111,848112,20802,18914,641,19555,179
2020-11-25,Yolo,113,214977,5076,4527,16,4543,76
2020-11-25,Yuba,115,75493,2087,1840,11,1851,10
2020-11-24,Alameda,001,1643700,30321,28030,327,28357,444
2020-11-24,Alpine,003,1148,51,41,0,41,0
2020-11-24,Amador,005,37829,554,470,1,471,16
2020-11-24,Butte,007,227075,4152,3798,205,4003,63
2020-11-24,Calaveras,009,45235,498,466,0,466,21
2020-11-24,Colusa,011,21464,754,682,4,686,6
2020-11-24,Contra Costa,013,1133247,24495,23072,154,23226,259
2020-11-24,Del Norte,015,27424,357,298,0,298,2
2020-11-24,El Dorado,017,186661,2718,2005,39,2044,4
2020-11-24,Fresno,019,978130,42197,37021,1349,38370,493
2020-11-24,Glenn,021,27897,987,883,38,921,4
2020-11-24,Humboldt,023,135768,902,774,2,776,9
2020-11-24,Imperial,025,180216,16389,15600,86,15686,355
2020-11-24,Inyo,027,18085,309,282,5,287,15
2020-11-24,Kern,029,883053,41340,38551,1135,39686,465
2020-11-24,Kings,031,150075,11454,10338,143,10481,85
2020-11-24,Lake,033,64148,988,872,0,872,18
2020-11-24,Lassen,035,31185,2173,1657,8,1665,0
2020-11-24,Los Angeles,037,10098052,395567,370008,5910,375918,7501
2020-11-24,Madera,039,155013,6505,5881,142,6023,57
2020-11-24,Marin,041,260295,7781,7591,28,7619,135
2020-11-24,Mariposa,043,17540,126,114,1,115,2
2020-11-24,Mendocino,045,87422,1513,1346,6,1352,22
2020-11-24,Merced,047,269075,11916,11268,102,11370,171
2020-11-24,Modoc,049,8938,119,91,22,113,0
2020-11-24,Mono,051,14174,532,483,9,492,2
2020-11-24,Monterey,053,433212,15537,14354,260,14614,113
2020-11-24,Napa,055,140530,3278,2904,16,2920,17
2020-11-24,Nevada,057,99092,1396,1156,32,1188,9
2020-11-24,Orange,059,3164182,79940,71975,2359,74334,1547
2020-11-24,Placer,061,380077,7390,6147,134,6281,67
2020-11-24,Plumas,063,18699,218,180,0,180,0
2020-11-24,Riverside,065,2383286,92192,83685,1712,85397,1420
2020-11-24,Sacramento,067,1510023,37637,35097,125,35222,568
2020-11-24,San Benito,069,59416,1864,1740,12,1752,15
2020-11-24,San Bernardino,071,2135413,97068,86645,1528,88173,1226
2020-11-24,San Diego,073,3302833,82004,74363,2974,77337,984
2020-11-24,San Francisco,075,870044,15577,14874,93,14967,153
2020-11-24,San Joaquin,077,732212,26845,25318,486,25804,517
2020-11-24,San Luis Obispo,079,281455,6458,5805,100,5905,34
2020-11-24,San Mateo,081,765935,14594,13558,14,13572,170
2020-11-24,Santa Barbara,083,443738,11633,11154,201,11355,138
2020-11-24,Santa Clara,085,1922200,35689,31564,82,31646,438
2020-11-24,Santa Cruz,087,273765,4644,4132,57,4189,25
2020-11-24,Shasta,089,179085,5408,4410,172,4582,43
2020-11-24,Sierra,091,2930,18,15,0,15,0
2020-11-24,Siskiyou,093,43540,649,473,28,501,1
2020-11-24,Solano,095,438530,10547,9716,66,9782,86
2020-11-24,Sonoma,097,501317,12458,11644,54,11698,162
2020-11-24,Stanislaus,099,539301,22135,20830,1356,22186,438
2020-11-24,Sutter,101,95872,3463,2974,11,2985,14
2020-11-24,Tehama,103,63373,1724,1565,25,1590,9
2020-11-24,Trinity,105,12862,269,129,24,153,0
2020-11-24,Tulare,107,460477,21795,20319,1349,21668,315
2020-11-24,Tuolumne,109,53932,1069,832,7,839,7
2020-11-24,Ventura,111,848112,20421,18637,631,19268,179
2020-11-24,Yolo,113,214977,4992,4420,16,4436,76
2020-11-24,Yuba,115,75493,2036,1804,9,1813,10
2020-11-23,Alameda,001,1643700,29907,27718,315,28033,444
2020-11-23,Alpine,003,1148,49,41,0,41,0
2020-11-23,Amador,005,37829,513,457,1,458,16
2020-11-23,Butte,007,227075,4088,3765,199,3964,61
2020-11-23,Calaveras,009,45235,481,434,0,434,21
2020-11-23,Colusa,011,21464,740,662,4,666,6
2020-11-23,Contra Costa,013,1133247,24225,22674,149,22823,260
2020-11-23,Del Norte,015,27424,335,296,0,296,2
2020-11-23,El Dorado,017,186661,2598,2005,38,2043,4
2020-11-23,Fresno,019,978130,41749,36688,1288,37976,488
2020-11-23,Glenn,021,27897,961,853,38,891,4
2020-11-23,Humboldt,023,135768,889,746,2,748,9
2020-11-23,Imperial,025,180216,16220,15104,81,15185,355
2020-11-23,Inyo,027,18085,301,279,5,284,15
2020-11-23,Kern,029,883053,40826,38245,1072,39317,463
2020-11-23,Kings,031,150075,11034,10204,137,10341,85
2020-11-23,Lake,033,64148,965,840,0,840,18
2020-11-23,Lassen,035,31185,2093,1271,7,1278,0
2020-11-23,Los Angeles,037,10098052,389466,366374,5662,372036,7447
2020-11-23,Madera,039,155013,6379,5787,138,5925,56
2020-11-23,Marin,041,260295,7739,7543,28,7571,135
2020-11-23,Mariposa,043,17540,125,97,1,98,2
2020-11-23,Mendocino,045,87422,1483,1330,6,1336,22
2020-11-23,Merced,047,269075,11728,11148,99,11247,169
2020-11-23,Modoc,049,8938,105,91,21,112,0
2020-11-23,Mono,051,14174,519,480,9,489,2
2020-11-23,Monterey,053,433212,15258,14265,254,14519,112
2020-11-23,Napa,055,140530,3212,2811,16,2827,17
2020-11-23,Nevada,057,99092,1307,1087,32,1119,9
2020-11-23,Orange,059,3164182,78536,71074,2315,73389,1546
2020-11-23,Placer,061,380077,7188,5999,133,6132,66
2020-11-23,Plumas,063,18699,214,172,0,172,0
2020-11-23,Riverside,065,2383286,90414,82175,1648,83823,1415
2020-11-23,Sacramento,067,1510023,37067,34141,119,34260,556
2020-11-23,San Benito,069,59416,1837,1729,11,1740,15
2020-11-23,San Bernardino,071,2135413,94960,84387,1464,85851,1224
2020-11-23,San Diego,073,3302833,80541,72817,2886,75703,968
2020-11-23,San Francisco,075,870044,15419,14646,91,14737,153
2020-11-23,San Joaquin,077,732212,26496,24622,482,25104,517
2020-11-23,San Luis Obispo,079,281455,6376,5772,98,5870,34
2020-11-23,San Mateo,081,765935,14404,13364,14,13378,170
2020-11-23,Santa Barbara,083,443738,11526,10944,197,11141,137
2020-11-23,Santa Clara,085,1922200,35038,31064,79,31143,435
2020-11-23,Santa Cruz,087,273765,4534,4003,53,4056,25
2020-11-23,Shasta,089,179085,5290,4100,160,4260,43
2020-11-23,Sierra,091,2930,17,15,0,15,0
2020-11-23,Siskiyou,093,43540,622,460,28,488,0
2020-11-23,Solano,095,438530,10390,9394,63,9457,86
2020-11-23,Sonoma,097,501317,12285,11507,50,11557,160
2020-11-23,Stanislaus,099,539301,21842,20487,1323,21810,436
2020-11-23,Sutter,101,95872,3326,2840,10,2850,14
2020-11-23,Tehama,103,63373,1674,1526,21,1547,9
2020-11-23,Trinity,105,12862,260,120,22,142,0
2020-11-23,Tulare,107,460477,21501,19818,1284,21102,315
2020-11-23,Tuolumne,109,53932,1029,774,7,781,7
2020-11-23,Ventura,111,848112,20046,18480,618,19098,179
2020-11-23,Yolo,113,214977,4911,4265,15,4280,75
2020-11-23,Yuba,115,75493,1969,1702,9,1711,10
2020-11-22,Alameda,001,1643700,29471,27472,304,27776,444
2020-11-22,Alpine,003,1148,46,41,0,41,0
2020-11-22,Amador,005,37829,501,450,1,451,16
2020-11-22,Butte,007,227075,4037,3712,192,3904,61
2020-11-22,Calaveras,009,45235,473,434,0,434,21
2020-11-22,Colusa,011,21464,722,642,3,645,6
2020-11-22,Contra Costa,013,1133247,23921,22407,144,22551,260
2020-11-22,Del Norte,015,27424,311,271,0,271,2
2020-11-22,El Dorado,017,186661,2488,1917,34,1951,4
2020-11-22,Fresno,019,978130,41267,36315,1233,37548,488
2020-11-22,Glenn,021,27897,939,832,34,866,4
2020-11-22,Humboldt,023,135768,873,729,2,731,9
2020-11-22,Imperial,025,180216,16014,15109,36,15145,355
2020-11-22,Inyo,027,18085,295,279,5,284,15
2020-11-22,Kern,029,883053,40247,37904,1039,38943,463
2020-11-22,Kings,031,150075,10935,10035,128,10163,85
2020-11-22,Lake,033,64148,943,834,0,834,18
2020-11-22,Lassen,035,31185,1928,1211,6,1217,0
2020-11-22,Los Angeles,037,10098052,383187,360341,5417,365758,7438
2020-11-22,Madera,039,155013,6299,5745,127,5872,56
2020-11-22,Marin,041,260295,7704,7506,27,7533,135
2020-11-22,Mariposa,043,17540,124,95,1,96,2
2020-11-22,Mendocino,045,87422,1459,1285,5,1290,22
2020-11-22,Merced,047,269075,11579,10939,99,11038,169
2020-11-22,Modoc,049,8938,104,87,19,106,0
2020-11-22,Mono,051,14174,504,481,9,490,2
2020-11-22,Monterey,053,433212,15017,13887,249,14136,111
2020-11-22,Napa,055,140530,3131,2778,16,2794,17
2020-11-22,Nevada,057,99092,1249,1052,32,1084,9
2020-11-22,Orange,059,3164182,77124,69913,2277,72190,1546
2020-11-22,Placer,061,380077,6961,5880,123,6003,66
2020-11-22,Plumas,063,18699,201,172,0,172,0
2020-11-22,Riverside,065,2383286,88819,81565,1589,83154,1409
2020-11-22,Sacramento,067,1510023,36335,33421,106,33527,555
2020-11-22,San Benito,069,59416,1808,1704,11,1715,15
2020-11-22,San Bernardino,071,2135413,92617,83505,1394,84899,1224
2020-11-22,San Diego,073,3302833,78804,71649,2811,74460,968
2020-11-22,San Francisco,075,870044,15248,14515,90,14605,153
2020-11-22,San Joaquin,077,732212,26197,24619,470,25089,517
2020-11-22,San Luis Obispo,079,281455,6269,5664,97,5761,34
2020-11-22,San Mateo,081,765935,14199,13228,14,13242,170
2020-11-22,Santa Barbara,083,443738,11391,10946,192,11138,137
2020-11-22,Santa Clara,085,1922200,34360,30633,77,30710,434
2020-11-22,Santa Cruz,087,273765,4452,3896,46,3942,25
2020-11-22,Shasta,089,179085,5134,4100,142,4242,43
2020-11-22,Sierra,091,2930,17,13,0,13,0
2020-11-22,Siskiyou,093,43540,591,411,28,439,0
2020-11-22,Solano,095,438530,10218,9363,59,9422,86
2020-11-22,Sonoma,097,501317,12127,11415,48,11463,159
2020-11-22,Stanislaus,099,539301,21515,20223,1293,21516,436
2020-11-22,Sutter,101,95872,3209,2677,10,2687,13
2020-11-22,Tehama,103,63373,1640,1457,17,1474,9
2020-11-22,Trinity,105,12862,254,114,22,136,0
2020-11-22,Tulare,107,460477,21248,19818,1218,21036,314
2020-11-22,Tuolumne,109,53932,1003,689,7,696,7
2020-11-22,Ventura,111,848112,19685,18105,605,18710,179
2020-11-22,Yolo,113,214977,4811,4206,15,4221,75
2020-11-22,Yuba,115,75493,1916,1672,9,1681,10
2020-11-21,Alameda,001,1643700,29284,27424,302,27726,444
2020-11-21,Alpine,003,1148,46,41,0,41,0
2020-11-21,Amador,005,37829,487,450,1,451,16
2020-11-21,Butte,007,227075,3989,3664,189,3853,61
2020-11-21,Calaveras,009,45235,465,434,0,434,21
2020-11-21,Colusa,011,21464,713,642,3,645,6
2020-11-21,Contra Costa,013,1133247,23768,22338,142,22480,260
2020-11-21,Del Norte,015,27424,306,271,0,271,2
2020-11-21,El Dorado,017,186661,2439,1900,33,1933,4
2020-11-21,Fresno,019,978130,41011,35973,1199,37172,482
2020-11-21,Glenn,021,27897,934,829,32,861,4
2020-11-21,Humboldt,023,135768,863,728,2,730,9
2020-11-21,Imperial,025,180216,15937,15053,36,15089,355
2020-11-21,Inyo,027,18085,293,283,5,288,15
2020-11-21,Kern,029,883053,39991,37403,1004,38407,463
2020-11-21,Kings,031,150075,10887,10019,124,10143,85
2020-11-21,Lake,033,64148,930,832,0,832,18
2020-11-21,Lassen,035,31185,1861,1211,6,1217,0
2020-11-21,Los Angeles,037,10098052,380003,357754,5275,363029,7428
2020-11-21,Madera,039,155013,6262,5706,127,5833,56
2020-11-21,Marin,041,260295,7681,7488,26,7514,134
2020-11-21,Mariposa,043,17540,124,92,1,93,2
2020-11-21,Mendocino,045,87422,1428,1282,5,1287,22
2020-11-21,Merced,047,269075,11518,10849,98,10947,169
2020-11-21,Modoc,049,8938,100,87,18,105,0
2020-11-21,Mono,051,14174,499,469,9,478,2
2020-11-21,Monterey,053,433212,14919,13886,244,14130,110
2020-11-21,Napa,055,140530,3097,2757,16,2773,17
2020-11-21,Nevada,057,99092,1237,1018,31,1049,9
2020-11-21,Orange,059,3164182,76323,69021,2247,71268,1543
2020-11-21,Placer,061,380077,6847,5778,120,5898,65
2020-11-21,Plumas,063,18699,196,172,0,172,0
2020-11-21,Riverside,065,2383286,88043,80676,1543,82219,1407
2020-11-21,Sacramento,067,1510023,35939,33133,98,33231,548
2020-11-21,San Benito,069,59416,1789,1691,11,1702,15
2020-11-21,San Bernardino,071,2135413,91742,83206,1318,84524,1222
2020-11-21,San Diego,073,3302833,78025,70711,2756,73467,966
2020-11-21,San Francisco,075,870044,15145,14445,89,14534,153
2020-11-21,San Joaquin,077,732212,26064,24620,455,25075,517
2020-11-21,San Luis Obispo,079,281455,6216,5618,94,5712,34
2020-11-21,San Mateo,081,765935,14098,13138,14,13152,170
2020-11-21,Santa Barbara,083,443738,11339,10922,189,11111,137
2020-11-21,Santa Clara,085,1922200,33976,30377,74,30451,433
2020-11-21,Santa Cruz,087,273765,4395,3898,46,3944,25
2020-11-21,Shasta,089,179085,5060,4095,139,4234,42
2020-11-21,Sierra,091,2930,17,13,0,13,0
2020-11-21,Siskiyou,093,43540,575,403,28,431,0
2020-11-21,Solano,095,438530,10128,9290,56,9346,86
2020-11-21,Sonoma,097,501317,12052,11394,47,11441,158
2020-11-21,Stanislaus,099,539301,21372,20111,1269,21380,435
2020-11-21,Sutter,101,95872,3149,2615,9,2624,13
2020-11-21,Tehama,103,63373,1620,1435,16,1451,9
2020-11-21,Trinity,105,12862,251,110,22,132,0
2020-11-21,Tulare,107,460477,21122,19752,1184,20936,313
2020-11-21,Tuolumne,109,53932,984,690,7,697,7
2020-11-21,Ventura,111,848112,19522,18040,595,18635,177
2020-11-21,Yolo,113,214977,4737,4147,14,4161,75
2020-11-21,Yuba,115,75493,1884,1643,9,1652,10
2020-11-20,Alameda,001,1643700,29070,27221,295,27516,444
2020-11-20,Alpine,003,1148,46,20,0,20,0
2020-11-20,Amador,005,37829,483,446,1,447,16
2020-11-20,Butte,007,227075,3957,3618,185,3803,60
2020-11-20,Calaveras,009,45235,455,424,0,424,21
2020-11-20,Colusa,011,21464,705,631,2,633,6
2020-11-20,Contra Costa,013,1133247,23582,22116,138,22254,260
2020-11-20,Del Norte,015,27424,302,264,0,264,2
2020-11-20,El Dorado,017,186661,2343,1868,31,1899,4
2020-11-20,Fresno,019,978130,40717,35635,1170,36805,480
2020-11-20,Glenn,021,27897,922,826,30,856,4
2020-11-20,Humboldt,023,135768,854,714,1,715,9
2020-11-20,Imperial,025,180216,15875,14864,32,14896,353
2020-11-20,Inyo,027,18085,291,262,5,267,15
2020-11-20,Kern,029,883053,39697,37143,979,38122,462
2020-11-20,Kings,031,150075,10839,9903,123,10026,85
2020-11-20,Lake,033,64148,921,820,0,820,18
2020-11-20,Lassen,035,31185,1776,1212,5,1217,0
2020-11-20,Los Angeles,037,10098052,376108,353554,5113,358667,7398
2020-11-20,Madera,039,155013,6168,5635,126,5761,54
2020-11-20,Marin,041,260295,7657,7467,25,7492,134
2020-11-20,Mariposa,043,17540,116,89,1,90,2
2020-11-20,Mendocino,045,87422,1408,1269,5,1274,22
2020-11-20,Merced,047,269075,11432,10729,98,10827,167
2020-11-20,Modoc,049,8938,100,83,18,101,0
2020-11-20,Mono,051,14174,497,469,9,478,2
2020-11-20,Monterey,053,433212,14794,13738,235,13973,110
2020-11-20,Napa,055,140530,3067,2718,16,2734,17
2020-11-20,Nevada,057,99092,1219,990,30,1020,9
2020-11-20,Orange,059,3164182,75488,68212,2210,70422,1532
2020-11-20,Placer,061,380077,6712,5687,105,5792,66
2020-11-20,Plumas,063,18699,194,163,0,163,0
2020-11-20,Riverside,065,2383286,87032,79613,1483,81096,1405
2020-11-20,Sacramento,067,1510023,35563,32832,91,32923,549
2020-11-20,San Benito,069,59416,1777,1668,11,1679,15
2020-11-20,San Bernardino,071,2135413,90373,81203,1236,82439,1220
2020-11-20,San Diego,073,3302833,77027,69233,2674,71907,960
2020-11-20,San Francisco,075,870044,15042,14327,88,14415,153
2020-11-20,San Joaquin,077,732212,25910,24460,442,24902,515
2020-11-20,San Luis Obispo,079,281455,6161,5524,91,5615,34
2020-11-20,San Mateo,081,765935,13965,12980,13,12993,169
2020-11-20,Santa Barbara,083,443738,11283,10825,183,11008,136
2020-11-20,Santa Clara,085,1922200,33555,30002,69,30071,431
2020-11-20,Santa Cruz,087,273765,4329,3815,46,3861,25
2020-11-20,Shasta,089,179085,4987,3861,134,3995,42
2020-11-20,Sierra,091,2930,17,12,0,12,0
2020-11-20,Siskiyou,093,43540,561,387,27,414,0
2020-11-20,Solano,095,438530,10036,9216,54,9270,85
2020-11-20,Sonoma,097,501317,11968,11316,46,11362,158
2020-11-20,Stanislaus,099,539301,21217,19889,1243,21132,433
2020-11-20,Sutter,101,95872,3099,2580,9,2589,13
2020-11-20,Tehama,103,63373,1604,1410,13,1423,9
2020-11-20,Trinity,105,12862,250,102,22,124,0
2020-11-20,Tulare,107,460477,20989,19568,1146,20714,311
2020-11-20,Tuolumne,109,53932,945,662,7,669,7
2020-11-20,Ventura,111,848112,19354,17741,568,18309,175
2020-11-20,Yolo,113,214977,4659,4081,13,4094,74
2020-11-20,Yuba,115,75493,1856,1611,9,1620,10
2020-11-19,Alameda,001,1643700,28725,26971,287,27258,441
2020-11-19,Alpine,003,1148,43,20,0,20,0
2020-11-19,Amador,005,37829,479,436,1,437,16
2020-11-19,Butte,007,227075,3908,3576,178,3754,60
2020-11-19,Calaveras,009,45235,444,417,0,417,21
2020-11-19,Colusa,011,21464,687,621,2,623,6
2020-11-19,Contra Costa,013,1133247,23310,21886,135,22021,259
2020-11-19,Del Norte,015,27424,294,251,0,251,2
2020-11-19,El Dorado,017,186661,2269,1825,27,1852,4
2020-11-19,Fresno,019,978130,40268,35278,1114,36392,478
2020-11-19,Glenn,021,27897,900,806,29,835,4
2020-11-19,Humboldt,023,135768,834,693,1,694,9
2020-11-19,Imperial,025,180216,15666,14507,32,14539,349
2020-11-19,Inyo,027,18085,289,262,5,267,15
2020-11-19,Kern,029,883053,39277,36779,937,37716,459
2020-11-19,Kings,031,150075,10691,9763,116,9879,85
2020-11-19,Lake,033,64148,907,809,0,809,18
2020-11-19,Lassen,035,31185,1659,1201,3,1204,0
2020-11-19,Los Angeles,037,10098052,371083,349493,4947,354440,7365
2020-11-19,Madera,039,155013,6097,5540,118,5658,54
2020-11-19,Marin,041,260295,7626,7451,25,7476,134
2020-11-19,Mariposa,043,17540,109,88,0,88,2
2020-11-19,Mendocino,045,87422,1387,1237,5,1242,23
2020-11-19,Merced,047,269075,11291,10634,92,10726,167
2020-11-19,Modoc,049,8938,97,82,18,100,0
2020-11-19,Mono,051,14174,489,468,9,477,2
2020-11-19,Monterey,053,433212,14580,13369,224,13593,108
2020-11-19,Napa,055,140530,3013,2641,16,2657,17
2020-11-19,Nevada,057,99092,1178,945,29,974,9
2020-11-19,Orange,059,3164182,74224,66998,2167,69165,1530
2020-11-19,Placer,061,380077,6521,5612,104,5716,65
2020-11-19,Plumas,063,18699,189,158,0,158,0
2020-11-19,Riverside,065,2383286,85549,78535,1412,79947,1402
2020-11-19,Sacramento,067,1510023,35049,32367,89,32456,546
2020-11-19,San Benito,069,59416,1754,1643,11,1654,15
2020-11-19,San Bernardino,071,2135413,88475,79244,1158,80402,1215
2020-11-19,San Diego,073,3302833,75777,68142,2570,70712,952
2020-11-19,San Francisco,075,870044,14885,14178,82,14260,153
2020-11-19,San Joaquin,077,732212,25591,24270,432,24702,516
2020-11-19,San Luis Obispo,079,281455,6084,5410,87,5497,34
2020-11-19,San Mateo,081,765935,13827,12714,13,12727,169
2020-11-19,Santa Barbara,083,443738,11203,10741,180,10921,136
2020-11-19,Santa Clara,085,1922200,32998,29630,68,29698,424
2020-11-19,Santa Cruz,087,273765,4239,3679,44,3723,25
2020-11-19,Shasta,089,179085,4849,3685,124,3809,42
2020-11-19,Sierra,091,2930,17,11,0,11,0
2020-11-19,Siskiyou,093,43540,536,360,26,386,0
2020-11-19,Solano,095,438530,9899,9093,50,9143,84
2020-11-19,Sonoma,097,501317,11798,11205,44,11249,156
2020-11-19,Stanislaus,099,539301,20976,19736,1201,20937,433
2020-11-19,Sutter,101,95872,3000,2509,9,2518,13
2020-11-19,Tehama,103,63373,1570,1373,10,1383,9
2020-11-19,Trinity,105,12862,244,97,22,119,0
2020-11-19,Tulare,107,460477,20767,19384,1083,20467,304
2020-11-19,Tuolumne,109,53932,913,602,7,609,7
2020-11-19,Ventura,111,848112,19001,17300,555,17855,174
2020-11-19,Yolo,113,214977,4565,3973,13,3986,72
2020-11-19,Yuba,115,75493,1816,1568,9,1577,10
2020-11-18,Alameda,001,1643700,28461,26610,282,26892,440
2020-11-18,Alpine,003,1148,42,16,0,16,0
2020-11-18,Amador,005,37829,474,430,1,431,16
2020-11-18,Butte,007,227075,3855,3537,165,3702,59
2020-11-18,Calaveras,009,45235,438,409,0,409,21
2020-11-18,Colusa,011,21464,674,611,2,613,6
2020-11-18,Contra Costa,013,1133247,23045,21685,132,21817,258
2020-11-18,Del Norte,015,27424,281,240,0,240,2
2020-11-18,El Dorado,017,186661,2181,1799,26,1825,4
2020-11-18,Fresno,019,978130,39829,34997,1065,36062,474
2020-11-18,Glenn,021,27897,883,803,27,830,4
2020-11-18,Humboldt,023,135768,820,690,1,691,9
2020-11-18,Imperial,025,180216,15443,14428,32,14460,348
2020-11-18,Inyo,027,18085,287,262,5,267,15
2020-11-18,Kern,029,883053,38888,36537,888,37425,456
2020-11-18,Kings,031,150075,10543,9696,113,9809,85
2020-11-18,Lake,033,64148,894,802,0,802,18
2020-11-18,Lassen,035,31185,1559,1124,3,1127,0
2020-11-18,Los Angeles,037,10098052,366208,344675,4767,349442,7338
2020-11-18,Madera,039,155013,6010,5519,106,5625,54
2020-11-18,Marin,041,260295,7602,7435,25,7460,134
2020-11-18,Mariposa,043,17540,106,88,0,88,2
2020-11-18,Mendocino,045,87422,1367,1237,5,1242,23
2020-11-18,Merced,047,269075,11175,10536,91,10627,166
2020-11-18,Modoc,049,8938,94,77,18,95,0
2020-11-18,Mono,051,14174,484,468,9,477,2
2020-11-18,Monterey,053,433212,14385,13340,210,13550,108
2020-11-18,Napa,055,140530,2967,2607,16,2623,17
2020-11-18,Nevada,057,99092,1138,933,27,960,9
2020-11-18,Orange,059,3164182,73130,66381,2142,68523,1521
2020-11-18,Placer,061,380077,6343,5543,99,5642,64
2020-11-18,Plumas,063,18699,184,143,0,143,0
2020-11-18,Riverside,065,2383286,84085,77739,1311,79050,1387
2020-11-18,Sacramento,067,1510023,34424,31816,81,31897,541
2020-11-18,San Benito,069,59416,1729,1632,10,1642,15
2020-11-18,San Bernardino,071,2135413,86716,77400,1078,78478,1206
2020-11-18,San Diego,073,3302833,74483,67243,2510,69753,945
2020-11-18,San Francisco,075,870044,14741,14057,80,14137,153
2020-11-18,San Joaquin,077,732212,25328,24146,418,24564,517
2020-11-18,San Luis Obispo,079,281455,6008,5322,86,5408,34
2020-11-18,San Mateo,081,765935,13674,12631,12,12643,169
2020-11-18,Santa Barbara,083,443738,11124,10684,173,10857,136
2020-11-18,Santa Clara,085,1922200,32532,29285,64,29349,421
2020-11-18,Santa Cruz,087,273765,4149,3618,42,3660,25
2020-11-18,Shasta,089,179085,4715,3547,120,3667,42
2020-11-18,Sierra,091,2930,17,11,0,11,0
2020-11-18,Siskiyou,093,43540,504,351,25,376,0
2020-11-18,Solano,095,438530,9767,8994,48,9042,84
2020-11-18,Sonoma,097,501317,11691,11129,41,11170,155
2020-11-18,Stanislaus,099,539301,20734,19609,1177,20786,431
2020-11-18,Sutter,101,95872,2882,2442,9,2451,13
2020-11-18,Tehama,103,63373,1531,1338,10,1348,8
2020-11-18,Trinity,105,12862,230,95,21,116,0
2020-11-18,Tulare,107,460477,20557,19286,1032,20318,306
2020-11-18,Tuolumne,109,53932,878,590,7,597,7
2020-11-18,Ventura,111,848112,18676,17169,540,17709,173
2020-11-18,Yolo,113,214977,4491,3929,13,3942,71
2020-11-18,Yuba,115,75493,1762,1540,9,1549,10
2020-11-17,Alameda,001,1643700,28135,26425,272,26697,439
2020-11-17,Alpine,003,1148,40,12,0,12,0
2020-11-17,Amador,005,37829,463,423,1,424,16
2020-11-17,Butte,007,227075,3813,3500,155,3655,59
2020-11-17,Calaveras,009,45235,421,405,0,405,21
2020-11-17,Colusa,011,21464,663,606,1,607,6
2020-11-17,Contra Costa,013,1133247,22773,21557,127,21684,256
2020-11-17,Del Norte,015,27424,275,233,0,233,2
2020-11-17,El Dorado,017,186661,2122,1758,26,1784,4
2020-11-17,Fresno,019,978130,39231,34765,1006,35771,472
2020-11-17,Glenn,021,27897,872,795,26,821,4
2020-11-17,Humboldt,023,135768,798,685,1,686,9
2020-11-17,Imperial,025,180216,15206,14204,30,14234,346
2020-11-17,Inyo,027,18085,286,263,5,268,15
2020-11-17,Kern,029,883053,38439,36164,835,36999,455
2020-11-17,Kings,031,150075,10470,9653,106,9759,85
2020-11-17,Lake,033,64148,874,792,0,792,18
2020-11-17,Lassen,035,31185,1480,1124,3,1127,0
2020-11-17,Los Angeles,037,10098052,361258,340933,4607,345540,7302
2020-11-17,Madera,039,155013,5921,5485,99,5584,54
2020-11-17,Marin,041,260295,7570,7404,24,7428,134
2020-11-17,Mariposa,043,17540,103,87,0,87,2
2020-11-17,Mendocino,045,87422,1346,1216,5,1221,23
2020-11-17,Merced,047,269075,11031,10457,85,10542,162
2020-11-17,Modoc,049,8938,88,71,17,88,0
2020-11-17,Mono,051,14174,479,459,9,468,2
2020-11-17,Monterey,053,433212,14156,13220,200,13420,108
2020-11-17,Napa,055,140530,2913,2568,16,2584,17
2020-11-17,Nevada,057,99092,1097,918,26,944,9
2020-11-17,Orange,059,3164182,71979,65757,2115,67872,1519
2020-11-17,Placer,061,380077,6181,5435,93,5528,63
2020-11-17,Plumas,063,18699,176,142,0,142,0
2020-11-17,Riverside,065,2383286,82699,77079,1220,78299,1379
2020-11-17,Sacramento,067,1510023,33825,31341,77,31418,538
2020-11-17,San Benito,069,59416,1713,1611,4,1615,15
2020-11-17,San Bernardino,071,2135413,84906,76134,989,77123,1188
2020-11-17,San Diego,073,3302833,73230,66321,2454,68775,933
2020-11-17,San Francisco,075,870044,14575,13952,79,14031,153
2020-11-17,San Joaquin,077,732212,25055,23997,398,24395,516
2020-11-17,San Luis Obispo,079,281455,5912,5235,86,5321,34
2020-11-17,San Mateo,081,765935,13513,12491,11,12502,169
2020-11-17,Santa Barbara,083,443738,11039,10597,168,10765,136
2020-11-17,Santa Clara,085,1922200,31985,29013,63,29076,419
2020-11-17,Santa Cruz,087,273765,4063,3548,39,3587,25
2020-11-17,Shasta,089,179085,4557,3457,108,3565,40
2020-11-17,Sierra,091,2930,15,11,0,11,0
2020-11-17,Siskiyou,093,43540,456,333,24,357,0
2020-11-17,Solano,095,438530,9622,8905,47,8952,84
2020-11-17,Sonoma,097,501317,11557,11084,40,11124,155
2020-11-17,Stanislaus,099,539301,20510,19466,1150,20616,425
2020-11-17,Sutter,101,95872,2799,2370,8,2378,12
2020-11-17,Tehama,103,63373,1481,1290,10,1300,7
2020-11-17,Trinity,105,12862,213,83,21,104,0
2020-11-17,Tulare,107,460477,20327,19176,971,20147,305
2020-11-17,Tuolumne,109,53932,840,568,7,575,7
2020-11-17,Ventura,111,848112,18404,16797,522,17319,173
2020-11-17,Yolo,113,214977,4313,3887,12,3899,70
2020-11-17,Yuba,115,75493,1714,1519,9,1528,10
2020-11-16,Alameda,001,1643700,27788,26063,267,26330,436
2020-11-16,Alpine,003,1148,37,12,0,12,0
2020-11-16,Amador,005,37829,455,414,1,415,16
2020-11-16,Butte,007,227075,3774,3490,147,3637,58
2020-11-16,Calaveras,009,45235,413,402,0,402,21
2020-11-16,Colusa,011,21464,654,601,1,602,6
2020-11-16,Contra Costa,013,1133247,22505,21386,122,21508,256
2020-11-16,Del Norte,015,27424,268,225,0,225,2
2020-11-16,El Dorado,017,186661,2062,1694,24,1718,4
2020-11-16,Fresno,019,978130,38742,34593,954,35547,471
2020-11-16,Glenn,021,27897,860,786,25,811,4
2020-11-16,Humboldt,023,135768,782,660,1,661,9
2020-11-16,Imperial,025,180216,14958,14111,30,14141,346
2020-11-16,Inyo,027,18085,283,263,5,268,15
2020-11-16,Kern,029,883053,38045,36049,792,36841,455
2020-11-16,Kings,031,150075,10203,9569,102,9671,85
2020-11-16,Lake,033,64148,862,784,0,784,18
2020-11-16,Lassen,035,31185,1299,1124,3,1127,0
2020-11-16,Los Angeles,037,10098052,356505,338778,4436,343214,7277
2020-11-16,Madera,039,155013,5834,5433,93,5526,54
2020-11-16,Marin,041,260295,7541,7359,24,7383,134
2020-11-16,Mariposa,043,17540,100,86,0,86,2
2020-11-16,Mendocino,045,87422,1321,1209,5,1214,23
2020-11-16,Merced,047,269075,10893,10399,82,10481,162
2020-11-16,Modoc,049,8938,86,71,17,88,0
2020-11-16,Mono,051,14174,477,453,9,462,2
2020-11-16,Monterey,053,433212,13910,13089,190,13279,107
2020-11-16,Napa,055,140530,2837,2536,16,2552,17
2020-11-16,Nevada,057,99092,1054,889,24,913,9
2020-11-16,Orange,059,3164182,70882,65396,2101,67497,1519
2020-11-16,Placer,061,380077,6062,5387,85,5472,63
2020-11-16,Plumas,063,18699,169,127,0,127,0
2020-11-16,Riverside,065,2383286,81326,76449,1156,77605,1379
2020-11-16,Sacramento,067,1510023,33187,30954,70,31024,534
2020-11-16,San Benito,069,59416,1695,1603,3,1606,15
2020-11-16,San Bernardino,071,2135413,83079,74401,923,75324,1186
2020-11-16,San Diego,073,3302833,71919,65603,2382,67985,926
2020-11-16,San Francisco,075,870044,14416,13847,76,13923,153
2020-11-16,San Joaquin,077,732212,24767,23515,388,23903,513
2020-11-16,San Luis Obispo,079,281455,5809,5161,82,5243,34
2020-11-16,San Mateo,081,765935,13353,12398,11,12409,169
2020-11-16,Santa Barbara,083,443738,10974,10565,164,10729,135
2020-11-16,Santa Clara,085,1922200,31420,28673,62,28735,419
2020-11-16,Santa Cruz,087,273765,3990,3520,39,3559,25
2020-11-16,Shasta,089,179085,4409,3284,103,3387,37
2020-11-16,Sierra,091,2930,15,11,0,11,0
2020-11-16,Siskiyou,093,43540,429,294,24,318,0
2020-11-16,Solano,095,438530,9423,8827,47,8874,84
2020-11-16,Sonoma,097,501317,11466,10961,39,11000,155
2020-11-16,Stanislaus,099,539301,20274,19333,1123,20456,425
2020-11-16,Sutter,101,95872,2693,2322,8,2330,12
2020-11-16,Tehama,103,63373,1435,1261,7,1268,7
2020-11-16,Trinity,105,12862,201,67,21,88,0
2020-11-16,Tulare,107,460477,20148,18891,918,19809,305
2020-11-16,Tuolumne,109,53932,804,543,7,550,7
2020-11-16,Ventura,111,848112,18066,16691,514,17205,172
2020-11-16,Yolo,113,214977,4218,3858,12,3870,70
2020-11-16,Yuba,115,75493,1678,1500,8,1508,10
2020-11-15,Alameda,001,1643700,27470,25879,262,26141,436
2020-11-15,Alpine,003,1148,35,12,0,12,0
2020-11-15,Amador,005,37829,443,409,1,410,16
2020-11-15,Butte,007,227075,3720,3452,138,3590,58
2020-11-15,Calaveras,009,45235,398,386,0,386,21
2020-11-15,Colusa,011,21464,645,601,1,602,6
2020-11-15,Contra Costa,013,1133247,22205,21179,121,21300,256
2020-11-15,Del Norte,015,27424,254,224,0,224,2
2020-11-15,El Dorado,017,186661,2000,1683,23,1706,4
2020-11-15,Fresno,019,978130,38229,34297,916,35213,471
2020-11-15,Glenn,021,27897,848,783,24,807,4
2020-11-15,Humboldt,023,135768,754,653,1,654,9
2020-11-15,Imperial,025,180216,14721,13940,30,13970,346
2020-11-15,Inyo,027,18085,273,263,5,268,15
2020-11-15,Kern,029,883053,37639,35911,757,36668,455
2020-11-15,Kings,031,150075,10010,9533,99,9632,85
2020-11-15,Lake,033,64148,853,777,0,777,17
2020-11-15,Lassen,035,31185,1252,1124,3,1127,0
2020-11-15,Los Angeles,037,10098052,351458,336035,4267,340302,7271
2020-11-15,Madera,039,155013,5737,5391,87,5478,54
2020-11-15,Marin,041,260295,7515,7347,24,7371,133
2020-11-15,Mariposa,043,17540,97,86,0,86,2
2020-11-15,Mendocino,045,87422,1302,1197,5,1202,22
2020-11-15,Merced,047,269075,10760,10350,82,10432,162
2020-11-15,Modoc,049,8938,85,68,17,85,0
2020-11-15,Mono,051,14174,475,453,9,462,2
2020-11-15,Monterey,053,433212,13714,12999,177,13176,107
2020-11-15,Napa,055,140530,2778,2509,14,2523,17
2020-11-15,Nevada,057,99092,999,859,24,883,9
2020-11-15,Orange,059,3164182,69839,65008,2085,67093,1519
2020-11-15,Placer,061,380077,5907,5330,77,5407,63
2020-11-15,Plumas,063,18699,163,127,0,127,0
2020-11-15,Riverside,065,2383286,80004,75531,1098,76629,1374
2020-11-15,Sacramento,067,1510023,32561,30601,65,30666,534
2020-11-15,San Benito,069,59416,1670,1589,2,1591,15
2020-11-15,San Bernardino,071,2135413,80930,73769,848,74617,1185
2020-11-15,San Diego,073,3302833,70418,64770,2325,67095,926
2020-11-15,San Francisco,075,870044,14241,13757,75,13832,153
2020-11-15,San Joaquin,077,732212,24558,23516,373,23889,513
2020-11-15,San Luis Obispo,079,281455,5688,5120,80,5200,34
2020-11-15,San Mateo,081,765935,13176,12348,11,12359,169
2020-11-15,Santa Barbara,083,443738,10879,10516,162,10678,135
2020-11-15,Santa Clara,085,1922200,30966,28289,61,28350,418
2020-11-15,Santa Cruz,087,273765,3851,3439,38,3477,25
2020-11-15,Shasta,089,179085,4236,3290,94,3384,37
2020-11-15,Sierra,091,2930,15,11,0,11,0
2020-11-15,Siskiyou,093,43540,410,294,24,318,0
2020-11-15,Solano,095,438530,9262,8713,44,8757,84
2020-11-15,Sonoma,097,501317,11348,10833,38,10871,154
2020-11-15,Stanislaus,099,539301,20002,19228,1098,20326,425
2020-11-15,Sutter,101,95872,2603,2230,8,2238,12
2020-11-15,Tehama,103,63373,1384,1222,6,1228,7
2020-11-15,Trinity,105,12862,191,67,19,86,0
2020-11-15,Tulare,107,460477,19931,18891,866,19757,305
2020-11-15,Tuolumne,109,53932,762,486,7,493,7
2020-11-15,Ventura,111,848112,17792,16564,506,17070,172
2020-11-15,Yolo,113,214977,4115,3819,12,3831,67
2020-11-15,Yuba,115,75493,1637,1470,7,1477,10
2020-11-14,Alameda,001,1643700,27203,25714,260,25974,435
2020-11-14,Alpine,003,1148,35,12,0,12,0
2020-11-14,Amador,005,37829,434,404,0,404,16
2020-11-14,Butte,007,227075,3684,3434,124,3558,58
2020-11-14,Calaveras,009,45235,397,386,0,386,21
2020-11-14,Colusa,011,21464,633,601,1,602,6
2020-11-14,Contra Costa,013,1133247,22066,20975,114,21089,256
2020-11-14,Del Norte,015,27424,247,219,0,219,2
2020-11-14,El Dorado,017,186661,1956,1648,23,1671,4
2020-11-14,Fresno,019,978130,37979,33969,880,34849,471
2020-11-14,Glenn,021,27897,839,772,21,793,3
2020-11-14,Humboldt,023,135768,739,643,1,644,9
2020-11-14,Imperial,025,180216,14628,13932,29,13961,346
2020-11-14,Inyo,027,18085,272,263,5,268,15
2020-11-14,Kern,029,883053,37429,35626,738,36364,454
2020-11-14,Kings,031,150075,9975,9490,96,9586,85
2020-11-14,Lake,033,64148,844,773,0,773,17
2020-11-14,Lassen,035,31185,1238,833,3,836,0
2020-11-14,Los Angeles,037,10098052,348752,333021,4158,337179,7269
2020-11-14,Madera,039,155013,5707,5371,85,5456,54
2020-11-14,Marin,041,260295,7499,7325,24,7349,133
2020-11-14,Mariposa,043,17540,96,86,0,86,2
2020-11-14,Mendocino,045,87422,1286,1181,5,1186,22
2020-11-14,Merced,047,269075,10704,10286,80,10366,161
2020-11-14,Modoc,049,8938,84,64,16,80,0
2020-11-14,Mono,051,14174,475,453,9,462,2
2020-11-14,Monterey,053,433212,13618,12854,167,13021,105
2020-11-14,Napa,055,140530,2744,2473,14,2487,17
2020-11-14,Nevada,057,99092,983,835,24,859,9
2020-11-14,Orange,059,3164182,69218,64340,2074,66414,1517
2020-11-14,Placer,061,380077,5831,5215,71,5286,63
2020-11-14,Plumas,063,18699,158,128,0,128,0
2020-11-14,Riverside,065,2383286,79264,74910,1059,75969,1373
2020-11-14,Sacramento,067,1510023,32236,30298,65,30363,532
2020-11-14,San Benito,069,59416,1655,1573,2,1575,15
2020-11-14,San Bernardino,071,2135413,79996,72868,818,73686,1184
2020-11-14,San Diego,073,3302833,69653,63715,2273,65988,926
2020-11-14,San Francisco,075,870044,14153,13661,74,13735,153
2020-11-14,San Joaquin,077,732212,24466,23516,366,23882,511
2020-11-14,San Luis Obispo,079,281455,5625,5073,75,5148,34
2020-11-14,San Mateo,081,765935,13068,12293,11,12304,169
2020-11-14,Santa Barbara,083,443738,10825,10482,160,10642,135
2020-11-14,Santa Clara,085,1922200,30680,27962,59,28021,416
2020-11-14,Santa Cruz,087,273765,3796,3402,38,3440,25
2020-11-14,Shasta,089,179085,4155,3195,92,3287,37
2020-11-14,Sierra,091,2930,15,11,0,11,0
2020-11-14,Siskiyou,093,43540,397,292,24,316,0
2020-11-14,Solano,095,438530,9182,8655,44,8699,84
2020-11-14,Sonoma,097,501317,11295,10769,38,10807,154
2020-11-14,Stanislaus,099,539301,19859,19068,1076,20144,424
2020-11-14,Sutter,101,95872,2558,2182,8,2190,12
2020-11-14,Tehama,103,63373,1363,1206,5,1211,7
2020-11-14,Trinity,105,12862,186,67,19,86,0
2020-11-14,Tulare,107,460477,19836,18853,838,19691,305
2020-11-14,Tuolumne,109,53932,734,448,7,455,7
2020-11-14,Ventura,111,848112,17646,16297,495,16792,172
2020-11-14,Yolo,113,214977,4072,3765,10,3775,65
2020-11-14,Yuba,115,75493,1608,1453,7,1460,10
2020-11-13,Alameda,001,1643700,26987,25515,255,25770,434
2020-11-13,Alpine,003,1148,35,12,0,12,0
2020-11-13,Amador,005,37829,431,397,0,397,16
2020-11-13,Butte,007,227075,3660,3402,115,3517,58
2020-11-13,Calaveras,009,45235,393,378,0,378,21
2020-11-13,Colusa,011,21464,625,598,1,599,6
2020-11-13,Contra Costa,013,1133247,21893,20799,114,20913,256
2020-11-13,Del Norte,015,27424,244,208,0,208,2
2020-11-13,El Dorado,017,186661,1911,1611,22,1633,4
2020-11-13,Fresno,019,978130,37733,33693,866,34559,470
2020-11-13,Glenn,021,27897,825,755,17,772,3
2020-11-13,Humboldt,023,135768,724,638,1,639,9
2020-11-13,Imperial,025,180216,14558,13790,28,13818,341
2020-11-13,Inyo,027,18085,271,262,5,267,15
2020-11-13,Kern,029,883053,37227,35431,721,36152,453
2020-11-13,Kings,031,150075,9916,9428,95,9523,85
2020-11-13,Lake,033,64148,838,770,0,770,17
2020-11-13,Lassen,035,31185,1229,832,3,835,0
2020-11-13,Los Angeles,037,10098052,345625,329364,4054,333418,7248
2020-11-13,Madera,039,155013,5667,5340,84,5424,54
2020-11-13,Marin,041,260295,7486,7307,23,7330,133
2020-11-13,Mariposa,043,17540,94,86,0,86,2
2020-11-13,Mendocino,045,87422,1274,1173,5,1178,22
2020-11-13,Merced,047,269075,10648,10185,77,10262,159
2020-11-13,Modoc,049,8938,84,63,14,77,0
2020-11-13,Mono,051,14174,475,448,8,456,2
2020-11-13,Monterey,053,433212,13423,12681,155,12836,104
2020-11-13,Napa,055,140530,2705,2440,14,2454,17
2020-11-13,Nevada,057,99092,964,798,24,822,9
2020-11-13,Orange,059,3164182,68620,63804,2054,65858,1514
2020-11-13,Placer,061,380077,5726,5122,65,5187,63
2020-11-13,Plumas,063,18699,152,125,0,125,0
2020-11-13,Riverside,065,2383286,78526,74138,1030,75168,1372
2020-11-13,Sacramento,067,1510023,31918,29787,60,29847,524
2020-11-13,San Benito,069,59416,1643,1553,1,1554,15
2020-11-13,San Bernardino,071,2135413,78947,71895,797,72692,1184
2020-11-13,San Diego,073,3302833,68806,62978,2235,65213,921
2020-11-13,San Francisco,075,870044,14060,13516,72,13588,146
2020-11-13,San Joaquin,077,732212,24371,23314,360,23674,510
2020-11-13,San Luis Obispo,079,281455,5558,4960,72,5032,34
2020-11-13,San Mateo,081,765935,12975,12182,11,12193,169
2020-11-13,Santa Barbara,083,443738,10773,10405,158,10563,134
2020-11-13,Santa Clara,085,1922200,30352,27609,57,27666,415
2020-11-13,Santa Cruz,087,273765,3722,3343,38,3381,25
2020-11-13,Shasta,089,179085,4071,2983,88,3071,37
2020-11-13,Sierra,091,2930,15,11,0,11,0
2020-11-13,Siskiyou,093,43540,392,280,23,303,0
2020-11-13,Solano,095,438530,9091,8525,44,8569,84
2020-11-13,Sonoma,097,501317,11234,10685,36,10721,151
2020-11-13,Stanislaus,099,539301,19734,18936,1049,19985,422
2020-11-13,Sutter,101,95872,2512,2121,7,2128,12
2020-11-13,Tehama,103,63373,1336,1167,5,1172,7
2020-11-13,Trinity,105,12862,184,64,19,83,0
2020-11-13,Tulare,107,460477,19712,18714,798,19512,305
2020-11-13,Tuolumne,109,53932,701,427,7,434,7
2020-11-13,Ventura,111,848112,17500,16172,481,16653,171
2020-11-13,Yolo,113,214977,4021,3716,10,3726,65
2020-11-13,Yuba,115,75493,1581,1435,7,1442,10
2020-11-12,Alameda,001,1643700,26720,25345,255,25600,432
2020-11-12,Alpine,003,1148,34,12,0,12,0
2020-11-12,Amador,005,37829,430,392,0,392,16
2020-11-12,Butte,007,227075,3611,3347,112,3459,58
2020-11-12,Calaveras,009,45235,388,373,0,373,21
2020-11-12,Colusa,011,21464,620,591,1,592,6
2020-11-12,Contra Costa,013,1133247,21686,20619,112,20731,255
2020-11-12,Del Norte,015,27424,237,203,0,203,2
2020-11-12,El Dorado,017,186661,1865,1573,18,1591,4
2020-11-12,Fresno,019,978130,37384,33459,825,34284,468
2020-11-12,Glenn,021,27897,806,727,17,744,3
2020-11-12,Humboldt,023,135768,711,625,1,626,9
2020-11-12,Imperial,025,180216,14393,13619,28,13647,341
2020-11-12,Inyo,027,18085,270,255,5,260,15
2020-11-12,Kern,029,883053,36963,35207,707,35914,451
2020-11-12,Kings,031,150075,9849,9335,94,9429,85
2020-11-12,Lake,033,64148,829,764,0,764,17
2020-11-12,Lassen,035,31185,1160,832,2,834,0
2020-11-12,Los Angeles,037,10098052,341883,327001,3954,330955,7223
2020-11-12,Madera,039,155013,5632,5273,80,5353,54
2020-11-12,Marin,041,260295,7457,7268,23,7291,133
2020-11-12,Mariposa,043,17540,92,84,0,84,2
2020-11-12,Mendocino,045,87422,1255,1142,5,1147,22
2020-11-12,Merced,047,269075,10534,10107,74,10181,158
2020-11-12,Modoc,049,8938,84,63,14,77,0
2020-11-12,Mono,051,14174,474,442,8,450,2
2020-11-12,Monterey,053,433212,13302,12489,141,12630,100
2020-11-12,Napa,055,140530,2643,2398,14,2412,16
2020-11-12,Nevada,057,99092,942,780,23,803,9
2020-11-12,Orange,059,3164182,67875,63232,2035,65267,1514
2020-11-12,Placer,061,380077,5616,5044,56,5100,62
2020-11-12,Plumas,063,18699,148,121,0,121,0
2020-11-12,Riverside,065,2383286,77595,73381,987,74368,1362
2020-11-12,Sacramento,067,1510023,31427,29459,52,29511,520
2020-11-12,San Benito,069,59416,1623,1525,1,1526,15
2020-11-12,San Bernardino,071,2135413,77581,70758,758,71516,1183
2020-11-12,San Diego,073,3302833,67826,62336,2184,64520,918
2020-11-12,San Francisco,075,870044,13962,13289,71,13360,146
2020-11-12,San Joaquin,077,732212,24178,23002,339,23341,509
2020-11-12,San Luis Obispo,079,281455,5494,4898,71,4969,33
2020-11-12,San Mateo,081,765935,12850,12086,10,12096,169
2020-11-12,Santa Barbara,083,443738,10711,10325,153,10478,134
2020-11-12,Santa Clara,085,1922200,29976,27261,56,27317,414
2020-11-12,Santa Cruz,087,273765,3639,3317,36,3353,25
2020-11-12,Shasta,089,179085,3934,2825,77,2902,37
2020-11-12,Sierra,091,2930,15,11,0,11,0
2020-11-12,Siskiyou,093,43540,375,275,19,294,0
2020-11-12,Solano,095,438530,8991,8417,43,8460,85
2020-11-12,Sonoma,097,501317,11132,10602,35,10637,151
2020-11-12,Stanislaus,099,539301,19565,18787,1020,19807,422
2020-11-12,Sutter,101,95872,2429,2075,6,2081,12
2020-11-12,Tehama,103,63373,1309,1117,5,1122,7
2020-11-12,Trinity,105,12862,176,62,18,80,0
2020-11-12,Tulare,107,460477,19600,18545,760,19305,305
2020-11-12,Tuolumne,109,53932,662,353,7,360,7
2020-11-12,Ventura,111,848112,17250,16013,475,16488,158
2020-11-12,Yolo,113,214977,3977,3646,10,3656,63
2020-11-12,Yuba,115,75493,1546,1410,7,1417,10
2020-11-11,Alameda,001,1643700,26476,25140,253,25393,429
2020-11-11,Alpine,003,1148,29,12,0,12,0
2020-11-11,Amador,005,37829,423,389,0,389,16
2020-11-11,Butte,007,227075,3585,3348,99,3447,58
2020-11-11,Calaveras,009,45235,378,373,0,373,21
2020-11-11,Colusa,011,21464,614,591,1,592,6
2020-11-11,Contra Costa,013,1133247,21469,20452,110,20562,255
2020-11-11,Del Norte,015,27424,230,203,0,203,2
2020-11-11,El Dorado,017,186661,1819,1564,17,1581,4
2020-11-11,Fresno,019,978130,37065,33287,790,34077,468
2020-11-11,Glenn,021,27897,790,722,16,738,3
2020-11-11,Humboldt,023,135768,697,623,1,624,9
2020-11-11,Imperial,025,180216,14223,13623,26,13649,340
2020-11-11,Inyo,027,18085,268,255,5,260,15
2020-11-11,Kern,029,883053,36688,35014,690,35704,449
2020-11-11,Kings,031,150075,9743,9263,91,9354,85
2020-11-11,Lake,033,64148,819,763,0,763,17
2020-11-11,Lassen,035,31185,1135,831,2,833,0
2020-11-11,Los Angeles,037,10098052,338516,324567,3871,328438,7220
2020-11-11,Madera,039,155013,5597,5248,79,5327,54
2020-11-11,Marin,041,260295,7434,7268,23,7291,133
2020-11-11,Mariposa,043,17540,92,84,0,84,2
2020-11-11,Mendocino,045,87422,1243,1142,5,1147,22
2020-11-11,Merced,047,269075,10463,10074,72,10146,157
2020-11-11,Modoc,049,8938,80,62,13,75,0
2020-11-11,Mono,051,14174,472,443,8,451,2
2020-11-11,Monterey,053,433212,13159,12417,137,12554,100
2020-11-11,Napa,055,140530,2594,2365,12,2377,15
2020-11-11,Nevada,057,99092,900,741,23,764,9
2020-11-11,Orange,059,3164182,67235,62929,2011,64940,1506
2020-11-11,Placer,061,380077,5532,4981,48,5029,60
2020-11-11,Plumas,063,18699,146,111,0,111,0
2020-11-11,Riverside,065,2383286,76693,72953,941,73894,1361
2020-11-11,Sacramento,067,1510023,30970,28968,50,29018,520
2020-11-11,San Benito,069,59416,1609,1512,1,1513,15
2020-11-11,San Bernardino,071,2135413,76295,70374,732,71106,1182
2020-11-11,San Diego,073,3302833,66891,61746,2123,63869,918
2020-11-11,San Francisco,075,870044,13855,13287,70,13357,146
2020-11-11,San Joaquin,077,732212,24018,23001,334,23335,509
2020-11-11,San Luis Obispo,079,281455,5419,4832,68,4900,33
2020-11-11,San Mateo,081,765935,12736,12008,10,12018,169
2020-11-11,Santa Barbara,083,443738,10645,10278,153,10431,134
2020-11-11,Santa Clara,085,1922200,29624,27075,55,27130,413
2020-11-11,Santa Cruz,087,273765,3571,3247,36,3283,25
2020-11-11,Shasta,089,179085,3810,2766,67,2833,36
2020-11-11,Sierra,091,2930,13,11,0,11,0
2020-11-11,Siskiyou,093,43540,344,261,16,277,0
2020-11-11,Solano,095,438530,8873,8353,41,8394,85
2020-11-11,Sonoma,097,501317,11058,10498,35,10533,150
2020-11-11,Stanislaus,099,539301,19428,18671,990,19661,422
2020-11-11,Sutter,101,95872,2381,2049,5,2054,12
2020-11-11,Tehama,103,63373,1267,1105,4,1109,7
2020-11-11,Trinity,105,12862,165,62,18,80,0
2020-11-11,Tulare,107,460477,19469,18500,730,19230,305
2020-11-11,Tuolumne,109,53932,606,354,6,360,7
2020-11-11,Ventura,111,848112,17035,15801,462,16263,158
2020-11-11,Yolo,113,214977,3926,3606,10,3616,63
2020-11-11,Yuba,115,75493,1531,1400,7,1407,10
2020-11-10,Alameda,001,1643700,26246,25008,250,25258,424
2020-11-10,Alpine,003,1148,29,9,0,9,0
2020-11-10,Amador,005,37829,417,384,0,384,16
2020-11-10,Butte,007,227075,3549,3327,95,3422,58
2020-11-10,Calaveras,009,45235,373,367,0,367,21
2020-11-10,Colusa,011,21464,606,590,1,591,6
2020-11-10,Contra Costa,013,1133247,21262,20326,108,20434,255
2020-11-10,Del Norte,015,27424,224,196,0,196,2
2020-11-10,El Dorado,017,186661,1759,1551,17,1568,4
2020-11-10,Fresno,019,978130,36795,33024,754,33778,465
2020-11-10,Glenn,021,27897,782,719,12,731,3
2020-11-10,Humboldt,023,135768,680,610,1,611,9
2020-11-10,Imperial,025,180216,14093,13570,26,13596,338
2020-11-10,Inyo,027,18085,267,252,5,257,14
2020-11-10,Kern,029,883053,36412,34858,671,35529,448
2020-11-10,Kings,031,150075,9696,9236,84,9320,85
2020-11-10,Lake,033,64148,809,762,0,762,16
2020-11-10,Lassen,035,31185,1120,830,2,832,0
2020-11-10,Los Angeles,037,10098052,335268,322569,3756,326325,7205
2020-11-10,Madera,039,155013,5555,5229,73,5302,54
2020-11-10,Marin,041,260295,7415,7259,23,7282,133
2020-11-10,Mariposa,043,17540,90,84,0,84,2
2020-11-10,Mendocino,045,87422,1235,1137,5,1142,22
2020-11-10,Merced,047,269075,10401,9992,66,10058,157
2020-11-10,Modoc,049,8938,78,61,13,74,0
2020-11-10,Mono,051,14174,470,443,8,451,2
2020-11-10,Monterey,053,433212,13024,12335,129,12464,100
2020-11-10,Napa,055,140530,2556,2341,10,2351,15
2020-11-10,Nevada,057,99092,884,734,23,757,9
2020-11-10,Orange,059,3164182,66685,62597,2001,64598,1504
2020-11-10,Placer,061,380077,5452,4902,47,4949,60
2020-11-10,Plumas,063,18699,142,108,0,108,0
2020-11-10,Riverside,065,2383286,76051,72316,916,73232,1359
2020-11-10,Sacramento,067,1510023,30563,28677,47,28724,519
2020-11-10,San Benito,069,59416,1594,1508,1,1509,15
2020-11-10,San Bernardino,071,2135413,75125,69666,699,70365,1182
2020-11-10,San Diego,073,3302833,66000,61085,2086,63171,915
2020-11-10,San Francisco,075,870044,13738,13210,70,13280,146
2020-11-10,San Joaquin,077,732212,23853,22865,327,23192,508
2020-11-10,San Luis Obispo,079,281455,5356,4780,65,4845,33
2020-11-10,San Mateo,081,765935,12636,11939,10,11949,169
2020-11-10,Santa Barbara,083,443738,10578,10252,149,10401,134
2020-11-10,Santa Clara,085,1922200,29279,26917,54,26971,409
2020-11-10,Santa Cruz,087,273765,3508,3221,36,3257,25
2020-11-10,Shasta,089,179085,3667,2686,59,2745,36
2020-11-10,Sierra,091,2930,12,10,0,10,0
2020-11-10,Siskiyou,093,43540,327,263,15,278,0
2020-11-10,Solano,095,438530,8775,8299,41,8340,85
2020-11-10,Sonoma,097,501317,10971,10414,35,10449,150
2020-11-10,Stanislaus,099,539301,19294,18592,966,19558,420
2020-11-10,Sutter,101,95872,2286,2035,4,2039,12
2020-11-10,Tehama,103,63373,1243,1099,3,1102,7
2020-11-10,Trinity,105,12862,156,62,16,78,0
2020-11-10,Tulare,107,460477,19354,18430,707,19137,305
2020-11-10,Tuolumne,109,53932,557,353,6,359,7
2020-11-10,Ventura,111,848112,16852,15625,460,16085,158
2020-11-10,Yolo,113,214977,3865,3573,10,3583,63
2020-11-10,Yuba,115,75493,1508,1392,7,1399,10
2020-11-09,Alameda,001,1643700,26000,24899,246,25145,424
2020-11-09,Alpine,003,1148,27,6,0,6,0
2020-11-09,Amador,005,37829,408,380,0,380,16
2020-11-09,Butte,007,227075,3504,3301,86,3387,57
2020-11-09,Calaveras,009,45235,369,360,0,360,21
2020-11-09,Colusa,011,21464,600,583,1,584,6
2020-11-09,Contra Costa,013,1133247,21089,20193,106,20299,255
2020-11-09,Del Norte,015,27424,218,195,0,195,2
2020-11-09,El Dorado,017,186661,1718,1515,17,1532,4
2020-11-09,Fresno,019,978130,36484,32755,714,33469,465
2020-11-09,Glenn,021,27897,776,714,9,723,3
2020-11-09,Humboldt,023,135768,667,607,1,608,9
2020-11-09,Imperial,025,180216,13976,13508,25,13533,338
2020-11-09,Inyo,027,18085,267,252,5,257,14
2020-11-09,Kern,029,883053,36182,34764,635,35399,448
2020-11-09,Kings,031,150075,9626,9141,82,9223,84
2020-11-09,Lake,033,64148,800,755,0,755,16
2020-11-09,Lassen,035,31185,1024,799,2,801,0
2020-11-09,Los Angeles,037,10098052,332171,320370,3681,324051,7180
2020-11-09,Madera,039,155013,5509,5209,70,5279,54
2020-11-09,Marin,041,260295,7389,7237,22,7259,131
2020-11-09,Mariposa,043,17540,90,84,0,84,2
2020-11-09,Mendocino,045,87422,1223,1132,5,1137,22
2020-11-09,Merced,047,269075,10298,9922,63,9985,157
2020-11-09,Modoc,049,8938,74,54,12,66,0
2020-11-09,Mono,051,14174,467,352,8,360,2
2020-11-09,Monterey,053,433212,12877,12148,121,12269,98
2020-11-09,Napa,055,140530,2513,2309,10,2319,15
2020-11-09,Nevada,057,99092,847,729,22,751,9
2020-11-09,Orange,059,3164182,66044,62335,1988,64323,1501
2020-11-09,Placer,061,380077,5367,4843,36,4879,60
2020-11-09,Plumas,063,18699,135,102,0,102,0
2020-11-09,Riverside,065,2383286,75269,72059,882,72941,1346
2020-11-09,Sacramento,067,1510023,30091,28200,46,28246,516
2020-11-09,San Benito,069,59416,1585,1506,1,1507,15
2020-11-09,San Bernardino,071,2135413,74071,69015,657,69672,1182
2020-11-09,San Diego,073,3302833,65145,60572,2046,62618,908
2020-11-09,San Francisco,075,870044,13618,12984,67,13051,146
2020-11-09,San Joaquin,077,732212,23688,22512,322,22834,505
2020-11-09,San Luis Obispo,079,281455,5269,4746,63,4809,32
2020-11-09,San Mateo,081,765935,12529,11857,10,11867,169
2020-11-09,Santa Barbara,083,443738,10521,10214,144,10358,134
2020-11-09,Santa Clara,085,1922200,28884,26693,54,26747,409
2020-11-09,Santa Cruz,087,273765,3450,3194,36,3230,25
2020-11-09,Shasta,089,179085,3513,2581,50,2631,36
2020-11-09,Sierra,091,2930,10,10,0,10,0
2020-11-09,Siskiyou,093,43540,316,257,13,270,0
2020-11-09,Solano,095,438530,8659,8254,40,8294,85
2020-11-09,Sonoma,097,501317,10863,10310,35,10345,150
2020-11-09,Stanislaus,099,539301,19140,18482,951,19433,418
2020-11-09,Sutter,101,95872,2219,2010,3,2013,12
2020-11-09,Tehama,103,63373,1206,1071,2,1073,7
2020-11-09,Trinity,105,12862,149,46,16,62,0
2020-11-09,Tulare,107,460477,19234,18272,676,18948,304
2020-11-09,Tuolumne,109,53932,502,346,5,351,7
2020-11-09,Ventura,111,848112,16650,15568,457,16025,156
2020-11-09,Yolo,113,214977,3804,3522,10,3532,62
2020-11-09,Yuba,115,75493,1475,1380,7,1387,10
2020-11-08,Alameda,001,1643700,25770,24731,246,24977,424
2020-11-08,Alpine,003,1148,24,6,0,6,0
2020-11-08,Amador,005,37829,401,376,0,376,16
2020-11-08,Butte,007,227075,3466,3285,79,3364,57
2020-11-08,Calaveras,009,45235,367,360,0,360,21
2020-11-08,Colusa,011,21464,597,583,1,584,6
2020-11-08,Contra Costa,013,1133247,20919,20031,104,20135,254
2020-11-08,Del Norte,015,27424,210,195,0,195,2
2020-11-08,El Dorado,017,186661,1681,1502,17,1519,4
2020-11-08,Fresno,019,978130,36149,32619,676,33295,465
2020-11-08,Glenn,021,27897,770,707,8,715,3
2020-11-08,Humboldt,023,135768,651,605,1,606,9
2020-11-08,Imperial,025,180216,13860,13428,25,13453,338
2020-11-08,Inyo,027,18085,263,252,5,257,14
2020-11-08,Kern,029,883053,35963,34644,617,35261,448
2020-11-08,Kings,031,150075,9493,9026,79,9105,84
2020-11-08,Lake,033,64148,792,754,0,754,16
2020-11-08,Lassen,035,31185,876,799,2,801,0
2020-11-08,Los Angeles,037,10098052,329045,318960,3615,322575,7176
2020-11-08,Madera,039,155013,5440,5196,67,5263,54
2020-11-08,Marin,041,260295,7369,7227,22,7249,131
2020-11-08,Mariposa,043,17540,90,83,0,83,2
2020-11-08,Mendocino,045,87422,1214,1129,5,1134,22
2020-11-08,Merced,047,269075,10223,9885,61,9946,157
2020-11-08,Modoc,049,8938,70,54,12,66,0
2020-11-08,Mono,051,14174,461,352,8,360,2
2020-11-08,Monterey,053,433212,12732,12122,111,12233,98
2020-11-08,Napa,055,140530,2474,2274,10,2284,15
2020-11-08,Nevada,057,99092,831,715,22,737,9
2020-11-08,Orange,059,3164182,65455,62034,1974,64008,1501
2020-11-08,Placer,061,380077,5264,4800,31,4831,60
2020-11-08,Plumas,063,18699,130,102,0,102,0
2020-11-08,Riverside,065,2383286,74615,71442,841,72283,1345
2020-11-08,Sacramento,067,1510023,29532,28059,43,28102,515
2020-11-08,San Benito,069,59416,1570,1496,1,1497,15
2020-11-08,San Bernardino,071,2135413,72817,68412,618,69030,1182
2020-11-08,San Diego,073,3302833,64300,60199,2002,62201,908
2020-11-08,San Francisco,075,870044,13487,12985,63,13048,146
2020-11-08,San Joaquin,077,732212,23494,22514,318,22832,505
2020-11-08,San Luis Obispo,079,281455,5203,4698,58,4756,32
2020-11-08,San Mateo,081,765935,12411,11783,10,11793,169
2020-11-08,Santa Barbara,083,443738,10451,10180,142,10322,134
2020-11-08,Santa Clara,085,1922200,28510,26442,53,26495,410
2020-11-08,Santa Cruz,087,273765,3393,3134,36,3170,25
2020-11-08,Shasta,089,179085,3377,2582,44,2626,36
2020-11-08,Sierra,091,2930,10,7,0,7,0
2020-11-08,Siskiyou,093,43540,304,246,12,258,0
2020-11-08,Solano,095,438530,8538,8132,39,8171,85
2020-11-08,Sonoma,097,501317,10756,10229,35,10264,149
2020-11-08,Stanislaus,099,539301,18966,18413,930,19343,418
2020-11-08,Sutter,101,95872,2161,1980,3,1983,12
2020-11-08,Tehama,103,63373,1181,1054,2,1056,7
2020-11-08,Trinity,105,12862,146,46,15,61,0
2020-11-08,Tulare,107,460477,19092,18272,647,18919,304
2020-11-08,Tuolumne,109,53932,475,341,5,346,7
2020-11-08,Ventura,111,848112,16455,15504,449,15953,156
2020-11-08,Yolo,113,214977,3743,3492,10,3502,61
2020-11-08,Yuba,115,75493,1454,1369,7,1376,10
2020-11-07,Alameda,001,1643700,25660,24578,244,24822,424
2020-11-07,Alpine,003,1148,24,6,0,6,0
2020-11-07,Amador,005,37829,398,375,0,375,16
2020-11-07,Butte,007,227075,3454,3277,74,3351,57
2020-11-07,Calaveras,009,45235,365,360,0,360,21
2020-11-07,Colusa,011,21464,597,583,1,584,6
2020-11-07,Contra Costa,013,1133247,20818,19943,103,20046,254
2020-11-07,Del Norte,015,27424,206,194,0,194,2
2020-11-07,El Dorado,017,186661,1656,1495,16,1511,4
2020-11-07,Fresno,019,978130,35995,32497,653,33150,465
2020-11-07,Glenn,021,27897,762,707,8,715,3
2020-11-07,Humboldt,023,135768,640,590,1,591,9
2020-11-07,Imperial,025,180216,13802,13388,24,13412,338
2020-11-07,Inyo,027,18085,261,252,5,257,14
2020-11-07,Kern,029,883053,35808,34513,607,35120,448
2020-11-07,Kings,031,150075,9460,9005,73,9078,84
2020-11-07,Lake,033,64148,788,751,0,751,16
2020-11-07,Lassen,035,31185,860,799,2,801,0
2020-11-07,Los Angeles,037,10098052,327531,316756,3548,320304,7174
2020-11-07,Madera,039,155013,5418,5177,65,5242,54
2020-11-07,Marin,041,260295,7358,7215,22,7237,131
2020-11-07,Mariposa,043,17540,90,81,0,81,2
2020-11-07,Mendocino,045,87422,1203,1118,5,1123,22
2020-11-07,Merced,047,269075,10191,9855,57,9912,157
2020-11-07,Modoc,049,8938,70,51,12,63,0
2020-11-07,Mono,051,14174,458,352,8,360,2
2020-11-07,Monterey,053,433212,12662,12030,107,12137,98
2020-11-07,Napa,055,140530,2444,2260,9,2269,15
2020-11-07,Nevada,057,99092,814,710,22,732,9
2020-11-07,Orange,059,3164182,65168,62038,1968,64006,1505
2020-11-07,Placer,061,380077,5201,4745,31,4776,60
2020-11-07,Plumas,063,18699,127,94,0,94,0
2020-11-07,Riverside,065,2383286,74220,71153,814,71967,1345
2020-11-07,Sacramento,067,1510023,29282,27773,43,27816,515
2020-11-07,San Benito,069,59416,1558,1489,1,1490,15
2020-11-07,San Bernardino,071,2135413,72301,67935,607,68542,1182
2020-11-07,San Diego,073,3302833,63788,59682,1970,61652,909
2020-11-07,San Francisco,075,870044,13426,12980,62,13042,146
2020-11-07,San Joaquin,077,732212,23386,22517,312,22829,505
2020-11-07,San Luis Obispo,079,281455,5154,4668,55,4723,32
2020-11-07,San Mateo,081,765935,12348,11711,10,11721,169
2020-11-07,Santa Barbara,083,443738,10409,10157,140,10297,134
2020-11-07,Santa Clara,085,1922200,28306,26244,52,26296,410
2020-11-07,Santa Cruz,087,273765,3355,3130,36,3166,25
2020-11-07,Shasta,089,179085,3310,2547,42,2589,36
2020-11-07,Sierra,091,2930,10,7,0,7,0
2020-11-07,Siskiyou,093,43540,300,241,12,253,0
2020-11-07,Solano,095,438530,8486,8066,39,8105,85
2020-11-07,Sonoma,097,501317,10710,10200,35,10235,149
2020-11-07,Stanislaus,099,539301,18857,18386,914,19300,418
2020-11-07,Sutter,101,95872,2121,1973,3,1976,12
2020-11-07,Tehama,103,63373,1157,1043,2,1045,7
2020-11-07,Trinity,105,12862,146,42,14,56,0
2020-11-07,Tulare,107,460477,19036,18229,630,18859,304
2020-11-07,Tuolumne,109,53932,464,327,5,332,7
2020-11-07,Ventura,111,848112,16395,15364,444,15808,156
2020-11-07,Yolo,113,214977,3712,3486,10,3496,61
2020-11-07,Yuba,115,75493,1439,1349,7,1356,10
2020-11-06,Alameda,001,1643700,25528,24389,242,24631,420
2020-11-06,Alpine,003,1148,24,6,0,6,0
2020-11-06,Amador,005,37829,396,369,0,369,16
2020-11-06,Butte,007,227075,3429,3254,66,3320,57
2020-11-06,Calaveras,009,45235,364,359,0,359,21
2020-11-06,Colusa,011,21464,595,580,1,581,6
2020-11-06,Contra Costa,013,1133247,20669,19744,103,19847,252
2020-11-06,Del Norte,015,27424,203,194,0,194,2
2020-11-06,El Dorado,017,186661,1630,1475,16,1491,4
2020-11-06,Fresno,019,978130,35807,32278,637,32915,460
2020-11-06,Glenn,021,27897,756,707,7,714,3
2020-11-06,Humboldt,023,135768,637,587,1,588,9
2020-11-06,Imperial,025,180216,13749,13230,24,13254,338
2020-11-06,Inyo,027,18085,259,246,5,251,14
2020-11-06,Kern,029,883053,35644,34360,590,34950,443
2020-11-06,Kings,031,150075,9436,8883,71,8954,83
2020-11-06,Lake,033,64148,787,741,0,741,16
2020-11-06,Lassen,035,31185,852,794,2,796,0
2020-11-06,Los Angeles,037,10098052,325561,314356,3496,317852,7160
2020-11-06,Madera,039,155013,5402,5136,64,5200,54
2020-11-06,Marin,041,260295,7337,7184,22,7206,131
2020-11-06,Mariposa,043,17540,89,79,0,79,2
2020-11-06,Mendocino,045,87422,1198,1113,5,1118,22
2020-11-06,Merced,047,269075,10151,9778,54,9832,157
2020-11-06,Modoc,049,8938,70,48,12,60,0
2020-11-06,Mono,051,14174,452,308,8,316,1
2020-11-06,Monterey,053,433212,12545,11914,106,12020,96
2020-11-06,Napa,055,140530,2419,2189,9,2198,15
2020-11-06,Nevada,057,99092,801,692,21,713,9
2020-11-06,Orange,059,3164182,64865,61049,1958,63007,1494
2020-11-06,Placer,061,380077,5128,4680,31,4711,60
2020-11-06,Plumas,063,18699,122,90,0,90,0
2020-11-06,Riverside,065,2383286,73771,70409,773,71182,1341
2020-11-06,Sacramento,067,1510023,28990,27489,41,27530,514
2020-11-06,San Benito,069,59416,1549,1479,1,1480,15
2020-11-06,San Bernardino,071,2135413,71703,66740,587,67327,1179
2020-11-06,San Diego,073,3302833,63264,59143,1938,61081,907
2020-11-06,San Francisco,075,870044,13356,12825,61,12886,146
2020-11-06,San Joaquin,077,732212,23301,22424,302,22726,502
2020-11-06,San Luis Obispo,079,281455,5089,4531,49,4580,32
2020-11-06,San Mateo,081,765935,12273,11587,10,11597,168
2020-11-06,Santa Barbara,083,443738,10373,10118,136,10254,133
2020-11-06,Santa Clara,085,1922200,28064,25831,52,25883,402
2020-11-06,Santa Cruz,087,273765,3318,3063,36,3099,25
2020-11-06,Shasta,089,179085,3237,2475,41,2516,35
2020-11-06,Sierra,091,2930,9,7,0,7,0
2020-11-06,Siskiyou,093,43540,287,237,11,248,0
2020-11-06,Solano,095,438530,8421,7959,39,7998,85
2020-11-06,Sonoma,097,501317,10660,10142,35,10177,149
2020-11-06,Stanislaus,099,539301,18770,18250,906,19156,417
2020-11-06,Sutter,101,95872,2094,1937,2,1939,12
2020-11-06,Tehama,103,63373,1136,1024,2,1026,6
2020-11-06,Trinity,105,12862,143,41,14,55,0
2020-11-06,Tulare,107,460477,18972,18136,605,18741,300
2020-11-06,Tuolumne,109,53932,443,316,5,321,5
2020-11-06,Ventura,111,848112,16309,15222,441,15663,154
2020-11-06,Yolo,113,214977,3683,3420,10,3430,62
2020-11-06,Yuba,115,75493,1426,1335,7,1342,10
2020-11-05,Alameda,001,1643700,25352,24270,242,24512,420
2020-11-05,Alpine,003,1148,24,6,0,6,0
2020-11-05,Amador,005,37829,393,363,0,363,16
2020-11-05,Butte,007,227075,3406,3239,60,3299,57
2020-11-05,Calaveras,009,45235,357,333,0,333,19
2020-11-05,Colusa,011,21464,591,574,1,575,6
2020-11-05,Contra Costa,013,1133247,20487,19656,101,19757,252
2020-11-05,Del Norte,015,27424,201,192,0,192,2
2020-11-05,El Dorado,017,186661,1606,1466,16,1482,4
2020-11-05,Fresno,019,978130,35564,32056,613,32669,460
2020-11-05,Glenn,021,27897,736,702,7,709,3
2020-11-05,Humboldt,023,135768,627,581,1,582,9
2020-11-05,Imperial,025,180216,13657,13178,23,13201,337
2020-11-05,Inyo,027,18085,259,247,5,252,14
2020-11-05,Kern,029,883053,35443,34232,577,34809,443
2020-11-05,Kings,031,150075,9281,8846,68,8914,83
2020-11-05,Lake,033,64148,783,739,0,739,16
2020-11-05,Lassen,035,31185,821,782,2,784,0
2020-11-05,Los Angeles,037,10098052,323205,312381,3443,315824,7146
2020-11-05,Madera,039,155013,5363,5129,61,5190,54
2020-11-05,Marin,041,260295,7315,7171,22,7193,131
2020-11-05,Mariposa,043,17540,88,79,0,79,2
2020-11-05,Mendocino,045,87422,1186,1112,5,1117,22
2020-11-05,Merced,047,269075,10092,9753,49,9802,155
2020-11-05,Modoc,049,8938,69,47,11,58,0
2020-11-05,Mono,051,14174,450,307,8,315,1
2020-11-05,Monterey,053,433212,12435,11784,102,11886,96
2020-11-05,Napa,055,140530,2392,2158,9,2167,15
2020-11-05,Nevada,057,99092,779,687,20,707,9
2020-11-05,Orange,059,3164182,64418,60740,1948,62688,1484
2020-11-05,Placer,061,380077,5059,4627,26,4653,60
2020-11-05,Plumas,063,18699,114,90,0,90,0
2020-11-05,Riverside,065,2383286,73060,70094,717,70811,1338
2020-11-05,Sacramento,067,1510023,28610,27232,40,27272,512
2020-11-05,San Benito,069,59416,1534,1477,1,1478,15
2020-11-05,San Bernardino,071,2135413,70876,66407,575,66982,1174
2020-11-05,San Diego,073,3302833,62638,58659,1912,60571,904
2020-11-05,San Francisco,075,870044,13244,12726,60,12786,146
2020-11-05,San Joaquin,077,732212,23137,22318,298,22616,502
2020-11-05,San Luis Obispo,079,281455,5022,4459,47,4506,32
2020-11-05,San Mateo,081,765935,12179,11535,10,11545,168
2020-11-05,Santa Barbara,083,443738,10329,10080,133,10213,133
2020-11-05,Santa Clara,085,1922200,27797,25651,52,25703,402
2020-11-05,Santa Cruz,087,273765,3280,3023,36,3059,25
2020-11-05,Shasta,089,179085,3147,2401,40,2441,34
2020-11-05,Sierra,091,2930,9,6,0,6,0
2020-11-05,Siskiyou,093,43540,276,228,11,239,0
2020-11-05,Solano,095,438530,8338,7842,39,7881,85
2020-11-05,Sonoma,097,501317,10548,10064,34,10098,145
2020-11-05,Stanislaus,099,539301,18657,18194,893,19087,417
2020-11-05,Sutter,101,95872,2062,1925,2,1927,12
2020-11-05,Tehama,103,63373,1114,1015,2,1017,6
2020-11-05,Trinity,105,12862,127,41,14,55,0
2020-11-05,Tulare,107,460477,18883,18049,579,18628,301
2020-11-05,Tuolumne,109,53932,414,312,5,317,5
2020-11-05,Ventura,111,848112,16143,15113,430,15543,155
2020-11-05,Yolo,113,214977,3633,3391,10,3401,61
2020-11-05,Yuba,115,75493,1408,1322,7,1329,10
2020-11-04,Alameda,001,1643700,25175,24172,240,24412,418
2020-11-04,Alpine,003,1148,20,5,0,5,0
2020-11-04,Amador,005,37829,390,362,0,362,16
2020-11-04,Butte,007,227075,3380,3218,57,3275,57
2020-11-04,Calaveras,009,45235,354,290,0,290,19
2020-11-04,Colusa,011,21464,589,571,1,572,6
2020-11-04,Contra Costa,013,1133247,20320,19472,98,19570,251
2020-11-04,Del Norte,015,27424,197,188,0,188,2
2020-11-04,El Dorado,017,186661,1591,1448,13,1461,4
2020-11-04,Fresno,019,978130,35332,31952,585,32537,457
2020-11-04,Glenn,021,27897,732,701,6,707,3
2020-11-04,Humboldt,023,135768,618,571,1,572,9
2020-11-04,Imperial,025,180216,13559,13087,23,13110,335
2020-11-04,Inyo,027,18085,258,247,5,252,14
2020-11-04,Kern,029,883053,35288,34027,566,34593,439
2020-11-04,Kings,031,150075,9247,8817,66,8883,83
2020-11-04,Lake,033,64148,776,735,0,735,16
2020-11-04,Lassen,035,31185,816,781,2,783,0
2020-11-04,Los Angeles,037,10098052,320894,310456,3364,313820,7124
2020-11-04,Madera,039,155013,5343,5083,57,5140,54
2020-11-04,Marin,041,260295,7303,7157,22,7179,131
2020-11-04,Mariposa,043,17540,88,79,0,79,2
2020-11-04,Mendocino,045,87422,1168,1089,5,1094,22
2020-11-04,Merced,047,269075,10043,9717,47,9764,153
2020-11-04,Modoc,049,8938,59,47,11,58,0
2020-11-04,Mono,051,14174,447,237,7,244,1
2020-11-04,Monterey,053,433212,12231,11743,96,11839,96
2020-11-04,Napa,055,140530,2338,2133,9,2142,15
2020-11-04,Nevada,057,99092,760,675,20,695,9
2020-11-04,Orange,059,3164182,63984,60463,1927,62390,1483
2020-11-04,Placer,061,380077,4981,4526,23,4549,60
2020-11-04,Plumas,063,18699,112,88,0,88,0
2020-11-04,Riverside,065,2383286,72443,69562,658,70220,1335
2020-11-04,Sacramento,067,1510023,28260,27005,39,27044,510
2020-11-04,San Benito,069,59416,1519,1464,1,1465,15
2020-11-04,San Bernardino,071,2135413,70080,65891,552,66443,1169
2020-11-04,San Diego,073,3302833,61992,58126,1886,60012,904
2020-11-04,San Francisco,075,870044,13161,12649,57,12706,146
2020-11-04,San Joaquin,077,732212,23000,22197,285,22482,500
2020-11-04,San Luis Obispo,079,281455,4955,4389,45,4434,32
2020-11-04,San Mateo,081,765935,12085,11456,10,11466,168
2020-11-04,Santa Barbara,083,443738,10291,10026,132,10158,132
2020-11-04,Santa Clara,085,1922200,27535,25487,52,25539,393
2020-11-04,Santa Cruz,087,273765,3243,2997,36,3033,25
2020-11-04,Shasta,089,179085,3016,2321,35,2356,34
2020-11-04,Sierra,091,2930,9,6,0,6,0
2020-11-04,Siskiyou,093,43540,267,222,11,233,0
2020-11-04,Solano,095,438530,8239,7733,39,7772,85
2020-11-04,Sonoma,097,501317,10454,9965,34,9999,142
2020-11-04,Stanislaus,099,539301,18540,18114,878,18992,416
2020-11-04,Sutter,101,95872,2028,1916,2,1918,12
2020-11-04,Tehama,103,63373,1088,997,2,999,6
2020-11-04,Trinity,105,12862,123,37,14,51,0
2020-11-04,Tulare,107,460477,18773,17952,551,18503,298
2020-11-04,Tuolumne,109,53932,390,310,5,315,5
2020-11-04,Ventura,111,848112,16003,14936,427,15363,155
2020-11-04,Yolo,113,214977,3592,3361,10,3371,62
2020-11-04,Yuba,115,75493,1387,1312,7,1319,10
2020-11-03,Alameda,001,1643700,24991,24055,238,24293,418
2020-11-03,Alpine,003,1148,19,4,0,4,0
2020-11-03,Amador,005,37829,385,361,0,361,16
2020-11-03,Butte,007,227075,3356,3211,52,3263,57
2020-11-03,Calaveras,009,45235,350,287,0,287,19
2020-11-03,Colusa,011,21464,584,572,1,573,6
2020-11-03,Contra Costa,013,1133247,20165,19416,98,19514,250
2020-11-03,Del Norte,015,27424,196,187,0,187,2
2020-11-03,El Dorado,017,186661,1569,1445,12,1457,4
2020-11-03,Fresno,019,978130,35066,31856,562,32418,457
2020-11-03,Glenn,021,27897,726,698,6,704,3
2020-11-03,Humboldt,023,135768,612,570,1,571,8
2020-11-03,Imperial,025,180216,13470,13044,22,13066,335
2020-11-03,Inyo,027,18085,257,244,5,249,14
2020-11-03,Kern,029,883053,35097,33957,555,34512,439
2020-11-03,Kings,031,150075,9084,8783,61,8844,83
2020-11-03,Lake,033,64148,766,732,0,732,16
2020-11-03,Lassen,035,31185,807,782,2,784,0
2020-11-03,Los Angeles,037,10098052,318439,308812,3296,312108,7104
2020-11-03,Madera,039,155013,5306,5058,56,5114,54
2020-11-03,Marin,041,260295,7283,7147,21,7168,131
2020-11-03,Mariposa,043,17540,87,79,0,79,2
2020-11-03,Mendocino,045,87422,1153,1084,5,1089,22
2020-11-03,Merced,047,269075,9990,9713,46,9759,153
2020-11-03,Modoc,049,8938,57,47,9,56,0
2020-11-03,Mono,051,14174,443,210,7,217,1
2020-11-03,Monterey,053,433212,12162,11703,91,11794,94
2020-11-03,Napa,055,140530,2302,2130,9,2139,15
2020-11-03,Nevada,057,99092,740,670,19,689,9
2020-11-03,Orange,059,3164182,63554,60283,1915,62198,1477
2020-11-03,Placer,061,380077,4907,4514,23,4537,60
2020-11-03,Plumas,063,18699,109,86,0,86,0
2020-11-03,Riverside,065,2383286,71824,69300,633,69933,1325
2020-11-03,Sacramento,067,1510023,27880,26841,38,26879,510
2020-11-03,San Benito,069,59416,1509,1463,1,1464,15
2020-11-03,San Bernardino,071,2135413,69269,65320,545,65865,1159
2020-11-03,San Diego,073,3302833,61316,57722,1842,59564,901
2020-11-03,San Francisco,075,870044,13039,12585,57,12642,146
2020-11-03,San Joaquin,077,732212,22866,22109,279,22388,500
2020-11-03,San Luis Obispo,079,281455,4871,4371,43,4414,32
2020-11-03,San Mateo,081,765935,11990,11406,10,11416,162
2020-11-03,Santa Barbara,083,443738,10237,10008,128,10136,132
2020-11-03,Santa Clara,085,1922200,27263,25386,51,25437,393
2020-11-03,Santa Cruz,087,273765,3193,2980,35,3015,25
2020-11-03,Shasta,089,179085,2922,2288,28,2316,33
2020-11-03,Sierra,091,2930,7,6,0,6,0
2020-11-03,Siskiyou,093,43540,263,219,11,230,0
2020-11-03,Solano,095,438530,8156,7691,39,7730,85
2020-11-03,Sonoma,097,501317,10352,9906,34,9940,142
2020-11-03,Stanislaus,099,539301,18419,18080,867,18947,416
2020-11-03,Sutter,101,95872,1995,1914,2,1916,12
2020-11-03,Tehama,103,63373,1067,988,2,990,6
2020-11-03,Trinity,105,12862,116,36,13,49,0
2020-11-03,Tulare,107,460477,18667,17890,526,18416,297
2020-11-03,Tuolumne,109,53932,367,302,5,307,5
2020-11-03,Ventura,111,848112,15876,14816,420,15236,155
2020-11-03,Yolo,113,214977,3541,3343,10,3353,61
2020-11-03,Yuba,115,75493,1374,1295,7,1302,10
2020-11-02,Alameda,001,1643700,24795,23991,236,24227,419
2020-11-02,Alpine,003,1148,16,4,0,4,0
2020-11-02,Amador,005,37829,377,357,0,357,16
2020-11-02,Butte,007,227075,3336,3198,49,3247,57
2020-11-02,Calaveras,009,45235,350,282,0,282,18
2020-11-02,Colusa,011,21464,579,571,1,572,6
2020-11-02,Contra Costa,013,1133247,20012,19339,97,19436,250
2020-11-02,Del Norte,015,27424,193,175,0,175,2
2020-11-02,El Dorado,017,186661,1545,1405,12,1417,4
2020-11-02,Fresno,019,978130,34797,31738,545,32283,451
2020-11-02,Glenn,021,27897,720,692,5,697,3
2020-11-02,Humboldt,023,135768,603,569,1,570,8
2020-11-02,Imperial,025,180216,13390,13004,21,13025,334
2020-11-02,Inyo,027,18085,254,243,5,248,14
2020-11-02,Kern,029,883053,34939,33834,545,34379,437
2020-11-02,Kings,031,150075,9054,8654,58,8712,82
2020-11-02,Lake,033,64148,760,728,0,728,17
2020-11-02,Lassen,035,31185,799,782,2,784,0
2020-11-02,Los Angeles,037,10098052,316092,307620,3221,310841,7079
2020-11-02,Madera,039,155013,5275,5033,55,5088,54
2020-11-02,Marin,041,260295,7265,7132,20,7152,125
2020-11-02,Mariposa,043,17540,87,79,0,79,2
2020-11-02,Mendocino,045,87422,1139,1076,5,1081,21
2020-11-02,Merced,047,269075,9928,9664,40,9704,152
2020-11-02,Modoc,049,8938,54,45,5,50,0
2020-11-02,Mono,051,14174,441,211,7,218,1
2020-11-02,Monterey,053,433212,12055,11602,88,11690,93
2020-11-02,Napa,055,140530,2260,2081,9,2090,15
2020-11-02,Nevada,057,99092,724,656,19,675,9
2020-11-02,Orange,059,3164182,63149,59996,1900,61896,1474
2020-11-02,Placer,061,380077,4839,4461,21,4482,60
2020-11-02,Plumas,063,18699,101,86,0,86,0
2020-11-02,Riverside,065,2383286,71193,68833,592,69425,1321
2020-11-02,Sacramento,067,1510023,27538,26676,36,26712,508
2020-11-02,San Benito,069,59416,1497,1459,1,1460,15
2020-11-02,San Bernardino,071,2135413,68414,64629,534,65163,1157
2020-11-02,San Diego,073,3302833,60593,57429,1797,59226,891
2020-11-02,San Francisco,075,870044,12942,12436,56,12492,145
2020-11-02,San Joaquin,077,732212,22726,21919,271,22190,500
2020-11-02,San Luis Obispo,079,281455,4771,4303,40,4343,31
2020-11-02,San Mateo,081,765935,11881,11328,10,11338,161
2020-11-02,Santa Barbara,083,443738,10196,9985,123,10108,130
2020-11-02,Santa Clara,085,1922200,26974,25222,51,25273,387
2020-11-02,Santa Cruz,087,273765,3151,2943,35,2978,25
2020-11-02,Shasta,089,179085,2819,2174,24,2198,33
2020-11-02,Sierra,091,2930,7,6,0,6,0
2020-11-02,Siskiyou,093,43540,253,216,11,227,0
2020-11-02,Solano,095,438530,8038,7665,39,7704,84
2020-11-02,Sonoma,097,501317,10270,9796,33,9829,140
2020-11-02,Stanislaus,099,539301,18323,18005,858,18863,412
2020-11-02,Sutter,101,95872,1971,1895,2,1897,12
2020-11-02,Tehama,103,63373,1044,971,2,973,6
2020-11-02,Trinity,105,12862,110,30,13,43,0
2020-11-02,Tulare,107,460477,18574,17774,506,18280,299
2020-11-02,Tuolumne,109,53932,346,302,5,307,5
2020-11-02,Ventura,111,848112,15735,14767,406,15173,156
2020-11-02,Yolo,113,214977,3492,3318,10,3328,61
2020-11-02,Yuba,115,75493,1361,1280,7,1287,10
2020-11-01,Alameda,001,1643700,24632,23892,234,24126,419
2020-11-01,Alpine,003,1148,10,4,0,4,0
2020-11-01,Amador,005,37829,374,352,0,352,16
2020-11-01,Butte,007,227075,3313,3185,48,3233,57
2020-11-01,Calaveras,009,45235,349,282,0,282,18
2020-11-01,Colusa,011,21464,577,567,1,568,6
2020-11-01,Contra Costa,013,1133247,19839,19246,96,19342,250
2020-11-01,Del Norte,015,27424,189,175,0,175,2
2020-11-01,El Dorado,017,186661,1529,1394,12,1406,4
2020-11-01,Fresno,019,978130,34540,31613,525,32138,451
2020-11-01,Glenn,021,27897,711,688,3,691,3
2020-11-01,Humboldt,023,135768,595,568,1,569,8
2020-11-01,Imperial,025,180216,13299,12969,19,12988,334
2020-11-01,Inyo,027,18085,252,241,5,246,14
2020-11-01,Kern,029,883053,34758,33760,465,34225,437
2020-11-01,Kings,031,150075,9016,8641,57,8698,82
2020-11-01,Lake,033,64148,754,727,0,727,17
2020-11-01,Lassen,035,31185,799,782,2,784,0
2020-11-01,Los Angeles,037,10098052,313522,306217,3130,309347,7077
2020-11-01,Madera,039,155013,5227,5019,53,5072,54
2020-11-01,Marin,041,260295,7248,7124,20,7144,125
2020-11-01,Mariposa,043,17540,83,79,0,79,2
2020-11-01,Mendocino,045,87422,1126,1074,5,1079,21
2020-11-01,Merced,047,269075,9867,9626,40,9666,152
2020-11-01,Modoc,049,8938,53,45,5,50,0
2020-11-01,Mono,051,14174,412,211,6,217,1
2020-11-01,Monterey,053,433212,11948,11587,85,11672,93
2020-11-01,Napa,055,140530,2226,2067,9,2076,15
2020-11-01,Nevada,057,99092,708,646,18,664,9
2020-11-01,Orange,059,3164182,62747,59733,1874,61607,1475
2020-11-01,Placer,061,380077,4773,4422,20,4442,58
2020-11-01,Plumas,063,18699,96,86,0,86,0
2020-11-01,Riverside,065,2383286,70563,68493,557,69050,1319
2020-11-01,Sacramento,067,1510023,27217,26442,36,26478,508
2020-11-01,San Benito,069,59416,1482,1451,1,1452,15
2020-11-01,San Bernardino,071,2135413,67572,64339,513,64852,1157
2020-11-01,San Diego,073,3302833,59905,57122,1757,58879,891
2020-11-01,San Francisco,075,870044,12819,12436,51,12487,145
2020-11-01,San Joaquin,077,732212,22598,21919,265,22184,500
2020-11-01,San Luis Obispo,079,281455,4691,4303,39,4342,31
2020-11-01,San Mateo,081,765935,11800,11280,10,11290,160
2020-11-01,Santa Barbara,083,443738,10145,9969,107,10076,130
2020-11-01,Santa Clara,085,1922200,26695,25090,51,25141,386
2020-11-01,Santa Cruz,087,273765,3098,2921,35,2956,25
2020-11-01,Shasta,089,179085,2684,2172,23,2195,33
2020-11-01,Sierra,091,2930,7,6,0,6,0
2020-11-01,Siskiyou,093,43540,248,205,11,216,0
2020-11-01,Solano,095,438530,7948,7591,39,7630,84
2020-11-01,Sonoma,097,501317,10178,9688,33,9721,140
2020-11-01,Stanislaus,099,539301,18222,17961,839,18800,412
2020-11-01,Sutter,101,95872,1945,1888,1,1889,12
2020-11-01,Tehama,103,63373,1027,965,2,967,5
2020-11-01,Trinity,105,12862,108,30,12,42,0
2020-11-01,Tulare,107,460477,18462,17774,475,18249,299
2020-11-01,Tuolumne,109,53932,324,295,5,300,5
2020-11-01,Ventura,111,848112,15587,14686,377,15063,156
2020-11-01,Yolo,113,214977,3444,3303,10,3313,60
2020-11-01,Yuba,115,75493,1344,1273,7,1280,10
2020-10-31,Alameda,001,1643700,24516,23780,230,24010,416
2020-10-31,Alpine,003,1148,10,4,0,4,0
2020-10-31,Amador,005,37829,370,347,0,347,16
2020-10-31,Butte,007,227075,3300,3172,46,3218,57
2020-10-31,Calaveras,009,45235,349,280,0,280,18
2020-10-31,Colusa,011,21464,575,555,1,556,6
2020-10-31,Contra Costa,013,1133247,19734,19161,96,19257,249
2020-10-31,Del Norte,015,27424,188,175,0,175,2
2020-10-31,El Dorado,017,186661,1520,1390,12,1402,4
2020-10-31,Fresno,019,978130,34403,31558,522,32080,451
2020-10-31,Glenn,021,27897,709,678,3,681,3
2020-10-31,Humboldt,023,135768,592,561,1,562,8
2020-10-31,Imperial,025,180216,13257,12912,19,12931,334
2020-10-31,Inyo,027,18085,251,241,5,246,14
2020-10-31,Kern,029,883053,34655,33666,456,34122,437
2020-10-31,Kings,031,150075,8995,8612,56,8668,82
2020-10-31,Lake,033,64148,750,724,0,724,16
2020-10-31,Lassen,035,31185,794,782,2,784,0
2020-10-31,Los Angeles,037,10098052,312147,304704,3089,307793,7073
2020-10-31,Madera,039,155013,5209,5013,50,5063,54
2020-10-31,Marin,041,260295,7232,7112,20,7132,125
2020-10-31,Mariposa,043,17540,83,79,0,79,2
2020-10-31,Mendocino,045,87422,1118,1066,5,1071,21
2020-10-31,Merced,047,269075,9834,9597,39,9636,151
2020-10-31,Modoc,049,8938,52,34,4,38,0
2020-10-31,Mono,051,14174,263,194,5,199,1
2020-10-31,Monterey,053,433212,11880,11539,81,11620,93
2020-10-31,Napa,055,140530,2207,2040,9,2049,15
2020-10-31,Nevada,057,99092,690,644,18,662,9
2020-10-31,Orange,059,3164182,62489,59488,1856,61344,1473
2020-10-31,Placer,061,380077,4723,4374,19,4393,58
2020-10-31,Plumas,063,18699,95,85,0,85,0
2020-10-31,Riverside,065,2383286,70206,68178,534,68712,1319
2020-10-31,Sacramento,067,1510023,27018,26316,34,26350,507
2020-10-31,San Benito,069,59416,1475,1448,1,1449,15
2020-10-31,San Bernardino,071,2135413,67146,64016,503,64519,1157
2020-10-31,San Diego,073,3302833,59452,56769,1729,58498,891
2020-10-31,San Francisco,075,870044,12745,12438,50,12488,145
2020-10-31,San Joaquin,077,732212,22523,21918,256,22174,500
2020-10-31,San Luis Obispo,079,281455,4622,4285,36,4321,31
2020-10-31,San Mateo,081,765935,11749,11253,10,11263,160
2020-10-31,Santa Barbara,083,443738,10116,9957,99,10056,130
2020-10-31,Santa Clara,085,1922200,26526,24957,51,25008,379
2020-10-31,Santa Cruz,087,273765,3063,2895,34,2929,25
2020-10-31,Shasta,089,179085,2630,2122,22,2144,33
2020-10-31,Sierra,091,2930,7,6,0,6,0
2020-10-31,Siskiyou,093,43540,246,200,11,211,0
2020-10-31,Solano,095,438530,7884,7545,39,7584,84
2020-10-31,Sonoma,097,501317,10125,9648,33,9681,140
2020-10-31,Stanislaus,099,539301,18159,17920,823,18743,412
2020-10-31,Sutter,101,95872,1936,1876,1,1877,12
2020-10-31,Tehama,103,63373,1017,953,2,955,5
2020-10-31,Trinity,105,12862,105,30,12,42,0
2020-10-31,Tulare,107,460477,18413,17758,468,18226,299
2020-10-31,Tuolumne,109,53932,317,290,5,295,5
2020-10-31,Ventura,111,848112,15503,14635,359,14994,155
2020-10-31,Yolo,113,214977,3409,3290,10,3300,60
2020-10-31,Yuba,115,75493,1328,1260,6,1266,10
2020-10-30,Alameda,001,1643700,24437,23676,228,23904,401
2020-10-30,Alpine,003,1148,10,4,0,4,0
2020-10-30,Amador,005,37829,370,344,0,344,16
2020-10-30,Butte,007,227075,3295,3160,46,3206,57
2020-10-30,Calaveras,009,45235,348,279,0,279,18
2020-10-30,Colusa,011,21464,573,554,1,555,6
2020-10-30,Contra Costa,013,1133247,19662,19074,96,19170,249
2020-10-30,Del Norte,015,27424,187,175,0,175,2
2020-10-30,El Dorado,017,186661,1507,1386,12,1398,4
2020-10-30,Fresno,019,978130,34281,31409,514,31923,446
2020-10-30,Glenn,021,27897,703,674,2,676,3
2020-10-30,Humboldt,023,135768,591,561,1,562,7
2020-10-30,Imperial,025,180216,13216,12853,19,12872,334
2020-10-30,Inyo,027,18085,250,241,5,246,14
2020-10-30,Kern,029,883053,34562,33583,455,34038,437
2020-10-30,Kings,031,150075,8985,8564,54,8618,82
2020-10-30,Lake,033,64148,750,720,0,720,16
2020-10-30,Lassen,035,31185,788,777,2,779,0
2020-10-30,Los Angeles,037,10098052,310711,303425,3054,306479,7060
2020-10-30,Madera,039,155013,5197,4991,48,5039,54
2020-10-30,Marin,041,260295,7212,7097,20,7117,125
2020-10-30,Mariposa,043,17540,83,78,0,78,2
2020-10-30,Mendocino,045,87422,1116,1062,5,1067,21
2020-10-30,Merced,047,269075,9802,9539,39,9578,150
2020-10-30,Modoc,049,8938,51,34,3,37,0
2020-10-30,Mono,051,14174,262,193,5,198,1
2020-10-30,Monterey,053,433212,11817,11491,76,11567,92
2020-10-30,Napa,055,140530,2189,2028,9,2037,15
2020-10-30,Nevada,057,99092,684,634,18,652,9
2020-10-30,Orange,059,3164182,62248,59334,1844,61178,1469
2020-10-30,Placer,061,380077,4676,4335,19,4354,58
2020-10-30,Plumas,063,18699,92,80,0,80,0
2020-10-30,Riverside,065,2383286,69868,67752,514,68266,1317
2020-10-30,Sacramento,067,1510023,26870,26147,34,26181,505
2020-10-30,San Benito,069,59416,1469,1440,1,1441,15
2020-10-30,San Bernardino,071,2135413,66730,63512,500,64012,1156
2020-10-30,San Diego,073,3302833,59047,56387,1707,58094,888
2020-10-30,San Francisco,075,870044,12690,12384,50,12434,145
2020-10-30,San Joaquin,077,732212,22456,21849,250,22099,500
2020-10-30,San Luis Obispo,079,281455,4580,4256,36,4292,31
2020-10-30,San Mateo,081,765935,11690,11207,10,11217,159
2020-10-30,Santa Barbara,083,443738,10093,9937,99,10036,128
2020-10-30,Santa Clara,085,1922200,26378,24811,51,24862,378
2020-10-30,Santa Cruz,087,273765,3045,2874,34,2908,25
2020-10-30,Shasta,089,179085,2586,2048,21,2069,32
2020-10-30,Sierra,091,2930,7,6,0,6,0
2020-10-30,Siskiyou,093,43540,246,192,11,203,0
2020-10-30,Solano,095,438530,7823,7497,39,7536,84
2020-10-30,Sonoma,097,501317,10050,9602,33,9635,140
2020-10-30,Stanislaus,099,539301,18111,17861,808,18669,410
2020-10-30,Sutter,101,95872,1923,1860,1,1861,12
2020-10-30,Tehama,103,63373,1013,932,2,934,5
2020-10-30,Trinity,105,12862,105,29,12,41,0
2020-10-30,Tulare,107,460477,18369,17682,453,18135,299
2020-10-30,Tuolumne,109,53932,310,286,5,291,4
2020-10-30,Ventura,111,848112,15430,14578,348,14926,154
2020-10-30,Yolo,113,214977,3392,3263,10,3273,60
2020-10-30,Yuba,115,75493,1320,1256,6,1262,10
2020-10-29,Alameda,001,1643700,24274,23530,227,23757,401
2020-10-29,Alpine,003,1148,7,4,0,4,0
2020-10-29,Amador,005,37829,366,338,0,338,16
2020-10-29,Butte,007,227075,3277,3143,45,3188,57
2020-10-29,Calaveras,009,45235,346,278,0,278,13
2020-10-29,Colusa,011,21464,569,552,1,553,6
2020-10-29,Contra Costa,013,1133247,19564,18933,95,19028,249
2020-10-29,Del Norte,015,27424,185,174,0,174,2
2020-10-29,El Dorado,017,186661,1485,1370,12,1382,4
2020-10-29,Fresno,019,978130,34124,31321,507,31828,445
2020-10-29,Glenn,021,27897,701,673,2,675,3
2020-10-29,Humboldt,023,135768,586,559,1,560,7
2020-10-29,Imperial,025,180216,13172,12769,19,12788,334
2020-10-29,Inyo,027,18085,248,238,5,243,14
2020-10-29,Kern,029,883053,34461,33460,451,33911,437
2020-10-29,Kings,031,150075,8831,8502,53,8555,82
2020-10-29,Lake,033,64148,747,702,0,702,16
2020-10-29,Lassen,035,31185,787,772,2,774,0
2020-10-29,Los Angeles,037,10098052,309083,302246,3008,305254,7046
2020-10-29,Madera,039,155013,5167,4970,46,5016,53
2020-10-29,Marin,041,260295,7198,7083,20,7103,125
2020-10-29,Mariposa,043,17540,81,78,0,78,2
2020-10-29,Mendocino,045,87422,1110,1058,5,1063,21
2020-10-29,Merced,047,269075,9750,9496,39,9535,150
2020-10-29,Modoc,049,8938,49,31,3,34,0
2020-10-29,Mono,051,14174,255,176,5,181,1
2020-10-29,Monterey,053,433212,11736,11425,74,11499,92
2020-10-29,Napa,055,140530,2165,2009,9,2018,15
2020-10-29,Nevada,057,99092,677,632,18,650,9
2020-10-29,Orange,059,3164182,61980,59046,1824,60870,1464
2020-10-29,Placer,061,380077,4631,4270,18,4288,58
2020-10-29,Plumas,063,18699,90,69,0,69,0
2020-10-29,Riverside,065,2383286,69491,67268,484,67752,1304
2020-10-29,Sacramento,067,1510023,26657,25978,33,26011,507
2020-10-29,San Benito,069,59416,1464,1431,1,1432,15
2020-10-29,San Bernardino,071,2135413,66163,62968,490,63458,1150
2020-10-29,San Diego,073,3302833,58581,55916,1678,57594,885
2020-10-29,San Francisco,075,870044,12612,12312,50,12362,145
2020-10-29,San Joaquin,077,732212,22372,21736,238,21974,498
2020-10-29,San Luis Obispo,079,281455,4549,4223,35,4258,31
2020-10-29,San Mateo,081,765935,11645,11145,10,11155,157
2020-10-29,Santa Barbara,083,443738,10060,9902,97,9999,128
2020-10-29,Santa Clara,085,1922200,26227,24614,51,24665,377
2020-10-29,Santa Cruz,087,273765,3020,2850,34,2884,24
2020-10-29,Shasta,089,179085,2523,2008,21,2029,32
2020-10-29,Sierra,091,2930,6,6,0,6,0
2020-10-29,Siskiyou,093,43540,230,185,11,196,0
2020-10-29,Solano,095,438530,7761,7453,39,7492,78
2020-10-29,Sonoma,097,501317,9985,9533,33,9566,140
2020-10-29,Stanislaus,099,539301,18058,17790,787,18577,410
2020-10-29,Sutter,101,95872,1916,1852,1,1853,12
2020-10-29,Tehama,103,63373,995,925,2,927,5
2020-10-29,Trinity,105,12862,100,28,11,39,0
2020-10-29,Tulare,107,460477,18291,17627,435,18062,299
2020-10-29,Tuolumne,109,53932,305,279,5,284,4
2020-10-29,Ventura,111,848112,15339,14486,344,14830,154
2020-10-29,Yolo,113,214977,3363,3246,10,3256,60
2020-10-29,Yuba,115,75493,1309,1248,6,1254,10
2020-10-28,Alameda,001,1643700,24174,23468,226,23694,400
2020-10-28,Alpine,003,1148,6,4,0,4,0
2020-10-28,Amador,005,37829,363,337,0,337,16
2020-10-28,Butte,007,227075,3261,3134,42,3176,56
2020-10-28,Calaveras,009,45235,345,278,0,278,13
2020-10-28,Colusa,011,21464,566,551,1,552,6
2020-10-28,Contra Costa,013,1133247,19477,18828,94,18922,246
2020-10-28,Del Norte,015,27424,182,173,0,173,2
2020-10-28,El Dorado,017,186661,1473,1363,12,1375,4
2020-10-28,Fresno,019,978130,34003,31195,501,31696,444
2020-10-28,Glenn,021,27897,697,673,2,675,3
2020-10-28,Humboldt,023,135768,582,559,1,560,7
2020-10-28,Imperial,025,180216,13123,12730,19,12749,333
2020-10-28,Inyo,027,18085,248,238,5,243,14
2020-10-28,Kern,029,883053,34359,33424,433,33857,436
2020-10-28,Kings,031,150075,8809,8486,53,8539,82
2020-10-28,Lake,033,64148,744,700,0,700,15
2020-10-28,Lassen,035,31185,783,771,2,773,0
2020-10-28,Los Angeles,037,10098052,307627,300726,2966,303692,7031
2020-10-28,Madera,039,155013,5150,4954,45,4999,53
2020-10-28,Marin,041,260295,7187,7079,20,7099,126
2020-10-28,Mariposa,043,17540,81,78,0,78,2
2020-10-28,Mendocino,045,87422,1109,1037,5,1042,20
2020-10-28,Merced,047,269075,9724,9480,38,9518,150
2020-10-28,Modoc,049,8938,48,31,2,33,0
2020-10-28,Mono,051,14174,237,176,5,181,1
2020-10-28,Monterey,053,433212,11678,11330,72,11402,89
2020-10-28,Napa,055,140530,2139,1998,8,2006,15
2020-10-28,Nevada,057,99092,669,629,18,647,9
2020-10-28,Orange,059,3164182,61716,58801,1808,60609,1459
2020-10-28,Placer,061,380077,4575,4236,18,4254,57
2020-10-28,Plumas,063,18699,89,67,0,67,0
2020-10-28,Riverside,065,2383286,69093,67003,460,67463,1302
2020-10-28,Sacramento,067,1510023,26461,25838,32,25870,506
2020-10-28,San Benito,069,59416,1456,1429,1,1430,15
2020-10-28,San Bernardino,071,2135413,65704,62778,481,63259,1154
2020-10-28,San Diego,073,3302833,58198,55556,1649,57205,881
2020-10-28,San Francisco,075,870044,12554,12261,49,12310,145
2020-10-28,San Joaquin,077,732212,22288,21707,227,21934,498
2020-10-28,San Luis Obispo,079,281455,4505,4197,32,4229,31
2020-10-28,San Mateo,081,765935,11578,11101,10,11111,157
2020-10-28,Santa Barbara,083,443738,10037,9872,95,9967,127
2020-10-28,Santa Clara,085,1922200,26083,24503,51,24554,375
2020-10-28,Santa Cruz,087,273765,2989,2836,34,2870,24
2020-10-28,Shasta,089,179085,2443,1996,20,2016,31
2020-10-28,Sierra,091,2930,6,6,0,6,0
2020-10-28,Siskiyou,093,43540,227,182,10,192,0
2020-10-28,Solano,095,438530,7702,7362,39,7401,77
2020-10-28,Sonoma,097,501317,9895,9457,28,9485,140
2020-10-28,Stanislaus,099,539301,17993,17765,778,18543,409
2020-10-28,Sutter,101,95872,1907,1840,1,1841,12
2020-10-28,Tehama,103,63373,984,921,2,923,5
2020-10-28,Trinity,105,12862,93,28,10,38,0
2020-10-28,Tulare,107,460477,18234,17569,420,17989,297
2020-10-28,Tuolumne,109,53932,302,277,5,282,4
2020-10-28,Ventura,111,848112,15266,14409,335,14744,153
2020-10-28,Yolo,113,214977,3339,3230,10,3240,60
2020-10-28,Yuba,115,75493,1297,1245,6,1251,10
2020-10-27,Alameda,001,1643700,24059,23365,224,23589,400
2020-10-27,Alpine,003,1148,6,3,0,3,0
2020-10-27,Amador,005,37829,360,335,0,335,16
2020-10-27,Butte,007,227075,3245,3107,39,3146,56
2020-10-27,Calaveras,009,45235,343,277,0,277,13
2020-10-27,Colusa,011,21464,561,549,1,550,6
2020-10-27,Contra Costa,013,1133247,19371,18766,94,18860,246
2020-10-27,Del Norte,015,27424,179,173,0,173,2
2020-10-27,El Dorado,017,186661,1460,1351,12,1363,4
2020-10-27,Fresno,019,978130,33884,31096,496,31592,442
2020-10-27,Glenn,021,27897,695,667,1,668,3
2020-10-27,Humboldt,023,135768,579,559,1,560,7
2020-10-27,Imperial,025,180216,13074,12680,19,12699,333
2020-10-27,Inyo,027,18085,248,231,5,236,14
2020-10-27,Kern,029,883053,34242,33328,429,33757,436
2020-10-27,Kings,031,150075,8778,8411,53,8464,83
2020-10-27,Lake,033,64148,741,700,0,700,15
2020-10-27,Lassen,035,31185,781,764,2,766,0
2020-10-27,Los Angeles,037,10098052,306239,299438,2937,302375,7008
2020-10-27,Madera,039,155013,5120,4942,44,4986,53
2020-10-27,Marin,041,260295,7171,7070,20,7090,126
2020-10-27,Mariposa,043,17540,80,78,0,78,2
2020-10-27,Mendocino,045,87422,1103,1033,4,1037,20
2020-10-27,Merced,047,269075,9683,9449,38,9487,150
2020-10-27,Modoc,049,8938,46,31,2,33,0
2020-10-27,Mono,051,14174,223,169,5,174,1
2020-10-27,Monterey,053,433212,11622,11261,70,11331,88
2020-10-27,Napa,055,140530,2123,1979,8,1987,15
2020-10-27,Nevada,057,99092,663,622,18,640,8
2020-10-27,Orange,059,3164182,61444,58550,1792,60342,1448
2020-10-27,Placer,061,380077,4526,4197,16,4213,57
2020-10-27,Plumas,063,18699,86,63,0,63,0
2020-10-27,Riverside,065,2383286,68740,66699,415,67114,1299
2020-10-27,Sacramento,067,1510023,26274,25701,31,25732,501
2020-10-27,San Benito,069,59416,1451,1428,1,1429,15
2020-10-27,San Bernardino,071,2135413,65243,62357,468,62825,1154
2020-10-27,San Diego,073,3302833,57725,55226,1626,56852,877
2020-10-27,San Francisco,075,870044,12479,12218,48,12266,140
2020-10-27,San Joaquin,077,732212,22197,21637,218,21855,496
2020-10-27,San Luis Obispo,079,281455,4478,4148,28,4176,31
2020-10-27,San Mateo,081,765935,11530,11074,10,11084,156
2020-10-27,Santa Barbara,083,443738,10007,9874,94,9968,125
2020-10-27,Santa Clara,085,1922200,25941,24368,51,24419,367
2020-10-27,Santa Cruz,087,273765,2959,2815,33,2848,24
2020-10-27,Shasta,089,179085,2357,1962,20,1982,29
2020-10-27,Sierra,091,2930,6,6,0,6,0
2020-10-27,Siskiyou,093,43540,218,181,10,191,0
2020-10-27,Solano,095,438530,7633,7298,39,7337,77
2020-10-27,Sonoma,097,501317,9828,9389,28,9417,140
2020-10-27,Stanislaus,099,539301,17925,17720,771,18491,408
2020-10-27,Sutter,101,95872,1894,1832,1,1833,12
2020-10-27,Tehama,103,63373,970,913,2,915,5
2020-10-27,Trinity,105,12862,90,28,10,38,0
2020-10-27,Tulare,107,460477,18171,17520,397,17917,296
2020-10-27,Tuolumne,109,53932,298,275,5,280,4
2020-10-27,Ventura,111,848112,15183,14347,328,14675,153
2020-10-27,Yolo,113,214977,3326,3216,10,3226,58
2020-10-27,Yuba,115,75493,1284,1235,6,1241,10
2020-10-26,Alameda,001,1643700,23946,23284,223,23507,398
2020-10-26,Alpine,003,1148,4,3,0,3,0
2020-10-26,Amador,005,37829,356,331,0,331,16
2020-10-26,Butte,007,227075,3234,3095,37,3132,56
2020-10-26,Calaveras,009,45235,340,274,0,274,13
2020-10-26,Colusa,011,21464,559,548,1,549,6
2020-10-26,Contra Costa,013,1133247,19276,18718,93,18811,245
2020-10-26,Del Norte,015,27424,179,171,0,171,2
2020-10-26,El Dorado,017,186661,1446,1336,12,1348,4
2020-10-26,Fresno,019,978130,33771,30969,489,31458,441
2020-10-26,Glenn,021,27897,688,660,1,661,3
2020-10-26,Humboldt,023,135768,571,554,1,555,7
2020-10-26,Imperial,025,180216,13020,12654,16,12670,333
2020-10-26,Inyo,027,18085,248,226,5,231,14
2020-10-26,Kern,029,883053,34158,33233,424,33657,432
2020-10-26,Kings,031,150075,8757,8264,51,8315,82
2020-10-26,Lake,033,64148,739,697,0,697,15
2020-10-26,Lassen,035,31185,778,764,2,766,0
2020-10-26,Los Angeles,037,10098052,304812,297961,2896,300857,6979
2020-10-26,Madera,039,155013,5099,4922,43,4965,53
2020-10-26,Marin,041,260295,7165,7064,19,7083,104
2020-10-26,Mariposa,043,17540,80,77,0,77,2
2020-10-26,Mendocino,045,87422,1095,1026,4,1030,20
2020-10-26,Merced,047,269075,9636,9375,37,9412,150
2020-10-26,Modoc,049,8938,44,28,0,28,0
2020-10-26,Mono,051,14174,217,167,5,172,1
2020-10-26,Monterey,053,433212,11571,11207,66,11273,87
2020-10-26,Napa,055,140530,2091,1966,8,1974,14
2020-10-26,Nevada,057,99092,656,618,18,636,8
2020-10-26,Orange,059,3164182,61240,58377,1774,60151,1442
2020-10-26,Placer,061,380077,4484,4161,15,4176,57
2020-10-26,Plumas,063,18699,84,63,0,63,0
2020-10-26,Riverside,065,2383286,68289,66475,389,66864,1294
2020-10-26,Sacramento,067,1510023,26093,25555,29,25584,496
2020-10-26,San Benito,069,59416,1443,1424,1,1425,15
2020-10-26,San Bernardino,071,2135413,64772,61871,465,62336,1153
2020-10-26,San Diego,073,3302833,57332,54957,1588,56545,870
2020-10-26,San Francisco,075,870044,12419,12072,48,12120,138
2020-10-26,San Joaquin,077,732212,22114,21459,212,21671,495
2020-10-26,San Luis Obispo,079,281455,4452,4133,28,4161,31
2020-10-26,San Mateo,081,765935,11486,11037,10,11047,156
2020-10-26,Santa Barbara,083,443738,9984,9827,94,9921,122
2020-10-26,Santa Clara,085,1922200,25751,24258,50,24308,365
2020-10-26,Santa Cruz,087,273765,2933,2808,33,2841,24
2020-10-26,Shasta,089,179085,2303,1889,20,1909,29
2020-10-26,Sierra,091,2930,6,6,0,6,0
2020-10-26,Siskiyou,093,43540,210,179,10,189,0
2020-10-26,Solano,095,438530,7553,7271,39,7310,62
2020-10-26,Sonoma,097,501317,9751,9315,28,9343,140
2020-10-26,Stanislaus,099,539301,17875,17666,761,18427,400
2020-10-26,Sutter,101,95872,1886,1817,1,1818,12
2020-10-26,Tehama,103,63373,950,892,2,894,5
2020-10-26,Trinity,105,12862,89,26,10,36,0
2020-10-26,Tulare,107,460477,18094,17432,374,17806,296
2020-10-26,Tuolumne,109,53932,289,271,5,276,4
2020-10-26,Ventura,111,848112,15114,14330,325,14655,154
2020-10-26,Yolo,113,214977,3307,3206,10,3216,58
2020-10-26,Yuba,115,75493,1268,1226,6,1232,10
2020-10-25,Alameda,001,1643700,23840,23192,223,23415,398
2020-10-25,Alpine,003,1148,3,3,0,3,0
2020-10-25,Amador,005,37829,345,330,0,330,16
2020-10-25,Butte,007,227075,3215,3087,37,3124,56
2020-10-25,Calaveras,009,45235,339,274,0,274,13
2020-10-25,Colusa,011,21464,555,548,1,549,6
2020-10-25,Contra Costa,013,1133247,19174,18640,93,18733,245
2020-10-25,Del Norte,015,27424,175,171,0,171,2
2020-10-25,El Dorado,017,186661,1431,1328,12,1340,4
2020-10-25,Fresno,019,978130,33637,30858,476,31334,441
2020-10-25,Glenn,021,27897,685,652,1,653,3
2020-10-25,Humboldt,023,135768,568,554,1,555,7
2020-10-25,Imperial,025,180216,12971,12572,16,12588,333
2020-10-25,Inyo,027,18085,245,226,5,231,14
2020-10-25,Kern,029,883053,34051,33185,420,33605,432
2020-10-25,Kings,031,150075,8724,8246,49,8295,82
2020-10-25,Lake,033,64148,722,695,0,695,15
2020-10-25,Lassen,035,31185,776,764,2,766,0
2020-10-25,Los Angeles,037,10098052,303248,297110,2859,299969,6973
2020-10-25,Madera,039,155013,5069,4909,38,4947,53
2020-10-25,Marin,041,260295,7155,7052,19,7071,102
2020-10-25,Mariposa,043,17540,80,77,0,77,2
2020-10-25,Mendocino,045,87422,1088,1024,4,1028,20
2020-10-25,Merced,047,269075,9571,9352,35,9387,150
2020-10-25,Modoc,049,8938,39,28,0,28,0
2020-10-25,Mono,051,14174,209,167,5,172,1
2020-10-25,Monterey,053,433212,11488,11182,61,11243,87
2020-10-25,Napa,055,140530,2061,1962,8,1970,14
2020-10-25,Nevada,057,99092,648,616,18,634,8
2020-10-25,Orange,059,3164182,60952,58185,1765,59950,1443
2020-10-25,Placer,061,380077,4432,4140,15,4155,57
2020-10-25,Plumas,063,18699,84,63,0,63,0
2020-10-25,Riverside,065,2383286,67838,66192,373,66565,1289
2020-10-25,Sacramento,067,1510023,25878,25445,27,25472,496
2020-10-25,San Benito,069,59416,1436,1423,1,1424,15
2020-10-25,San Bernardino,071,2135413,64232,61551,453,62004,1153
2020-10-25,San Diego,073,3302833,56869,54599,1556,56155,870
2020-10-25,San Francisco,075,870044,12346,12072,48,12120,137
2020-10-25,San Joaquin,077,732212,22006,21459,204,21663,495
2020-10-25,San Luis Obispo,079,281455,4410,4126,26,4152,31
2020-10-25,San Mateo,081,765935,11441,10987,10,10997,156
2020-10-25,Santa Barbara,083,443738,9964,9814,94,9908,122
2020-10-25,Santa Clara,085,1922200,25563,24087,50,24137,365
2020-10-25,Santa Cruz,087,273765,2906,2789,33,2822,24
2020-10-25,Shasta,089,179085,2239,1889,20,1909,29
2020-10-25,Sierra,091,2930,6,6,0,6,0
2020-10-25,Siskiyou,093,43540,207,176,10,186,0
2020-10-25,Solano,095,438530,7475,7197,39,7236,60
2020-10-25,Sonoma,097,501317,9658,9235,27,9262,140
2020-10-25,Stanislaus,099,539301,17818,17641,752,18393,400
2020-10-25,Sutter,101,95872,1868,1811,1,1812,12
2020-10-25,Tehama,103,63373,933,880,2,882,5
2020-10-25,Trinity,105,12862,85,26,10,36,0
2020-10-25,Tulare,107,460477,18020,17431,364,17795,296
2020-10-25,Tuolumne,109,53932,284,271,5,276,4
2020-10-25,Ventura,111,848112,15021,14300,319,14619,154
2020-10-25,Yolo,113,214977,3286,3190,10,3200,58
2020-10-25,Yuba,115,75493,1260,1219,6,1225,10
2020-10-24,Alameda,001,1643700,23769,23099,220,23319,398
2020-10-24,Alpine,003,1148,3,3,0,3,0
2020-10-24,Amador,005,37829,344,328,0,328,16
2020-10-24,Butte,007,227075,3206,3078,37,3115,56
2020-10-24,Calaveras,009,45235,337,274,0,274,13
2020-10-24,Colusa,011,21464,550,548,1,549,6
2020-10-24,Contra Costa,013,1133247,19107,18567,93,18660,244
2020-10-24,Del Norte,015,27424,174,171,0,171,2
2020-10-24,El Dorado,017,186661,1415,1317,12,1329,4
2020-10-24,Fresno,019,978130,33576,30752,471,31223,441
2020-10-24,Glenn,021,27897,682,650,1,651,3
2020-10-24,Humboldt,023,135768,566,553,1,554,7
2020-10-24,Imperial,025,180216,12944,12469,16,12485,333
2020-10-24,Inyo,027,18085,245,226,5,231,14
2020-10-24,Kern,029,883053,33993,33105,415,33520,432
2020-10-24,Kings,031,150075,8714,8228,48,8276,82
2020-10-24,Lake,033,64148,717,696,0,696,15
2020-10-24,Lassen,035,31185,775,764,2,766,0
2020-10-24,Los Angeles,037,10098052,302430,296323,2837,299160,6969
2020-10-24,Madera,039,155013,5056,4898,37,4935,53
2020-10-24,Marin,041,260295,7146,7042,19,7061,102
2020-10-24,Mariposa,043,17540,80,77,0,77,2
2020-10-24,Mendocino,045,87422,1076,1022,4,1026,20
2020-10-24,Merced,047,269075,9547,9351,35,9386,150
2020-10-24,Modoc,049,8938,38,28,0,28,0
2020-10-24,Mono,051,14174,195,167,5,172,1
2020-10-24,Monterey,053,433212,11419,11153,60,11213,87
2020-10-24,Napa,055,140530,2044,1957,8,1965,14
2020-10-24,Nevada,057,99092,644,608,18,626,8
2020-10-24,Orange,059,3164182,60797,57928,1755,59683,1441
2020-10-24,Placer,061,380077,4401,4093,15,4108,57
2020-10-24,Plumas,063,18699,78,63,0,63,0
2020-10-24,Riverside,065,2383286,67630,65902,359,66261,1288
2020-10-24,Sacramento,067,1510023,25797,25372,27,25399,496
2020-10-24,San Benito,069,59416,1431,1417,1,1418,15
2020-10-24,San Bernardino,071,2135413,63993,61351,445,61796,1153
2020-10-24,San Diego,073,3302833,56592,54330,1543,55873,868
2020-10-24,San Francisco,075,870044,12288,12073,47,12120,137
2020-10-24,San Joaquin,077,732212,21953,21458,199,21657,495
2020-10-24,San Luis Obispo,079,281455,4387,4119,25,4144,31
2020-10-24,San Mateo,081,765935,11402,10942,10,10952,155
2020-10-24,Santa Barbara,083,443738,9947,9781,94,9875,122
2020-10-24,Santa Clara,085,1922200,25476,23978,50,24028,365
2020-10-24,Santa Cruz,087,273765,2887,2775,33,2808,24
2020-10-24,Shasta,089,179085,2194,1878,20,1898,29
2020-10-24,Sierra,091,2930,6,6,0,6,0
2020-10-24,Siskiyou,093,43540,206,174,10,184,0
2020-10-24,Solano,095,438530,7422,7189,39,7228,60
2020-10-24,Sonoma,097,501317,9624,9179,27,9206,140
2020-10-24,Stanislaus,099,539301,17775,17574,737,18311,400
2020-10-24,Sutter,101,95872,1859,1804,1,1805,12
2020-10-24,Tehama,103,63373,925,872,2,874,5
2020-10-24,Trinity,105,12862,85,25,10,35,0
2020-10-24,Tulare,107,460477,17997,17406,353,17759,295
2020-10-24,Tuolumne,109,53932,281,269,5,274,4
2020-10-24,Ventura,111,848112,14968,14240,318,14558,154
2020-10-24,Yolo,113,214977,3274,3164,10,3174,57
2020-10-24,Yuba,115,75493,1257,1210,6,1216,10
2020-10-23,Alameda,001,1643700,23696,23047,218,23265,393
2020-10-23,Alpine,003,1148,3,3,0,3,0
2020-10-23,Amador,005,37829,343,324,0,324,16
2020-10-23,Butte,007,227075,3197,3059,37,3096,55
2020-10-23,Calaveras,009,45235,336,273,0,273,13
2020-10-23,Colusa,011,21464,550,547,1,548,6
2020-10-23,Contra Costa,013,1133247,19037,18483,92,18575,244
2020-10-23,Del Norte,015,27424,174,171,0,171,2
2020-10-23,El Dorado,017,186661,1406,1310,12,1322,4
2020-10-23,Fresno,019,978130,33509,30590,468,31058,441
2020-10-23,Glenn,021,27897,679,644,1,645,3
2020-10-23,Humboldt,023,135768,564,553,1,554,7
2020-10-23,Imperial,025,180216,12913,12398,15,12413,333
2020-10-23,Inyo,027,18085,244,226,5,231,14
2020-10-23,Kern,029,883053,33925,33077,410,33487,431
2020-10-23,Kings,031,150075,8705,8218,48,8266,82
2020-10-23,Lake,033,64148,715,689,0,689,15
2020-10-23,Lassen,035,31185,774,764,2,766,0
2020-10-23,Los Angeles,037,10098052,301346,294287,2809,297096,6956
2020-10-23,Madera,039,155013,5051,4888,37,4925,53
2020-10-23,Marin,041,260295,7133,7029,19,7048,102
2020-10-23,Mariposa,043,17540,80,77,0,77,2
2020-10-23,Mendocino,045,87422,1073,1019,4,1023,20
2020-10-23,Merced,047,269075,9533,9327,35,9362,149
2020-10-23,Modoc,049,8938,38,28,0,28,0
2020-10-23,Mono,051,14174,194,159,5,164,1
2020-10-23,Monterey,053,433212,11372,11099,56,11155,86
2020-10-23,Napa,055,140530,2036,1942,8,1950,14
2020-10-23,Nevada,057,99092,641,604,18,622,8
2020-10-23,Orange,059,3164182,60627,57595,1740,59335,1430
2020-10-23,Placer,061,380077,4354,4073,15,4088,57
2020-10-23,Plumas,063,18699,75,63,0,63,0
2020-10-23,Riverside,065,2383286,67391,65512,351,65863,1279
2020-10-23,Sacramento,067,1510023,25692,25224,27,25251,496
2020-10-23,San Benito,069,59416,1429,1412,1,1413,15
2020-10-23,San Bernardino,071,2135413,63708,60854,431,61285,1150
2020-10-23,San Diego,073,3302833,56286,53944,1516,55460,867
2020-10-23,San Francisco,075,870044,12257,12015,47,12062,137
2020-10-23,San Joaquin,077,732212,21897,21361,193,21554,495
2020-10-23,San Luis Obispo,079,281455,4362,4102,25,4127,31
2020-10-23,San Mateo,081,765935,11353,10872,10,10882,155
2020-10-23,Santa Barbara,083,443738,9931,9751,94,9845,121
2020-10-23,Santa Clara,085,1922200,25374,23822,50,23872,364
2020-10-23,Santa Cruz,087,273765,2873,2757,33,2790,24
2020-10-23,Shasta,089,179085,2157,1846,19,1865,29
2020-10-23,Sierra,091,2930,6,6,0,6,0
2020-10-23,Siskiyou,093,43540,202,172,10,182,0
2020-10-23,Solano,095,438530,7391,7174,39,7213,59
2020-10-23,Sonoma,097,501317,9567,9112,27,9139,139
2020-10-23,Stanislaus,099,539301,17738,17496,730,18226,395
2020-10-23,Sutter,101,95872,1852,1797,1,1798,12
2020-10-23,Tehama,103,63373,916,862,2,864,5
2020-10-23,Trinity,105,12862,85,26,10,36,0
2020-10-23,Tulare,107,460477,17952,17334,342,17676,295
2020-10-23,Tuolumne,109,53932,279,254,5,259,4
2020-10-23,Ventura,111,848112,14939,14192,318,14510,155
2020-10-23,Yolo,113,214977,3262,3140,10,3150,57
2020-10-23,Yuba,115,75493,1253,1206,6,1212,10
2020-10-22,Alameda,001,1643700,23595,22915,218,23133,393
2020-10-22,Alpine,003,1148,3,3,0,3,0
2020-10-22,Amador,005,37829,339,317,0,317,16
2020-10-22,Butte,007,227075,3187,3046,35,3081,55
2020-10-22,Calaveras,009,45235,333,273,0,273,13
2020-10-22,Colusa,011,21464,550,547,1,548,6
2020-10-22,Contra Costa,013,1133247,18966,18393,92,18485,243
2020-10-22,Del Norte,015,27424,173,168,0,168,2
2020-10-22,El Dorado,017,186661,1396,1308,12,1320,4
2020-10-22,Fresno,019,978130,33399,30471,460,30931,438
2020-10-22,Glenn,021,27897,672,643,1,644,3
2020-10-22,Humboldt,023,135768,562,548,1,549,7
2020-10-22,Imperial,025,180216,12860,12311,15,12326,333
2020-10-22,Inyo,027,18085,241,220,5,225,14
2020-10-22,Kern,029,883053,33844,32991,407,33398,431
2020-10-22,Kings,031,150075,8454,8201,48,8249,82
2020-10-22,Lake,033,64148,711,678,0,678,15
2020-10-22,Lassen,035,31185,771,764,2,766,0
2020-10-22,Los Angeles,037,10098052,299970,291599,2751,294350,6935
2020-10-22,Madera,039,155013,5030,4847,37,4884,52
2020-10-22,Marin,041,260295,7126,7014,19,7033,102
2020-10-22,Mariposa,043,17540,80,77,0,77,2
2020-10-22,Mendocino,045,87422,1068,1016,4,1020,20
2020-10-22,Merced,047,269075,9505,9323,35,9358,149
2020-10-22,Modoc,049,8938,34,26,0,26,0
2020-10-22,Mono,051,14174,189,156,5,161,1
2020-10-22,Monterey,053,433212,11313,11059,53,11112,84
2020-10-22,Napa,055,140530,2021,1928,8,1936,14
2020-10-22,Nevada,057,99092,635,600,18,618,8
2020-10-22,Orange,059,3164182,60412,57418,1723,59141,1422
2020-10-22,Placer,061,380077,4305,4036,15,4051,57
2020-10-22,Plumas,063,18699,72,62,0,62,0
2020-10-22,Riverside,065,2383286,67056,65104,333,65437,1279
2020-10-22,Sacramento,067,1510023,25552,25054,27,25081,492
2020-10-22,San Benito,069,59416,1425,1403,1,1404,15
2020-10-22,San Bernardino,071,2135413,63306,60402,416,60818,1149
2020-10-22,San Diego,073,3302833,55899,53514,1497,55011,866
2020-10-22,San Francisco,075,870044,12199,11991,45,12036,137
2020-10-22,San Joaquin,077,732212,21824,21282,187,21469,495
2020-10-22,San Luis Obispo,079,281455,4346,4081,25,4106,31
2020-10-22,San Mateo,081,765935,11297,10796,10,10806,155
2020-10-22,Santa Barbara,083,443738,9897,9710,92,9802,120
2020-10-22,Santa Clara,085,1922200,25220,23621,50,23671,363
2020-10-22,Santa Cruz,087,273765,2855,2738,32,2770,24
2020-10-22,Shasta,089,179085,2111,1799,19,1818,29
2020-10-22,Sierra,091,2930,6,6,0,6,0
2020-10-22,Siskiyou,093,43540,201,169,10,179,0
2020-10-22,Solano,095,438530,7345,7116,39,7155,59
2020-10-22,Sonoma,097,501317,9501,9052,26,9078,139
2020-10-22,Stanislaus,099,539301,17684,17440,718,18158,395
2020-10-22,Sutter,101,95872,1838,1794,1,1795,12
2020-10-22,Tehama,103,63373,905,852,2,854,5
2020-10-22,Trinity,105,12862,84,26,10,36,0
2020-10-22,Tulare,107,460477,17886,17265,329,17594,293
2020-10-22,Tuolumne,109,53932,277,252,5,257,4
2020-10-22,Ventura,111,848112,14892,14124,316,14440,154
2020-10-22,Yolo,113,214977,3250,3116,10,3126,58
2020-10-22,Yuba,115,75493,1246,1199,5,1204,10
2020-10-21,Alameda,001,1643700,23507,22853,216,23069,392
2020-10-21,Alpine,003,1148,3,3,0,3,0
2020-10-21,Amador,005,37829,334,313,0,313,16
2020-10-21,Butte,007,227075,3175,3041,35,3076,55
2020-10-21,Calaveras,009,45235,332,272,0,272,13
2020-10-21,Colusa,011,21464,550,546,1,547,6
2020-10-21,Contra Costa,013,1133247,18892,18299,92,18391,243
2020-10-21,Del Norte,015,27424,173,169,0,169,2
2020-10-21,El Dorado,017,186661,1384,1305,11,1316,4
2020-10-21,Fresno,019,978130,33304,30328,455,30783,433
2020-10-21,Glenn,021,27897,667,640,1,641,3
2020-10-21,Humboldt,023,135768,561,548,1,549,7
2020-10-21,Imperial,025,180216,12803,12210,15,12225,331
2020-10-21,Inyo,027,18085,237,220,5,225,14
2020-10-21,Kern,029,883053,33769,32956,405,33361,430
2020-10-21,Kings,031,150075,8427,8186,48,8234,80
2020-10-21,Lake,033,64148,710,676,0,676,15
2020-10-21,Lassen,035,31185,770,764,2,766,0
2020-10-21,Los Angeles,037,10098052,298629,288096,2709,290805,6923
2020-10-21,Madera,039,155013,5005,4831,37,4868,52
2020-10-21,Marin,041,260295,7117,7002,19,7021,102
2020-10-21,Mariposa,043,17540,80,77,0,77,2
2020-10-21,Mendocino,045,87422,1066,1011,4,1015,21
2020-10-21,Merced,047,269075,9481,9319,33,9352,149
2020-10-21,Modoc,049,8938,33,26,0,26,0
2020-10-21,Mono,051,14174,187,156,5,161,1
2020-10-21,Monterey,053,433212,11275,11005,52,11057,83
2020-10-21,Napa,055,140530,2006,1918,8,1926,13
2020-10-21,Nevada,057,99092,629,597,18,615,8
2020-10-21,Orange,059,3164182,60200,57189,1714,58903,1409
2020-10-21,Placer,061,380077,4268,4007,15,4022,56
2020-10-21,Plumas,063,18699,69,58,0,58,0
2020-10-21,Riverside,065,2383286,66760,64778,309,65087,1278
2020-10-21,Sacramento,067,1510023,25359,24908,27,24935,490
2020-10-21,San Benito,069,59416,1424,1401,1,1402,14
2020-10-21,San Bernardino,071,2135413,62896,59948,409,60357,1141
2020-10-21,San Diego,073,3302833,55547,53279,1469,54748,863
2020-10-21,San Francisco,075,870044,12150,11976,44,12020,137
2020-10-21,San Joaquin,077,732212,21748,21201,181,21382,495
2020-10-21,San Luis Obispo,079,281455,4319,4055,23,4078,31
2020-10-21,San Mateo,081,765935,11248,10730,10,10740,155
2020-10-21,Santa Barbara,083,443738,9880,9681,91,9772,121
2020-10-21,Santa Clara,085,1922200,25094,23537,50,23587,361
2020-10-21,Santa Cruz,087,273765,2832,2729,32,2761,24
2020-10-21,Shasta,089,179085,2075,1777,19,1796,27
2020-10-21,Sierra,091,2930,6,6,0,6,0
2020-10-21,Siskiyou,093,43540,197,169,10,179,0
2020-10-21,Solano,095,438530,7299,7088,39,7127,59
2020-10-21,Sonoma,097,501317,9421,8987,26,9013,138
2020-10-21,Stanislaus,099,539301,17634,17419,710,18129,392
2020-10-21,Sutter,101,95872,1824,1786,1,1787,12
2020-10-21,Tehama,103,63373,889,824,2,826,5
2020-10-21,Trinity,105,12862,78,25,9,34,0
2020-10-21,Tulare,107,460477,17848,17204,315,17519,292
2020-10-21,Tuolumne,109,53932,276,251,5,256,4
2020-10-21,Ventura,111,848112,14829,14050,313,14363,153
2020-10-21,Yolo,113,214977,3231,3095,10,3105,58
2020-10-21,Yuba,115,75493,1237,1194,5,1199,10
2020-10-20,Alameda,001,1643700,23404,22750,212,22962,391
2020-10-20,Alpine,003,1148,3,3,0,3,0
2020-10-20,Amador,005,37829,333,313,0,313,16
2020-10-20,Butte,007,227075,3163,3027,35,3062,56
2020-10-20,Calaveras,009,45235,330,273,0,273,13
2020-10-20,Colusa,011,21464,547,546,1,547,6
2020-10-20,Contra Costa,013,1133247,18800,18246,92,18338,241
2020-10-20,Del Norte,015,27424,172,169,0,169,2
2020-10-20,El Dorado,017,186661,1378,1295,11,1306,4
2020-10-20,Fresno,019,978130,33201,30220,449,30669,431
2020-10-20,Glenn,021,27897,662,638,1,639,3
2020-10-20,Humboldt,023,135768,557,545,1,546,7
2020-10-20,Imperial,025,180216,12735,12114,15,12129,330
2020-10-20,Inyo,027,18085,237,218,5,223,14
2020-10-20,Kern,029,883053,33694,32889,392,33281,429
2020-10-20,Kings,031,150075,8409,8178,47,8225,80
2020-10-20,Lake,033,64148,708,675,0,675,15
2020-10-20,Lassen,035,31185,769,757,2,759,0
2020-10-20,Los Angeles,037,10098052,297136,287727,2659,290386,6891
2020-10-20,Madera,039,155013,4988,4823,37,4860,52
2020-10-20,Marin,041,260295,7102,6994,19,7013,101
2020-10-20,Mariposa,043,17540,79,77,0,77,2
2020-10-20,Mendocino,045,87422,1064,1004,4,1008,21
2020-10-20,Merced,047,269075,9459,9323,33,9356,149
2020-10-20,Modoc,049,8938,32,26,0,26,0
2020-10-20,Mono,051,14174,187,156,5,161,1
2020-10-20,Monterey,053,433212,11232,10942,49,10991,81
2020-10-20,Napa,055,140530,1987,1912,8,1920,13
2020-10-20,Nevada,057,99092,619,596,18,614,8
2020-10-20,Orange,059,3164182,59936,56914,1704,58618,1397
2020-10-20,Placer,061,380077,4230,3997,15,4012,56
2020-10-20,Plumas,063,18699,66,53,0,53,0
2020-10-20,Riverside,065,2383286,66381,64452,297,64749,1275
2020-10-20,Sacramento,067,1510023,25231,24767,26,24793,485
2020-10-20,San Benito,069,59416,1421,1398,1,1399,14
2020-10-20,San Bernardino,071,2135413,62512,59571,407,59978,1109
2020-10-20,San Diego,073,3302833,55211,53004,1449,54453,857
2020-10-20,San Francisco,075,870044,12103,12013,43,12056,126
2020-10-20,San Joaquin,077,732212,21669,21173,172,21345,490
2020-10-20,San Luis Obispo,079,281455,4301,4043,22,4065,31
2020-10-20,San Mateo,081,765935,11201,10659,10,10669,155
2020-10-20,Santa Barbara,083,443738,9851,9664,89,9753,121
2020-10-20,Santa Clara,085,1922200,24956,23406,50,23456,358
2020-10-20,Santa Cruz,087,273765,2809,2710,32,2742,23
2020-10-20,Shasta,089,179085,2052,1747,19,1766,20
2020-10-20,Sierra,091,2930,6,6,0,6,0
2020-10-20,Siskiyou,093,43540,189,168,10,178,0
2020-10-20,Solano,095,438530,7250,7044,39,7083,57
2020-10-20,Sonoma,097,501317,9358,8904,24,8928,135
2020-10-20,Stanislaus,099,539301,17580,17367,706,18073,393
2020-10-20,Sutter,101,95872,1815,1783,1,1784,12
2020-10-20,Tehama,103,63373,874,813,2,815,5
2020-10-20,Trinity,105,12862,77,25,9,34,0
2020-10-20,Tulare,107,460477,17781,17156,310,17466,289
2020-10-20,Tuolumne,109,53932,274,250,5,255,4
2020-10-20,Ventura,111,848112,14765,13980,311,14291,152
2020-10-20,Yolo,113,214977,3208,3083,10,3093,56
2020-10-20,Yuba,115,75493,1227,1191,5,1196,10
2020-10-19,Alameda,001,1643700,23294,22647,211,22858,392
2020-10-19,Alpine,003,1148,3,3,0,3,0
2020-10-19,Amador,005,37829,327,313,0,313,16
2020-10-19,Butte,007,227075,3152,3026,35,3061,55
2020-10-19,Calaveras,009,45235,329,268,0,268,13
2020-10-19,Colusa,011,21464,547,544,1,545,6
2020-10-19,Contra Costa,013,1133247,18702,18173,92,18265,239
2020-10-19,Del Norte,015,27424,169,167,0,167,2
2020-10-19,El Dorado,017,186661,1357,1287,11,1298,4
2020-10-19,Fresno,019,978130,33092,30152,443,30595,431
2020-10-19,Glenn,021,27897,657,635,0,635,3
2020-10-19,Humboldt,023,135768,557,543,1,544,7
2020-10-19,Imperial,025,180216,12681,12036,14,12050,330
2020-10-19,Inyo,027,18085,236,218,5,223,14
2020-10-19,Kern,029,883053,33618,32840,389,33229,428
2020-10-19,Kings,031,150075,8391,8173,47,8220,80
2020-10-19,Lake,033,64148,705,673,0,673,15
2020-10-19,Lassen,035,31185,768,757,2,759,0
2020-10-19,Los Angeles,037,10098052,295652,287119,2621,289740,6858
2020-10-19,Madera,039,155013,4973,4787,37,4824,52
2020-10-19,Marin,041,260295,7084,6981,19,7000,100
2020-10-19,Mariposa,043,17540,79,77,0,77,2
2020-10-19,Mendocino,045,87422,1059,1001,4,1005,21
2020-10-19,Merced,047,269075,9434,9305,30,9335,148
2020-10-19,Modoc,049,8938,31,26,0,26,0
2020-10-19,Mono,051,14174,182,156,5,161,1
2020-10-19,Monterey,053,433212,11171,10907,49,10956,80
2020-10-19,Napa,055,140530,1975,1892,8,1900,12
2020-10-19,Nevada,057,99092,616,590,18,608,8
2020-10-19,Orange,059,3164182,59653,56652,1689,58341,1396
2020-10-19,Placer,061,380077,4181,3962,15,3977,49
2020-10-19,Plumas,063,18699,64,52,0,52,0
2020-10-19,Riverside,065,2383286,65950,64016,281,64297,1272
2020-10-19,Sacramento,067,1510023,25092,24542,26,24568,483
2020-10-19,San Benito,069,59416,1414,1395,1,1396,14
2020-10-19,San Bernardino,071,2135413,62060,59265,395,59660,1100
2020-10-19,San Diego,073,3302833,54825,52739,1424,54163,853
2020-10-19,San Francisco,075,870044,12059,11879,43,11922,126
2020-10-19,San Joaquin,077,732212,21594,20930,164,21094,489
2020-10-19,San Luis Obispo,079,281455,4285,4016,22,4038,31
2020-10-19,San Mateo,081,765935,11155,10568,10,10578,154
2020-10-19,Santa Barbara,083,443738,9815,9632,89,9721,121
2020-10-19,Santa Clara,085,1922200,24806,23301,50,23351,352
2020-10-19,Santa Cruz,087,273765,2792,2705,32,2737,19
2020-10-19,Shasta,089,179085,2008,1709,18,1727,20
2020-10-19,Sierra,091,2930,6,6,0,6,0
2020-10-19,Siskiyou,093,43540,182,167,10,177,0
2020-10-19,Solano,095,438530,7209,7003,39,7042,57
2020-10-19,Sonoma,097,501317,9271,8830,24,8854,135
2020-10-19,Stanislaus,099,539301,17529,17342,696,18038,390
2020-10-19,Sutter,101,95872,1810,1773,1,1774,12
2020-10-19,Tehama,103,63373,871,793,2,795,5
2020-10-19,Trinity,105,12862,75,23,9,32,0
2020-10-19,Tulare,107,460477,17731,17047,303,17350,291
2020-10-19,Tuolumne,109,53932,272,247,5,252,4
2020-10-19,Ventura,111,848112,14700,13930,308,14238,152
2020-10-19,Yolo,113,214977,3195,3069,10,3079,56
2020-10-19,Yuba,115,75493,1220,1183,5,1188,10
2020-10-18,Alameda,001,1643700,23190,22546,210,22756,392
2020-10-18,Alpine,003,1148,3,3,0,3,0
2020-10-18,Amador,005,37829,316,313,0,313,16
2020-10-18,Butte,007,227075,3139,3019,35,3054,55
2020-10-18,Calaveras,009,45235,328,267,0,267,13
2020-10-18,Colusa,011,21464,545,544,1,545,6
2020-10-18,Contra Costa,013,1133247,18604,18120,92,18212,237
2020-10-18,Del Norte,015,27424,169,167,0,167,2
2020-10-18,El Dorado,017,186661,1348,1283,11,1294,4
2020-10-18,Fresno,019,978130,32963,30051,435,30486,430
2020-10-18,Glenn,021,27897,655,634,0,634,3
2020-10-18,Humboldt,023,135768,554,540,1,541,7
2020-10-18,Imperial,025,180216,12618,11987,13,12000,330
2020-10-18,Inyo,027,18085,233,215,5,220,14
2020-10-18,Kern,029,883053,33545,32799,382,33181,428
2020-10-18,Kings,031,150075,8376,8159,47,8206,80
2020-10-18,Lake,033,64148,698,670,0,670,15
2020-10-18,Lassen,035,31185,768,757,2,759,0
2020-10-18,Los Angeles,037,10098052,293943,286187,2579,288766,6857
2020-10-18,Madera,039,155013,4948,4770,36,4806,52
2020-10-18,Marin,041,260295,7063,6969,19,6988,99
2020-10-18,Mariposa,043,17540,79,77,0,77,2
2020-10-18,Mendocino,045,87422,1057,988,4,992,21
2020-10-18,Merced,047,269075,9399,9292,30,9322,148
2020-10-18,Modoc,049,8938,30,26,0,26,0
2020-10-18,Mono,051,14174,177,155,5,160,1
2020-10-18,Monterey,053,433212,11118,10872,49,10921,80
2020-10-18,Napa,055,140530,1962,1882,8,1890,12
2020-10-18,Nevada,057,99092,610,582,18,600,8
2020-10-18,Orange,059,3164182,59356,56394,1672,58066,1396
2020-10-18,Placer,061,380077,4133,3938,15,3953,49
2020-10-18,Plumas,063,18699,62,52,0,52,0
2020-10-18,Riverside,065,2383286,65637,63765,260,64025,1270
2020-10-18,Sacramento,067,1510023,24936,24425,26,24451,482
2020-10-18,San Benito,069,59416,1407,1395,1,1396,14
2020-10-18,San Bernardino,071,2135413,61561,58893,387,59280,1098
2020-10-18,San Diego,073,3302833,54436,52359,1403,53762,853
2020-10-18,San Francisco,075,870044,12020,11878,43,11921,126
2020-10-18,San Joaquin,077,732212,21511,20931,151,21082,489
2020-10-18,San Luis Obispo,079,281455,4254,4009,20,4029,31
2020-10-18,San Mateo,081,765935,11096,10503,10,10513,154
2020-10-18,Santa Barbara,083,443738,9776,9608,88,9696,121
2020-10-18,Santa Clara,085,1922200,24633,23169,50,23219,352
2020-10-18,Santa Cruz,087,273765,2778,2692,32,2724,19
2020-10-18,Shasta,089,179085,1983,1708,18,1726,20
2020-10-18,Sierra,091,2930,6,6,0,6,0
2020-10-18,Siskiyou,093,43540,182,167,10,177,0
2020-10-18,Solano,095,438530,7162,6962,39,7001,57
2020-10-18,Sonoma,097,501317,9194,8781,23,8804,134
2020-10-18,Stanislaus,099,539301,17473,17290,687,17977,390
2020-10-18,Sutter,101,95872,1801,1764,1,1765,12
2020-10-18,Tehama,103,63373,839,774,2,776,5
2020-10-18,Trinity,105,12862,75,20,9,29,0
2020-10-18,Tulare,107,460477,17637,17048,294,17342,290
2020-10-18,Tuolumne,109,53932,266,245,5,250,4
2020-10-18,Ventura,111,848112,14620,13901,307,14208,151
2020-10-18,Yolo,113,214977,3156,3059,10,3069,55
2020-10-18,Yuba,115,75493,1209,1176,5,1181,10
2020-10-17,Alameda,001,1643700,23145,22394,208,22602,398
2020-10-17,Alpine,003,1148,3,3,0,3,0
2020-10-17,Amador,005,37829,314,309,0,309,16
2020-10-17,Butte,007,227075,3131,3012,33,3045,55
2020-10-17,Calaveras,009,45235,328,267,0,267,13
2020-10-17,Colusa,011,21464,544,544,1,545,6
2020-10-17,Contra Costa,013,1133247,18550,18005,92,18097,237
2020-10-17,Del Norte,015,27424,169,167,0,167,2
2020-10-17,El Dorado,017,186661,1344,1277,11,1288,4
2020-10-17,Fresno,019,978130,32909,29911,433,30344,430
2020-10-17,Glenn,021,27897,652,633,0,633,3
2020-10-17,Humboldt,023,135768,551,535,1,536,7
2020-10-17,Imperial,025,180216,12590,11962,13,11975,330
2020-10-17,Inyo,027,18085,228,212,5,217,14
2020-10-17,Kern,029,883053,33494,32710,379,33089,428
2020-10-17,Kings,031,150075,8370,8151,46,8197,80
2020-10-17,Lake,033,64148,695,663,0,663,15
2020-10-17,Lassen,035,31185,768,757,2,759,0
2020-10-17,Los Angeles,037,10098052,293189,285858,2552,288410,6844
2020-10-17,Madera,039,155013,4942,4759,36,4795,53
2020-10-17,Marin,041,260295,7060,6958,19,6977,99
2020-10-17,Mariposa,043,17540,78,77,0,77,2
2020-10-17,Mendocino,045,87422,1050,977,4,981,21
2020-10-17,Merced,047,269075,9385,9275,30,9305,148
2020-10-17,Modoc,049,8938,30,26,0,26,0
2020-10-17,Mono,051,14174,176,155,5,160,1
2020-10-17,Monterey,053,433212,11079,10807,48,10855,80
2020-10-17,Napa,055,140530,1953,1866,8,1874,12
2020-10-17,Nevada,057,99092,609,580,18,598,8
2020-10-17,Orange,059,3164182,59214,56197,1666,57863,1396
2020-10-17,Placer,061,380077,4106,3898,15,3913,49
2020-10-17,Plumas,063,18699,62,52,0,52,0
2020-10-17,Riverside,065,2383286,65439,63171,251,63422,1270
2020-10-17,Sacramento,067,1510023,24852,24304,26,24330,482
2020-10-17,San Benito,069,59416,1403,1389,1,1390,14
2020-10-17,San Bernardino,071,2135413,61290,58415,380,58795,1097
2020-10-17,San Diego,073,3302833,54211,51986,1392,53378,853
2020-10-17,San Francisco,075,870044,11993,11877,42,11919,126
2020-10-17,San Joaquin,077,732212,21457,20932,145,21077,489
2020-10-17,San Luis Obispo,079,281455,4239,3979,20,3999,31
2020-10-17,San Mateo,081,765935,11068,10423,10,10433,153
2020-10-17,Santa Barbara,083,443738,9757,9588,86,9674,121
2020-10-17,Santa Clara,085,1922200,24543,22997,50,23047,349
2020-10-17,Santa Cruz,087,273765,2764,2680,32,2712,19
2020-10-17,Shasta,089,179085,1957,1679,18,1697,20
2020-10-17,Sierra,091,2930,6,6,0,6,0
2020-10-17,Siskiyou,093,43540,181,167,10,177,0
2020-10-17,Solano,095,438530,7136,6929,39,6968,57
2020-10-17,Sonoma,097,501317,9151,8725,23,8748,134
2020-10-17,Stanislaus,099,539301,17433,17232,678,17910,390
2020-10-17,Sutter,101,95872,1799,1762,1,1763,12
2020-10-17,Tehama,103,63373,823,764,2,766,5
2020-10-17,Trinity,105,12862,75,20,9,29,0
2020-10-17,Tulare,107,460477,17607,16995,285,17280,290
2020-10-17,Tuolumne,109,53932,266,241,5,246,4
2020-10-17,Ventura,111,848112,14575,13845,304,14149,151
2020-10-17,Yolo,113,214977,3141,3045,9,3054,55
2020-10-17,Yuba,115,75493,1204,1164,5,1169,10
2020-10-16,Alameda,001,1643700,23091,22315,208,22523,397
2020-10-16,Alpine,003,1148,3,3,0,3,0
2020-10-16,Amador,005,37829,314,309,0,309,16
2020-10-16,Butte,007,227075,3120,3004,33,3037,54
2020-10-16,Calaveras,009,45235,328,267,0,267,13
2020-10-16,Colusa,011,21464,543,544,1,545,6
2020-10-16,Contra Costa,013,1133247,18497,17956,92,18048,237
2020-10-16,Del Norte,015,27424,169,166,0,166,2
2020-10-16,El Dorado,017,186661,1338,1273,11,1284,4
2020-10-16,Fresno,019,978130,32834,29796,432,30228,427
2020-10-16,Glenn,021,27897,647,632,0,632,3
2020-10-16,Humboldt,023,135768,551,533,1,534,7
2020-10-16,Imperial,025,180216,12550,11885,13,11898,330
2020-10-16,Inyo,027,18085,224,212,5,217,14
2020-10-16,Kern,029,883053,33451,32660,377,33037,428
2020-10-16,Kings,031,150075,8361,8146,45,8191,80
2020-10-16,Lake,033,64148,693,644,0,644,14
2020-10-16,Lassen,035,31185,768,757,2,759,0
2020-10-16,Los Angeles,037,10098052,292125,284988,2531,287519,6835
2020-10-16,Madera,039,155013,4930,4736,35,4771,53
2020-10-16,Marin,041,260295,7050,6933,19,6952,99
2020-10-16,Mariposa,043,17540,78,76,0,76,2
2020-10-16,Mendocino,045,87422,1043,974,4,978,21
2020-10-16,Merced,047,269075,9368,9246,30,9276,148
2020-10-16,Modoc,049,8938,30,26,0,26,0
2020-10-16,Mono,051,14174,174,155,5,160,1
2020-10-16,Monterey,053,433212,11044,10727,48,10775,79
2020-10-16,Napa,055,140530,1944,1855,8,1863,12
2020-10-16,Nevada,057,99092,607,579,18,597,8
2020-10-16,Orange,059,3164182,59036,56091,1660,57751,1388
2020-10-16,Placer,061,380077,4086,3864,15,3879,49
2020-10-16,Plumas,063,18699,61,52,0,52,0
2020-10-16,Riverside,065,2383286,65213,62986,250,63236,1267
2020-10-16,Sacramento,067,1510023,24758,24144,26,24170,479
2020-10-16,San Benito,069,59416,1400,1388,1,1389,14
2020-10-16,San Bernardino,071,2135413,61021,58233,380,58613,1069
2020-10-16,San Diego,073,3302833,53969,51785,1378,53163,850
2020-10-16,San Francisco,075,870044,11971,11840,41,11881,126
2020-10-16,San Joaquin,077,732212,21412,20910,144,21054,489
2020-10-16,San Luis Obispo,079,281455,4223,3952,20,3972,32
2020-10-16,San Mateo,081,765935,11042,10405,10,10415,153
2020-10-16,Santa Barbara,083,443738,9738,9549,86,9635,119
2020-10-16,Santa Clara,085,1922200,24455,22920,50,22970,345
2020-10-16,Santa Cruz,087,273765,2751,2666,32,2698,20
2020-10-16,Shasta,089,179085,1935,1660,18,1678,20
2020-10-16,Sierra,091,2930,6,6,0,6,0
2020-10-16,Siskiyou,093,43540,179,167,10,177,0
2020-10-16,Solano,095,438530,7113,6879,39,6918,55
2020-10-16,Sonoma,097,501317,9095,8652,23,8675,133
2020-10-16,Stanislaus,099,539301,17399,17201,670,17871,366
2020-10-16,Sutter,101,95872,1791,1756,1,1757,12
2020-10-16,Tehama,103,63373,822,737,2,739,3
2020-10-16,Trinity,105,12862,75,20,9,29,0
2020-10-16,Tulare,107,460477,17575,16965,277,17242,290
2020-10-16,Tuolumne,109,53932,264,237,5,242,4
2020-10-16,Ventura,111,848112,14532,13805,299,14104,152
2020-10-16,Yolo,113,214977,3132,3030,9,3039,55
2020-10-16,Yuba,115,75493,1204,1155,5,1160,10
2020-10-15,Alameda,001,1643700,23023,22267,207,22474,390
2020-10-15,Alpine,003,1148,3,3,0,3,0
2020-10-15,Amador,005,37829,314,309,0,309,16
2020-10-15,Butte,007,227075,3108,3000,32,3032,54
2020-10-15,Calaveras,009,45235,327,267,0,267,13
2020-10-15,Colusa,011,21464,542,543,1,544,6
2020-10-15,Contra Costa,013,1133247,18430,17893,91,17984,237
2020-10-15,Del Norte,015,27424,169,164,0,164,2
2020-10-15,El Dorado,017,186661,1333,1265,11,1276,4
2020-10-15,Fresno,019,978130,32737,29727,429,30156,425
2020-10-15,Glenn,021,27897,642,632,0,632,3
2020-10-15,Humboldt,023,135768,547,531,1,532,7
2020-10-15,Imperial,025,180216,12509,11820,12,11832,330
2020-10-15,Inyo,027,18085,224,210,5,215,14
2020-10-15,Kern,029,883053,33370,32593,374,32967,427
2020-10-15,Kings,031,150075,8346,8134,45,8179,80
2020-10-15,Lake,033,64148,691,642,0,642,14
2020-10-15,Lassen,035,31185,767,752,2,754,0
2020-10-15,Los Angeles,037,10098052,290840,284019,2498,286517,6807
2020-10-15,Madera,039,155013,4918,4723,34,4757,50
2020-10-15,Marin,041,260295,7042,6912,19,6931,99
2020-10-15,Mariposa,043,17540,78,76,0,76,2
2020-10-15,Mendocino,045,87422,1037,963,4,967,21
2020-10-15,Merced,047,269075,9341,9213,30,9243,147
2020-10-15,Modoc,049,8938,30,26,0,26,0
2020-10-15,Mono,051,14174,174,155,5,160,1
2020-10-15,Monterey,053,433212,10977,10677,47,10724,79
2020-10-15,Napa,055,140530,1931,1842,8,1850,12
2020-10-15,Nevada,057,99092,603,575,18,593,8
2020-10-15,Orange,059,3164182,58820,55952,1648,57600,1379
2020-10-15,Placer,061,380077,4057,3848,15,3863,48
2020-10-15,Plumas,063,18699,58,52,0,52,0
2020-10-15,Riverside,065,2383286,64880,62819,247,63066,1266
2020-10-15,Sacramento,067,1510023,24642,24068,26,24094,474
2020-10-15,San Benito,069,59416,1397,1384,1,1385,14
2020-10-15,San Bernardino,071,2135413,60682,58068,377,58445,1067
2020-10-15,San Diego,073,3302833,53685,51472,1362,52834,847
2020-10-15,San Francisco,075,870044,11943,11808,38,11846,126
2020-10-15,San Joaquin,077,732212,21339,20880,138,21018,487
2020-10-15,San Luis Obispo,079,281455,4207,3934,20,3954,32
2020-10-15,San Mateo,081,765935,11002,10340,10,10350,152
2020-10-15,Santa Barbara,083,443738,9714,9526,85,9611,117
2020-10-15,Santa Clara,085,1922200,24340,22808,50,22858,343
2020-10-15,Santa Cruz,087,273765,2737,2656,32,2688,13
2020-10-15,Shasta,089,179085,1924,1635,18,1653,20
2020-10-15,Sierra,091,2930,6,6,0,6,0
2020-10-15,Siskiyou,093,43540,175,166,10,176,0
2020-10-15,Solano,095,438530,7074,6830,39,6869,55
2020-10-15,Sonoma,097,501317,9003,8571,23,8594,133
2020-10-15,Stanislaus,099,539301,17361,17151,656,17807,366
2020-10-15,Sutter,101,95872,1788,1752,1,1753,12
2020-10-15,Tehama,103,63373,795,726,2,728,3
2020-10-15,Trinity,105,12862,75,20,9,29,0
2020-10-15,Tulare,107,460477,17515,16918,262,17180,289
2020-10-15,Tuolumne,109,53932,262,236,5,241,4
2020-10-15,Ventura,111,848112,14476,13750,294,14044,152
2020-10-15,Yolo,113,214977,3112,3014,9,3023,55
2020-10-15,Yuba,115,75493,1197,1151,5,1156,10
2020-10-14,Alameda,001,1643700,22924,22227,206,22433,398
2020-10-14,Alpine,003,1148,3,3,0,3,0
2020-10-14,Amador,005,37829,312,308,0,308,16
2020-10-14,Butte,007,227075,3100,2995,32,3027,54
2020-10-14,Calaveras,009,45235,327,266,0,266,12
2020-10-14,Colusa,011,21464,542,543,1,544,6
2020-10-14,Contra Costa,013,1133247,18372,17820,89,17909,236
2020-10-14,Del Norte,015,27424,168,163,0,163,2
2020-10-14,El Dorado,017,186661,1327,1264,10,1274,4
2020-10-14,Fresno,019,978130,32622,29650,423,30073,424
2020-10-14,Glenn,021,27897,641,629,0,629,3
2020-10-14,Humboldt,023,135768,544,531,1,532,7
2020-10-14,Imperial,025,180216,12472,11765,10,11775,330
2020-10-14,Inyo,027,18085,223,209,4,213,14
2020-10-14,Kern,029,883053,33295,32528,372,32900,425
2020-10-14,Kings,031,150075,8328,8118,45,8163,80
2020-10-14,Lake,033,64148,690,642,0,642,14
2020-10-14,Lassen,035,31185,765,752,2,754,0
2020-10-14,Los Angeles,037,10098052,289526,282918,2454,285372,6786
2020-10-14,Madera,039,155013,4903,4713,33,4746,50
2020-10-14,Marin,041,260295,7036,6907,19,6926,99
2020-10-14,Mariposa,043,17540,77,76,0,76,2
2020-10-14,Mendocino,045,87422,1031,955,4,959,21
2020-10-14,Merced,047,269075,9316,9201,28,9229,147
2020-10-14,Modoc,049,8938,30,27,0,27,0
2020-10-14,Mono,051,14174,174,155,5,160,1
2020-10-14,Monterey,053,433212,10927,10616,47,10663,78
2020-10-14,Napa,055,140530,1914,1837,8,1845,12
2020-10-14,Nevada,057,99092,601,573,18,591,7
2020-10-14,Orange,059,3164182,58607,55756,1639,57395,1348
2020-10-14,Placer,061,380077,4034,3829,15,3844,48
2020-10-14,Plumas,063,18699,54,52,0,52,0
2020-10-14,Riverside,065,2383286,64597,62607,246,62853,1261
2020-10-14,Sacramento,067,1510023,24498,24013,26,24039,472
2020-10-14,San Benito,069,59416,1395,1381,0,1381,14
2020-10-14,San Bernardino,071,2135413,60355,57774,373,58147,1063
2020-10-14,San Diego,073,3302833,53366,51329,1338,52667,844
2020-10-14,San Francisco,075,870044,11911,11783,37,11820,123
2020-10-14,San Joaquin,077,732212,21260,20845,124,20969,487
2020-10-14,San Luis Obispo,079,281455,4184,3901,19,3920,32
2020-10-14,San Mateo,081,765935,10951,10309,10,10319,132
2020-10-14,Santa Barbara,083,443738,9680,9509,85,9594,117
2020-10-14,Santa Clara,085,1922200,24191,22735,50,22785,343
2020-10-14,Santa Cruz,087,273765,2727,2618,32,2650,13
2020-10-14,Shasta,089,179085,1886,1553,18,1571,20
2020-10-14,Sierra,091,2930,6,6,0,6,0
2020-10-14,Siskiyou,093,43540,175,166,10,176,0
2020-10-14,Solano,095,438530,7018,6786,39,6825,55
2020-10-14,Sonoma,097,501317,8950,8514,23,8537,133
2020-10-14,Stanislaus,099,539301,17316,17105,653,17758,365
2020-10-14,Sutter,101,95872,1779,1747,1,1748,12
2020-10-14,Tehama,103,63373,784,721,2,723,3
2020-10-14,Trinity,105,12862,74,20,9,29,0
2020-10-14,Tulare,107,460477,17453,16863,249,17112,287
2020-10-14,Tuolumne,109,53932,261,236,5,241,4
2020-10-14,Ventura,111,848112,14423,13697,290,13987,152
2020-10-14,Yolo,113,214977,3094,3007,8,3015,55
2020-10-14,Yuba,115,75493,1189,1147,5,1152,10
2020-10-13,Alameda,001,1643700,22819,22185,204,22389,389
2020-10-13,Alpine,003,1148,3,3,0,3,0
2020-10-13,Amador,005,37829,310,306,0,306,16
2020-10-13,Butte,007,227075,3091,2992,32,3024,54
2020-10-13,Calaveras,009,45235,323,262,0,262,12
2020-10-13,Colusa,011,21464,542,541,1,542,6
2020-10-13,Contra Costa,013,1133247,18315,17783,89,17872,234
2020-10-13,Del Norte,015,27424,168,163,0,163,2
2020-10-13,El Dorado,017,186661,1318,1262,10,1272,4
2020-10-13,Fresno,019,978130,32500,29579,419,29998,424
2020-10-13,Glenn,021,27897,640,629,0,629,3
2020-10-13,Humboldt,023,135768,542,523,1,524,7
2020-10-13,Imperial,025,180216,12437,11727,10,11737,327
2020-10-13,Inyo,027,18085,220,207,4,211,14
2020-10-13,Kern,029,883053,33220,32497,370,32867,419
2020-10-13,Kings,031,150075,8319,8111,45,8156,80
2020-10-13,Lake,033,64148,687,639,0,639,12
2020-10-13,Lassen,035,31185,763,752,2,754,0
2020-10-13,Los Angeles,037,10098052,288245,281716,2413,284129,6767
2020-10-13,Madera,039,155013,4885,4700,33,4733,50
2020-10-13,Marin,041,260295,7014,6900,18,6918,97
2020-10-13,Mariposa,043,17540,77,76,0,76,2
2020-10-13,Mendocino,045,87422,1022,950,4,954,21
2020-10-13,Merced,047,269075,9299,9181,28,9209,146
2020-10-13,Modoc,049,8938,29,28,0,28,0
2020-10-13,Mono,051,14174,174,155,4,159,1
2020-10-13,Monterey,053,433212,10866,10574,46,10620,78
2020-10-13,Napa,055,140530,1905,1825,8,1833,12
2020-10-13,Nevada,057,99092,594,572,18,590,7
2020-10-13,Orange,059,3164182,58394,55515,1626,57141,1326
2020-10-13,Placer,061,380077,3996,3825,15,3840,48
2020-10-13,Plumas,063,18699,52,51,0,51,0
2020-10-13,Riverside,065,2383286,64278,62279,244,62523,1254
2020-10-13,Sacramento,067,1510023,24421,23930,26,23956,466
2020-10-13,San Benito,069,59416,1387,1380,0,1380,14
2020-10-13,San Bernardino,071,2135413,60016,57411,371,57782,1061
2020-10-13,San Diego,073,3302833,53073,51026,1321,52347,840
2020-10-13,San Francisco,075,870044,11876,11659,37,11696,122
2020-10-13,San Joaquin,077,732212,21199,20822,120,20942,481
2020-10-13,San Luis Obispo,079,281455,4167,3892,18,3910,32
2020-10-13,San Mateo,081,765935,10908,10286,10,10296,130
2020-10-13,Santa Barbara,083,443738,9649,9489,85,9574,117
2020-10-13,Santa Clara,085,1922200,24064,22678,50,22728,343
2020-10-13,Santa Cruz,087,273765,2709,2603,32,2635,13
2020-10-13,Shasta,089,179085,1862,1606,18,1624,20
2020-10-13,Sierra,091,2930,6,6,0,6,0
2020-10-13,Siskiyou,093,43540,174,163,10,173,0
2020-10-13,Solano,095,438530,6983,6761,39,6800,55
2020-10-13,Sonoma,097,501317,8867,8456,23,8479,133
2020-10-13,Stanislaus,099,539301,17271,17082,648,17730,362
2020-10-13,Sutter,101,95872,1770,1748,1,1749,12
2020-10-13,Tehama,103,63373,776,717,2,719,3
2020-10-13,Trinity,105,12862,70,19,8,27,0
2020-10-13,Tulare,107,460477,17395,16822,241,17063,286
2020-10-13,Tuolumne,109,53932,259,235,5,240,4
2020-10-13,Ventura,111,848112,14368,13645,286,13931,151
2020-10-13,Yolo,113,214977,3086,2983,7,2990,55
2020-10-13,Yuba,115,75493,1184,1143,5,1148,10
2020-10-12,Alameda,001,1643700,22739,22126,203,22329,389
2020-10-12,Alpine,003,1148,3,3,0,3,0
2020-10-12,Amador,005,37829,309,305,0,305,16
2020-10-12,Butte,007,227075,3085,2975,32,3007,54
2020-10-12,Calaveras,009,45235,323,262,0,262,12
2020-10-12,Colusa,011,21464,542,541,1,542,6
2020-10-12,Contra Costa,013,1133247,18240,17728,89,17817,233
2020-10-12,Del Norte,015,27424,168,161,0,161,2
2020-10-12,El Dorado,017,186661,1315,1254,10,1264,4
2020-10-12,Fresno,019,978130,32367,29523,415,29938,421
2020-10-12,Glenn,021,27897,639,626,0,626,3
2020-10-12,Humboldt,023,135768,539,522,1,523,7
2020-10-12,Imperial,025,180216,12398,11689,10,11699,328
2020-10-12,Inyo,027,18085,217,201,4,205,14
2020-10-12,Kern,029,883053,33127,32425,367,32792,419
2020-10-12,Kings,031,150075,8313,8106,45,8151,80
2020-10-12,Lake,033,64148,681,633,0,633,12
2020-10-12,Lassen,035,31185,763,752,2,754,0
2020-10-12,Los Angeles,037,10098052,287025,280961,2386,283347,6747
2020-10-12,Madera,039,155013,4866,4689,33,4722,50
2020-10-12,Marin,041,260295,6997,6886,18,6904,97
2020-10-12,Mariposa,043,17540,77,76,0,76,2
2020-10-12,Mendocino,045,87422,1016,947,4,951,21
2020-10-12,Merced,047,269075,9278,9141,28,9169,146
2020-10-12,Modoc,049,8938,29,27,0,27,0
2020-10-12,Mono,051,14174,174,154,4,158,1
2020-10-12,Monterey,053,433212,10800,10473,46,10519,77
2020-10-12,Napa,055,140530,1897,1819,8,1827,11
2020-10-12,Nevada,057,99092,590,570,18,588,7
2020-10-12,Orange,059,3164182,58165,55373,1616,56989,1326
2020-10-12,Placer,061,380077,3964,3808,14,3822,48
2020-10-12,Plumas,063,18699,52,51,0,51,0
2020-10-12,Riverside,065,2383286,63967,62279,240,62519,1254
2020-10-12,Sacramento,067,1510023,24315,23807,26,23833,466
2020-10-12,San Benito,069,59416,1384,1376,0,1376,13
2020-10-12,San Bernardino,071,2135413,59641,57235,370,57605,1061
2020-10-12,San Diego,073,3302833,52783,50748,1294,52042,826
2020-10-12,San Francisco,075,870044,11844,11659,37,11696,122
2020-10-12,San Joaquin,077,732212,21136,20701,114,20815,480
2020-10-12,San Luis Obispo,079,281455,4139,3874,18,3892,32
2020-10-12,San Mateo,081,765935,10860,10262,10,10272,130
2020-10-12,Santa Barbara,083,443738,9611,9462,85,9547,117
2020-10-12,Santa Clara,085,1922200,23948,22578,50,22628,343
2020-10-12,Santa Cruz,087,273765,2692,2590,32,2622,13
2020-10-12,Shasta,089,179085,1837,1515,18,1533,20
2020-10-12,Sierra,091,2930,6,6,0,6,0
2020-10-12,Siskiyou,093,43540,173,162,10,172,0
2020-10-12,Solano,095,438530,6944,6742,39,6781,55
2020-10-12,Sonoma,097,501317,8796,8377,23,8400,133
2020-10-12,Stanislaus,099,539301,17222,17051,639,17690,361
2020-10-12,Sutter,101,95872,1762,1741,1,1742,12
2020-10-12,Tehama,103,63373,760,708,2,710,3
2020-10-12,Trinity,105,12862,69,19,8,27,0
2020-10-12,Tulare,107,460477,17343,16742,234,16976,286
2020-10-12,Tuolumne,109,53932,254,234,5,239,4
2020-10-12,Ventura,111,848112,14306,13617,282,13899,151
2020-10-12,Yolo,113,214977,3071,2964,7,2971,55
2020-10-12,Yuba,115,75493,1173,1141,5,1146,10
2020-10-11,Alameda,001,1643700,22649,22057,199,22256,392
2020-10-11,Alpine,003,1148,3,3,0,3,0
2020-10-11,Amador,005,37829,307,305,0,305,16
2020-10-11,Butte,007,227075,3077,2967,31,2998,54
2020-10-11,Calaveras,009,45235,321,262,0,262,12
2020-10-11,Colusa,011,21464,540,541,1,542,6
2020-10-11,Contra Costa,013,1133247,18156,17678,89,17767,233
2020-10-11,Del Norte,015,27424,166,161,0,161,2
2020-10-11,El Dorado,017,186661,1306,1242,10,1252,4
2020-10-11,Fresno,019,978130,32229,29419,407,29826,421
2020-10-11,Glenn,021,27897,637,625,0,625,3
2020-10-11,Humboldt,023,135768,538,521,1,522,7
2020-10-11,Imperial,025,180216,12338,11614,10,11624,328
2020-10-11,Inyo,027,18085,213,201,4,205,14
2020-10-11,Kern,029,883053,33040,32399,358,32757,418
2020-10-11,Kings,031,150075,8296,8094,44,8138,80
2020-10-11,Lake,033,64148,668,631,0,631,12
2020-10-11,Lassen,035,31185,762,752,2,754,0
2020-10-11,Los Angeles,037,10098052,285585,280190,2345,282535,6745
2020-10-11,Madera,039,155013,4838,4680,32,4712,50
2020-10-11,Marin,041,260295,6988,6870,18,6888,97
2020-10-11,Mariposa,043,17540,77,76,0,76,2
2020-10-11,Mendocino,045,87422,1009,944,4,948,21
2020-10-11,Merced,047,269075,9260,9124,28,9152,146
2020-10-11,Modoc,049,8938,29,27,0,27,0
2020-10-11,Mono,051,14174,174,154,4,158,1
2020-10-11,Monterey,053,433212,10749,10445,44,10489,77
2020-10-11,Napa,055,140530,1881,1811,8,1819,11
2020-10-11,Nevada,057,99092,588,569,18,587,7
2020-10-11,Orange,059,3164182,57935,55202,1610,56812,1326
2020-10-11,Placer,061,380077,3943,3787,14,3801,48
2020-10-11,Plumas,063,18699,52,51,0,51,0
2020-10-11,Riverside,065,2383286,63679,62112,236,62348,1254
2020-10-11,Sacramento,067,1510023,24172,23778,26,23804,466
2020-10-11,San Benito,069,59416,1383,1374,0,1374,13
2020-10-11,San Bernardino,071,2135413,59189,56997,368,57365,1061
2020-10-11,San Diego,073,3302833,52433,50553,1272,51825,826
2020-10-11,San Francisco,075,870044,11801,11659,37,11696,122
2020-10-11,San Joaquin,077,732212,21061,20700,104,20804,480
2020-10-11,San Luis Obispo,079,281455,4122,3874,17,3891,32
2020-10-11,San Mateo,081,765935,10828,10240,10,10250,130
2020-10-11,Santa Barbara,083,443738,9580,9440,84,9524,117
2020-10-11,Santa Clara,085,1922200,23806,22487,49,22536,336
2020-10-11,Santa Cruz,087,273765,2678,2578,32,2610,13
2020-10-11,Shasta,089,179085,1807,1515,17,1532,20
2020-10-11,Sierra,091,2930,6,6,0,6,0
2020-10-11,Siskiyou,093,43540,172,162,10,172,0
2020-10-11,Solano,095,438530,6890,6685,39,6724,53
2020-10-11,Sonoma,097,501317,8739,8319,23,8342,133
2020-10-11,Stanislaus,099,539301,17158,17007,623,17630,360
2020-10-11,Sutter,101,95872,1759,1742,1,1743,12
2020-10-11,Tehama,103,63373,736,702,2,704,3
2020-10-11,Trinity,105,12862,69,19,8,27,0
2020-10-11,Tulare,107,460477,17279,16741,226,16967,286
2020-10-11,Tuolumne,109,53932,249,234,5,239,4
2020-10-11,Ventura,111,848112,14245,13604,277,13881,151
2020-10-11,Yolo,113,214977,3041,2952,7,2959,55
2020-10-11,Yuba,115,75493,1162,1137,5,1142,10
2020-10-10,Alameda,001,1643700,22599,21979,198,22177,398
2020-10-10,Alpine,003,1148,3,3,0,3,0
2020-10-10,Amador,005,37829,306,304,0,304,16
2020-10-10,Butte,007,227075,3072,2962,30,2992,54
2020-10-10,Calaveras,009,45235,320,262,0,262,12
2020-10-10,Colusa,011,21464,540,541,1,542,6
2020-10-10,Contra Costa,013,1133247,18120,17566,88,17654,233
2020-10-10,Del Norte,015,27424,166,161,0,161,2
2020-10-10,El Dorado,017,186661,1304,1240,10,1250,4
2020-10-10,Fresno,019,978130,32165,29286,405,29691,421
2020-10-10,Glenn,021,27897,637,623,0,623,3
2020-10-10,Humboldt,023,135768,535,518,1,519,7
2020-10-10,Imperial,025,180216,12323,11591,10,11601,327
2020-10-10,Inyo,027,18085,210,201,4,205,14
2020-10-10,Kern,029,883053,33003,32338,358,32696,418
2020-10-10,Kings,031,150075,8292,8078,44,8122,80
2020-10-10,Lake,033,64148,667,630,0,630,11
2020-10-10,Lassen,035,31185,762,752,2,754,0
2020-10-10,Los Angeles,037,10098052,284867,279213,2311,281524,6743
2020-10-10,Madera,039,155013,4825,4662,32,4694,50
2020-10-10,Marin,041,260295,6979,6852,18,6870,97
2020-10-10,Mariposa,043,17540,77,76,0,76,2
2020-10-10,Mendocino,045,87422,1002,935,4,939,21
2020-10-10,Merced,047,269075,9254,9105,27,9132,146
2020-10-10,Modoc,049,8938,29,27,0,27,0
2020-10-10,Mono,051,14174,174,154,4,158,1
2020-10-10,Monterey,053,433212,10716,10410,44,10454,75
2020-10-10,Napa,055,140530,1874,1804,8,1812,11
2020-10-10,Nevada,057,99092,585,564,18,582,6
2020-10-10,Orange,059,3164182,57814,54965,1605,56570,1324
2020-10-10,Placer,061,380077,3926,3757,14,3771,48
2020-10-10,Plumas,063,18699,52,51,0,51,0
2020-10-10,Riverside,065,2383286,63475,61845,234,62079,1254
2020-10-10,Sacramento,067,1510023,24105,23689,26,23715,466
2020-10-10,San Benito,069,59416,1381,1370,0,1370,13
2020-10-10,San Bernardino,071,2135413,59026,56683,366,57049,1061
2020-10-10,San Diego,073,3302833,52203,50145,1254,51399,825
2020-10-10,San Francisco,075,870044,11780,11663,37,11700,122
2020-10-10,San Joaquin,077,732212,21033,20700,100,20800,481
2020-10-10,San Luis Obispo,079,281455,4102,3832,17,3849,32
2020-10-10,San Mateo,081,765935,10791,10218,10,10228,130
2020-10-10,Santa Barbara,083,443738,9569,9417,84,9501,116
2020-10-10,Santa Clara,085,1922200,23715,22354,49,22403,330
2020-10-10,Santa Cruz,087,273765,2664,2572,32,2604,13
2020-10-10,Shasta,089,179085,1790,1473,17,1490,20
2020-10-10,Sierra,091,2930,6,6,0,6,0
2020-10-10,Siskiyou,093,43540,172,161,10,171,0
2020-10-10,Solano,095,438530,6864,6655,39,6694,53
2020-10-10,Sonoma,097,501317,8719,8235,23,8258,133
2020-10-10,Stanislaus,099,539301,17123,16960,615,17575,360
2020-10-10,Sutter,101,95872,1756,1735,1,1736,12
2020-10-10,Tehama,103,63373,729,693,2,695,3
2020-10-10,Trinity,105,12862,69,19,8,27,0
2020-10-10,Tulare,107,460477,17244,16709,221,16930,286
2020-10-10,Tuolumne,109,53932,249,233,5,238,4
2020-10-10,Ventura,111,848112,14220,13520,277,13797,151
2020-10-10,Yolo,113,214977,3032,2939,7,2946,55
2020-10-10,Yuba,115,75493,1160,1134,5,1139,10
2020-10-09,Alameda,001,1643700,22551,21924,198,22122,399
2020-10-09,Alpine,003,1148,3,3,0,3,0
2020-10-09,Amador,005,37829,306,303,0,303,16
2020-10-09,Butte,007,227075,3069,2956,30,2986,51
2020-10-09,Calaveras,009,45235,318,262,0,262,11
2020-10-09,Colusa,011,21464,540,541,1,542,6
2020-10-09,Contra Costa,013,1133247,18070,17487,88,17575,229
2020-10-09,Del Norte,015,27424,165,161,0,161,2
2020-10-09,El Dorado,017,186661,1300,1234,10,1244,4
2020-10-09,Fresno,019,978130,32092,29208,403,29611,417
2020-10-09,Glenn,021,27897,632,617,0,617,3
2020-10-09,Humboldt,023,135768,533,516,1,517,7
2020-10-09,Imperial,025,180216,12296,11516,10,11526,330
2020-10-09,Inyo,027,18085,207,200,4,204,14
2020-10-09,Kern,029,883053,32960,32237,356,32593,417
2020-10-09,Kings,031,150075,8285,7993,42,8035,80
2020-10-09,Lake,033,64148,657,610,0,610,11
2020-10-09,Lassen,035,31185,762,751,2,753,0
2020-10-09,Los Angeles,037,10098052,283732,278039,2286,280325,6715
2020-10-09,Madera,039,155013,4815,4646,32,4678,50
2020-10-09,Marin,041,260295,6965,6838,18,6856,96
2020-10-09,Mariposa,043,17540,77,76,0,76,2
2020-10-09,Mendocino,045,87422,992,933,4,937,20
2020-10-09,Merced,047,269075,9240,9095,27,9122,145
2020-10-09,Modoc,049,8938,29,27,0,27,0
2020-10-09,Mono,051,14174,174,154,4,158,1
2020-10-09,Monterey,053,433212,10682,10369,44,10413,75
2020-10-09,Napa,055,140530,1864,1795,8,1803,11
2020-10-09,Nevada,057,99092,580,561,18,579,6
2020-10-09,Orange,059,3164182,57643,54746,1600,56346,1305
2020-10-09,Placer,061,380077,3912,3737,13,3750,48
2020-10-09,Plumas,063,18699,52,50,0,50,0
2020-10-09,Riverside,065,2383286,63239,61529,233,61762,1252
2020-10-09,Sacramento,067,1510023,24035,23606,26,23632,457
2020-10-09,San Benito,069,59416,1376,1367,0,1367,13
2020-10-09,San Bernardino,071,2135413,58786,56434,364,56798,1057
2020-10-09,San Diego,073,3302833,51927,49825,1243,51068,821
2020-10-09,San Francisco,075,870044,11750,11620,37,11657,120
2020-10-09,San Joaquin,077,732212,21003,20648,92,20740,481
2020-10-09,San Luis Obispo,079,281455,4083,3810,17,3827,32
2020-10-09,San Mateo,081,765935,10763,10140,10,10150,130
2020-10-09,Santa Barbara,083,443738,9541,9396,84,9480,116
2020-10-09,Santa Clara,085,1922200,23613,22251,48,22299,328
2020-10-09,Santa Cruz,087,273765,2655,2555,32,2587,13
2020-10-09,Shasta,089,179085,1764,1353,16,1369,20
2020-10-09,Sierra,091,2930,6,6,0,6,0
2020-10-09,Siskiyou,093,43540,170,156,10,166,0
2020-10-09,Solano,095,438530,6825,6614,39,6653,53
2020-10-09,Sonoma,097,501317,8665,8133,23,8156,133
2020-10-09,Stanislaus,099,539301,17099,16904,608,17512,362
2020-10-09,Sutter,101,95872,1752,1732,1,1733,12
2020-10-09,Tehama,103,63373,723,682,2,684,3
2020-10-09,Trinity,105,12862,69,25,8,33,0
2020-10-09,Tulare,107,460477,17204,16644,212,16856,286
2020-10-09,Tuolumne,109,53932,246,230,5,235,4
2020-10-09,Ventura,111,848112,14184,13469,274,13743,151
2020-10-09,Yolo,113,214977,3025,2928,7,2935,55
2020-10-09,Yuba,115,75493,1159,1129,5,1134,10
2020-10-08,Alameda,001,1643700,22470,21826,197,22023,395
2020-10-08,Alpine,003,1148,3,3,0,3,0
2020-10-08,Amador,005,37829,305,302,0,302,16
2020-10-08,Butte,007,227075,3059,2935,30,2965,51
2020-10-08,Calaveras,009,45235,317,262,0,262,11
2020-10-08,Colusa,011,21464,540,539,1,540,6
2020-10-08,Contra Costa,013,1133247,18010,17418,87,17505,228
2020-10-08,Del Norte,015,27424,165,151,0,151,2
2020-10-08,El Dorado,017,186661,1299,1230,10,1240,4
2020-10-08,Fresno,019,978130,31987,29111,403,29514,416
2020-10-08,Glenn,021,27897,629,616,0,616,3
2020-10-08,Humboldt,023,135768,529,515,1,516,7
2020-10-08,Imperial,025,180216,12257,11405,10,11415,330
2020-10-08,Inyo,027,18085,204,199,4,203,14
2020-10-08,Kern,029,883053,32902,32169,351,32520,411
2020-10-08,Kings,031,150075,8279,7968,42,8010,80
2020-10-08,Lake,033,64148,652,604,0,604,11
2020-10-08,Lassen,035,31185,757,751,2,753,0
2020-10-08,Los Angeles,037,10098052,282530,276763,2246,279009,6699
2020-10-08,Madera,039,155013,4796,4637,32,4669,50
2020-10-08,Marin,041,260295,6951,6810,18,6828,96
2020-10-08,Mariposa,043,17540,77,76,0,76,2
2020-10-08,Mendocino,045,87422,987,930,4,934,20
2020-10-08,Merced,047,269075,9220,9069,27,9096,144
2020-10-08,Modoc,049,8938,29,27,0,27,0
2020-10-08,Mono,051,14174,174,153,4,157,1
2020-10-08,Monterey,053,433212,10615,10343,44,10387,75
2020-10-08,Napa,055,140530,1849,1779,8,1787,11
2020-10-08,Nevada,057,99092,577,556,18,574,6
2020-10-08,Orange,059,3164182,57450,54523,1589,56112,1293
2020-10-08,Placer,061,380077,3894,3715,13,3728,48
2020-10-08,Plumas,063,18699,52,50,0,50,0
2020-10-08,Riverside,065,2383286,62971,61105,232,61337,1244
2020-10-08,Sacramento,067,1510023,23928,23482,26,23508,454
2020-10-08,San Benito,069,59416,1371,1367,0,1367,13
2020-10-08,San Bernardino,071,2135413,58421,56152,363,56515,1048
2020-10-08,San Diego,073,3302833,51647,49468,1211,50679,819
2020-10-08,San Francisco,075,870044,11712,11608,37,11645,115
2020-10-08,San Joaquin,077,732212,20951,20576,87,20663,478
2020-10-08,San Luis Obispo,079,281455,4067,3785,17,3802,32
2020-10-08,San Mateo,081,765935,10731,10044,10,10054,130
2020-10-08,Santa Barbara,083,443738,9513,9374,84,9458,116
2020-10-08,Santa Clara,085,1922200,23511,22095,48,22143,323
2020-10-08,Santa Cruz,087,273765,2643,2535,32,2567,13
2020-10-08,Shasta,089,179085,1730,1305,16,1321,20
2020-10-08,Sierra,091,2930,6,6,0,6,0
2020-10-08,Siskiyou,093,43540,170,156,10,166,0
2020-10-08,Solano,095,438530,6801,6556,39,6595,53
2020-10-08,Sonoma,097,501317,8599,8063,23,8086,132
2020-10-08,Stanislaus,099,539301,17053,16821,600,17421,360
2020-10-08,Sutter,101,95872,1752,1725,1,1726,12
2020-10-08,Tehama,103,63373,714,676,2,678,3
2020-10-08,Trinity,105,12862,68,25,8,33,0
2020-10-08,Tulare,107,460477,17143,16573,204,16777,283
2020-10-08,Tuolumne,109,53932,245,230,5,235,4
2020-10-08,Ventura,111,848112,14136,13399,272,13671,151
2020-10-08,Yolo,113,214977,3008,2914,7,2921,55
2020-10-08,Yuba,115,75493,1154,1126,5,1131,10
2020-10-07,Alameda,001,1643700,22393,21736,197,21933,395
2020-10-07,Alpine,003,1148,3,3,0,3,0
2020-10-07,Amador,005,37829,305,302,0,302,16
2020-10-07,Butte,007,227075,3047,2927,30,2957,47
2020-10-07,Calaveras,009,45235,315,262,0,262,11
2020-10-07,Colusa,011,21464,539,539,0,539,6
2020-10-07,Contra Costa,013,1133247,17940,17346,86,17432,225
2020-10-07,Del Norte,015,27424,164,149,0,149,2
2020-10-07,El Dorado,017,186661,1291,1219,10,1229,4
2020-10-07,Fresno,019,978130,31866,29069,398,29467,413
2020-10-07,Glenn,021,27897,629,615,0,615,3
2020-10-07,Humboldt,023,135768,526,512,1,513,7
2020-10-07,Imperial,025,180216,12220,11289,9,11298,330
2020-10-07,Inyo,027,18085,204,199,4,203,14
2020-10-07,Kern,029,883053,32829,32068,350,32418,410
2020-10-07,Kings,031,150075,8264,7948,42,7990,80
2020-10-07,Lake,033,64148,651,599,0,599,11
2020-10-07,Lassen,035,31185,757,751,2,753,0
2020-10-07,Los Angeles,037,10098052,281349,275559,2213,277772,6681
2020-10-07,Madera,039,155013,4776,4618,32,4650,50
2020-10-07,Marin,041,260295,6924,6790,18,6808,95
2020-10-07,Mariposa,043,17540,77,75,0,75,2
2020-10-07,Mendocino,045,87422,981,927,4,931,19
2020-10-07,Merced,047,269075,9183,9045,26,9071,144
2020-10-07,Modoc,049,8938,29,27,0,27,0
2020-10-07,Mono,051,14174,173,153,3,156,1
2020-10-07,Monterey,053,433212,10556,10272,44,10316,75
2020-10-07,Napa,055,140530,1836,1774,8,1782,11
2020-10-07,Nevada,057,99092,573,552,18,570,6
2020-10-07,Orange,059,3164182,57233,54332,1578,55910,1277
2020-10-07,Placer,061,380077,3878,3693,13,3706,48
2020-10-07,Plumas,063,18699,52,50,0,50,0
2020-10-07,Riverside,065,2383286,62624,60857,228,61085,1241
2020-10-07,Sacramento,067,1510023,23831,23380,26,23406,452
2020-10-07,San Benito,069,59416,1368,1363,0,1363,13
2020-10-07,San Bernardino,071,2135413,58072,55738,362,56100,1043
2020-10-07,San Diego,073,3302833,51331,49177,1187,50364,813
2020-10-07,San Francisco,075,870044,11677,11551,37,11588,115
2020-10-07,San Joaquin,077,732212,20899,20527,80,20607,478
2020-10-07,San Luis Obispo,079,281455,4037,3749,17,3766,32
2020-10-07,San Mateo,081,765935,10688,9980,10,9990,130
2020-10-07,Santa Barbara,083,443738,9487,9350,83,9433,116
2020-10-07,Santa Clara,085,1922200,23383,21993,48,22041,320
2020-10-07,Santa Cruz,087,273765,2631,2518,32,2550,14
2020-10-07,Shasta,089,179085,1687,1268,16,1284,20
2020-10-07,Sierra,091,2930,6,6,0,6,0
2020-10-07,Siskiyou,093,43540,168,154,10,164,0
2020-10-07,Solano,095,438530,6766,6526,39,6565,53
2020-10-07,Sonoma,097,501317,8524,7993,22,8015,130
2020-10-07,Stanislaus,099,539301,17018,16786,594,17380,357
2020-10-07,Sutter,101,95872,1749,1723,1,1724,12
2020-10-07,Tehama,103,63373,705,666,2,668,3
2020-10-07,Trinity,105,12862,64,25,8,33,0
2020-10-07,Tulare,107,460477,17100,16483,196,16679,282
2020-10-07,Tuolumne,109,53932,245,227,5,232,3
2020-10-07,Ventura,111,848112,14086,13333,266,13599,150
2020-10-07,Yolo,113,214977,2982,2904,7,2911,55
2020-10-07,Yuba,115,75493,1148,1120,5,1125,10
2020-10-06,Alameda,001,1643700,22302,21698,195,21893,385
2020-10-06,Alpine,003,1148,3,3,0,3,0
2020-10-06,Amador,005,37829,303,301,0,301,16
2020-10-06,Butte,007,227075,3040,2925,30,2955,47
2020-10-06,Calaveras,009,45235,315,261,0,261,11
2020-10-06,Colusa,011,21464,538,538,0,538,6
2020-10-06,Contra Costa,013,1133247,17861,17295,86,17381,219
2020-10-06,Del Norte,015,27424,164,144,0,144,2
2020-10-06,El Dorado,017,186661,1287,1211,10,1221,4
2020-10-06,Fresno,019,978130,31722,29022,395,29417,412
2020-10-06,Glenn,021,27897,626,604,0,604,3
2020-10-06,Humboldt,023,135768,523,508,1,509,7
2020-10-06,Imperial,025,180216,12182,11196,9,11205,327
2020-10-06,Inyo,027,18085,202,198,4,202,14
2020-10-06,Kern,029,883053,32752,32006,348,32354,407
2020-10-06,Kings,031,150075,8248,7943,42,7985,81
2020-10-06,Lake,033,64148,645,596,0,596,11
2020-10-06,Lassen,035,31185,757,743,2,745,0
2020-10-06,Los Angeles,037,10098052,280112,274115,2164,276279,6657
2020-10-06,Madera,039,155013,4764,4608,32,4640,50
2020-10-06,Marin,041,260295,6909,6766,18,6784,91
2020-10-06,Mariposa,043,17540,77,75,0,75,2
2020-10-06,Mendocino,045,87422,974,920,4,924,19
2020-10-06,Merced,047,269075,9147,9034,25,9059,143
2020-10-06,Modoc,049,8938,29,26,0,26,0
2020-10-06,Mono,051,14174,173,153,3,156,1
2020-10-06,Monterey,053,433212,10501,10235,42,10277,72
2020-10-06,Napa,055,140530,1830,1770,8,1778,11
2020-10-06,Nevada,057,99092,570,551,18,569,6
2020-10-06,Orange,059,3164182,57017,54203,1569,55772,1273
2020-10-06,Placer,061,380077,3856,3680,13,3693,48
2020-10-06,Plumas,063,18699,52,49,0,49,0
2020-10-06,Riverside,065,2383286,62359,60593,226,60819,1238
2020-10-06,Sacramento,067,1510023,23744,23322,26,23348,442
2020-10-06,San Benito,069,59416,1367,1358,0,1358,12
2020-10-06,San Bernardino,071,2135413,57758,55416,358,55774,1040
2020-10-06,San Diego,073,3302833,50994,48823,1170,49993,806
2020-10-06,San Francisco,075,870044,11651,11513,36,11549,115
2020-10-06,San Joaquin,077,732212,20859,20481,77,20558,477
2020-10-06,San Luis Obispo,079,281455,4003,3723,17,3740,32
2020-10-06,San Mateo,081,765935,10656,9934,10,9944,129
2020-10-06,Santa Barbara,083,443738,9458,9331,82,9413,116
2020-10-06,Santa Clara,085,1922200,23288,21914,48,21962,320
2020-10-06,Santa Cruz,087,273765,2609,2510,32,2542,12
2020-10-06,Shasta,089,179085,1647,1242,16,1258,18
2020-10-06,Sierra,091,2930,6,6,0,6,0
2020-10-06,Siskiyou,093,43540,168,154,10,164,0
2020-10-06,Solano,095,438530,6720,6506,39,6545,52
2020-10-06,Sonoma,097,501317,8431,7895,22,7917,130
2020-10-06,Stanislaus,099,539301,16973,16759,588,17347,354
2020-10-06,Sutter,101,95872,1747,1722,1,1723,12
2020-10-06,Tehama,103,63373,696,660,2,662,3
2020-10-06,Trinity,105,12862,64,25,8,33,0
2020-10-06,Tulare,107,460477,17058,16456,188,16644,280
2020-10-06,Tuolumne,109,53932,244,227,5,232,2
2020-10-06,Ventura,111,848112,14019,13242,261,13503,150
2020-10-06,Yolo,113,214977,2968,2899,7,2906,56
2020-10-06,Yuba,115,75493,1147,1114,5,1119,10
2020-10-05,Alameda,001,1643700,22214,21637,192,21829,383
2020-10-05,Alpine,003,1148,3,2,0,2,0
2020-10-05,Amador,005,37829,303,299,0,299,16
2020-10-05,Butte,007,227075,3030,2910,30,2940,46
2020-10-05,Calaveras,009,45235,315,259,0,259,11
2020-10-05,Colusa,011,21464,538,537,0,537,6
2020-10-05,Contra Costa,013,1133247,17784,17250,86,17336,216
2020-10-05,Del Norte,015,27424,161,142,0,142,2
2020-10-05,El Dorado,017,186661,1283,1202,9,1211,4
2020-10-05,Fresno,019,978130,31605,29136,395,29531,408
2020-10-05,Glenn,021,27897,624,603,0,603,3
2020-10-05,Humboldt,023,135768,522,506,1,507,6
2020-10-05,Imperial,025,180216,12142,11169,9,11178,327
2020-10-05,Inyo,027,18085,202,197,4,201,14
2020-10-05,Kern,029,883053,32673,31933,344,32277,404
2020-10-05,Kings,031,150075,8151,7932,42,7974,80
2020-10-05,Lake,033,64148,641,592,0,592,10
2020-10-05,Lassen,035,31185,756,743,2,745,0
2020-10-05,Los Angeles,037,10098052,279018,273200,2125,275325,6632
2020-10-05,Madera,039,155013,4756,4598,30,4628,50
2020-10-05,Marin,041,260295,6892,6751,18,6769,91
2020-10-05,Mariposa,043,17540,77,75,0,75,2
2020-10-05,Mendocino,045,87422,966,913,4,917,19
2020-10-05,Merced,047,269075,9128,9021,24,9045,143
2020-10-05,Modoc,049,8938,29,26,0,26,0
2020-10-05,Mono,051,14174,173,152,3,155,1
2020-10-05,Monterey,053,433212,10454,10187,42,10229,72
2020-10-05,Napa,055,140530,1819,1760,8,1768,11
2020-10-05,Nevada,057,99092,567,550,17,567,6
2020-10-05,Orange,059,3164182,56801,54103,1556,55659,1271
2020-10-05,Placer,061,380077,3830,3670,13,3683,46
2020-10-05,Plumas,063,18699,51,49,0,49,0
2020-10-05,Riverside,065,2383286,62039,60454,222,60676,1232
2020-10-05,Sacramento,067,1510023,23640,23207,26,23233,438
2020-10-05,San Benito,069,59416,1364,1356,0,1356,12
2020-10-05,San Bernardino,071,2135413,57451,55100,357,55457,1031
2020-10-05,San Diego,073,3302833,50658,48662,1146,49808,803
2020-10-05,San Francisco,075,870044,11612,11476,34,11510,110
2020-10-05,San Joaquin,077,732212,20789,20319,74,20393,476
2020-10-05,San Luis Obispo,079,281455,3976,3710,17,3727,32
2020-10-05,San Mateo,081,765935,10629,9896,10,9906,128
2020-10-05,Santa Barbara,083,443738,9436,9309,82,9391,116
2020-10-05,Santa Clara,085,1922200,23171,21861,48,21909,319
2020-10-05,Santa Cruz,087,273765,2597,2492,32,2524,9
2020-10-05,Shasta,089,179085,1615,1158,16,1174,18
2020-10-05,Sierra,091,2930,6,6,0,6,0
2020-10-05,Siskiyou,093,43540,168,153,10,163,0
2020-10-05,Solano,095,438530,6681,6475,39,6514,52
2020-10-05,Sonoma,097,501317,8339,7817,22,7839,130
2020-10-05,Stanislaus,099,539301,16937,16730,581,17311,351
2020-10-05,Sutter,101,95872,1739,1719,1,1720,12
2020-10-05,Tehama,103,63373,688,642,2,644,3
2020-10-05,Trinity,105,12862,62,22,8,30,0
2020-10-05,Tulare,107,460477,16999,16343,183,16526,278
2020-10-05,Tuolumne,109,53932,241,226,5,231,2
2020-10-05,Ventura,111,848112,13950,13224,242,13466,149
2020-10-05,Yolo,113,214977,2949,2889,7,2896,56
2020-10-05,Yuba,115,75493,1134,1108,5,1113,9
2020-10-04,Alameda,001,1643700,22118,21597,192,21789,383
2020-10-04,Alpine,003,1148,3,2,0,2,0
2020-10-04,Amador,005,37829,302,297,0,297,16
2020-10-04,Butte,007,227075,3016,2903,30,2933,46
2020-10-04,Calaveras,009,45235,315,259,0,259,11
2020-10-04,Colusa,011,21464,537,537,0,537,6
2020-10-04,Contra Costa,013,1133247,17719,17192,86,17278,214
2020-10-04,Del Norte,015,27424,157,142,0,142,2
2020-10-04,El Dorado,017,186661,1279,1196,9,1205,4
2020-10-04,Fresno,019,978130,31482,29065,395,29460,408
2020-10-04,Glenn,021,27897,622,601,0,601,3
2020-10-04,Humboldt,023,135768,521,506,1,507,6
2020-10-04,Imperial,025,180216,12103,11127,9,11136,327
2020-10-04,Inyo,027,18085,199,195,4,199,14
2020-10-04,Kern,029,883053,32599,31906,341,32247,404
2020-10-04,Kings,031,150075,8136,7919,42,7961,80
2020-10-04,Lake,033,64148,627,589,0,589,10
2020-10-04,Lassen,035,31185,756,743,2,745,0
2020-10-04,Los Angeles,037,10098052,277632,272822,2077,274899,6625
2020-10-04,Madera,039,155013,4740,4587,30,4617,50
2020-10-04,Marin,041,260295,6872,6741,18,6759,91
2020-10-04,Mariposa,043,17540,77,75,0,75,2
2020-10-04,Mendocino,045,87422,953,905,4,909,18
2020-10-04,Merced,047,269075,9103,9006,24,9030,140
2020-10-04,Modoc,049,8938,29,26,0,26,0
2020-10-04,Mono,051,14174,172,152,2,154,1
2020-10-04,Monterey,053,433212,10413,10141,41,10182,72
2020-10-04,Napa,055,140530,1807,1759,8,1767,11
2020-10-04,Nevada,057,99092,563,547,16,563,6
2020-10-04,Orange,059,3164182,56565,53966,1547,55513,1270
2020-10-04,Placer,061,380077,3809,3664,13,3677,46
2020-10-04,Plumas,063,18699,51,49,0,49,0
2020-10-04,Riverside,065,2383286,61753,60251,218,60469,1226
2020-10-04,Sacramento,067,1510023,23527,23162,26,23188,438
2020-10-04,San Benito,069,59416,1364,1355,0,1355,12
2020-10-04,San Bernardino,071,2135413,57003,55100,355,55455,1031
2020-10-04,San Diego,073,3302833,50291,48438,1121,49559,803
2020-10-04,San Francisco,075,870044,11580,11474,32,11506,110
2020-10-04,San Joaquin,077,732212,20712,20320,68,20388,476
2020-10-04,San Luis Obispo,079,281455,3951,3688,17,3705,31
2020-10-04,San Mateo,081,765935,10569,9858,10,9868,128
2020-10-04,Santa Barbara,083,443738,9410,9276,80,9356,116
2020-10-04,Santa Clara,085,1922200,23034,21780,48,21828,316
2020-10-04,Santa Cruz,087,273765,2581,2483,32,2515,9
2020-10-04,Shasta,089,179085,1517,1158,15,1173,18
2020-10-04,Sierra,091,2930,6,6,0,6,0
2020-10-04,Siskiyou,093,43540,168,153,10,163,0
2020-10-04,Solano,095,438530,6630,6445,39,6484,52
2020-10-04,Sonoma,097,501317,8251,7794,22,7816,129
2020-10-04,Stanislaus,099,539301,16887,16711,572,17283,351
2020-10-04,Sutter,101,95872,1736,1711,1,1712,11
2020-10-04,Tehama,103,63373,673,637,2,639,3
2020-10-04,Trinity,105,12862,61,21,8,29,0
2020-10-04,Tulare,107,460477,16922,16343,172,16515,278
2020-10-04,Tuolumne,109,53932,239,226,5,231,2
2020-10-04,Ventura,111,848112,13868,13197,225,13422,149
2020-10-04,Yolo,113,214977,2938,2875,7,2882,56
2020-10-04,Yuba,115,75493,1130,1103,5,1108,9
2020-10-03,Alameda,001,1643700,22072,21510,191,21701,386
2020-10-03,Alpine,003,1148,3,2,0,2,0
2020-10-03,Amador,005,37829,301,296,0,296,16
2020-10-03,Butte,007,227075,3010,2894,30,2924,46
2020-10-03,Calaveras,009,45235,315,259,0,259,11
2020-10-03,Colusa,011,21464,536,537,0,537,6
2020-10-03,Contra Costa,013,1133247,17669,17087,84,17171,213
2020-10-03,Del Norte,015,27424,153,142,0,142,2
2020-10-03,El Dorado,017,186661,1272,1188,9,1197,4
2020-10-03,Fresno,019,978130,31422,28975,394,29369,408
2020-10-03,Glenn,021,27897,620,601,0,601,3
2020-10-03,Humboldt,023,135768,520,504,1,505,6
2020-10-03,Imperial,025,180216,12080,11090,9,11099,327
2020-10-03,Inyo,027,18085,199,194,4,198,14
2020-10-03,Kern,029,883053,32549,31864,337,32201,403
2020-10-03,Kings,031,150075,8132,7887,42,7929,80
2020-10-03,Lake,033,64148,617,588,0,588,10
2020-10-03,Lassen,035,31185,756,743,2,745,0
2020-10-03,Los Angeles,037,10098052,276926,271869,2048,273917,6620
2020-10-03,Madera,039,155013,4723,4565,30,4595,50
2020-10-03,Marin,041,260295,6866,6728,18,6746,91
2020-10-03,Mariposa,043,17540,77,75,0,75,2
2020-10-03,Mendocino,045,87422,951,898,4,902,18
2020-10-03,Merced,047,269075,9090,8986,24,9010,139
2020-10-03,Modoc,049,8938,29,26,0,26,0
2020-10-03,Mono,051,14174,171,152,2,154,1
2020-10-03,Monterey,053,433212,10379,10092,38,10130,72
2020-10-03,Napa,055,140530,1803,1752,8,1760,11
2020-10-03,Nevada,057,99092,562,544,16,560,6
2020-10-03,Orange,059,3164182,56448,53573,1542,55115,1268
2020-10-03,Placer,061,380077,3798,3648,13,3661,47
2020-10-03,Plumas,063,18699,51,48,0,48,0
2020-10-03,Riverside,065,2383286,61601,59991,216,60207,1226
2020-10-03,Sacramento,067,1510023,23476,23076,26,23102,437
2020-10-03,San Benito,069,59416,1364,1351,0,1351,12
2020-10-03,San Bernardino,071,2135413,56830,55004,352,55356,1031
2020-10-03,San Diego,073,3302833,50060,48202,1104,49306,798
2020-10-03,San Francisco,075,870044,11555,11475,30,11505,110
2020-10-03,San Joaquin,077,732212,20686,20322,68,20390,476
2020-10-03,San Luis Obispo,079,281455,3927,3670,17,3687,31
2020-10-03,San Mateo,081,765935,10542,9822,9,9831,128
2020-10-03,Santa Barbara,083,443738,9397,9256,80,9336,116
2020-10-03,Santa Clara,085,1922200,22954,21672,48,21720,309
2020-10-03,Santa Cruz,087,273765,2573,2476,32,2508,9
2020-10-03,Shasta,089,179085,1489,1117,14,1131,18
2020-10-03,Sierra,091,2930,6,6,0,6,0
2020-10-03,Siskiyou,093,43540,168,152,10,162,0
2020-10-03,Solano,095,438530,6604,6419,39,6458,52
2020-10-03,Sonoma,097,501317,8209,7747,22,7769,129
2020-10-03,Stanislaus,099,539301,16854,16645,568,17213,351
2020-10-03,Sutter,101,95872,1732,1705,1,1706,11
2020-10-03,Tehama,103,63373,667,630,2,632,3
2020-10-03,Trinity,105,12862,61,15,8,23,0
2020-10-03,Tulare,107,460477,16878,16322,168,16490,278
2020-10-03,Tuolumne,109,53932,238,224,5,229,2
2020-10-03,Ventura,111,848112,13830,13150,221,13371,148
2020-10-03,Yolo,113,214977,2931,2863,7,2870,56
2020-10-03,Yuba,115,75493,1122,1097,5,1102,8
2020-10-02,Alameda,001,1643700,22017,21404,190,21594,382
2020-10-02,Alpine,003,1148,3,2,0,2,0
2020-10-02,Amador,005,37829,300,296,0,296,16
2020-10-02,Butte,007,227075,3000,2879,30,2909,46
2020-10-02,Calaveras,009,45235,314,259,0,259,11
2020-10-02,Colusa,011,21464,535,537,0,537,6
2020-10-02,Contra Costa,013,1133247,17626,17002,83,17085,213
2020-10-02,Del Norte,015,27424,152,141,0,141,2
2020-10-02,El Dorado,017,186661,1265,1168,9,1177,4
2020-10-02,Fresno,019,978130,31339,28855,394,29249,403
2020-10-02,Glenn,021,27897,615,594,0,594,3
2020-10-02,Humboldt,023,135768,519,503,1,504,6
2020-10-02,Imperial,025,180216,12058,11024,9,11033,327
2020-10-02,Inyo,027,18085,197,191,4,195,14
2020-10-02,Kern,029,883053,32497,31790,335,32125,399
2020-10-02,Kings,031,150075,8123,7716,42,7758,79
2020-10-02,Lake,033,64148,611,579,0,579,10
2020-10-02,Lassen,035,31185,756,742,2,744,0
2020-10-02,Los Angeles,037,10098052,276024,270935,2022,272957,6602
2020-10-02,Madera,039,155013,4714,4537,30,4567,49
2020-10-02,Marin,041,260295,6849,6717,18,6735,91
2020-10-02,Mariposa,043,17540,77,75,0,75,2
2020-10-02,Mendocino,045,87422,946,883,4,887,18
2020-10-02,Merced,047,269075,9080,8961,24,8985,139
2020-10-02,Modoc,049,8938,29,26,0,26,0
2020-10-02,Mono,051,14174,171,150,2,152,1
2020-10-02,Monterey,053,433212,10345,9997,38,10035,71
2020-10-02,Napa,055,140530,1797,1737,8,1745,11
2020-10-02,Nevada,057,99092,559,543,16,559,6
2020-10-02,Orange,059,3164182,56317,53299,1535,54834,1262
2020-10-02,Placer,061,380077,3778,3612,13,3625,46
2020-10-02,Plumas,063,18699,51,48,0,48,0
2020-10-02,Riverside,065,2383286,61380,59673,213,59886,1223
2020-10-02,Sacramento,067,1510023,23411,22818,26,22844,436
2020-10-02,San Benito,069,59416,1360,1347,0,1347,12
2020-10-02,San Bernardino,071,2135413,56643,54613,352,54965,1028
2020-10-02,San Diego,073,3302833,49808,47793,1088,48881,794
2020-10-02,San Francisco,075,870044,11532,11398,30,11428,110
2020-10-02,San Joaquin,077,732212,20652,20235,67,20302,474
2020-10-02,San Luis Obispo,079,281455,3904,3654,17,3671,31
2020-10-02,San Mateo,081,765935,10501,9745,9,9754,128
2020-10-02,Santa Barbara,083,443738,9374,9234,80,9314,116
2020-10-02,Santa Clara,085,1922200,22868,21545,47,21592,305
2020-10-02,Santa Cruz,087,273765,2556,2463,32,2495,9
2020-10-02,Shasta,089,179085,1454,1046,14,1060,18
2020-10-02,Sierra,091,2930,6,6,0,6,0
2020-10-02,Siskiyou,093,43540,168,151,10,161,0
2020-10-02,Solano,095,438530,6574,6385,39,6424,52
2020-10-02,Sonoma,097,501317,8152,7662,22,7684,125
2020-10-02,Stanislaus,099,539301,16813,16609,559,17168,349
2020-10-02,Sutter,101,95872,1731,1693,1,1694,11
2020-10-02,Tehama,103,63373,662,619,2,621,3
2020-10-02,Trinity,105,12862,61,15,8,23,0
2020-10-02,Tulare,107,460477,16837,16245,161,16406,278
2020-10-02,Tuolumne,109,53932,236,225,5,230,2
2020-10-02,Ventura,111,848112,13791,13120,216,13336,146
2020-10-02,Yolo,113,214977,2926,2845,7,2852,55
2020-10-02,Yuba,115,75493,1120,1090,5,1095,8
2020-10-01,Alameda,001,1643700,21956,21349,186,21535,383
2020-10-01,Alpine,003,1148,3,2,0,2,0
2020-10-01,Amador,005,37829,300,294,0,294,16
2020-10-01,Butte,007,227075,2992,2865,30,2895,45
2020-10-01,Calaveras,009,45235,314,257,0,257,11
2020-10-01,Colusa,011,21464,535,536,0,536,6
2020-10-01,Contra Costa,013,1133247,17563,16898,83,16981,211
2020-10-01,Del Norte,015,27424,147,140,0,140,2
2020-10-01,El Dorado,017,186661,1261,1162,8,1170,4
2020-10-01,Fresno,019,978130,31259,28796,392,29188,397
2020-10-01,Glenn,021,27897,611,593,0,593,3
2020-10-01,Humboldt,023,135768,519,499,1,500,6
2020-10-01,Imperial,025,180216,12015,10928,9,10937,325
2020-10-01,Inyo,027,18085,197,191,4,195,14
2020-10-01,Kern,029,883053,32434,31678,330,32008,399
2020-10-01,Kings,031,150075,8112,7688,39,7727,79
2020-10-01,Lake,033,64148,605,572,0,572,11
2020-10-01,Lassen,035,31185,753,742,2,744,0
2020-10-01,Los Angeles,037,10098052,274978,271513,1989,273502,6621
2020-10-01,Madera,039,155013,4691,4508,30,4538,48
2020-10-01,Marin,041,260295,6835,6710,18,6728,92
2020-10-01,Mariposa,043,17540,77,76,0,76,2
2020-10-01,Mendocino,045,87422,941,874,4,878,19
2020-10-01,Merced,047,269075,9052,8942,24,8966,138
2020-10-01,Modoc,049,8938,29,26,0,26,0
2020-10-01,Mono,051,14174,169,150,2,152,1
2020-10-01,Monterey,053,433212,10269,9958,38,9996,71
2020-10-01,Napa,055,140530,1789,1729,8,1737,11
2020-10-01,Nevada,057,99092,558,543,16,559,6
2020-10-01,Orange,059,3164182,56152,53088,1522,54610,1257
2020-10-01,Placer,061,380077,3751,3599,13,3612,45
2020-10-01,Plumas,063,18699,51,48,0,48,0
2020-10-01,Riverside,065,2383286,61128,59293,207,59500,1223
2020-10-01,Sacramento,067,1510023,23299,22714,25,22739,433
2020-10-01,San Benito,069,59416,1358,1346,0,1346,12
2020-10-01,San Bernardino,071,2135413,56349,54350,349,54699,1021
2020-10-01,San Diego,073,3302833,49526,47487,1068,48555,792
2020-10-01,San Francisco,075,870044,11501,11284,28,11312,110
2020-10-01,San Joaquin,077,732212,20605,20204,64,20268,471
2020-10-01,San Luis Obispo,079,281455,3877,3625,17,3642,31
2020-10-01,San Mateo,081,765935,10456,9681,9,9690,128
2020-10-01,Santa Barbara,083,443738,9334,9215,80,9295,118
2020-10-01,Santa Clara,085,1922200,22767,21398,47,21445,305
2020-10-01,Santa Cruz,087,273765,2541,2418,32,2450,10
2020-10-01,Shasta,089,179085,1403,991,14,1005,18
2020-10-01,Sierra,091,2930,6,6,0,6,0
2020-10-01,Siskiyou,093,43540,165,150,10,160,0
2020-10-01,Solano,095,438530,6536,6352,39,6391,52
2020-10-01,Sonoma,097,501317,8085,7569,22,7591,125
2020-10-01,Stanislaus,099,539301,16780,16555,553,17108,346
2020-10-01,Sutter,101,95872,1726,1684,1,1685,11
2020-10-01,Tehama,103,63373,652,606,2,608,3
2020-10-01,Trinity,105,12862,61,15,8,23,0
2020-10-01,Tulare,107,460477,16762,16182,158,16340,275
2020-10-01,Tuolumne,109,53932,236,223,5,228,2
2020-10-01,Ventura,111,848112,13739,13057,203,13260,146
2020-10-01,Yolo,113,214977,2908,2833,7,2840,55
2020-10-01,Yuba,115,75493,1116,1082,5,1087,8
2020-09-30,Alameda,001,1643700,21878,21271,183,21454,380
2020-09-30,Alpine,003,1148,3,2,0,2,0
2020-09-30,Amador,005,37829,300,294,0,294,16
2020-09-30,Butte,007,227075,2984,2858,30,2888,44
2020-09-30,Calaveras,009,45235,313,258,0,258,11
2020-09-30,Colusa,011,21464,534,534,0,534,6
2020-09-30,Contra Costa,013,1133247,17495,16819,83,16902,211
2020-09-30,Del Norte,015,27424,146,140,0,140,2
2020-09-30,El Dorado,017,186661,1249,1157,8,1165,4
2020-09-30,Fresno,019,978130,31169,28706,389,29095,395
2020-09-30,Glenn,021,27897,606,592,0,592,3
2020-09-30,Humboldt,023,135768,517,497,1,498,6
2020-09-30,Imperial,025,180216,11990,10868,9,10877,287
2020-09-30,Inyo,027,18085,196,189,4,193,14
2020-09-30,Kern,029,883053,32359,31601,329,31930,398
2020-09-30,Kings,031,150075,8084,7685,39,7724,79
2020-09-30,Lake,033,64148,599,567,0,567,10
2020-09-30,Lassen,035,31185,750,742,2,744,0
2020-09-30,Los Angeles,037,10098052,273756,270260,1956,272216,6568
2020-09-30,Madera,039,155013,4682,4477,30,4507,47
2020-09-30,Marin,041,260295,6811,6700,17,6717,91
2020-09-30,Mariposa,043,17540,77,76,0,76,2
2020-09-30,Mendocino,045,87422,935,867,4,871,17
2020-09-30,Merced,047,269075,9032,8926,24,8950,136
2020-09-30,Modoc,049,8938,29,26,0,26,0
2020-09-30,Mono,051,14174,169,150,2,152,1
2020-09-30,Monterey,053,433212,10219,9898,37,9935,70
2020-09-30,Napa,055,140530,1775,1728,8,1736,11
2020-09-30,Nevada,057,99092,556,540,16,556,6
2020-09-30,Orange,059,3164182,55961,52916,1506,54422,1251
2020-09-30,Placer,061,380077,3730,3585,13,3598,43
2020-09-30,Plumas,063,18699,51,48,0,48,0
2020-09-30,Riverside,065,2383286,60773,59074,203,59277,1220
2020-09-30,Sacramento,067,1510023,23195,22613,25,22638,429
2020-09-30,San Benito,069,59416,1355,1342,0,1342,12
2020-09-30,San Bernardino,071,2135413,56071,53988,348,54336,1018
2020-09-30,San Diego,073,3302833,49222,47182,1047,48229,783
2020-09-30,San Francisco,075,870044,11471,11247,28,11275,106
2020-09-30,San Joaquin,077,732212,20522,20150,62,20212,461
2020-09-30,San Luis Obispo,079,281455,3852,3597,17,3614,31
2020-09-30,San Mateo,081,765935,10414,9634,9,9643,128
2020-09-30,Santa Barbara,083,443738,9308,9186,80,9266,115
2020-09-30,Santa Clara,085,1922200,22662,21318,47,21365,302
2020-09-30,Santa Cruz,087,273765,2528,2405,32,2437,10
2020-09-30,Shasta,089,179085,1347,976,13,989,17
2020-09-30,Sierra,091,2930,6,6,0,6,0
2020-09-30,Siskiyou,093,43540,163,150,10,160,0
2020-09-30,Solano,095,438530,6494,6315,39,6354,51
2020-09-30,Sonoma,097,501317,7996,7494,22,7516,125
2020-09-30,Stanislaus,099,539301,16733,16531,547,17078,343
2020-09-30,Sutter,101,95872,1710,1680,1,1681,10
2020-09-30,Tehama,103,63373,646,594,2,596,3
2020-09-30,Trinity,105,12862,58,15,8,23,0
2020-09-30,Tulare,107,460477,16696,16117,151,16268,274
2020-09-30,Tuolumne,109,53932,234,224,5,229,2
2020-09-30,Ventura,111,848112,13704,12968,187,13155,145
2020-09-30,Yolo,113,214977,2895,2822,7,2829,55
2020-09-30,Yuba,115,75493,1113,1075,5,1080,8
2020-09-29,Alameda,001,1643700,21802,21241,180,21421,374
2020-09-29,Alpine,003,1148,3,2,0,2,0
2020-09-29,Amador,005,37829,298,294,0,294,16
2020-09-29,Butte,007,227075,2970,2848,30,2878,44
2020-09-29,Calaveras,009,45235,311,261,0,261,11
2020-09-29,Colusa,011,21464,534,534,0,534,6
2020-09-29,Contra Costa,013,1133247,17440,16716,81,16797,209
2020-09-29,Del Norte,015,27424,142,142,0,142,2
2020-09-29,El Dorado,017,186661,1240,1151,8,1159,4
2020-09-29,Fresno,019,978130,31074,28621,388,29009,394
2020-09-29,Glenn,021,27897,602,589,0,589,3
2020-09-29,Humboldt,023,135768,515,497,1,498,6
2020-09-29,Imperial,025,180216,11956,10811,9,10820,283
2020-09-29,Inyo,027,18085,195,188,4,192,14
2020-09-29,Kern,029,883053,32304,31534,328,31862,397
2020-09-29,Kings,031,150075,8028,7681,39,7720,78
2020-09-29,Lake,033,64148,597,566,0,566,11
2020-09-29,Lassen,035,31185,750,741,2,743,0
2020-09-29,Los Angeles,037,10098052,272541,269246,1928,271174,6545
2020-09-29,Madera,039,155013,4658,4453,30,4483,47
2020-09-29,Marin,041,260295,6790,6692,17,6709,91
2020-09-29,Mariposa,043,17540,77,74,0,74,2
2020-09-29,Mendocino,045,87422,925,854,4,858,17
2020-09-29,Merced,047,269075,9019,8892,22,8914,136
2020-09-29,Modoc,049,8938,29,26,0,26,0
2020-09-29,Mono,051,14174,169,149,2,151,1
2020-09-29,Monterey,053,433212,10164,9826,35,9861,70
2020-09-29,Napa,055,140530,1772,1727,8,1735,11
2020-09-29,Nevada,057,99092,551,539,16,555,6
2020-09-29,Orange,059,3164182,55775,52755,1495,54250,1231
2020-09-29,Placer,061,380077,3708,3570,13,3583,42
2020-09-29,Plumas,063,18699,51,48,0,48,0
2020-09-29,Riverside,065,2383286,60443,58863,196,59059,1208
2020-09-29,Sacramento,067,1510023,23074,22547,25,22572,425
2020-09-29,San Benito,069,59416,1350,1341,0,1341,12
2020-09-29,San Bernardino,071,2135413,55761,53753,347,54100,1012
2020-09-29,San Diego,073,3302833,48945,46987,1024,48011,781
2020-09-29,San Francisco,075,870044,11435,11142,28,11170,104
2020-09-29,San Joaquin,077,732212,20456,20094,60,20154,454
2020-09-29,San Luis Obispo,079,281455,3830,3581,17,3598,31
2020-09-29,San Mateo,081,765935,10367,9619,9,9628,127
2020-09-29,Santa Barbara,083,443738,9288,9149,79,9228,114
2020-09-29,Santa Clara,085,1922200,22526,21233,46,21279,302
2020-09-29,Santa Cruz,087,273765,2513,2383,31,2414,10
2020-09-29,Shasta,089,179085,1286,943,13,956,17
2020-09-29,Sierra,091,2930,6,6,0,6,0
2020-09-29,Siskiyou,093,43540,157,150,10,160,0
2020-09-29,Solano,095,438530,6460,6303,39,6342,51
2020-09-29,Sonoma,097,501317,7924,7426,22,7448,125
2020-09-29,Stanislaus,099,539301,16703,16505,541,17046,341
2020-09-29,Sutter,101,95872,1704,1677,1,1678,10
2020-09-29,Tehama,103,63373,628,585,2,587,2
2020-09-29,Trinity,105,12862,56,16,8,24,0
2020-09-29,Tulare,107,460477,16632,16055,144,16199,270
2020-09-29,Tuolumne,109,53932,234,224,5,229,2
2020-09-29,Ventura,111,848112,13647,12875,184,13059,145
2020-09-29,Yolo,113,214977,2882,2818,7,2825,55
2020-09-29,Yuba,115,75493,1111,1071,5,1076,8
2020-09-28,Alameda,001,1643700,21715,21133,180,21313,370
2020-09-28,Alpine,003,1148,3,2,0,2,0
2020-09-28,Amador,005,37829,296,294,0,294,16
2020-09-28,Butte,007,227075,2955,2837,30,2867,44
2020-09-28,Calaveras,009,45235,311,257,0,257,11
2020-09-28,Colusa,011,21464,533,531,0,531,6
2020-09-28,Contra Costa,013,1133247,17376,16653,81,16734,195
2020-09-28,Del Norte,015,27424,142,138,0,138,2
2020-09-28,El Dorado,017,186661,1233,1144,8,1152,4
2020-09-28,Fresno,019,978130,30993,28517,382,28899,389
2020-09-28,Glenn,021,27897,600,585,0,585,3
2020-09-28,Humboldt,023,135768,509,495,1,496,6
2020-09-28,Imperial,025,180216,11921,10777,9,10786,283
2020-09-28,Inyo,027,18085,194,188,4,192,14
2020-09-28,Kern,029,883053,32239,31481,324,31805,395
2020-09-28,Kings,031,150075,7887,7661,37,7698,78
2020-09-28,Lake,033,64148,593,559,0,559,10
2020-09-28,Lassen,035,31185,749,737,2,739,0
2020-09-28,Los Angeles,037,10098052,271434,268404,1898,270302,6508
2020-09-28,Madera,039,155013,4637,4438,30,4468,47
2020-09-28,Marin,041,260295,6774,6676,17,6693,91
2020-09-28,Mariposa,043,17540,77,74,0,74,2
2020-09-28,Mendocino,045,87422,910,850,4,854,17
2020-09-28,Merced,047,269075,8991,8869,22,8891,136
2020-09-28,Modoc,049,8938,29,26,0,26,0
2020-09-28,Mono,051,14174,169,148,2,150,1
2020-09-28,Monterey,053,433212,10099,9780,33,9813,69
2020-09-28,Napa,055,140530,1760,1705,8,1713,11
2020-09-28,Nevada,057,99092,543,538,16,554,6
2020-09-28,Orange,059,3164182,55569,52633,1486,54119,1196
2020-09-28,Placer,061,380077,3687,3572,13,3585,42
2020-09-28,Plumas,063,18699,50,48,0,48,0
2020-09-28,Riverside,065,2383286,60145,58570,187,58757,1198
2020-09-28,Sacramento,067,1510023,22927,22392,25,22417,423
2020-09-28,San Benito,069,59416,1347,1336,0,1336,11
2020-09-28,San Bernardino,071,2135413,55413,53501,347,53848,988
2020-09-28,San Diego,073,3302833,48627,46736,1004,47740,776
2020-09-28,San Francisco,075,870044,11401,11114,28,11142,100
2020-09-28,San Joaquin,077,732212,20408,19982,59,20041,448
2020-09-28,San Luis Obispo,079,281455,3809,3567,17,3584,31
2020-09-28,San Mateo,081,765935,10317,9582,9,9591,127
2020-09-28,Santa Barbara,083,443738,9270,9121,79,9200,114
2020-09-28,Santa Clara,085,1922200,22409,21180,46,21226,271
2020-09-28,Santa Cruz,087,273765,2503,2359,31,2390,9
2020-09-28,Shasta,089,179085,1232,883,10,893,17
2020-09-28,Sierra,091,2930,6,6,0,6,0
2020-09-28,Siskiyou,093,43540,157,149,10,159,0
2020-09-28,Solano,095,438530,6424,6254,39,6293,51
2020-09-28,Sonoma,097,501317,7848,7369,22,7391,125
2020-09-28,Stanislaus,099,539301,16664,16467,534,17001,336
2020-09-28,Sutter,101,95872,1697,1676,1,1677,10
2020-09-28,Tehama,103,63373,620,579,2,581,2
2020-09-28,Trinity,105,12862,56,16,8,24,0
2020-09-28,Tulare,107,460477,16579,15918,139,16057,270
2020-09-28,Tuolumne,109,53932,234,225,5,230,2
2020-09-28,Ventura,111,848112,13569,12812,178,12990,139
2020-09-28,Yolo,113,214977,2865,2809,7,2816,55
2020-09-28,Yuba,115,75493,1108,1062,5,1067,7
2020-09-27,Alameda,001,1643700,21634,21077,176,21253,370
2020-09-27,Alpine,003,1148,3,2,0,2,0
2020-09-27,Amador,005,37829,296,291,0,291,16
2020-09-27,Butte,007,227075,2943,2833,30,2863,44
2020-09-27,Calaveras,009,45235,310,257,0,257,11
2020-09-27,Colusa,011,21464,532,531,0,531,6
2020-09-27,Contra Costa,013,1133247,17274,16596,80,16676,195
2020-09-27,Del Norte,015,27424,142,138,0,138,2
2020-09-27,El Dorado,017,186661,1218,1130,8,1138,4
2020-09-27,Fresno,019,978130,30888,28441,382,28823,389
2020-09-27,Glenn,021,27897,596,576,0,576,3
2020-09-27,Humboldt,023,135768,507,492,1,493,6
2020-09-27,Imperial,025,180216,11887,10743,9,10752,283
2020-09-27,Inyo,027,18085,192,188,4,192,14
2020-09-27,Kern,029,883053,32120,31462,321,31783,395
2020-09-27,Kings,031,150075,7867,7641,37,7678,78
2020-09-27,Lake,033,64148,589,555,0,555,10
2020-09-27,Lassen,035,31185,749,737,2,739,0
2020-09-27,Los Angeles,037,10098052,270255,267754,1878,269632,6507
2020-09-27,Madera,039,155013,4608,4416,30,4446,47
2020-09-27,Marin,041,260295,6764,6663,17,6680,91
2020-09-27,Mariposa,043,17540,77,74,0,74,2
2020-09-27,Mendocino,045,87422,904,846,4,850,17
2020-09-27,Merced,047,269075,8957,8853,22,8875,136
2020-09-27,Modoc,049,8938,29,26,0,26,0
2020-09-27,Mono,051,14174,169,148,2,150,1
2020-09-27,Monterey,053,433212,10039,9724,32,9756,69
2020-09-27,Napa,055,140530,1755,1690,8,1698,11
2020-09-27,Nevada,057,99092,542,537,16,553,6
2020-09-27,Orange,059,3164182,55294,52458,1477,53935,1195
2020-09-27,Placer,061,380077,3674,3562,13,3575,42
2020-09-27,Plumas,063,18699,50,48,0,48,0
2020-09-27,Riverside,065,2383286,59849,58509,179,58688,1191
2020-09-27,Sacramento,067,1510023,22829,22356,25,22381,422
2020-09-27,San Benito,069,59416,1347,1331,0,1331,11
2020-09-27,San Bernardino,071,2135413,54977,53127,347,53474,988
2020-09-27,San Diego,073,3302833,48283,46612,987,47599,776
2020-09-27,San Francisco,075,870044,11349,11114,28,11142,100
2020-09-27,San Joaquin,077,732212,20348,19981,59,20040,448
2020-09-27,San Luis Obispo,079,281455,3789,3562,17,3579,31
2020-09-27,San Mateo,081,765935,10249,9566,9,9575,127
2020-09-27,Santa Barbara,083,443738,9249,9090,78,9168,114
2020-09-27,Santa Clara,085,1922200,22300,21091,46,21137,271
2020-09-27,Santa Cruz,087,273765,2481,2359,31,2390,9
2020-09-27,Shasta,089,179085,1189,883,9,892,17
2020-09-27,Sierra,091,2930,6,6,0,6,0
2020-09-27,Siskiyou,093,43540,156,149,10,159,0
2020-09-27,Solano,095,438530,6389,6211,39,6250,51
2020-09-27,Sonoma,097,501317,7767,7336,22,7358,124
2020-09-27,Stanislaus,099,539301,16613,16448,528,16976,336
2020-09-27,Sutter,101,95872,1690,1672,1,1673,10
2020-09-27,Tehama,103,63373,603,573,2,575,2
2020-09-27,Trinity,105,12862,56,16,8,24,0
2020-09-27,Tulare,107,460477,16501,15918,130,16048,270
2020-09-27,Tuolumne,109,53932,233,224,5,229,2
2020-09-27,Ventura,111,848112,13480,12775,169,12944,139
2020-09-27,Yolo,113,214977,2851,2796,7,2803,55
2020-09-27,Yuba,115,75493,1098,1059,5,1064,7
2020-09-26,Alameda,001,1643700,21576,21019,175,21194,370
2020-09-26,Alpine,003,1148,3,2,0,2,0
2020-09-26,Amador,005,37829,295,291,0,291,16
2020-09-26,Butte,007,227075,2935,2827,30,2857,44
2020-09-26,Calaveras,009,45235,310,257,0,257,11
2020-09-26,Colusa,011,21464,532,529,0,529,6
2020-09-26,Contra Costa,013,1133247,17231,16508,80,16588,194
2020-09-26,Del Norte,015,27424,142,138,0,138,2
2020-09-26,El Dorado,017,186661,1213,1127,8,1135,4
2020-09-26,Fresno,019,978130,30821,28336,382,28718,389
2020-09-26,Glenn,021,27897,596,576,0,576,3
2020-09-26,Humboldt,023,135768,507,491,1,492,6
2020-09-26,Imperial,025,180216,11870,10721,9,10730,283
2020-09-26,Inyo,027,18085,191,187,4,191,14
2020-09-26,Kern,029,883053,32069,31410,321,31731,394
2020-09-26,Kings,031,150075,7855,7537,37,7574,78
2020-09-26,Lake,033,64148,586,549,0,549,10
2020-09-26,Lassen,035,31185,749,737,2,739,0
2020-09-26,Los Angeles,037,10098052,269623,266931,1864,268795,6497
2020-09-26,Madera,039,155013,4592,4410,30,4440,47
2020-09-26,Marin,041,260295,6751,6641,17,6658,91
2020-09-26,Mariposa,043,17540,76,74,0,74,2
2020-09-26,Mendocino,045,87422,899,836,4,840,17
2020-09-26,Merced,047,269075,8945,8841,21,8862,136
2020-09-26,Modoc,049,8938,29,26,0,26,0
2020-09-26,Mono,051,14174,169,148,2,150,1
2020-09-26,Monterey,053,433212,10012,9651,32,9683,68
2020-09-26,Napa,055,140530,1753,1681,8,1689,11
2020-09-26,Nevada,057,99092,542,534,16,550,6
2020-09-26,Orange,059,3164182,55155,52203,1471,53674,1194
2020-09-26,Placer,061,380077,3661,3551,13,3564,42
2020-09-26,Plumas,063,18699,49,48,0,48,0
2020-09-26,Riverside,065,2383286,59714,58076,177,58253,1190
2020-09-26,Sacramento,067,1510023,22773,22269,25,22294,421
2020-09-26,San Benito,069,59416,1345,1325,0,1325,11
2020-09-26,San Bernardino,071,2135413,54844,53122,347,53469,988
2020-09-26,San Diego,073,3302833,48078,46333,973,47306,775
2020-09-26,San Francisco,075,870044,11321,11113,28,11141,100
2020-09-26,San Joaquin,077,732212,20313,19982,57,20039,449
2020-09-26,San Luis Obispo,079,281455,3773,3546,17,3563,31
2020-09-26,San Mateo,081,765935,10215,9509,9,9518,127
2020-09-26,Santa Barbara,083,443738,9238,9061,78,9139,114
2020-09-26,Santa Clara,085,1922200,22229,20967,45,21012,270
2020-09-26,Santa Cruz,087,273765,2473,2336,31,2367,9
2020-09-26,Shasta,089,179085,1139,856,8,864,17
2020-09-26,Sierra,091,2930,6,6,0,6,0
2020-09-26,Siskiyou,093,43540,155,149,10,159,0
2020-09-26,Solano,095,438530,6370,6209,39,6248,51
2020-09-26,Sonoma,097,501317,7742,7285,21,7306,124
2020-09-26,Stanislaus,099,539301,16588,16421,520,16941,336
2020-09-26,Sutter,101,95872,1685,1662,1,1663,10
2020-09-26,Tehama,103,63373,591,560,2,562,2
2020-09-26,Trinity,105,12862,54,16,8,24,0
2020-09-26,Tulare,107,460477,16475,15881,128,16009,270
2020-09-26,Tuolumne,109,53932,233,223,5,228,2
2020-09-26,Ventura,111,848112,13445,12729,168,12897,137
2020-09-26,Yolo,113,214977,2849,2789,7,2796,55
2020-09-26,Yuba,115,75493,1094,1056,5,1061,7
2020-09-25,Alameda,001,1643700,21522,20911,175,21086,367
2020-09-25,Alpine,003,1148,3,2,0,2,0
2020-09-25,Amador,005,37829,295,289,0,289,16
2020-09-25,Butte,007,227075,2930,2819,30,2849,43
2020-09-25,Calaveras,009,45235,310,257,0,257,11
2020-09-25,Colusa,011,21464,532,528,0,528,6
2020-09-25,Contra Costa,013,1133247,17172,16401,80,16481,194
2020-09-25,Del Norte,015,27424,142,138,0,138,2
2020-09-25,El Dorado,017,186661,1209,1104,8,1112,4
2020-09-25,Fresno,019,978130,30761,28199,381,28580,385
2020-09-25,Glenn,021,27897,594,570,0,570,3
2020-09-25,Humboldt,023,135768,506,489,1,490,5
2020-09-25,Imperial,025,180216,11852,10681,9,10690,283
2020-09-25,Inyo,027,18085,189,187,4,191,14
2020-09-25,Kern,029,883053,32016,31333,319,31652,393
2020-09-25,Kings,031,150075,7850,7450,37,7487,77
2020-09-25,Lake,033,64148,585,539,0,539,9
2020-09-25,Lassen,035,31185,749,737,2,739,0
2020-09-25,Los Angeles,037,10098052,268830,265713,1852,267565,6483
2020-09-25,Madera,039,155013,4573,4369,30,4399,48
2020-09-25,Marin,041,260295,6748,6622,17,6639,90
2020-09-25,Mariposa,043,17540,76,74,0,74,2
2020-09-25,Mendocino,045,87422,884,819,3,822,17
2020-09-25,Merced,047,269075,8929,8830,21,8851,135
2020-09-25,Modoc,049,8938,29,26,0,26,0
2020-09-25,Mono,051,14174,169,149,2,151,1
2020-09-25,Monterey,053,433212,9960,9581,32,9613,68
2020-09-25,Napa,055,140530,1751,1669,8,1677,11
2020-09-25,Nevada,057,99092,540,529,16,545,6
2020-09-25,Orange,059,3164182,55028,52031,1463,53494,1184
2020-09-25,Placer,061,380077,3650,3527,13,3540,41
2020-09-25,Plumas,063,18699,49,48,0,48,0
2020-09-25,Riverside,065,2383286,59538,57783,172,57955,1183
2020-09-25,Sacramento,067,1510023,22696,22132,25,22157,418
2020-09-25,San Benito,069,59416,1344,1318,0,1318,11
2020-09-25,San Bernardino,071,2135413,54690,52814,347,53161,987
2020-09-25,San Diego,073,3302833,47876,46003,957,46960,775
2020-09-25,San Francisco,075,870044,11287,11066,27,11093,100
2020-09-25,San Joaquin,077,732212,20261,19909,57,19966,449
2020-09-25,San Luis Obispo,079,281455,3761,3512,17,3529,31
2020-09-25,San Mateo,081,765935,10179,9447,9,9456,127
2020-09-25,Santa Barbara,083,443738,9214,9026,78,9104,114
2020-09-25,Santa Clara,085,1922200,22165,20812,44,20856,265
2020-09-25,Santa Cruz,087,273765,2461,2309,30,2339,9
2020-09-25,Shasta,089,179085,1105,806,8,814,16
2020-09-25,Sierra,091,2930,6,6,0,6,0
2020-09-25,Siskiyou,093,43540,155,149,10,159,0
2020-09-25,Solano,095,438530,6354,6179,39,6218,50
2020-09-25,Sonoma,097,501317,7702,7202,21,7223,124
2020-09-25,Stanislaus,099,539301,16570,16381,518,16899,326
2020-09-25,Sutter,101,95872,1682,1655,1,1656,10
2020-09-25,Tehama,103,63373,583,546,2,548,2
2020-09-25,Trinity,105,12862,54,15,8,23,0
2020-09-25,Tulare,107,460477,16435,15815,127,15942,267
2020-09-25,Tuolumne,109,53932,233,223,5,228,2
2020-09-25,Ventura,111,848112,13402,12664,165,12829,137
2020-09-25,Yolo,113,214977,2841,2784,7,2791,55
2020-09-25,Yuba,115,75493,1089,1049,5,1054,5
2020-09-24,Alameda,001,1643700,21447,20838,172,21010,364
2020-09-24,Alpine,003,1148,3,2,0,2,0
2020-09-24,Amador,005,37829,295,288,0,288,16
2020-09-24,Butte,007,227075,2919,2803,30,2833,43
2020-09-24,Calaveras,009,45235,310,258,0,258,11
2020-09-24,Colusa,011,21464,532,523,0,523,6
2020-09-24,Contra Costa,013,1133247,17090,16252,80,16332,192
2020-09-24,Del Norte,015,27424,138,137,0,137,2
2020-09-24,El Dorado,017,186661,1200,1093,8,1101,4
2020-09-24,Fresno,019,978130,30655,28106,377,28483,375
2020-09-24,Glenn,021,27897,590,567,0,567,3
2020-09-24,Humboldt,023,135768,503,482,1,483,5
2020-09-24,Imperial,025,180216,11828,10622,9,10631,283
2020-09-24,Inyo,027,18085,189,187,4,191,13
2020-09-24,Kern,029,883053,31953,31273,317,31590,388
2020-09-24,Kings,031,150075,7834,7428,37,7465,76
2020-09-24,Lake,033,64148,576,531,0,531,9
2020-09-24,Lassen,035,31185,748,737,2,739,0
2020-09-24,Los Angeles,037,10098052,267788,264374,1835,266209,6452
2020-09-24,Madera,039,155013,4554,4344,30,4374,48
2020-09-24,Marin,041,260295,6720,6588,17,6605,85
2020-09-24,Mariposa,043,17540,76,74,0,74,2
2020-09-24,Mendocino,045,87422,880,810,3,813,17
2020-09-24,Merced,047,269075,8900,8813,20,8833,135
2020-09-24,Modoc,049,8938,29,24,0,24,0
2020-09-24,Mono,051,14174,169,149,2,151,1
2020-09-24,Monterey,053,433212,9894,9544,30,9574,67
2020-09-24,Napa,055,140530,1739,1661,8,1669,11
2020-09-24,Nevada,057,99092,539,527,16,543,6
2020-09-24,Orange,059,3164182,54821,51749,1445,53194,1164
2020-09-24,Placer,061,380077,3635,3514,13,3527,41
2020-09-24,Plumas,063,18699,49,48,0,48,0
2020-09-24,Riverside,065,2383286,59273,57491,166,57657,1172
2020-09-24,Sacramento,067,1510023,22570,21985,24,22009,417
2020-09-24,San Benito,069,59416,1342,1308,0,1308,11
2020-09-24,San Bernardino,071,2135413,54353,52455,346,52801,988
2020-09-24,San Diego,073,3302833,47607,45598,942,46540,773
2020-09-24,San Francisco,075,870044,11240,10992,27,11019,99
2020-09-24,San Joaquin,077,732212,20223,19851,55,19906,444
2020-09-24,San Luis Obispo,079,281455,3745,3480,17,3497,31
2020-09-24,San Mateo,081,765935,10131,9376,9,9385,127
2020-09-24,Santa Barbara,083,443738,9161,8988,77,9065,114
2020-09-24,Santa Clara,085,1922200,22077,20689,44,20733,262
2020-09-24,Santa Cruz,087,273765,2441,2300,28,2328,9
2020-09-24,Shasta,089,179085,1068,773,5,778,14
2020-09-24,Sierra,091,2930,6,6,0,6,0
2020-09-24,Siskiyou,093,43540,155,149,10,159,0
2020-09-24,Solano,095,438530,6321,6137,39,6176,49
2020-09-24,Sonoma,097,501317,7621,7163,21,7184,122
2020-09-24,Stanislaus,099,539301,16533,16326,513,16839,326
2020-09-24,Sutter,101,95872,1679,1646,1,1647,10
2020-09-24,Tehama,103,63373,580,540,2,542,2
2020-09-24,Trinity,105,12862,54,15,8,23,0
2020-09-24,Tulare,107,460477,16370,15754,126,15880,267
2020-09-24,Tuolumne,109,53932,233,224,5,229,2
2020-09-24,Ventura,111,848112,13320,12617,164,12781,138
2020-09-24,Yolo,113,214977,2834,2776,7,2783,55
2020-09-24,Yuba,115,75493,1084,1042,5,1047,5
2020-09-23,Alameda,001,1643700,21379,20718,170,20888,361
2020-09-23,Alpine,003,1148,3,2,0,2,0
2020-09-23,Amador,005,37829,294,288,0,288,16
2020-09-23,Butte,007,227075,2911,2790,30,2820,43
2020-09-23,Calaveras,009,45235,309,258,0,258,11
2020-09-23,Colusa,011,21464,531,521,0,521,6
2020-09-23,Contra Costa,013,1133247,17028,16167,79,16246,192
2020-09-23,Del Norte,015,27424,136,137,0,137,2
2020-09-23,El Dorado,017,186661,1186,1088,8,1096,4
2020-09-23,Fresno,019,978130,30560,28019,375,28394,371
2020-09-23,Glenn,021,27897,583,561,0,561,3
2020-09-23,Humboldt,023,135768,499,477,1,478,5
2020-09-23,Imperial,025,180216,11802,10587,9,10596,284
2020-09-23,Inyo,027,18085,188,177,4,181,13
2020-09-23,Kern,029,883053,31909,31172,315,31487,387
2020-09-23,Kings,031,150075,7812,7406,37,7443,76
2020-09-23,Lake,033,64148,571,519,0,519,9
2020-09-23,Lassen,035,31185,748,736,2,738,0
2020-09-23,Los Angeles,037,10098052,266771,263318,1806,265124,6421
2020-09-23,Madera,039,155013,4539,4311,30,4341,48
2020-09-23,Marin,041,260295,6701,6567,17,6584,85
2020-09-23,Mariposa,043,17540,76,74,0,74,2
2020-09-23,Mendocino,045,87422,879,801,2,803,17
2020-09-23,Merced,047,269075,8879,8785,18,8803,134
2020-09-23,Modoc,049,8938,29,24,0,24,0
2020-09-23,Mono,051,14174,169,149,2,151,1
2020-09-23,Monterey,053,433212,9825,9452,29,9481,67
2020-09-23,Napa,055,140530,1730,1653,8,1661,11
2020-09-23,Nevada,057,99092,538,523,16,539,6
2020-09-23,Orange,059,3164182,54594,51658,1437,53095,1155
2020-09-23,Placer,061,380077,3623,3506,13,3519,41
2020-09-23,Plumas,063,18699,49,48,0,48,0
2020-09-23,Riverside,065,2383286,58967,57257,163,57420,1165
2020-09-23,Sacramento,067,1510023,22493,21821,24,21845,415
2020-09-23,San Benito,069,59416,1336,1305,0,1305,10
2020-09-23,San Bernardino,071,2135413,54060,52132,344,52476,973
2020-09-23,San Diego,073,3302833,47331,45427,923,46350,767
2020-09-23,San Francisco,075,870044,11191,10926,27,10953,95
2020-09-23,San Joaquin,077,732212,20169,19785,55,19840,439
2020-09-23,San Luis Obispo,079,281455,3727,3447,17,3464,31
2020-09-23,San Mateo,081,765935,10091,9351,9,9360,127
2020-09-23,Santa Barbara,083,443738,9132,8952,77,9029,112
2020-09-23,Santa Clara,085,1922200,21966,20575,41,20616,260
2020-09-23,Santa Cruz,087,273765,2422,2283,28,2311,9
2020-09-23,Shasta,089,179085,1029,756,4,760,14
2020-09-23,Sierra,091,2930,6,6,0,6,0
2020-09-23,Siskiyou,093,43540,155,149,10,159,0
2020-09-23,Solano,095,438530,6295,6123,39,6162,50
2020-09-23,Sonoma,097,501317,7545,7091,21,7112,122
2020-09-23,Stanislaus,099,539301,16503,16271,510,16781,317
2020-09-23,Sutter,101,95872,1675,1646,1,1647,10
2020-09-23,Tehama,103,63373,574,533,2,535,2
2020-09-23,Trinity,105,12862,53,15,8,23,0
2020-09-23,Tulare,107,460477,16305,15664,125,15789,266
2020-09-23,Tuolumne,109,53932,233,223,5,228,2
2020-09-23,Ventura,111,848112,13264,12591,162,12753,137
2020-09-23,Yolo,113,214977,2816,2766,7,2773,55
2020-09-23,Yuba,115,75493,1082,1038,5,1043,5
2020-09-22,Alameda,001,1643700,21299,20607,168,20775,355
2020-09-22,Alpine,003,1148,2,2,0,2,0
2020-09-22,Amador,005,37829,293,287,0,287,16
2020-09-22,Butte,007,227075,2906,2776,30,2806,43
2020-09-22,Calaveras,009,45235,309,258,0,258,11
2020-09-22,Colusa,011,21464,529,518,0,518,6
2020-09-22,Contra Costa,013,1133247,16938,16090,79,16169,190
2020-09-22,Del Norte,015,27424,136,137,0,137,2
2020-09-22,El Dorado,017,186661,1167,1076,8,1084,4
2020-09-22,Fresno,019,978130,30465,27944,372,28316,369
2020-09-22,Glenn,021,27897,580,560,0,560,3
2020-09-22,Humboldt,023,135768,498,476,1,477,5
2020-09-22,Imperial,025,180216,11773,10529,9,10538,284
2020-09-22,Inyo,027,18085,188,177,4,181,13
2020-09-22,Kern,029,883053,31841,31110,308,31418,383
2020-09-22,Kings,031,150075,7755,7395,36,7431,76
2020-09-22,Lake,033,64148,563,516,0,516,9
2020-09-22,Lassen,035,31185,747,736,2,738,0
2020-09-22,Los Angeles,037,10098052,265705,262117,1781,263898,6394
2020-09-22,Madera,039,155013,4523,4303,30,4333,47
2020-09-22,Marin,041,260295,6687,6561,17,6578,84
2020-09-22,Mariposa,043,17540,76,74,0,74,2
2020-09-22,Mendocino,045,87422,859,794,1,795,18
2020-09-22,Merced,047,269075,8849,8769,18,8787,132
2020-09-22,Modoc,049,8938,29,24,0,24,0
2020-09-22,Mono,051,14174,168,149,2,151,1
2020-09-22,Monterey,053,433212,9767,9393,28,9421,67
2020-09-22,Napa,055,140530,1713,1652,8,1660,11
2020-09-22,Nevada,057,99092,538,523,16,539,6
2020-09-22,Orange,059,3164182,54344,51528,1428,52956,1132
2020-09-22,Placer,061,380077,3611,3492,13,3505,40
2020-09-22,Plumas,063,18699,49,48,0,48,0
2020-09-22,Riverside,065,2383286,58483,57066,159,57225,1162
2020-09-22,Sacramento,067,1510023,22373,21745,24,21769,410
2020-09-22,San Benito,069,59416,1331,1305,0,1305,10
2020-09-22,San Bernardino,071,2135413,53786,51899,344,52243,971
2020-09-22,San Diego,073,3302833,47024,45149,904,46053,765
2020-09-22,San Francisco,075,870044,11147,10893,26,10919,95
2020-09-22,San Joaquin,077,732212,20122,19755,54,19809,426
2020-09-22,San Luis Obispo,079,281455,3705,3420,17,3437,31
2020-09-22,San Mateo,081,765935,10053,9291,9,9300,127
2020-09-22,Santa Barbara,083,443738,9102,8927,76,9003,111
2020-09-22,Santa Clara,085,1922200,21847,20514,41,20555,253
2020-09-22,Santa Cruz,087,273765,2399,2264,28,2292,8
2020-09-22,Shasta,089,179085,994,723,4,727,14
2020-09-22,Sierra,091,2930,6,6,0,6,0
2020-09-22,Siskiyou,093,43540,155,149,10,159,0
2020-09-22,Solano,095,438530,6264,6107,39,6146,48
2020-09-22,Sonoma,097,501317,7466,7068,20,7088,117
2020-09-22,Stanislaus,099,539301,16480,16231,503,16734,316
2020-09-22,Sutter,101,95872,1669,1638,1,1639,10
2020-09-22,Tehama,103,63373,566,529,2,531,2
2020-09-22,Trinity,105,12862,53,15,8,23,0
2020-09-22,Tulare,107,460477,16238,15616,122,15738,263
2020-09-22,Tuolumne,109,53932,232,224,5,229,1
2020-09-22,Ventura,111,848112,13212,12507,158,12665,136
2020-09-22,Yolo,113,214977,2809,2763,7,2770,54
2020-09-22,Yuba,115,75493,1073,1035,5,1040,5
2020-09-21,Alameda,001,1643700,21220,20501,167,20668,343
2020-09-21,Alpine,003,1148,2,2,0,2,0
2020-09-21,Amador,005,37829,291,286,0,286,16
2020-09-21,Butte,007,227075,2892,2769,30,2799,41
2020-09-21,Calaveras,009,45235,307,256,0,256,10
2020-09-21,Colusa,011,21464,528,517,0,517,6
2020-09-21,Contra Costa,013,1133247,16851,16008,79,16087,189
2020-09-21,Del Norte,015,27424,136,132,0,132,2
2020-09-21,El Dorado,017,186661,1158,1074,8,1082,4
2020-09-21,Fresno,019,978130,30363,27843,365,28208,362
2020-09-21,Glenn,021,27897,576,556,0,556,3
2020-09-21,Humboldt,023,135768,494,473,1,474,5
2020-09-21,Imperial,025,180216,11743,10521,9,10530,284
2020-09-21,Inyo,027,18085,187,177,4,181,12
2020-09-21,Kern,029,883053,31769,31031,306,31337,379
2020-09-21,Kings,031,150075,7642,7297,35,7332,76
2020-09-21,Lake,033,64148,558,508,0,508,8
2020-09-21,Lassen,035,31185,745,735,2,737,0
2020-09-21,Los Angeles,037,10098052,264619,261418,1736,263154,6360
2020-09-21,Madera,039,155013,4512,4275,29,4304,47
2020-09-21,Marin,041,260295,6676,6538,16,6554,84
2020-09-21,Mariposa,043,17540,75,74,0,74,2
2020-09-21,Mendocino,045,87422,844,778,0,778,18
2020-09-21,Merced,047,269075,8830,8749,16,8765,128
2020-09-21,Modoc,049,8938,29,22,0,22,0
2020-09-21,Mono,051,14174,168,147,2,149,1
2020-09-21,Monterey,053,433212,9703,9331,25,9356,66
2020-09-21,Napa,055,140530,1702,1641,8,1649,11
2020-09-21,Nevada,057,99092,536,515,16,531,6
2020-09-21,Orange,059,3164182,54122,51363,1421,52784,1110
2020-09-21,Placer,061,380077,3601,3473,13,3486,40
2020-09-21,Plumas,063,18699,49,47,0,47,0
2020-09-21,Riverside,065,2383286,58211,57001,152,57153,1153
2020-09-21,Sacramento,067,1510023,22192,21568,24,21592,404
2020-09-21,San Benito,069,59416,1329,1298,0,1298,10
2020-09-21,San Bernardino,071,2135413,53500,51654,344,51998,970
2020-09-21,San Diego,073,3302833,46740,44927,883,45810,760
2020-09-21,San Francisco,075,870044,11099,10743,26,10769,95
2020-09-21,San Joaquin,077,732212,20064,19579,54,19633,423
2020-09-21,San Luis Obispo,079,281455,3679,3406,17,3423,27
2020-09-21,San Mateo,081,765935,10001,9239,9,9248,127
2020-09-21,Santa Barbara,083,443738,9074,8911,76,8987,110
2020-09-21,Santa Clara,085,1922200,21746,20432,41,20473,252
2020-09-21,Santa Cruz,087,273765,2382,2257,26,2283,8
2020-09-21,Shasta,089,179085,944,696,4,700,14
2020-09-21,Sierra,091,2930,6,6,0,6,0
2020-09-21,Siskiyou,093,43540,155,146,10,156,0
2020-09-21,Solano,095,438530,6240,6019,39,6058,46
2020-09-21,Sonoma,097,501317,7390,7017,20,7037,117
2020-09-21,Stanislaus,099,539301,16450,16186,503,16689,310
2020-09-21,Sutter,101,95872,1662,1634,1,1635,10
2020-09-21,Tehama,103,63373,547,513,2,515,2
2020-09-21,Trinity,105,12862,53,15,8,23,0
2020-09-21,Tulare,107,460477,16164,15528,113,15641,260
2020-09-21,Tuolumne,109,53932,232,221,5,226,1
2020-09-21,Ventura,111,848112,13128,12477,152,12629,133
2020-09-21,Yolo,113,214977,2803,2752,7,2759,54
2020-09-21,Yuba,115,75493,1069,1033,5,1038,1
2020-09-20,Alameda,001,1643700,21120,20425,164,20589,343
2020-09-20,Alpine,003,1148,2,2,0,2,0
2020-09-20,Amador,005,37829,290,286,0,286,16
2020-09-20,Butte,007,227075,2880,2764,30,2794,39
2020-09-20,Calaveras,009,45235,303,256,0,256,10
2020-09-20,Colusa,011,21464,526,510,0,510,6
2020-09-20,Contra Costa,013,1133247,16717,15917,78,15995,189
2020-09-20,Del Norte,015,27424,134,132,0,132,2
2020-09-20,El Dorado,017,186661,1143,1073,8,1081,4
2020-09-20,Fresno,019,978130,30249,27769,360,28129,362
2020-09-20,Glenn,021,27897,572,550,0,550,3
2020-09-20,Humboldt,023,135768,494,472,1,473,5
2020-09-20,Imperial,025,180216,11716,10496,8,10504,284
2020-09-20,Inyo,027,18085,187,177,4,181,12
2020-09-20,Kern,029,883053,31686,30992,302,31294,379
2020-09-20,Kings,031,150075,7595,7159,34,7193,76
2020-09-20,Lake,033,64148,546,492,0,492,8
2020-09-20,Lassen,035,31185,745,735,2,737,0
2020-09-20,Los Angeles,037,10098052,263391,260770,1711,262481,6347
2020-09-20,Madera,039,155013,4492,4257,29,4286,47
2020-09-20,Marin,041,260295,6650,6533,16,6549,83
2020-09-20,Mariposa,043,17540,75,74,0,74,2
2020-09-20,Mendocino,045,87422,832,765,0,765,18
2020-09-20,Merced,047,269075,8803,8745,16,8761,128
2020-09-20,Modoc,049,8938,27,22,0,22,0
2020-09-20,Mono,051,14174,167,147,2,149,1
2020-09-20,Monterey,053,433212,9624,9312,25,9337,65
2020-09-20,Napa,055,140530,1693,1626,8,1634,11
2020-09-20,Nevada,057,99092,533,511,16,527,6
2020-09-20,Orange,059,3164182,53881,51233,1411,52644,1110
2020-09-20,Placer,061,380077,3586,3452,13,3465,40
2020-09-20,Plumas,063,18699,49,47,0,47,0
2020-09-20,Riverside,065,2383286,58010,56783,146,56929,1147
2020-09-20,Sacramento,067,1510023,22005,21394,23,21417,401
2020-09-20,San Benito,069,59416,1318,1291,0,1291,9
2020-09-20,San Bernardino,071,2135413,53181,51559,342,51901,970
2020-09-20,San Diego,073,3302833,46367,44579,854,45433,760
2020-09-20,San Francisco,075,870044,11045,10743,26,10769,95
2020-09-20,San Joaquin,077,732212,19999,19578,47,19625,423
2020-09-20,San Luis Obispo,079,281455,3652,3393,17,3410,27
2020-09-20,San Mateo,081,765935,9935,9198,9,9207,127
2020-09-20,Santa Barbara,083,443738,9038,8880,75,8955,110
2020-09-20,Santa Clara,085,1922200,21626,20330,40,20370,252
2020-09-20,Santa Cruz,087,273765,2362,2199,26,2225,8
2020-09-20,Shasta,089,179085,903,696,3,699,14
2020-09-20,Sierra,091,2930,6,6,0,6,0
2020-09-20,Siskiyou,093,43540,155,146,10,156,0
2020-09-20,Solano,095,438530,6196,6020,39,6059,46
2020-09-20,Sonoma,097,501317,7286,6954,20,6974,117
2020-09-20,Stanislaus,099,539301,16419,16159,496,16655,310
2020-09-20,Sutter,101,95872,1656,1624,1,1625,10
2020-09-20,Tehama,103,63373,534,509,2,511,2
2020-09-20,Trinity,105,12862,53,15,8,23,0
2020-09-20,Tulare,107,460477,16078,15528,106,15634,260
2020-09-20,Tuolumne,109,53932,232,221,5,226,1
2020-09-20,Ventura,111,848112,13062,12406,148,12554,133
2020-09-20,Yolo,113,214977,2795,2745,7,2752,54
2020-09-20,Yuba,115,75493,1062,1029,5,1034,1
2020-09-19,Alameda,001,1643700,21070,20349,161,20510,343
2020-09-19,Alpine,003,1148,2,2,0,2,0
2020-09-19,Amador,005,37829,290,285,0,285,16
2020-09-19,Butte,007,227075,2874,2748,30,2778,38
2020-09-19,Calaveras,009,45235,303,256,0,256,10
2020-09-19,Colusa,011,21464,526,507,0,507,6
2020-09-19,Contra Costa,013,1133247,16654,15783,78,15861,186
2020-09-19,Del Norte,015,27424,133,132,0,132,2
2020-09-19,El Dorado,017,186661,1137,1068,7,1075,4
2020-09-19,Fresno,019,978130,30176,27668,360,28028,362
2020-09-19,Glenn,021,27897,569,547,0,547,3
2020-09-19,Humboldt,023,135768,493,471,1,472,5
2020-09-19,Imperial,025,180216,11701,10496,8,10504,284
2020-09-19,Inyo,027,18085,187,177,4,181,12
2020-09-19,Kern,029,883053,31632,30886,299,31185,379
2020-09-19,Kings,031,150075,7589,7130,34,7164,76
2020-09-19,Lake,033,64148,546,465,0,465,8
2020-09-19,Lassen,035,31185,745,731,2,733,0
2020-09-19,Los Angeles,037,10098052,262767,259801,1697,261498,6325
2020-09-19,Madera,039,155013,4469,4237,29,4266,47
2020-09-19,Marin,041,260295,6643,6513,15,6528,81
2020-09-19,Mariposa,043,17540,75,74,0,74,2
2020-09-19,Mendocino,045,87422,829,750,0,750,18
2020-09-19,Merced,047,269075,8792,8717,15,8732,128
2020-09-19,Modoc,049,8938,27,22,0,22,0
2020-09-19,Mono,051,14174,167,147,2,149,1
2020-09-19,Monterey,053,433212,9582,9237,25,9262,65
2020-09-19,Napa,055,140530,1685,1614,8,1622,11
2020-09-19,Nevada,057,99092,531,505,16,521,6
2020-09-19,Orange,059,3164182,53753,50999,1404,52403,1105
2020-09-19,Placer,061,380077,3577,3412,13,3425,40
2020-09-19,Plumas,063,18699,49,47,0,47,0
2020-09-19,Riverside,065,2383286,57883,56562,145,56707,1147
2020-09-19,Sacramento,067,1510023,21951,21297,23,21320,396
2020-09-19,San Benito,069,59416,1314,1276,0,1276,9
2020-09-19,San Bernardino,071,2135413,53025,51353,339,51692,971
2020-09-19,San Diego,073,3302833,46139,44295,831,45126,773
2020-09-19,San Francisco,075,870044,11012,10741,26,10767,95
2020-09-19,San Joaquin,077,732212,19962,19580,47,19627,424
2020-09-19,San Luis Obispo,079,281455,3631,3369,17,3386,27
2020-09-19,San Mateo,081,765935,9904,9158,9,9167,127
2020-09-19,Santa Barbara,083,443738,9018,8862,75,8937,106
2020-09-19,Santa Clara,085,1922200,21537,20170,40,20210,251
2020-09-19,Santa Cruz,087,273765,2348,2198,25,2223,8
2020-09-19,Shasta,089,179085,876,687,3,690,14
2020-09-19,Sierra,091,2930,6,6,0,6,0
2020-09-19,Siskiyou,093,43540,155,146,10,156,0
2020-09-19,Solano,095,438530,6180,5998,39,6037,46
2020-09-19,Sonoma,097,501317,7253,6905,20,6925,117
2020-09-19,Stanislaus,099,539301,16379,16109,489,16598,313
2020-09-19,Sutter,101,95872,1655,1602,1,1603,10
2020-09-19,Tehama,103,63373,529,498,2,500,2
2020-09-19,Trinity,105,12862,53,15,8,23,0
2020-09-19,Tulare,107,460477,16029,15485,103,15588,260
2020-09-19,Tuolumne,109,53932,232,217,5,222,1
2020-09-19,Ventura,111,848112,13030,12328,148,12476,133
2020-09-19,Yolo,113,214977,2787,2739,7,2746,54
2020-09-19,Yuba,115,75493,1055,1023,5,1028,1
2020-09-18,Alameda,001,1643700,21005,20222,155,20377,341
2020-09-18,Alpine,003,1148,2,2,0,2,0
2020-09-18,Amador,005,37829,290,285,0,285,16
2020-09-18,Butte,007,227075,2872,2738,30,2768,37
2020-09-18,Calaveras,009,45235,303,255,0,255,9
2020-09-18,Colusa,011,21464,526,504,0,504,6
2020-09-18,Contra Costa,013,1133247,16569,15667,78,15745,185
2020-09-18,Del Norte,015,27424,133,131,0,131,2
2020-09-18,El Dorado,017,186661,1124,1063,7,1070,4
2020-09-18,Fresno,019,978130,30111,27560,360,27920,359
2020-09-18,Glenn,021,27897,566,541,0,541,3
2020-09-18,Humboldt,023,135768,490,470,1,471,5
2020-09-18,Imperial,025,180216,11686,10460,8,10468,283
2020-09-18,Inyo,027,18085,187,177,4,181,12
2020-09-18,Kern,029,883053,31574,30742,296,31038,373
2020-09-18,Kings,031,150075,7579,7062,34,7096,74
2020-09-18,Lake,033,64148,540,458,0,458,8
2020-09-18,Lassen,035,31185,744,731,2,733,0
2020-09-18,Los Angeles,037,10098052,262006,258488,1679,260167,6324
2020-09-18,Madera,039,155013,4457,4211,29,4240,45
2020-09-18,Marin,041,260295,6628,6475,15,6490,81
2020-09-18,Mariposa,043,17540,75,74,0,74,2
2020-09-18,Mendocino,045,87422,821,739,0,739,18
2020-09-18,Merced,047,269075,8780,8691,14,8705,127
2020-09-18,Modoc,049,8938,27,22,0,22,0
2020-09-18,Mono,051,14174,165,147,2,149,1
2020-09-18,Monterey,053,433212,9541,9183,25,9208,64
2020-09-18,Napa,055,140530,1679,1604,8,1612,11
2020-09-18,Nevada,057,99092,528,504,16,520,6
2020-09-18,Orange,059,3164182,53607,50733,1392,52125,1107
2020-09-18,Placer,061,380077,3566,3389,13,3402,40
2020-09-18,Plumas,063,18699,49,45,0,45,0
2020-09-18,Riverside,065,2383286,57761,56248,140,56388,1143
2020-09-18,Sacramento,067,1510023,21868,21105,23,21128,391
2020-09-18,San Benito,069,59416,1306,1257,0,1257,8
2020-09-18,San Bernardino,071,2135413,52880,51106,336,51442,970
2020-09-18,San Diego,073,3302833,45889,44009,826,44835,757
2020-09-18,San Francisco,075,870044,10974,10644,25,10669,95
2020-09-18,San Joaquin,077,732212,19918,19531,46,19577,423
2020-09-18,San Luis Obispo,079,281455,3607,3328,17,3345,27
2020-09-18,San Mateo,081,765935,9864,9062,9,9071,127
2020-09-18,Santa Barbara,083,443738,8997,8824,75,8899,107
2020-09-18,Santa Clara,085,1922200,21439,20058,40,20098,252
2020-09-18,Santa Cruz,087,273765,2327,2180,24,2204,8
2020-09-18,Shasta,089,179085,841,668,3,671,14
2020-09-18,Sierra,091,2930,6,6,0,6,0
2020-09-18,Siskiyou,093,43540,154,146,10,156,0
2020-09-18,Solano,095,438530,6164,5961,39,6000,46
2020-09-18,Sonoma,097,501317,7205,6856,20,6876,114
2020-09-18,Stanislaus,099,539301,16351,16042,483,16525,277
2020-09-18,Sutter,101,95872,1648,1586,1,1587,10
2020-09-18,Tehama,103,63373,529,490,2,492,2
2020-09-18,Trinity,105,12862,53,15,7,22,0
2020-09-18,Tulare,107,460477,15996,15435,99,15534,259
2020-09-18,Tuolumne,109,53932,231,216,5,221,1
2020-09-18,Ventura,111,848112,12969,12236,144,12380,133
2020-09-18,Yolo,113,214977,2781,2732,7,2739,54
2020-09-18,Yuba,115,75493,1051,1020,5,1025,1
2020-09-17,Alameda,001,1643700,20906,20146,155,20301,339
2020-09-17,Alpine,003,1148,2,2,0,2,0
2020-09-17,Amador,005,37829,288,284,0,284,16
2020-09-17,Butte,007,227075,2854,2720,30,2750,38
2020-09-17,Calaveras,009,45235,303,254,0,254,9
2020-09-17,Colusa,011,21464,524,499,0,499,6
2020-09-17,Contra Costa,013,1133247,16481,15576,78,15654,184
2020-09-17,Del Norte,015,27424,133,131,0,131,2
2020-09-17,El Dorado,017,186661,1115,1057,7,1064,4
2020-09-17,Fresno,019,978130,30002,27487,355,27842,355
2020-09-17,Glenn,021,27897,565,541,0,541,3
2020-09-17,Humboldt,023,135768,484,466,1,467,5
2020-09-17,Imperial,025,180216,11669,10436,8,10444,281
2020-09-17,Inyo,027,18085,187,176,4,180,12
2020-09-17,Kern,029,883053,31513,30627,289,30916,372
2020-09-17,Kings,031,150075,7508,7015,34,7049,72
2020-09-17,Lake,033,64148,530,433,0,433,8
2020-09-17,Lassen,035,31185,742,731,2,733,0
2020-09-17,Los Angeles,037,10098052,261063,257246,1665,258911,6318
2020-09-17,Madera,039,155013,4423,4152,29,4181,45
2020-09-17,Marin,041,260295,6607,6457,15,6472,81
2020-09-17,Mariposa,043,17540,75,74,0,74,2
2020-09-17,Mendocino,045,87422,810,737,0,737,18
2020-09-17,Merced,047,269075,8761,8671,14,8685,119
2020-09-17,Modoc,049,8938,27,22,0,22,0
2020-09-17,Mono,051,14174,165,147,2,149,1
2020-09-17,Monterey,053,433212,9479,9113,25,9138,62
2020-09-17,Napa,055,140530,1668,1592,8,1600,11
2020-09-17,Nevada,057,99092,526,494,16,510,6
2020-09-17,Orange,059,3164182,53426,50537,1380,51917,1098
2020-09-17,Placer,061,380077,3545,3368,13,3381,40
2020-09-17,Plumas,063,18699,49,45,0,45,0
2020-09-17,Riverside,065,2383286,57535,56007,139,56146,1134
2020-09-17,Sacramento,067,1510023,21633,20895,23,20918,385
2020-09-17,San Benito,069,59416,1304,1252,0,1252,8
2020-09-17,San Bernardino,071,2135413,52678,50770,336,51106,904
2020-09-17,San Diego,073,3302833,45609,43621,814,44435,754
2020-09-17,San Francisco,075,870044,10880,10564,25,10589,95
2020-09-17,San Joaquin,077,732212,19859,19439,46,19485,416
2020-09-17,San Luis Obispo,079,281455,3577,3299,17,3316,27
2020-09-17,San Mateo,081,765935,9822,8984,9,8993,127
2020-09-17,Santa Barbara,083,443738,8973,8779,75,8854,107
2020-09-17,Santa Clara,085,1922200,21322,19825,40,19865,254
2020-09-17,Santa Cruz,087,273765,2311,2155,24,2179,7
2020-09-17,Shasta,089,179085,802,660,3,663,12
2020-09-17,Sierra,091,2930,6,6,0,6,0
2020-09-17,Siskiyou,093,43540,154,146,10,156,0
2020-09-17,Solano,095,438530,6141,5915,39,5954,44
2020-09-17,Sonoma,097,501317,7141,6754,20,6774,114
2020-09-17,Stanislaus,099,539301,16318,15984,479,16463,277
2020-09-17,Sutter,101,95872,1643,1572,1,1573,10
2020-09-17,Tehama,103,63373,515,487,2,489,2
2020-09-17,Trinity,105,12862,53,15,7,22,0
2020-09-17,Tulare,107,460477,15943,15344,97,15441,258
2020-09-17,Tuolumne,109,53932,230,214,5,219,1
2020-09-17,Ventura,111,848112,12882,12167,141,12308,130
2020-09-17,Yolo,113,214977,2772,2724,7,2731,53
2020-09-17,Yuba,115,75493,1047,1015,5,1020,1
2020-09-16,Alameda,001,1643700,20808,20009,153,20162,333
2020-09-16,Alpine,003,1148,2,2,0,2,0
2020-09-16,Amador,005,37829,288,284,0,284,16
2020-09-16,Butte,007,227075,2844,2704,29,2733,38
2020-09-16,Calaveras,009,45235,303,254,0,254,9
2020-09-16,Colusa,011,21464,522,497,0,497,6
2020-09-16,Contra Costa,013,1133247,16395,15473,78,15551,183
2020-09-16,Del Norte,015,27424,133,131,0,131,2
2020-09-16,El Dorado,017,186661,1107,1049,7,1056,4
2020-09-16,Fresno,019,978130,29895,27381,353,27734,343
2020-09-16,Glenn,021,27897,563,539,0,539,3
2020-09-16,Humboldt,023,135768,483,455,1,456,4
2020-09-16,Imperial,025,180216,11646,10401,8,10409,277
2020-09-16,Inyo,027,18085,186,176,4,180,12
2020-09-16,Kern,029,883053,31453,30570,288,30858,371
2020-09-16,Kings,031,150075,7483,7002,32,7034,71
2020-09-16,Lake,033,64148,519,417,0,417,6
2020-09-16,Lassen,035,31185,741,730,2,732,0
2020-09-16,Los Angeles,037,10098052,260082,256101,1648,257749,6299
2020-09-16,Madera,039,155013,4400,4138,29,4167,45
2020-09-16,Marin,041,260295,6579,6430,15,6445,77
2020-09-16,Mariposa,043,17540,75,74,0,74,2
2020-09-16,Mendocino,045,87422,801,727,0,727,18
2020-09-16,Merced,047,269075,8740,8646,14,8660,118
2020-09-16,Modoc,049,8938,27,22,0,22,0
2020-09-16,Mono,051,14174,165,147,2,149,1
2020-09-16,Monterey,053,433212,9425,8997,25,9022,62
2020-09-16,Napa,055,140530,1654,1587,8,1595,11
2020-09-16,Nevada,057,99092,521,495,15,510,6
2020-09-16,Orange,059,3164182,53225,50414,1371,51785,1096
2020-09-16,Placer,061,380077,3527,3351,13,3364,39
2020-09-16,Plumas,063,18699,49,45,0,45,0
2020-09-16,Riverside,065,2383286,57341,55811,131,55942,1127
2020-09-16,Sacramento,067,1510023,21538,20610,23,20633,377
2020-09-16,San Benito,069,59416,1296,1244,0,1244,8
2020-09-16,San Bernardino,071,2135413,52453,50509,335,50844,907
2020-09-16,San Diego,073,3302833,45317,43447,793,44240,748
2020-09-16,San Francisco,075,870044,10833,10502,25,10527,90
2020-09-16,San Joaquin,077,732212,19805,19377,45,19422,409
2020-09-16,San Luis Obispo,079,281455,3546,3285,17,3302,28
2020-09-16,San Mateo,081,765935,9757,8944,9,8953,127
2020-09-16,Santa Barbara,083,443738,8940,8764,75,8839,107
2020-09-16,Santa Clara,085,1922200,21203,19684,40,19724,253
2020-09-16,Santa Cruz,087,273765,2270,2089,23,2112,7
2020-09-16,Shasta,089,179085,776,635,3,638,11
2020-09-16,Sierra,091,2930,6,6,0,6,0
2020-09-16,Siskiyou,093,43540,153,145,10,155,0
2020-09-16,Solano,095,438530,6112,5899,39,5938,44
2020-09-16,Sonoma,097,501317,7080,6731,20,6751,104
2020-09-16,Stanislaus,099,539301,16270,15897,471,16368,263
2020-09-16,Sutter,101,95872,1630,1567,1,1568,10
2020-09-16,Tehama,103,63373,507,485,2,487,2
2020-09-16,Trinity,105,12862,53,15,7,22,0
2020-09-16,Tulare,107,460477,15898,15314,90,15404,258
2020-09-16,Tuolumne,109,53932,229,210,5,215,1
2020-09-16,Ventura,111,848112,12811,12073,139,12212,130
2020-09-16,Yolo,113,214977,2765,2709,7,2716,53
2020-09-16,Yuba,115,75493,1045,1000,5,1005,1
2020-09-15,Alameda,001,1643700,20701,19931,150,20081,327
2020-09-15,Alpine,003,1148,2,2,0,2,0
2020-09-15,Amador,005,37829,287,282,0,282,16
2020-09-15,Butte,007,227075,2831,2695,27,2722,38
2020-09-15,Calaveras,009,45235,303,248,0,248,5
2020-09-15,Colusa,011,21464,516,497,0,497,6
2020-09-15,Contra Costa,013,1133247,16294,15423,77,15500,180
2020-09-15,Del Norte,015,27424,133,129,0,129,2
2020-09-15,El Dorado,017,186661,1102,1046,7,1053,4
2020-09-15,Fresno,019,978130,29788,27312,348,27660,343
2020-09-15,Glenn,021,27897,562,531,0,531,3
2020-09-15,Humboldt,023,135768,481,456,1,457,4
2020-09-15,Imperial,025,180216,11621,10376,8,10384,277
2020-09-15,Inyo,027,18085,186,176,4,180,12
2020-09-15,Kern,029,883053,31340,30429,285,30714,368
2020-09-15,Kings,031,150075,7325,6977,32,7009,70
2020-09-15,Lake,033,64148,505,416,0,416,4
2020-09-15,Lassen,035,31185,737,719,2,721,0
2020-09-15,Los Angeles,037,10098052,258971,255048,1626,256674,6269
2020-09-15,Madera,039,155013,4381,4122,29,4151,45
2020-09-15,Marin,041,260295,6548,6423,15,6438,77
2020-09-15,Mariposa,043,17540,75,74,0,74,2
2020-09-15,Mendocino,045,87422,783,724,0,724,18
2020-09-15,Merced,047,269075,8710,8633,14,8647,114
2020-09-15,Modoc,049,8938,26,21,0,21,0
2020-09-15,Mono,051,14174,165,147,2,149,1
2020-09-15,Monterey,053,433212,9376,8943,25,8968,62
2020-09-15,Napa,055,140530,1640,1580,8,1588,11
2020-09-15,Nevada,057,99092,516,494,15,509,6
2020-09-15,Orange,059,3164182,53043,50294,1357,51651,1088
2020-09-15,Placer,061,380077,3503,3331,13,3344,38
2020-09-15,Plumas,063,18699,49,44,0,44,0
2020-09-15,Riverside,065,2383286,57047,55569,121,55690,1118
2020-09-15,Sacramento,067,1510023,21395,20487,23,20510,372
2020-09-15,San Benito,069,59416,1289,1237,0,1237,7
2020-09-15,San Bernardino,071,2135413,52237,50333,334,50667,904
2020-09-15,San Diego,073,3302833,44998,43183,773,43956,742
2020-09-15,San Francisco,075,870044,10775,10414,25,10439,90
2020-09-15,San Joaquin,077,732212,19753,19313,45,19358,401
2020-09-15,San Luis Obispo,079,281455,3526,3262,17,3279,28
2020-09-15,San Mateo,081,765935,9687,8895,9,8904,127
2020-09-15,Santa Barbara,083,443738,8915,8724,74,8798,104
2020-09-15,Santa Clara,085,1922200,21069,19610,40,19650,252
2020-09-15,Santa Cruz,087,273765,2244,2079,22,2101,7
2020-09-15,Shasta,089,179085,764,627,3,630,11
2020-09-15,Sierra,091,2930,6,6,0,6,0
2020-09-15,Siskiyou,093,43540,153,143,10,153,0
2020-09-15,Solano,095,438530,6078,5878,39,5917,45
2020-09-15,Sonoma,097,501317,7041,6701,20,6721,104
2020-09-15,Stanislaus,099,539301,16222,15880,469,16349,260
2020-09-15,Sutter,101,95872,1619,1556,1,1557,10
2020-09-15,Tehama,103,63373,495,484,2,486,2
2020-09-15,Trinity,105,12862,53,15,7,22,0
2020-09-15,Tulare,107,460477,15822,15203,88,15291,254
2020-09-15,Tuolumne,109,53932,229,209,5,214,1
2020-09-15,Ventura,111,848112,12758,11932,138,12070,128
2020-09-15,Yolo,113,214977,2761,2708,7,2715,53
2020-09-15,Yuba,115,75493,1039,991,4,995,1
2020-09-14,Alameda,001,1643700,20574,19851,149,20000,306
2020-09-14,Alpine,003,1148,2,2,0,2,0
2020-09-14,Amador,005,37829,285,281,0,281,16
2020-09-14,Butte,007,227075,2814,2642,27,2669,37
2020-09-14,Calaveras,009,45235,303,244,0,244,3
2020-09-14,Colusa,011,21464,515,486,0,486,6
2020-09-14,Contra Costa,013,1133247,16170,15354,76,15430,174
2020-09-14,Del Norte,015,27424,130,116,0,116,2
2020-09-14,El Dorado,017,186661,1098,1039,7,1046,3
2020-09-14,Fresno,019,978130,29704,27232,345,27577,344
2020-09-14,Glenn,021,27897,554,521,0,521,3
2020-09-14,Humboldt,023,135768,478,437,1,438,4
2020-09-14,Imperial,025,180216,11601,10340,8,10348,273
2020-09-14,Inyo,027,18085,186,176,4,180,12
2020-09-14,Kern,029,883053,31252,30344,284,30628,368
2020-09-14,Kings,031,150075,7244,6950,32,6982,70
2020-09-14,Lake,033,64148,485,407,0,407,4
2020-09-14,Lassen,035,31185,737,719,2,721,0
2020-09-14,Los Angeles,037,10098052,257939,254622,1601,256223,6226
2020-09-14,Madera,039,155013,4367,4104,29,4133,45
2020-09-14,Marin,041,260295,6527,6409,15,6424,70
2020-09-14,Mariposa,043,17540,75,74,0,74,2
2020-09-14,Mendocino,045,87422,766,710,0,710,17
2020-09-14,Merced,047,269075,8691,8593,14,8607,112
2020-09-14,Modoc,049,8938,26,21,0,21,0
2020-09-14,Mono,051,14174,165,147,2,149,1
2020-09-14,Monterey,053,433212,9305,8845,24,8869,61
2020-09-14,Napa,055,140530,1623,1576,8,1584,11
2020-09-14,Nevada,057,99092,511,489,15,504,6
2020-09-14,Orange,059,3164182,52882,50149,1341,51490,1079
2020-09-14,Placer,061,380077,3482,3302,13,3315,38
2020-09-14,Plumas,063,18699,48,42,0,42,0
2020-09-14,Riverside,065,2383286,56828,55488,117,55605,1113
2020-09-14,Sacramento,067,1510023,21200,20377,22,20399,367
2020-09-14,San Benito,069,59416,1274,1233,0,1233,7
2020-09-14,San Bernardino,071,2135413,52012,50163,333,50496,895
2020-09-14,San Diego,073,3302833,44687,42889,753,43642,734
2020-09-14,San Francisco,075,870044,10708,10255,23,10278,90
2020-09-14,San Joaquin,077,732212,19679,19111,44,19155,397
2020-09-14,San Luis Obispo,079,281455,3501,3248,17,3265,25
2020-09-14,San Mateo,081,765935,9626,8847,9,8856,127
2020-09-14,Santa Barbara,083,443738,8889,8692,74,8766,104
2020-09-14,Santa Clara,085,1922200,20881,19545,40,19585,247
2020-09-14,Santa Cruz,087,273765,2223,2016,21,2037,7
2020-09-14,Shasta,089,179085,741,584,3,587,10
2020-09-14,Sierra,091,2930,6,6,0,6,0
2020-09-14,Siskiyou,093,43540,152,143,10,153,0
2020-09-14,Solano,095,438530,6043,5834,39,5873,44
2020-09-14,Sonoma,097,501317,6979,6630,20,6650,102
2020-09-14,Stanislaus,099,539301,16177,15812,466,16278,253
2020-09-14,Sutter,101,95872,1608,1549,1,1550,10
2020-09-14,Tehama,103,63373,493,475,2,477,1
2020-09-14,Trinity,105,12862,52,14,7,21,0
2020-09-14,Tulare,107,460477,15752,15096,82,15178,254
2020-09-14,Tuolumne,109,53932,228,208,5,213,1
2020-09-14,Ventura,111,848112,12656,11903,135,12038,125
2020-09-14,Yolo,113,214977,2750,2687,7,2694,53
2020-09-14,Yuba,115,75493,1031,977,4,981,1
2020-09-13,Alameda,001,1643700,20468,19815,146,19961,306
2020-09-13,Alpine,003,1148,2,2,0,2,0
2020-09-13,Amador,005,37829,282,279,0,279,16
2020-09-13,Butte,007,227075,2792,2640,27,2667,37
2020-09-13,Calaveras,009,45235,302,246,0,246,3
2020-09-13,Colusa,011,21464,511,486,0,486,6
2020-09-13,Contra Costa,013,1133247,16063,15284,76,15360,172
2020-09-13,Del Norte,015,27424,127,116,0,116,1
2020-09-13,El Dorado,017,186661,1093,1035,7,1042,2
2020-09-13,Fresno,019,978130,29596,27196,336,27532,345
2020-09-13,Glenn,021,27897,550,517,0,517,3
2020-09-13,Humboldt,023,135768,478,434,1,435,4
2020-09-13,Imperial,025,180216,11564,10304,7,10311,273
2020-09-13,Inyo,027,18085,186,176,4,180,12
2020-09-13,Kern,029,883053,31159,30277,278,30555,368
2020-09-13,Kings,031,150075,7225,6937,32,6969,70
2020-09-13,Lake,033,64148,466,397,0,397,4
2020-09-13,Lassen,035,31185,734,719,2,721,0
2020-09-13,Los Angeles,037,10098052,256787,253950,1586,255536,6203
2020-09-13,Madera,039,155013,4310,4090,29,4119,45
2020-09-13,Marin,041,260295,6506,6395,15,6410,70
2020-09-13,Mariposa,043,17540,75,74,0,74,2
2020-09-13,Mendocino,045,87422,759,707,0,707,17
2020-09-13,Merced,047,269075,8657,8575,14,8589,112
2020-09-13,Modoc,049,8938,26,21,0,21,0
2020-09-13,Mono,051,14174,165,147,2,149,1
2020-09-13,Monterey,053,433212,9223,8826,23,8849,61
2020-09-13,Napa,055,140530,1616,1563,8,1571,11
2020-09-13,Nevada,057,99092,503,486,15,501,6
2020-09-13,Orange,059,3164182,52666,50061,1334,51395,1075
2020-09-13,Placer,061,380077,3452,3291,13,3304,38
2020-09-13,Plumas,063,18699,48,42,0,42,0
2020-09-13,Riverside,065,2383286,56621,55235,106,55341,1108
2020-09-13,Sacramento,067,1510023,20854,20279,22,20301,367
2020-09-13,San Benito,069,59416,1266,1217,0,1217,7
2020-09-13,San Bernardino,071,2135413,51726,49968,331,50299,895
2020-09-13,San Diego,073,3302833,44361,42681,719,43400,734
2020-09-13,San Francisco,075,870044,10630,10254,23,10277,90
2020-09-13,San Joaquin,077,732212,19608,19110,43,19153,396
2020-09-13,San Luis Obispo,079,281455,3464,3240,17,3257,24
2020-09-13,San Mateo,081,765935,9565,8811,9,8820,127
2020-09-13,Santa Barbara,083,443738,8852,8690,74,8764,104
2020-09-13,Santa Clara,085,1922200,20742,19456,39,19495,245
2020-09-13,Santa Cruz,087,273765,2190,2016,19,2035,7
2020-09-13,Shasta,089,179085,729,583,3,586,10
2020-09-13,Sierra,091,2930,6,6,0,6,0
2020-09-13,Siskiyou,093,43540,152,143,9,152,0
2020-09-13,Solano,095,438530,5997,5810,39,5849,43
2020-09-13,Sonoma,097,501317,6914,6592,20,6612,95
2020-09-13,Stanislaus,099,539301,16114,15759,454,16213,253
2020-09-13,Sutter,101,95872,1596,1539,1,1540,10
2020-09-13,Tehama,103,63373,489,476,2,478,1
2020-09-13,Trinity,105,12862,52,14,7,21,0
2020-09-13,Tulare,107,460477,15681,15098,81,15179,254
2020-09-13,Tuolumne,109,53932,224,208,5,213,1
2020-09-13,Ventura,111,848112,12548,11855,134,11989,123
2020-09-13,Yolo,113,214977,2738,2675,7,2682,53
2020-09-13,Yuba,115,75493,1026,967,4,971,1
2020-09-12,Alameda,001,1643700,20409,19758,146,19904,307
2020-09-12,Alpine,003,1148,2,2,0,2,0
2020-09-12,Amador,005,37829,281,278,0,278,16
2020-09-12,Butte,007,227075,2785,2629,26,2655,37
2020-09-12,Calaveras,009,45235,300,246,0,246,3
2020-09-12,Colusa,011,21464,507,486,0,486,6
2020-09-12,Contra Costa,013,1133247,15986,15135,75,15210,174
2020-09-12,Del Norte,015,27424,126,116,0,116,1
2020-09-12,El Dorado,017,186661,1086,1034,7,1041,2
2020-09-12,Fresno,019,978130,29525,27076,336,27412,345
2020-09-12,Glenn,021,27897,549,517,0,517,3
2020-09-12,Humboldt,023,135768,477,430,1,431,4
2020-09-12,Imperial,025,180216,11552,10305,7,10312,273
2020-09-12,Inyo,027,18085,186,177,4,181,12
2020-09-12,Kern,029,883053,31093,30202,278,30480,368
2020-09-12,Kings,031,150075,7215,6895,32,6927,70
2020-09-12,Lake,033,64148,460,393,0,393,4
2020-09-12,Lassen,035,31185,734,719,2,721,0
2020-09-12,Los Angeles,037,10098052,256230,253156,1565,254721,6193
2020-09-12,Madera,039,155013,4299,4058,29,4087,43
2020-09-12,Marin,041,260295,6497,6393,15,6408,69
2020-09-12,Mariposa,043,17540,75,72,0,72,2
2020-09-12,Mendocino,045,87422,756,700,0,700,17
2020-09-12,Merced,047,269075,8648,8533,14,8547,112
2020-09-12,Modoc,049,8938,25,21,0,21,0
2020-09-12,Mono,051,14174,165,147,2,149,1
2020-09-12,Monterey,053,433212,9187,8743,23,8766,61
2020-09-12,Napa,055,140530,1613,1556,8,1564,11
2020-09-12,Nevada,057,99092,502,482,15,497,6
2020-09-12,Orange,059,3164182,52551,49895,1331,51226,1078
2020-09-12,Placer,061,380077,3435,3280,13,3293,38
2020-09-12,Plumas,063,18699,48,42,0,42,0
2020-09-12,Riverside,065,2383286,56493,55058,102,55160,1108
2020-09-12,Sacramento,067,1510023,20785,20184,22,20206,367
2020-09-12,San Benito,069,59416,1263,1208,0,1208,7
2020-09-12,San Bernardino,071,2135413,51635,49945,329,50274,896
2020-09-12,San Diego,073,3302833,44166,42416,710,43126,747
2020-09-12,San Francisco,075,870044,10586,10257,23,10280,90
2020-09-12,San Joaquin,077,732212,19580,19108,43,19151,396
2020-09-12,San Luis Obispo,079,281455,3437,3220,17,3237,24
2020-09-12,San Mateo,081,765935,9520,8759,9,8768,127
2020-09-12,Santa Barbara,083,443738,8838,8642,74,8716,104
2020-09-12,Santa Clara,085,1922200,20658,19330,39,19369,237
2020-09-12,Santa Cruz,087,273765,2178,2016,19,2035,7
2020-09-12,Shasta,089,179085,717,569,3,572,10
2020-09-12,Sierra,091,2930,6,6,0,6,0
2020-09-12,Siskiyou,093,43540,152,141,9,150,0
2020-09-12,Solano,095,438530,5973,5772,39,5811,43
2020-09-12,Sonoma,097,501317,6889,6531,20,6551,95
2020-09-12,Stanislaus,099,539301,16082,15675,451,16126,253
2020-09-12,Sutter,101,95872,1590,1529,1,1530,10
2020-09-12,Tehama,103,63373,486,471,2,473,1
2020-09-12,Trinity,105,12862,52,15,7,22,0
2020-09-12,Tulare,107,460477,15635,15018,80,15098,254
2020-09-12,Tuolumne,109,53932,224,208,5,213,1
2020-09-12,Ventura,111,848112,12497,11759,132,11891,123
2020-09-12,Yolo,113,214977,2731,2646,7,2653,53
2020-09-12,Yuba,115,75493,1022,963,4,967,1
2020-09-11,Alameda,001,1643700,20354,19625,145,19770,298
2020-09-11,Alpine,003,1148,2,2,0,2,0
2020-09-11,Amador,005,37829,281,277,0,277,16
2020-09-11,Butte,007,227075,2774,2605,26,2631,37
2020-09-11,Calaveras,009,45235,299,242,0,242,1
2020-09-11,Colusa,011,21464,506,484,0,484,6
2020-09-11,Contra Costa,013,1133247,15934,15001,72,15073,173
2020-09-11,Del Norte,015,27424,126,115,0,115,1
2020-09-11,El Dorado,017,186661,1083,1024,7,1031,2
2020-09-11,Fresno,019,978130,29447,26917,335,27252,344
2020-09-11,Glenn,021,27897,544,515,0,515,3
2020-09-11,Humboldt,023,135768,475,426,1,427,4
2020-09-11,Imperial,025,180216,11534,10286,7,10293,273
2020-09-11,Inyo,027,18085,186,176,4,180,12
2020-09-11,Kern,029,883053,31025,30059,277,30336,365
2020-09-11,Kings,031,150075,7198,6770,32,6802,70
2020-09-11,Lake,033,64148,453,382,0,382,4
2020-09-11,Lassen,035,31185,734,719,2,721,0
2020-09-11,Los Angeles,037,10098052,255549,252057,1554,253611,6172
2020-09-11,Madera,039,155013,4280,4018,29,4047,43
2020-09-11,Marin,041,260295,6494,6364,15,6379,69
2020-09-11,Mariposa,043,17540,75,72,0,72,2
2020-09-11,Mendocino,045,87422,745,700,0,700,17
2020-09-11,Merced,047,269075,8627,8489,14,8503,109
2020-09-11,Modoc,049,8938,25,21,0,21,0
2020-09-11,Mono,051,14174,165,145,2,147,1
2020-09-11,Monterey,053,433212,9139,8595,23,8618,61
2020-09-11,Napa,055,140530,1602,1543,8,1551,11
2020-09-11,Nevada,057,99092,495,483,15,498,6
2020-09-11,Orange,059,3164182,52422,49755,1319,51074,1068
2020-09-11,Placer,061,380077,3420,3254,13,3267,37
2020-09-11,Plumas,063,18699,48,42,0,42,0
2020-09-11,Riverside,065,2383286,56358,54717,99,54816,1099
2020-09-11,Sacramento,067,1510023,20700,20012,22,20034,358
2020-09-11,San Benito,069,59416,1253,1202,0,1202,7
2020-09-11,San Bernardino,071,2135413,51536,49682,329,50011,871
2020-09-11,San Diego,073,3302833,43946,41971,704,42675,730
2020-09-11,San Francisco,075,870044,10538,10133,22,10155,89
2020-09-11,San Joaquin,077,732212,19532,19019,43,19062,391
2020-09-11,San Luis Obispo,079,281455,3419,3190,17,3207,24
2020-09-11,San Mateo,081,765935,9478,8611,9,8620,127
2020-09-11,Santa Barbara,083,443738,8805,8592,73,8665,103
2020-09-11,Santa Clara,085,1922200,20569,19065,39,19104,234
2020-09-11,Santa Cruz,087,273765,2161,1997,19,2016,7
2020-09-11,Shasta,089,179085,707,568,3,571,10
2020-09-11,Sierra,091,2930,6,6,0,6,0
2020-09-11,Siskiyou,093,43540,151,139,9,148,0
2020-09-11,Solano,095,438530,5956,5742,39,5781,42
2020-09-11,Sonoma,097,501317,6844,6469,20,6489,91
2020-09-11,Stanislaus,099,539301,16044,15613,448,16061,253
2020-09-11,Sutter,101,95872,1580,1505,1,1506,11
2020-09-11,Tehama,103,63373,483,466,2,468,1
2020-09-11,Trinity,105,12862,52,16,7,23,0
2020-09-11,Tulare,107,460477,15604,14932,78,15010,251
2020-09-11,Tuolumne,109,53932,224,208,5,213,1
2020-09-11,Ventura,111,848112,12443,11700,130,11830,123
2020-09-11,Yolo,113,214977,2720,2632,7,2639,53
2020-09-11,Yuba,115,75493,1014,946,4,950,1
2020-09-10,Alameda,001,1643700,20280,19509,145,19654,292
2020-09-10,Alpine,003,1148,2,2,0,2,0
2020-09-10,Amador,005,37829,280,277,0,277,16
2020-09-10,Butte,007,227075,2757,2590,26,2616,37
2020-09-10,Calaveras,009,45235,299,244,0,244,1
2020-09-10,Colusa,011,21464,504,482,0,482,6
2020-09-10,Contra Costa,013,1133247,15864,14909,72,14981,172
2020-09-10,Del Norte,015,27424,125,112,0,112,1
2020-09-10,El Dorado,017,186661,1080,1020,7,1027,2
2020-09-10,Fresno,019,978130,29325,26783,335,27118,338
2020-09-10,Glenn,021,27897,534,511,0,511,3
2020-09-10,Humboldt,023,135768,464,422,1,423,4
2020-09-10,Imperial,025,180216,11518,10251,7,10258,270
2020-09-10,Inyo,027,18085,185,176,4,180,11
2020-09-10,Kern,029,883053,30943,29988,273,30261,363
2020-09-10,Kings,031,150075,7168,6739,32,6771,70
2020-09-10,Lake,033,64148,446,377,0,377,4
2020-09-10,Lassen,035,31185,733,716,2,718,0
2020-09-10,Los Angeles,037,10098052,254570,251003,1533,252536,6132
2020-09-10,Madera,039,155013,4262,3979,29,4008,43
2020-09-10,Marin,041,260295,6482,6344,15,6359,68
2020-09-10,Mariposa,043,17540,75,72,0,72,2
2020-09-10,Mendocino,045,87422,735,697,0,697,16
2020-09-10,Merced,047,269075,8581,8461,14,8475,109
2020-09-10,Modoc,049,8938,25,21,0,21,0
2020-09-10,Mono,051,14174,165,145,2,147,1
2020-09-10,Monterey,053,433212,9069,8570,23,8593,59
2020-09-10,Napa,055,140530,1596,1536,8,1544,11
2020-09-10,Nevada,057,99092,491,478,15,493,6
2020-09-10,Orange,059,3164182,52259,49617,1313,50930,1057
2020-09-10,Placer,061,380077,3400,3233,13,3246,37
2020-09-10,Plumas,063,18699,48,42,0,42,0
2020-09-10,Riverside,065,2383286,56039,54417,96,54513,1091
2020-09-10,Sacramento,067,1510023,20578,19618,21,19639,354
2020-09-10,San Benito,069,59416,1247,1201,0,1201,5
2020-09-10,San Bernardino,071,2135413,51348,49467,327,49794,867
2020-09-10,San Diego,073,3302833,43680,41610,677,42287,725
2020-09-10,San Francisco,075,870044,10461,10082,22,10104,89
2020-09-10,San Joaquin,077,732212,19479,18854,43,18897,389
2020-09-10,San Luis Obispo,079,281455,3405,3161,16,3177,24
2020-09-10,San Mateo,081,765935,9432,8529,9,8538,125
2020-09-10,Santa Barbara,083,443738,8760,8552,73,8625,100
2020-09-10,Santa Clara,085,1922200,20455,18870,39,18909,231
2020-09-10,Santa Cruz,087,273765,2146,1986,17,2003,7
2020-09-10,Shasta,089,179085,696,566,3,569,10
2020-09-10,Sierra,091,2930,6,6,0,6,0
2020-09-10,Siskiyou,093,43540,151,137,9,146,0
2020-09-10,Solano,095,438530,5916,5696,39,5735,42
2020-09-10,Sonoma,097,501317,6795,6424,20,6444,91
2020-09-10,Stanislaus,099,539301,15990,15509,443,15952,243
2020-09-10,Sutter,101,95872,1570,1494,1,1495,11
2020-09-10,Tehama,103,63373,476,466,2,468,1
2020-09-10,Trinity,105,12862,52,15,7,22,0
2020-09-10,Tulare,107,460477,15549,14860,75,14935,250
2020-09-10,Tuolumne,109,53932,223,205,5,210,1
2020-09-10,Ventura,111,848112,12349,11600,123,11723,122
2020-09-10,Yolo,113,214977,2715,2612,7,2619,53
2020-09-10,Yuba,115,75493,1008,941,4,945,1
2020-09-09,Alameda,001,1643700,20201,19399,144,19543,289
2020-09-09,Alpine,003,1148,2,2,0,2,0
2020-09-09,Amador,005,37829,279,276,0,276,16
2020-09-09,Butte,007,227075,2740,2561,26,2587,37
2020-09-09,Calaveras,009,45235,299,242,0,242,1
2020-09-09,Colusa,011,21464,499,479,0,479,6
2020-09-09,Contra Costa,013,1133247,15778,14816,72,14888,171
2020-09-09,Del Norte,015,27424,121,109,0,109,1
2020-09-09,El Dorado,017,186661,1077,1020,7,1027,2
2020-09-09,Fresno,019,978130,29222,26724,330,27054,329
2020-09-09,Glenn,021,27897,531,508,0,508,3
2020-09-09,Humboldt,023,135768,462,420,1,421,4
2020-09-09,Imperial,025,180216,11497,10233,7,10240,268
2020-09-09,Inyo,027,18085,184,173,4,177,2
2020-09-09,Kern,029,883053,30845,29925,270,30195,355
2020-09-09,Kings,031,150075,7150,6721,32,6753,72
2020-09-09,Lake,033,64148,438,371,0,371,4
2020-09-09,Lassen,035,31185,732,714,2,716,0
2020-09-09,Los Angeles,037,10098052,253696,249876,1515,251391,6091
2020-09-09,Madera,039,155013,4236,3926,29,3955,43
2020-09-09,Marin,041,260295,6463,6321,15,6336,68
2020-09-09,Mariposa,043,17540,74,72,0,72,2
2020-09-09,Mendocino,045,87422,727,695,0,695,16
2020-09-09,Merced,047,269075,8555,8441,14,8455,107
2020-09-09,Modoc,049,8938,24,20,0,20,0
2020-09-09,Mono,051,14174,165,145,2,147,1
2020-09-09,Monterey,053,433212,8997,8527,23,8550,59
2020-09-09,Napa,055,140530,1586,1531,8,1539,11
2020-09-09,Nevada,057,99092,487,476,15,491,6
2020-09-09,Orange,059,3164182,52080,49394,1306,50700,1054
2020-09-09,Placer,061,380077,3380,3222,13,3235,36
2020-09-09,Plumas,063,18699,46,42,0,42,0
2020-09-09,Riverside,065,2383286,55809,54320,93,54413,1081
2020-09-09,Sacramento,067,1510023,20472,19474,20,19494,347
2020-09-09,San Benito,069,59416,1243,1199,0,1199,5
2020-09-09,San Bernardino,071,2135413,51150,49264,326,49590,866
2020-09-09,San Diego,073,3302833,43391,41326,665,41991,721
2020-09-09,San Francisco,075,870044,10411,9996,21,10017,86
2020-09-09,San Joaquin,077,732212,19415,18799,42,18841,388
2020-09-09,San Luis Obispo,079,281455,3387,3131,16,3147,24
2020-09-09,San Mateo,081,765935,9372,8478,9,8487,125
2020-09-09,Santa Barbara,083,443738,8717,8528,73,8601,97
2020-09-09,Santa Clara,085,1922200,20323,18759,39,18798,228
2020-09-09,Santa Cruz,087,273765,2123,1967,17,1984,7
2020-09-09,Shasta,089,179085,684,562,3,565,10
2020-09-09,Sierra,091,2930,6,6,0,6,0
2020-09-09,Siskiyou,093,43540,149,137,9,146,0
2020-09-09,Solano,095,438530,5884,5680,39,5719,36
2020-09-09,Sonoma,097,501317,6729,6397,20,6417,92
2020-09-09,Stanislaus,099,539301,15951,15469,432,15901,243
2020-09-09,Sutter,101,95872,1562,1487,1,1488,11
2020-09-09,Tehama,103,63373,473,462,2,464,1
2020-09-09,Trinity,105,12862,52,14,7,21,0
2020-09-09,Tulare,107,460477,15500,14787,70,14857,249
2020-09-09,Tuolumne,109,53932,222,204,4,208,1
2020-09-09,Ventura,111,848112,12258,11497,120,11617,121
2020-09-09,Yolo,113,214977,2704,2604,7,2611,53
2020-09-09,Yuba,115,75493,1003,936,4,940,1
2020-09-08,Alameda,001,1643700,20093,19293,144,19437,288
2020-09-08,Alpine,003,1148,2,2,0,2,0
2020-09-08,Amador,005,37829,279,276,0,276,16
2020-09-08,Butte,007,227075,2722,2453,26,2479,36
2020-09-08,Calaveras,009,45235,297,233,0,233,1
2020-09-08,Colusa,011,21464,497,475,0,475,6
2020-09-08,Contra Costa,013,1133247,15650,14740,69,14809,171
2020-09-08,Del Norte,015,27424,121,109,0,109,2
2020-09-08,El Dorado,017,186661,1074,1011,7,1018,2
2020-09-08,Fresno,019,978130,29102,26640,326,26966,329
2020-09-08,Glenn,021,27897,527,492,0,492,3
2020-09-08,Humboldt,023,135768,460,420,1,421,4
2020-09-08,Imperial,025,180216,11481,10198,7,10205,267
2020-09-08,Inyo,027,18085,184,169,4,173,2
2020-09-08,Kern,029,883053,30760,29850,268,30118,351
2020-09-08,Kings,031,150075,7112,6658,32,6690,72
2020-09-08,Lake,033,64148,428,370,0,370,4
2020-09-08,Lassen,035,31185,732,710,2,712,0
2020-09-08,Los Angeles,037,10098052,252765,249217,1487,250704,6034
2020-09-08,Madera,039,155013,4212,3904,29,3933,43
2020-09-08,Marin,041,260295,6432,6313,15,6328,68
2020-09-08,Mariposa,043,17540,74,72,0,72,2
2020-09-08,Mendocino,045,87422,720,690,0,690,16
2020-09-08,Merced,047,269075,8532,8381,14,8395,104
2020-09-08,Modoc,049,8938,24,20,0,20,0
2020-09-08,Mono,051,14174,165,145,2,147,1
2020-09-08,Monterey,053,433212,8912,8491,23,8514,59
2020-09-08,Napa,055,140530,1582,1518,8,1526,11
2020-09-08,Nevada,057,99092,487,470,15,485,6
2020-09-08,Orange,059,3164182,51938,49214,1302,50516,1044
2020-09-08,Placer,061,380077,3366,3205,13,3218,36
2020-09-08,Plumas,063,18699,46,42,0,42,0
2020-09-08,Riverside,065,2383286,55595,54168,90,54258,1069
2020-09-08,Sacramento,067,1510023,20237,19411,19,19430,347
2020-09-08,San Benito,069,59416,1236,1188,0,1188,5
2020-09-08,San Bernardino,071,2135413,50962,49034,324,49358,856
2020-09-08,San Diego,073,3302833,43075,41079,653,41732,709
2020-09-08,San Francisco,075,870044,10338,9821,21,9842,86
2020-09-08,San Joaquin,077,732212,19337,18550,42,18592,388
2020-09-08,San Luis Obispo,079,281455,3372,3120,16,3136,23
2020-09-08,San Mateo,081,765935,9296,8460,9,8469,125
2020-09-08,Santa Barbara,083,443738,8683,8488,72,8560,96
2020-09-08,Santa Clara,085,1922200,20147,18645,39,18684,228
2020-09-08,Santa Cruz,087,273765,2095,1903,17,1920,7
2020-09-08,Shasta,089,179085,676,556,3,559,10
2020-09-08,Sierra,091,2930,6,6,0,6,0
2020-09-08,Siskiyou,093,43540,147,136,9,145,0
2020-09-08,Solano,095,438530,5847,5654,39,5693,36
2020-09-08,Sonoma,097,501317,6660,6356,20,6376,92
2020-09-08,Stanislaus,099,539301,15887,15415,420,15835,238
2020-09-08,Sutter,101,95872,1546,1473,1,1474,11
2020-09-08,Tehama,103,63373,469,458,2,460,1
2020-09-08,Trinity,105,12862,51,13,7,20,0
2020-09-08,Tulare,107,460477,15420,14635,69,14704,249
2020-09-08,Tuolumne,109,53932,221,197,4,201,1
2020-09-08,Ventura,111,848112,12189,11475,117,11592,118
2020-09-08,Yolo,113,214977,2694,2580,7,2587,53
2020-09-08,Yuba,115,75493,991,923,4,927,1
2020-09-07,Alameda,001,1643700,19972,19188,138,19326,281
2020-09-07,Alpine,003,1148,2,2,0,2,0
2020-09-07,Amador,005,37829,279,276,0,276,16
2020-09-07,Butte,007,227075,2689,2450,25,2475,30
2020-09-07,Calaveras,009,45235,287,234,0,234,1
2020-09-07,Colusa,011,21464,496,475,0,475,6
2020-09-07,Contra Costa,013,1133247,15537,14637,66,14703,172
2020-09-07,Del Norte,015,27424,121,109,0,109,2
2020-09-07,El Dorado,017,186661,1063,1011,7,1018,2
2020-09-07,Fresno,019,978130,29008,26565,323,26888,329
2020-09-07,Glenn,021,27897,522,488,0,488,3
2020-09-07,Humboldt,023,135768,451,416,1,417,4
2020-09-07,Imperial,025,180216,11450,10199,7,10206,267
2020-09-07,Inyo,027,18085,184,169,4,173,2
2020-09-07,Kern,029,883053,30639,29790,263,30053,348
2020-09-07,Kings,031,150075,6988,6630,32,6662,72
2020-09-07,Lake,033,64148,405,367,0,367,2
2020-09-07,Lassen,035,31185,732,709,2,711,0
2020-09-07,Los Angeles,037,10098052,251718,248804,1466,250270,6030
2020-09-07,Madera,039,155013,4181,3889,28,3917,43
2020-09-07,Marin,041,260295,6402,6296,15,6311,67
2020-09-07,Mariposa,043,17540,74,72,0,72,2
2020-09-07,Mendocino,045,87422,712,687,0,687,16
2020-09-07,Merced,047,269075,8485,8381,14,8395,104
2020-09-07,Modoc,049,8938,23,20,0,20,0
2020-09-07,Mono,051,14174,165,145,2,147,1
2020-09-07,Monterey,053,433212,8833,8463,23,8486,57
2020-09-07,Napa,055,140530,1570,1514,8,1522,11
2020-09-07,Nevada,057,99092,485,469,15,484,6
2020-09-07,Orange,059,3164182,51764,49132,1298,50430,1042
2020-09-07,Placer,061,380077,3336,3188,12,3200,36
2020-09-07,Plumas,063,18699,45,42,0,42,0
2020-09-07,Riverside,065,2383286,55320,54178,84,54262,1069
2020-09-07,Sacramento,067,1510023,19995,19292,18,19310,345
2020-09-07,San Benito,069,59416,1230,1180,0,1180,4
2020-09-07,San Bernardino,071,2135413,50734,49043,322,49365,821
2020-09-07,San Diego,073,3302833,42675,40868,626,41494,708
2020-09-07,San Francisco,075,870044,10287,9813,20,9833,85
2020-09-07,San Joaquin,077,732212,19256,18552,40,18592,386
2020-09-07,San Luis Obispo,079,281455,3335,3116,16,3132,23
2020-09-07,San Mateo,081,765935,9214,8409,9,8418,125
2020-09-07,Santa Barbara,083,443738,8639,8479,72,8551,95
2020-09-07,Santa Clara,085,1922200,19989,18596,38,18634,226
2020-09-07,Santa Cruz,087,273765,2067,1902,17,1919,7
2020-09-07,Shasta,089,179085,666,556,3,559,10
2020-09-07,Sierra,091,2930,6,6,0,6,0
2020-09-07,Siskiyou,093,43540,146,133,9,142,0
2020-09-07,Solano,095,438530,5782,5640,39,5679,36
2020-09-07,Sonoma,097,501317,6594,6268,20,6288,85
2020-09-07,Stanislaus,099,539301,15822,15343,408,15751,236
2020-09-07,Sutter,101,95872,1529,1468,1,1469,11
2020-09-07,Tehama,103,63373,466,453,2,455,1
2020-09-07,Trinity,105,12862,51,13,7,20,0
2020-09-07,Tulare,107,460477,15315,14637,67,14704,249
2020-09-07,Tuolumne,109,53932,220,196,4,200,1
2020-09-07,Ventura,111,848112,12094,11463,114,11577,118
2020-09-07,Yolo,113,214977,2677,2565,6,2571,53
2020-09-07,Yuba,115,75493,975,923,3,926,1
2020-09-06,Alameda,001,1643700,19914,19029,136,19165,281
2020-09-06,Alpine,003,1148,2,2,0,2,0
2020-09-06,Amador,005,37829,277,275,0,275,16
2020-09-06,Butte,007,227075,2680,2446,25,2471,30
2020-09-06,Calaveras,009,45235,287,235,0,235,1
2020-09-06,Colusa,011,21464,492,475,0,475,6
2020-09-06,Contra Costa,013,1133247,15457,14565,65,14630,171
2020-09-06,Del Norte,015,27424,121,109,0,109,2
2020-09-06,El Dorado,017,186661,1061,1008,7,1015,2
2020-09-06,Fresno,019,978130,28944,26471,321,26792,329
2020-09-06,Glenn,021,27897,516,474,0,474,3
2020-09-06,Humboldt,023,135768,448,404,1,405,4
2020-09-06,Imperial,025,180216,11433,10152,7,10159,267
2020-09-06,Inyo,027,18085,184,169,4,173,2
2020-09-06,Kern,029,883053,30583,29699,259,29958,348
2020-09-06,Kings,031,150075,6968,6561,31,6592,72
2020-09-06,Lake,033,64148,402,362,0,362,2
2020-09-06,Lassen,035,31185,732,709,2,711,0
2020-09-06,Los Angeles,037,10098052,251086,248316,1452,249768,6004
2020-09-06,Madera,039,155013,4137,3867,28,3895,42
2020-09-06,Marin,041,260295,6390,6276,15,6291,67
2020-09-06,Mariposa,043,17540,74,72,0,72,2
2020-09-06,Mendocino,045,87422,711,672,0,672,16
2020-09-06,Merced,047,269075,8465,8327,14,8341,104
2020-09-06,Modoc,049,8938,23,20,0,20,0
2020-09-06,Mono,051,14174,164,145,2,147,1
2020-09-06,Monterey,053,433212,8793,8403,22,8425,56
2020-09-06,Napa,055,140530,1566,1501,6,1507,11
2020-09-06,Nevada,057,99092,485,467,14,481,6
2020-09-06,Orange,059,3164182,51651,48931,1294,50225,1042
2020-09-06,Placer,061,380077,3319,3169,12,3181,36
2020-09-06,Plumas,063,18699,44,42,0,42,0
2020-09-06,Riverside,065,2383286,55204,53970,82,54052,1069
2020-09-06,Sacramento,067,1510023,19900,19128,18,19146,340
2020-09-06,San Benito,069,59416,1228,1178,0,1178,4
2020-09-06,San Bernardino,071,2135413,50627,48923,322,49245,823
2020-09-06,San Diego,073,3302833,42427,40652,620,41272,707
2020-09-06,San Francisco,075,870044,10213,9813,20,9833,85
2020-09-06,San Joaquin,077,732212,19207,18558,40,18598,386
2020-09-06,San Luis Obispo,079,281455,3324,3101,16,3117,23
2020-09-06,San Mateo,081,765935,9161,8387,9,8396,125
2020-09-06,Santa Barbara,083,443738,8610,8434,72,8506,95
2020-09-06,Santa Clara,085,1922200,19888,18495,38,18533,207
2020-09-06,Santa Cruz,087,273765,2060,1902,17,1919,7
2020-09-06,Shasta,089,179085,660,550,3,553,10
2020-09-06,Sierra,091,2930,6,6,0,6,0
2020-09-06,Siskiyou,093,43540,146,132,9,141,0
2020-09-06,Solano,095,438530,5756,5619,39,5658,37
2020-09-06,Sonoma,097,501317,6565,6212,20,6232,85
2020-09-06,Stanislaus,099,539301,15778,15288,404,15692,236
2020-09-06,Sutter,101,95872,1516,1451,1,1452,11
2020-09-06,Tehama,103,63373,465,455,2,457,1
2020-09-06,Trinity,105,12862,50,13,7,20,0
2020-09-06,Tulare,107,460477,15272,14636,66,14702,249
2020-09-06,Tuolumne,109,53932,217,194,4,198,1
2020-09-06,Ventura,111,848112,12049,11315,114,11429,118
2020-09-06,Yolo,113,214977,2663,2556,6,2562,53
2020-09-06,Yuba,115,75493,966,913,3,916,1
2020-09-05,Alameda,001,1643700,19869,18973,134,19107,279
2020-09-05,Alpine,003,1148,2,2,0,2,0
2020-09-05,Amador,005,37829,277,274,0,274,16
2020-09-05,Butte,007,227075,2664,2406,24,2430,30
2020-09-05,Calaveras,009,45235,287,237,0,237,1
2020-09-05,Colusa,011,21464,488,472,0,472,6
2020-09-05,Contra Costa,013,1133247,15380,14456,63,14519,173
2020-09-05,Del Norte,015,27424,121,109,0,109,2
2020-09-05,El Dorado,017,186661,1061,1007,7,1014,2
2020-09-05,Fresno,019,978130,28876,26325,321,26646,331
2020-09-05,Glenn,021,27897,515,474,0,474,3
2020-09-05,Humboldt,023,135768,446,402,1,403,4
2020-09-05,Imperial,025,180216,11416,10151,7,10158,268
2020-09-05,Inyo,027,18085,184,169,4,173,2
2020-09-05,Kern,029,883053,30523,29645,255,29900,347
2020-09-05,Kings,031,150075,6959,6518,31,6549,66
2020-09-05,Lake,033,64148,399,359,0,359,2
2020-09-05,Lassen,035,31185,732,709,2,711,0
2020-09-05,Los Angeles,037,10098052,250552,247572,1440,249012,6001
2020-09-05,Madera,039,155013,4096,3851,28,3879,42
2020-09-05,Marin,041,260295,6383,6259,15,6274,66
2020-09-05,Mariposa,043,17540,74,72,0,72,2
2020-09-05,Mendocino,045,87422,710,658,0,658,16
2020-09-05,Merced,047,269075,8433,8297,12,8309,104
2020-09-05,Modoc,049,8938,23,19,0,19,0
2020-09-05,Mono,051,14174,164,145,2,147,1
2020-09-05,Monterey,053,433212,8763,8301,22,8323,56
2020-09-05,Napa,055,140530,1560,1484,6,1490,11
2020-09-05,Nevada,057,99092,482,461,14,475,6
2020-09-05,Orange,059,3164182,51549,48726,1289,50015,1039
2020-09-05,Placer,061,380077,3308,3141,12,3153,35
2020-09-05,Plumas,063,18699,44,42,0,42,0
2020-09-05,Riverside,065,2383286,55098,53780,82,53862,1066
2020-09-05,Sacramento,067,1510023,19809,18955,18,18973,339
2020-09-05,San Benito,069,59416,1226,1153,0,1153,4
2020-09-05,San Bernardino,071,2135413,50551,48800,321,49121,825
2020-09-05,San Diego,073,3302833,42234,40344,608,40952,717
2020-09-05,San Francisco,075,870044,10180,9812,19,9831,85
2020-09-05,San Joaquin,077,732212,19178,18557,40,18597,386
2020-09-05,San Luis Obispo,079,281455,3314,3083,16,3099,23
2020-09-05,San Mateo,081,765935,9116,8352,9,8361,124
2020-09-05,Santa Barbara,083,443738,8594,8404,72,8476,96
2020-09-05,Santa Clara,085,1922200,19805,18311,38,18349,207
2020-09-05,Santa Cruz,087,273765,2052,1904,17,1921,7
2020-09-05,Shasta,089,179085,659,544,3,547,10
2020-09-05,Sierra,091,2930,6,6,0,6,0
2020-09-05,Siskiyou,093,43540,145,131,9,140,0
2020-09-05,Solano,095,438530,5744,5579,39,5618,37
2020-09-05,Sonoma,097,501317,6532,6149,20,6169,85
2020-09-05,Stanislaus,099,539301,15730,15198,400,15598,236
2020-09-05,Sutter,101,95872,1509,1445,1,1446,11
2020-09-05,Tehama,103,63373,464,447,2,449,1
2020-09-05,Trinity,105,12862,50,13,7,20,0
2020-09-05,Tulare,107,460477,15214,14576,64,14640,249
2020-09-05,Tuolumne,109,53932,217,194,4,198,1
2020-09-05,Ventura,111,848112,12006,11254,114,11368,118
2020-09-05,Yolo,113,214977,2653,2534,6,2540,53
2020-09-05,Yuba,115,75493,960,902,3,905,1
2020-09-04,Alameda,001,1643700,19801,18843,132,18975,276
2020-09-04,Alpine,003,1148,2,2,0,2,0
2020-09-04,Amador,005,37829,276,274,0,274,16
2020-09-04,Butte,007,227075,2641,2325,24,2349,28
2020-09-04,Calaveras,009,45235,285,237,0,237,1
2020-09-04,Colusa,011,21464,486,467,0,467,6
2020-09-04,Contra Costa,013,1133247,15300,14355,62,14417,164
2020-09-04,Del Norte,015,27424,121,109,0,109,2
2020-09-04,El Dorado,017,186661,1057,992,7,999,2
2020-09-04,Fresno,019,978130,28771,26147,320,26467,321
2020-09-04,Glenn,021,27897,507,463,0,463,3
2020-09-04,Humboldt,023,135768,441,390,1,391,4
2020-09-04,Imperial,025,180216,11407,10136,7,10143,267
2020-09-04,Inyo,027,18085,184,169,4,173,2
2020-09-04,Kern,029,883053,30455,29526,252,29778,345
2020-09-04,Kings,031,150075,6946,6259,31,6290,66
2020-09-04,Lake,033,64148,399,347,0,347,2
2020-09-04,Lassen,035,31185,732,708,2,710,0
2020-09-04,Los Angeles,037,10098052,249984,246396,1420,247816,5977
2020-09-04,Madera,039,155013,4083,3838,28,3866,42
2020-09-04,Marin,041,260295,6371,6251,15,6266,66
2020-09-04,Mariposa,043,17540,74,72,0,72,2
2020-09-04,Mendocino,045,87422,708,646,0,646,16
2020-09-04,Merced,047,269075,8413,8214,12,8226,104
2020-09-04,Modoc,049,8938,23,15,0,15,0
2020-09-04,Mono,051,14174,164,145,2,147,1
2020-09-04,Monterey,053,433212,8718,8208,22,8230,56
2020-09-04,Napa,055,140530,1551,1475,6,1481,11
2020-09-04,Nevada,057,99092,479,455,14,469,6
2020-09-04,Orange,059,3164182,51425,48488,1282,49770,1031
2020-09-04,Placer,061,380077,3296,3101,12,3113,35
2020-09-04,Plumas,063,18699,44,42,0,42,0
2020-09-04,Riverside,065,2383286,54985,53606,77,53683,1066
2020-09-04,Sacramento,067,1510023,19721,18765,18,18783,337
2020-09-04,San Benito,069,59416,1217,1137,0,1137,4
2020-09-04,San Bernardino,071,2135413,50458,48497,319,48816,800
2020-09-04,San Diego,073,3302833,42004,39901,599,40500,701
2020-09-04,San Francisco,075,870044,10140,9694,18,9712,85
2020-09-04,San Joaquin,077,732212,19124,18438,40,18478,376
2020-09-04,San Luis Obispo,079,281455,3299,3049,15,3064,21
2020-09-04,San Mateo,081,765935,9072,8275,9,8284,122
2020-09-04,Santa Barbara,083,443738,8564,8340,72,8412,96
2020-09-04,Santa Clara,085,1922200,19697,18074,38,18112,209
2020-09-04,Santa Cruz,087,273765,2035,1896,16,1912,7
2020-09-04,Shasta,089,179085,656,536,3,539,10
2020-09-04,Sierra,091,2930,6,6,0,6,0
2020-09-04,Siskiyou,093,43540,145,129,9,138,0
2020-09-04,Solano,095,438530,5731,5552,39,5591,37
2020-09-04,Sonoma,097,501317,6467,6050,20,6070,85
2020-09-04,Stanislaus,099,539301,15696,15074,391,15465,233
2020-09-04,Sutter,101,95872,1493,1425,1,1426,11
2020-09-04,Tehama,103,63373,460,442,2,444,1
2020-09-04,Trinity,105,12862,50,13,7,20,0
2020-09-04,Tulare,107,460477,15186,14501,60,14561,247
2020-09-04,Tuolumne,109,53932,217,193,4,197,1
2020-09-04,Ventura,111,848112,11964,11171,114,11285,114
2020-09-04,Yolo,113,214977,2639,2495,6,2501,53
2020-09-04,Yuba,115,75493,955,884,3,887,1
2020-09-03,Alameda,001,1643700,19698,18687,132,18819,275
2020-09-03,Alpine,003,1148,2,2,0,2,0
2020-09-03,Amador,005,37829,276,274,0,274,16
2020-09-03,Butte,007,227075,2597,2274,24,2298,27
2020-09-03,Calaveras,009,45235,284,238,0,238,1
2020-09-03,Colusa,011,21464,484,464,0,464,6
2020-09-03,Contra Costa,013,1133247,15193,14206,59,14265,159
2020-09-03,Del Norte,015,27424,118,109,0,109,2
2020-09-03,El Dorado,017,186661,1053,983,7,990,2
2020-09-03,Fresno,019,978130,28652,25978,315,26293,313
2020-09-03,Glenn,021,27897,503,460,0,460,3
2020-09-03,Humboldt,023,135768,436,390,1,391,4
2020-09-03,Imperial,025,180216,11386,10083,7,10090,255
2020-09-03,Inyo,027,18085,182,171,4,175,3
2020-09-03,Kern,029,883053,30363,29426,238,29664,340
2020-09-03,Kings,031,150075,6866,6200,31,6231,64
2020-09-03,Lake,033,64148,390,347,0,347,2
2020-09-03,Lassen,035,31185,732,707,2,709,0
2020-09-03,Los Angeles,037,10098052,249121,245026,1400,246426,5931
2020-09-03,Madera,039,155013,4064,3780,28,3808,43
2020-09-03,Marin,041,260295,6352,6175,15,6190,66
2020-09-03,Mariposa,043,17540,74,71,0,71,2
2020-09-03,Mendocino,045,87422,699,638,0,638,16
2020-09-03,Merced,047,269075,8371,8136,12,8148,105
2020-09-03,Modoc,049,8938,23,14,0,14,0
2020-09-03,Mono,051,14174,163,144,2,146,1
2020-09-03,Monterey,053,433212,8664,8128,22,8150,56
2020-09-03,Napa,055,140530,1544,1466,6,1472,10
2020-09-03,Nevada,057,99092,476,453,14,467,6
2020-09-03,Orange,059,3164182,51239,48226,1268,49494,1009
2020-09-03,Placer,061,380077,3278,3069,12,3081,34
2020-09-03,Plumas,063,18699,44,39,0,39,0
2020-09-03,Riverside,065,2383286,54805,53341,73,53414,1052
2020-09-03,Sacramento,067,1510023,19593,18553,17,18570,328
2020-09-03,San Benito,069,59416,1206,1121,0,1121,4
2020-09-03,San Bernardino,071,2135413,50292,48165,318,48483,800
2020-09-03,San Diego,073,3302833,41690,39448,583,40031,700
2020-09-03,San Francisco,075,870044,10074,9636,16,9652,84
2020-09-03,San Joaquin,077,732212,19047,18331,40,18371,371
2020-09-03,San Luis Obispo,079,281455,3282,3023,15,3038,21
2020-09-03,San Mateo,081,765935,8998,8211,9,8220,122
2020-09-03,Santa Barbara,083,443738,8517,8277,72,8349,96
2020-09-03,Santa Clara,085,1922200,19516,17879,38,17917,208
2020-09-03,Santa Cruz,087,273765,2020,1870,16,1886,7
2020-09-03,Shasta,089,179085,651,535,3,538,10
2020-09-03,Sierra,091,2930,6,6,0,6,0
2020-09-03,Siskiyou,093,43540,145,128,9,137,0
2020-09-03,Solano,095,438530,5711,5499,38,5537,36
2020-09-03,Sonoma,097,501317,6406,5997,20,6017,62
2020-09-03,Stanislaus,099,539301,15644,14985,387,15372,217
2020-09-03,Sutter,101,95872,1483,1412,1,1413,11
2020-09-03,Tehama,103,63373,456,436,2,438,1
2020-09-03,Trinity,105,12862,48,13,7,20,0
2020-09-03,Tulare,107,460477,15120,14408,59,14467,244
2020-09-03,Tuolumne,109,53932,217,193,4,197,1
2020-09-03,Ventura,111,848112,11846,11109,111,11220,112
2020-09-03,Yolo,113,214977,2623,2475,6,2481,53
2020-09-03,Yuba,115,75493,948,867,3,870,1
2020-09-02,Alameda,001,1643700,19580,18522,129,18651,260
2020-09-02,Alpine,003,1148,2,2,0,2,0
2020-09-02,Amador,005,37829,276,245,0,245,14
2020-09-02,Butte,007,227075,2551,2241,24,2265,27
2020-09-02,Calaveras,009,45235,283,235,0,235,1
2020-09-02,Colusa,011,21464,480,460,0,460,6
2020-09-02,Contra Costa,013,1133247,15104,14097,57,14154,159
2020-09-02,Del Norte,015,27424,117,109,0,109,2
2020-09-02,El Dorado,017,186661,1049,975,6,981,2
2020-09-02,Fresno,019,978130,28504,25785,312,26097,292
2020-09-02,Glenn,021,27897,498,457,0,457,3
2020-09-02,Humboldt,023,135768,433,381,1,382,4
2020-09-02,Imperial,025,180216,11370,9832,7,9839,255
2020-09-02,Inyo,027,18085,182,171,4,175,3
2020-09-02,Kern,029,883053,30271,29288,232,29520,335
2020-09-02,Kings,031,150075,6781,6142,31,6173,64
2020-09-02,Lake,033,64148,386,342,0,342,2
2020-09-02,Lassen,035,31185,730,706,2,708,0
2020-09-02,Los Angeles,037,10098052,248190,243999,1372,245371,5887
2020-09-02,Madera,039,155013,4044,3735,28,3763,41
2020-09-02,Marin,041,260295,6337,6131,15,6146,66
2020-09-02,Mariposa,043,17540,74,71,0,71,2
2020-09-02,Mendocino,045,87422,689,636,0,636,15
2020-09-02,Merced,047,269075,8340,8097,11,8108,103
2020-09-02,Modoc,049,8938,22,11,0,11,0
2020-09-02,Mono,051,14174,163,145,2,147,1
2020-09-02,Monterey,053,433212,8600,8070,22,8092,56
2020-09-02,Napa,055,140530,1532,1454,6,1460,10
2020-09-02,Nevada,057,99092,470,452,13,465,6
2020-09-02,Orange,059,3164182,51058,47871,1258,49129,994
2020-09-02,Placer,061,380077,3253,3047,11,3058,33
2020-09-02,Plumas,063,18699,44,39,0,39,0
2020-09-02,Riverside,065,2383286,54603,52923,70,52993,1032
2020-09-02,Sacramento,067,1510023,19360,18355,16,18371,316
2020-09-02,San Benito,069,59416,1193,1107,0,1107,4
2020-09-02,San Bernardino,071,2135413,50129,47766,315,48081,794
2020-09-02,San Diego,073,3302833,41370,39123,569,39692,695
2020-09-02,San Francisco,075,870044,10005,9587,16,9603,84
2020-09-02,San Joaquin,077,732212,18967,18194,39,18233,352
2020-09-02,San Luis Obispo,079,281455,3256,3002,14,3016,21
2020-09-02,San Mateo,081,765935,8941,8148,9,8157,122
2020-09-02,Santa Barbara,083,443738,8462,8206,71,8277,94
2020-09-02,Santa Clara,085,1922200,19362,17673,38,17711,206
2020-09-02,Santa Cruz,087,273765,1997,1850,16,1866,7
2020-09-02,Shasta,089,179085,650,531,3,534,10
2020-09-02,Sierra,091,2930,6,6,0,6,0
2020-09-02,Siskiyou,093,43540,144,127,9,136,0
2020-09-02,Solano,095,438530,5683,5463,38,5501,36
2020-09-02,Sonoma,097,501317,6344,5846,20,5866,62
2020-09-02,Stanislaus,099,539301,15574,14854,380,15234,220
2020-09-02,Sutter,101,95872,1468,1401,1,1402,10
2020-09-02,Tehama,103,63373,453,429,2,431,1
2020-09-02,Trinity,105,12862,48,13,7,20,0
2020-09-02,Tulare,107,460477,15053,14298,59,14357,244
2020-09-02,Tuolumne,109,53932,217,190,4,194,1
2020-09-02,Ventura,111,848112,11759,11031,110,11141,111
2020-09-02,Yolo,113,214977,2602,2449,6,2455,54
2020-09-02,Yuba,115,75493,941,856,3,859,1
2020-09-01,Alameda,001,1643700,19440,18382,126,18508,248
2020-09-01,Alpine,003,1148,2,2,0,2,0
2020-09-01,Amador,005,37829,275,244,0,244,13
2020-09-01,Butte,007,227075,2494,2146,24,2170,26
2020-09-01,Calaveras,009,45235,275,228,0,228,1
2020-09-01,Colusa,011,21464,476,454,0,454,6
2020-09-01,Contra Costa,013,1133247,15010,13998,55,14053,158
2020-09-01,Del Norte,015,27424,116,108,0,108,2
2020-09-01,El Dorado,017,186661,1041,972,6,978,2
2020-09-01,Fresno,019,978130,28357,25542,309,25851,290
2020-09-01,Glenn,021,27897,491,449,0,449,3
2020-09-01,Humboldt,023,135768,427,378,1,379,4
2020-09-01,Imperial,025,180216,11344,9782,7,9789,250
2020-09-01,Inyo,027,18085,182,171,4,175,3
2020-09-01,Kern,029,883053,30180,29162,227,29389,332
2020-09-01,Kings,031,150075,6750,6088,31,6119,62
2020-09-01,Lake,033,64148,383,341,0,341,2
2020-09-01,Lassen,035,31185,727,706,2,708,0
2020-09-01,Los Angeles,037,10098052,247099,242633,1349,243982,5832
2020-09-01,Madera,039,155013,4015,3703,27,3730,41
2020-09-01,Marin,041,260295,6322,6102,15,6117,67
2020-09-01,Mariposa,043,17540,73,72,0,72,2
2020-09-01,Mendocino,045,87422,674,626,0,626,15
2020-09-01,Merced,047,269075,8287,8046,10,8056,103
2020-09-01,Modoc,049,8938,20,10,0,10,0
2020-09-01,Mono,051,14174,163,145,2,147,1
2020-09-01,Monterey,053,433212,8494,7926,22,7948,56
2020-09-01,Napa,055,140530,1517,1446,6,1452,10
2020-09-01,Nevada,057,99092,464,450,13,463,6
2020-09-01,Orange,059,3164182,50894,47671,1239,48910,976
2020-09-01,Placer,061,380077,3231,3013,11,3024,33
2020-09-01,Plumas,063,18699,44,39,0,39,0
2020-09-01,Riverside,065,2383286,54386,52785,69,52854,1027
2020-09-01,Sacramento,067,1510023,19177,18217,15,18232,305
2020-09-01,San Benito,069,59416,1181,1089,0,1089,4
2020-09-01,San Bernardino,071,2135413,49922,47371,314,47685,786
2020-09-01,San Diego,073,3302833,41012,38873,531,39404,688
2020-09-01,San Francisco,075,870044,9936,9492,16,9508,83
2020-09-01,San Joaquin,077,732212,18885,17915,38,17953,341
2020-09-01,San Luis Obispo,079,281455,3230,2970,14,2984,21
2020-09-01,San Mateo,081,765935,8861,8132,9,8141,122
2020-09-01,Santa Barbara,083,443738,8412,8142,70,8212,93
2020-09-01,Santa Clara,085,1922200,19183,17319,38,17357,204
2020-09-01,Santa Cruz,087,273765,1973,1752,16,1768,7
2020-09-01,Shasta,089,179085,642,527,3,530,9
2020-09-01,Sierra,091,2930,6,6,0,6,0
2020-09-01,Siskiyou,093,43540,141,128,8,136,0
2020-09-01,Solano,095,438530,5657,5438,38,5476,34
2020-09-01,Sonoma,097,501317,6254,5733,20,5753,60
2020-09-01,Stanislaus,099,539301,15497,14784,370,15154,212
2020-09-01,Sutter,101,95872,1457,1389,1,1390,10
2020-09-01,Tehama,103,63373,449,422,2,424,1
2020-09-01,Trinity,105,12862,47,13,6,19,0
2020-09-01,Tulare,107,460477,14970,14156,59,14215,241
2020-09-01,Tuolumne,109,53932,211,183,4,187,1
2020-09-01,Ventura,111,848112,11681,10899,105,11004,108
2020-09-01,Yolo,113,214977,2585,2440,6,2446,51
2020-09-01,Yuba,115,75493,932,841,3,844,1
2020-08-31,Alameda,001,1643700,19295,18148,126,18274,248
2020-08-31,Alpine,003,1148,2,2,0,2,0
2020-08-31,Amador,005,37829,275,243,0,243,13
2020-08-31,Butte,007,227075,2430,2069,24,2093,26
2020-08-31,Calaveras,009,45235,270,212,0,212,1
2020-08-31,Colusa,011,21464,475,443,0,443,6
2020-08-31,Contra Costa,013,1133247,14883,13902,52,13954,153
2020-08-31,Del Norte,015,27424,116,108,0,108,2
2020-08-31,El Dorado,017,186661,1034,965,6,971,2
2020-08-31,Fresno,019,978130,28136,25185,303,25488,290
2020-08-31,Glenn,021,27897,479,437,0,437,3
2020-08-31,Humboldt,023,135768,425,374,1,375,4
2020-08-31,Imperial,025,180216,11313,9759,7,9766,250
2020-08-31,Inyo,027,18085,181,160,4,164,3
2020-08-31,Kern,029,883053,30082,29067,226,29293,318
2020-08-31,Kings,031,150075,6483,6037,31,6068,62
2020-08-31,Lake,033,64148,367,341,0,341,2
2020-08-31,Lassen,035,31185,724,706,2,708,0
2020-08-31,Los Angeles,037,10098052,245992,241793,1322,243115,5787
2020-08-31,Madera,039,155013,3992,3662,26,3688,35
2020-08-31,Marin,041,260295,6286,6074,15,6089,67
2020-08-31,Mariposa,043,17540,73,69,0,69,2
2020-08-31,Mendocino,045,87422,662,618,0,618,15
2020-08-31,Merced,047,269075,8225,7991,10,8001,79
2020-08-31,Modoc,049,8938,18,10,0,10,0
2020-08-31,Mono,051,14174,163,145,2,147,1
2020-08-31,Monterey,053,433212,8387,7839,22,7861,56
2020-08-31,Napa,055,140530,1509,1434,6,1440,10
2020-08-31,Nevada,057,99092,462,447,13,460,6
2020-08-31,Orange,059,3164182,50695,47392,1211,48603,965
2020-08-31,Placer,061,380077,3182,2989,11,3000,33
2020-08-31,Plumas,063,18699,43,39,0,39,0
2020-08-31,Riverside,065,2383286,54164,52508,67,52575,1020
2020-08-31,Sacramento,067,1510023,18940,17999,15,18014,303
2020-08-31,San Benito,069,59416,1165,1080,0,1080,4
2020-08-31,San Bernardino,071,2135413,49710,47370,313,47683,755
2020-08-31,San Diego,073,3302833,40645,38606,498,39104,682
2020-08-31,San Francisco,075,870044,9857,9293,13,9306,83
2020-08-31,San Joaquin,077,732212,18798,17807,37,17844,338
2020-08-31,San Luis Obispo,079,281455,3207,2951,13,2964,21
2020-08-31,San Mateo,081,765935,8791,8065,9,8074,122
2020-08-31,Santa Barbara,083,443738,8366,8124,70,8194,94
2020-08-31,Santa Clara,085,1922200,18994,17211,38,17249,202
2020-08-31,Santa Cruz,087,273765,1948,1742,16,1758,7
2020-08-31,Shasta,089,179085,637,528,3,531,9
2020-08-31,Sierra,091,2930,6,6,0,6,0
2020-08-31,Siskiyou,093,43540,140,127,8,135,0
2020-08-31,Solano,095,438530,5625,5302,37,5339,34
2020-08-31,Sonoma,097,501317,6179,5650,20,5670,60
2020-08-31,Stanislaus,099,539301,15422,14685,361,15046,213
2020-08-31,Sutter,101,95872,1442,1365,1,1366,10
2020-08-31,Tehama,103,63373,446,421,2,423,1
2020-08-31,Trinity,105,12862,47,13,6,19,0
2020-08-31,Tulare,107,460477,14883,13985,57,14042,237
2020-08-31,Tuolumne,109,53932,211,178,4,182,1
2020-08-31,Ventura,111,848112,11593,10866,104,10970,108
2020-08-31,Yolo,113,214977,2567,2423,5,2428,51
2020-08-31,Yuba,115,75493,918,830,3,833,1
2020-08-30,Alameda,001,1643700,19170,18099,124,18223,248
2020-08-30,Alpine,003,1148,2,2,0,2,0
2020-08-30,Amador,005,37829,274,240,0,240,13
2020-08-30,Butte,007,227075,2349,1988,24,2012,26
2020-08-30,Calaveras,009,45235,261,211,0,211,1
2020-08-30,Colusa,011,21464,474,440,0,440,6
2020-08-30,Contra Costa,013,1133247,14746,13780,52,13832,150
2020-08-30,Del Norte,015,27424,115,108,0,108,2
2020-08-30,El Dorado,017,186661,1024,962,6,968,2
2020-08-30,Fresno,019,978130,28010,24963,302,25265,291
2020-08-30,Glenn,021,27897,472,437,0,437,3
2020-08-30,Humboldt,023,135768,414,362,1,363,4
2020-08-30,Imperial,025,180216,11295,9703,7,9710,250
2020-08-30,Inyo,027,18085,181,160,4,164,3
2020-08-30,Kern,029,883053,29989,28987,226,29213,317
2020-08-30,Kings,031,150075,6437,6000,31,6031,62
2020-08-30,Lake,033,64148,362,334,0,334,2
2020-08-30,Lassen,035,31185,722,706,2,708,0
2020-08-30,Los Angeles,037,10098052,244855,240775,1290,242065,5772
2020-08-30,Madera,039,155013,3963,3626,26,3652,33
2020-08-30,Marin,041,260295,6256,6060,15,6075,66
2020-08-30,Mariposa,043,17540,73,69,0,69,2
2020-08-30,Mendocino,045,87422,656,611,0,611,13
2020-08-30,Merced,047,269075,8150,7960,10,7970,79
2020-08-30,Modoc,049,8938,13,10,0,10,0
2020-08-30,Mono,051,14174,163,145,2,147,1
2020-08-30,Monterey,053,433212,8303,7816,22,7838,54
2020-08-30,Napa,055,140530,1497,1423,6,1429,10
2020-08-30,Nevada,057,99092,459,445,13,458,6
2020-08-30,Orange,059,3164182,50499,47283,1197,48480,965
2020-08-30,Placer,061,380077,3149,2961,11,2972,32
2020-08-30,Plumas,063,18699,42,39,0,39,0
2020-08-30,Riverside,065,2383286,53985,52227,66,52293,1017
2020-08-30,Sacramento,067,1510023,18762,17751,15,17766,300
2020-08-30,San Benito,069,59416,1155,1071,0,1071,4
2020-08-30,San Bernardino,071,2135413,49453,47201,313,47514,755
2020-08-30,San Diego,073,3302833,40247,38302,477,38779,682
2020-08-30,San Francisco,075,870044,9760,9294,10,9304,83
2020-08-30,San Joaquin,077,732212,18681,17637,36,17673,338
2020-08-30,San Luis Obispo,079,281455,3182,2934,13,2947,21
2020-08-30,San Mateo,081,765935,8714,8013,9,8022,122
2020-08-30,Santa Barbara,083,443738,8306,8088,70,8158,93
2020-08-30,Santa Clara,085,1922200,18818,17045,38,17083,202
2020-08-30,Santa Cruz,087,273765,1922,1743,16,1759,7
2020-08-30,Shasta,089,179085,634,525,3,528,9
2020-08-30,Sierra,091,2930,6,6,0,6,0
2020-08-30,Siskiyou,093,43540,138,125,8,133,0
2020-08-30,Solano,095,438530,5581,5303,37,5340,34
2020-08-30,Sonoma,097,501317,6119,5590,20,5610,60
2020-08-30,Stanislaus,099,539301,15350,14580,352,14932,209
2020-08-30,Sutter,101,95872,1421,1351,1,1352,10
2020-08-30,Tehama,103,63373,437,419,2,421,1
2020-08-30,Trinity,105,12862,47,13,6,19,0
2020-08-30,Tulare,107,460477,14788,13985,56,14041,236
2020-08-30,Tuolumne,109,53932,207,178,4,182,1
2020-08-30,Ventura,111,848112,11480,10775,99,10874,108
2020-08-30,Yolo,113,214977,2539,2391,4,2395,51
2020-08-30,Yuba,115,75493,904,832,3,835,1
2020-08-29,Alameda,001,1643700,19103,17888,124,18012,250
2020-08-29,Alpine,003,1148,2,2,0,2,0
2020-08-29,Amador,005,37829,274,239,0,239,13
2020-08-29,Butte,007,227075,2318,1948,24,1972,26
2020-08-29,Calaveras,009,45235,257,211,0,211,1
2020-08-29,Colusa,011,21464,471,440,0,440,6
2020-08-29,Contra Costa,013,1133247,14673,13663,51,13714,159
2020-08-29,Del Norte,015,27424,115,108,0,108,1
2020-08-29,El Dorado,017,186661,1021,958,6,964,2
2020-08-29,Fresno,019,978130,27955,24821,302,25123,291
2020-08-29,Glenn,021,27897,466,437,0,437,3
2020-08-29,Humboldt,023,135768,411,363,1,364,4
2020-08-29,Imperial,025,180216,11280,9698,7,9705,250
2020-08-29,Inyo,027,18085,181,160,4,164,3
2020-08-29,Kern,029,883053,29948,28947,225,29172,317
2020-08-29,Kings,031,150075,6422,5906,31,5937,62
2020-08-29,Lake,033,64148,361,329,0,329,2
2020-08-29,Lassen,035,31185,722,706,2,708,0
2020-08-29,Los Angeles,037,10098052,244227,239815,1277,241092,5762
2020-08-29,Madera,039,155013,3954,3605,25,3630,33
2020-08-29,Marin,041,260295,6244,6007,15,6022,64
2020-08-29,Mariposa,043,17540,73,69,0,69,2
2020-08-29,Mendocino,045,87422,652,596,0,596,13
2020-08-29,Merced,047,269075,8120,7867,10,7877,79
2020-08-29,Modoc,049,8938,13,9,0,9,0
2020-08-29,Mono,051,14174,163,145,2,147,1
2020-08-29,Monterey,053,433212,8258,7680,22,7702,53
2020-08-29,Napa,055,140530,1494,1413,6,1419,10
2020-08-29,Nevada,057,99092,459,442,13,455,5
2020-08-29,Orange,059,3164182,50389,47007,1187,48194,960
2020-08-29,Placer,061,380077,3132,2935,11,2946,32
2020-08-29,Plumas,063,18699,41,39,0,39,0
2020-08-29,Riverside,065,2383286,53873,51918,64,51982,1016
2020-08-29,Sacramento,067,1510023,18690,17588,15,17603,291
2020-08-29,San Benito,069,59416,1146,1045,0,1045,4
2020-08-29,San Bernardino,071,2135413,49338,46849,313,47162,755
2020-08-29,San Diego,073,3302833,39981,38049,459,38508,694
2020-08-29,San Francisco,075,870044,9732,9291,9,9300,83
2020-08-29,San Joaquin,077,732212,18637,17493,36,17529,335
2020-08-29,San Luis Obispo,079,281455,3157,2917,13,2930,21
2020-08-29,San Mateo,081,765935,8672,7928,9,7937,122
2020-08-29,Santa Barbara,083,443738,8280,8052,69,8121,93
2020-08-29,Santa Clara,085,1922200,18721,16898,37,16935,202
2020-08-29,Santa Cruz,087,273765,1910,1746,16,1762,7
2020-08-29,Shasta,089,179085,626,522,3,525,9
2020-08-29,Sierra,091,2930,6,6,0,6,0
2020-08-29,Siskiyou,093,43540,138,121,8,129,0
2020-08-29,Solano,095,438530,5560,5303,37,5340,34
2020-08-29,Sonoma,097,501317,6084,5537,20,5557,60
2020-08-29,Stanislaus,099,539301,15301,14479,342,14821,208
2020-08-29,Sutter,101,95872,1416,1333,1,1334,9
2020-08-29,Tehama,103,63373,436,417,2,419,1
2020-08-29,Trinity,105,12862,46,11,6,17,0
2020-08-29,Tulare,107,460477,14750,13890,55,13945,236
2020-08-29,Tuolumne,109,53932,207,178,4,182,1
2020-08-29,Ventura,111,848112,11438,10705,99,10804,108
2020-08-29,Yolo,113,214977,2521,2357,4,2361,51
2020-08-29,Yuba,115,75493,895,822,3,825,1
2020-08-28,Alameda,001,1643700,19020,17729,123,17852,237
2020-08-28,Alpine,003,1148,2,2,0,2,0
2020-08-28,Amador,005,37829,274,234,0,234,13
2020-08-28,Butte,007,227075,2288,1886,24,1910,25
2020-08-28,Calaveras,009,45235,255,207,0,207,1
2020-08-28,Colusa,011,21464,470,441,0,441,6
2020-08-28,Contra Costa,013,1133247,14602,13522,50,13572,158
2020-08-28,Del Norte,015,27424,115,107,0,107,1
2020-08-28,El Dorado,017,186661,1015,949,6,955,2
2020-08-28,Fresno,019,978130,27821,24612,302,24914,282
2020-08-28,Glenn,021,27897,459,429,0,429,3
2020-08-28,Humboldt,023,135768,407,362,1,363,4
2020-08-28,Imperial,025,180216,11266,9656,7,9663,241
2020-08-28,Inyo,027,18085,180,160,4,164,2
2020-08-28,Kern,029,883053,29900,28744,225,28969,306
2020-08-28,Kings,031,150075,6415,5829,30,5859,62
2020-08-28,Lake,033,64148,356,320,0,320,2
2020-08-28,Lassen,035,31185,722,704,2,706,0
2020-08-28,Los Angeles,037,10098052,243415,238544,1252,239796,5740
2020-08-28,Madera,039,155013,3935,3552,25,3577,33
2020-08-28,Marin,041,260295,6222,5991,15,6006,63
2020-08-28,Mariposa,043,17540,73,67,0,67,2
2020-08-28,Mendocino,045,87422,647,588,0,588,11
2020-08-28,Merced,047,269075,8090,7803,10,7813,77
2020-08-28,Modoc,049,8938,13,6,0,6,0
2020-08-28,Mono,051,14174,163,145,2,147,1
2020-08-28,Monterey,053,433212,8201,7591,22,7613,53
2020-08-28,Napa,055,140530,1486,1403,5,1408,10
2020-08-28,Nevada,057,99092,458,438,13,451,5
2020-08-28,Orange,059,3164182,50289,46696,1172,47868,942
2020-08-28,Placer,061,380077,3121,2891,11,2902,32
2020-08-28,Plumas,063,18699,41,39,0,39,0
2020-08-28,Riverside,065,2383286,53742,51510,60,51570,1008
2020-08-28,Sacramento,067,1510023,18593,17119,15,17134,283
2020-08-28,San Benito,069,59416,1130,1016,0,1016,3
2020-08-28,San Bernardino,071,2135413,49219,46553,309,46862,754
2020-08-28,San Diego,073,3302833,39751,37786,444,38230,676
2020-08-28,San Francisco,075,870044,9680,9135,9,9144,83
2020-08-28,San Joaquin,077,732212,18584,17114,35,17149,314
2020-08-28,San Luis Obispo,079,281455,3140,2849,13,2862,20
2020-08-28,San Mateo,081,765935,8626,7783,8,7791,121
2020-08-28,Santa Barbara,083,443738,8248,8001,69,8070,92
2020-08-28,Santa Clara,085,1922200,18590,16696,37,16733,201
2020-08-28,Santa Cruz,087,273765,1898,1747,16,1763,7
2020-08-28,Shasta,089,179085,622,516,3,519,9
2020-08-28,Sierra,091,2930,6,6,0,6,0
2020-08-28,Siskiyou,093,43540,136,119,8,127,0
2020-08-28,Solano,095,438530,5541,5219,37,5256,34
2020-08-28,Sonoma,097,501317,6049,5425,19,5444,58
2020-08-28,Stanislaus,099,539301,15259,14176,338,14514,190
2020-08-28,Sutter,101,95872,1406,1308,1,1309,9
2020-08-28,Tehama,103,63373,431,410,2,412,1
2020-08-28,Trinity,105,12862,46,11,6,17,0
2020-08-28,Tulare,107,460477,14705,13776,55,13831,236
2020-08-28,Tuolumne,109,53932,207,176,4,180,1
2020-08-28,Ventura,111,848112,11402,10606,97,10703,103
2020-08-28,Yolo,113,214977,2512,2323,4,2327,51
2020-08-28,Yuba,115,75493,886,810,3,813,1
2020-08-27,Alameda,001,1643700,18875,17584,120,17704,234
2020-08-27,Alpine,003,1148,2,2,0,2,0
2020-08-27,Amador,005,37829,273,233,0,233,13
2020-08-27,Butte,007,227075,2222,1803,23,1826,25
2020-08-27,Calaveras,009,45235,249,204,0,204,1
2020-08-27,Colusa,011,21464,468,438,0,438,6
2020-08-27,Contra Costa,013,1133247,14501,13379,49,13428,158
2020-08-27,Del Norte,015,27424,115,107,0,107,1
2020-08-27,El Dorado,017,186661,1011,942,6,948,2
2020-08-27,Fresno,019,978130,27639,24367,297,24664,272
2020-08-27,Glenn,021,27897,451,429,0,429,3
2020-08-27,Humboldt,023,135768,399,358,1,359,4
2020-08-27,Imperial,025,180216,11239,9608,7,9615,235
2020-08-27,Inyo,027,18085,180,157,3,160,2
2020-08-27,Kern,029,883053,29828,28635,216,28851,294
2020-08-27,Kings,031,150075,6393,5759,30,5789,62
2020-08-27,Lake,033,64148,354,314,0,314,2
2020-08-27,Lassen,035,31185,722,703,2,705,0
2020-08-27,Los Angeles,037,10098052,242413,237103,1237,238340,5704
2020-08-27,Madera,039,155013,3909,3465,25,3490,33
2020-08-27,Marin,041,260295,6198,5929,15,5944,62
2020-08-27,Mariposa,043,17540,73,67,0,67,2
2020-08-27,Mendocino,045,87422,638,581,0,581,10
2020-08-27,Merced,047,269075,8046,7765,10,7775,75
2020-08-27,Modoc,049,8938,11,5,0,5,0
2020-08-27,Mono,051,14174,163,145,2,147,1
2020-08-27,Monterey,053,433212,8107,7501,22,7523,52
2020-08-27,Napa,055,140530,1480,1397,5,1402,10
2020-08-27,Nevada,057,99092,455,435,13,448,5
2020-08-27,Orange,059,3164182,50132,46449,1161,47610,935
2020-08-27,Placer,061,380077,3090,2869,11,2880,32
2020-08-27,Plumas,063,18699,40,39,0,39,0
2020-08-27,Riverside,065,2383286,53533,51306,57,51363,999
2020-08-27,Sacramento,067,1510023,18395,16875,15,16890,281
2020-08-27,San Benito,069,59416,1114,987,0,987,3
2020-08-27,San Bernardino,071,2135413,48994,46345,303,46648,751
2020-08-27,San Diego,073,3302833,39480,37501,424,37925,673
2020-08-27,San Francisco,075,870044,9614,9014,9,9023,83
2020-08-27,San Joaquin,077,732212,18504,16989,35,17024,314
2020-08-27,San Luis Obispo,079,281455,3115,2808,13,2821,20
2020-08-27,San Mateo,081,765935,8517,7728,8,7736,121
2020-08-27,Santa Barbara,083,443738,8210,7934,69,8003,92
2020-08-27,Santa Clara,085,1922200,18407,16495,37,16532,199
2020-08-27,Santa Cruz,087,273765,1881,1734,16,1750,7
2020-08-27,Shasta,089,179085,616,512,3,515,9
2020-08-27,Sierra,091,2930,6,6,0,6,0
2020-08-27,Siskiyou,093,43540,136,118,8,126,0
2020-08-27,Solano,095,438530,5503,5167,37,5204,34
2020-08-27,Sonoma,097,501317,5937,5357,19,5376,58
2020-08-27,Stanislaus,099,539301,15178,14080,335,14415,186
2020-08-27,Sutter,101,95872,1386,1296,1,1297,9
2020-08-27,Tehama,103,63373,427,398,2,400,1
2020-08-27,Trinity,105,12862,46,11,6,17,0
2020-08-27,Tulare,107,460477,14614,13666,55,13721,231
2020-08-27,Tuolumne,109,53932,202,174,4,178,1
2020-08-27,Ventura,111,848112,11339,10483,93,10576,102
2020-08-27,Yolo,113,214977,2488,2293,4,2297,51
2020-08-27,Yuba,115,75493,875,807,3,810,1
2020-08-26,Alameda,001,1643700,18713,17373,120,17493,233
2020-08-26,Alpine,003,1148,2,2,0,2,0
2020-08-26,Amador,005,37829,273,229,0,229,13
2020-08-26,Butte,007,227075,2154,1765,21,1786,25
2020-08-26,Calaveras,009,45235,242,201,0,201,1
2020-08-26,Colusa,011,21464,462,433,0,433,5
2020-08-26,Contra Costa,013,1133247,14364,13248,49,13297,157
2020-08-26,Del Norte,015,27424,114,86,0,86,1
2020-08-26,El Dorado,017,186661,1009,938,6,944,2
2020-08-26,Fresno,019,978130,27491,24071,295,24366,255
2020-08-26,Glenn,021,27897,449,429,0,429,3
2020-08-26,Humboldt,023,135768,387,357,1,358,4
2020-08-26,Imperial,025,180216,11217,9453,7,9460,227
2020-08-26,Inyo,027,18085,177,157,3,160,2
2020-08-26,Kern,029,883053,29689,28507,213,28720,286
2020-08-26,Kings,031,150075,6372,5720,30,5750,62
2020-08-26,Lake,033,64148,349,308,0,308,2
2020-08-26,Lassen,035,31185,722,702,2,704,0
2020-08-26,Los Angeles,037,10098052,241402,235499,1206,236705,5665
2020-08-26,Madera,039,155013,3880,3458,25,3483,32
2020-08-26,Marin,041,260295,6181,5887,15,5902,56
2020-08-26,Mariposa,043,17540,73,68,0,68,2
2020-08-26,Mendocino,045,87422,627,581,0,581,10
2020-08-26,Merced,047,269075,8013,7720,10,7730,74
2020-08-26,Modoc,049,8938,8,5,0,5,0
2020-08-26,Mono,051,14174,163,141,2,143,1
2020-08-26,Monterey,053,433212,8014,7439,22,7461,51
2020-08-26,Napa,055,140530,1467,1382,5,1387,10
2020-08-26,Nevada,057,99092,452,432,13,445,2
2020-08-26,Orange,059,3164182,49948,46157,1145,47302,905
2020-08-26,Placer,061,380077,3068,2846,9,2855,32
2020-08-26,Plumas,063,18699,39,39,0,39,0
2020-08-26,Riverside,065,2383286,53292,51138,57,51195,987
2020-08-26,Sacramento,067,1510023,18232,16708,15,16723,271
2020-08-26,San Benito,069,59416,1099,978,0,978,3
2020-08-26,San Bernardino,071,2135413,48786,45840,299,46139,743
2020-08-26,San Diego,073,3302833,39142,37224,397,37621,668
2020-08-26,San Francisco,075,870044,9540,8938,9,8947,81
2020-08-26,San Joaquin,077,732212,18415,16845,34,16879,309
2020-08-26,San Luis Obispo,079,281455,3087,2761,13,2774,20
2020-08-26,San Mateo,081,765935,8450,7655,8,7663,121
2020-08-26,Santa Barbara,083,443738,8176,7904,69,7973,90
2020-08-26,Santa Clara,085,1922200,18231,16283,37,16320,198
2020-08-26,Santa Cruz,087,273765,1870,1726,16,1742,7
2020-08-26,Shasta,089,179085,611,511,3,514,9
2020-08-26,Sierra,091,2930,6,6,0,6,0
2020-08-26,Siskiyou,093,43540,133,109,8,117,0
2020-08-26,Solano,095,438530,5479,5131,36,5167,34
2020-08-26,Sonoma,097,501317,5864,5283,19,5302,58
2020-08-26,Stanislaus,099,539301,15101,13964,329,14293,186
2020-08-26,Sutter,101,95872,1368,1275,1,1276,9
2020-08-26,Tehama,103,63373,424,396,2,398,1
2020-08-26,Trinity,105,12862,45,10,6,16,0
2020-08-26,Tulare,107,460477,14547,13568,55,13623,232
2020-08-26,Tuolumne,109,53932,201,172,4,176,1
2020-08-26,Ventura,111,848112,11267,10412,86,10498,100
2020-08-26,Yolo,113,214977,2466,2279,4,2283,49
2020-08-26,Yuba,115,75493,860,779,3,782,1
2020-08-25,Alameda,001,1643700,18556,17278,120,17398,232
2020-08-25,Alpine,003,1148,2,2,0,2,0
2020-08-25,Amador,005,37829,273,227,0,227,13
2020-08-25,Butte,007,227075,2087,1718,21,1739,24
2020-08-25,Calaveras,009,45235,240,196,0,196,1
2020-08-25,Colusa,011,21464,455,430,0,430,5
2020-08-25,Contra Costa,013,1133247,14226,13181,48,13229,156
2020-08-25,Del Norte,015,27424,113,83,0,83,1
2020-08-25,El Dorado,017,186661,1006,928,6,934,2
2020-08-25,Fresno,019,978130,27303,23932,294,24226,250
2020-08-25,Glenn,021,27897,446,429,0,429,3
2020-08-25,Humboldt,023,135768,382,342,1,343,4
2020-08-25,Imperial,025,180216,11189,9381,7,9388,217
2020-08-25,Inyo,027,18085,175,144,3,147,1
2020-08-25,Kern,029,883053,29552,28416,213,28629,285
2020-08-25,Kings,031,150075,6215,5702,30,5732,59
2020-08-25,Lake,033,64148,344,304,0,304,2
2020-08-25,Lassen,035,31185,721,692,2,694,0
2020-08-25,Los Angeles,037,10098052,240103,233961,1157,235118,5612
2020-08-25,Madera,039,155013,3865,3446,24,3470,32
2020-08-25,Marin,041,260295,6143,5860,15,5875,56
2020-08-25,Mariposa,043,17540,73,67,0,67,2
2020-08-25,Mendocino,045,87422,619,571,0,571,10
2020-08-25,Merced,047,269075,7946,7693,9,7702,69
2020-08-25,Modoc,049,8938,8,5,0,5,0
2020-08-25,Mono,051,14174,163,129,2,131,1
2020-08-25,Monterey,053,433212,7934,7333,22,7355,51
2020-08-25,Napa,055,140530,1460,1374,5,1379,10
2020-08-25,Nevada,057,99092,448,430,13,443,2
2020-08-25,Orange,059,3164182,49754,45737,1129,46866,902
2020-08-25,Placer,061,380077,3049,2829,6,2835,31
2020-08-25,Plumas,063,18699,39,39,0,39,0
2020-08-25,Riverside,065,2383286,53060,50889,57,50946,981
2020-08-25,Sacramento,067,1510023,18079,16601,15,16616,265
2020-08-25,San Benito,069,59416,1083,973,0,973,3
2020-08-25,San Bernardino,071,2135413,48551,45544,296,45840,727
2020-08-25,San Diego,073,3302833,38863,36996,375,37371,665
2020-08-25,San Francisco,075,870044,9463,8848,9,8857,81
2020-08-25,San Joaquin,077,732212,18288,16795,34,16829,306
2020-08-25,San Luis Obispo,079,281455,3028,2731,12,2743,20
2020-08-25,San Mateo,081,765935,8390,7636,7,7643,120
2020-08-25,Santa Barbara,083,443738,8124,7854,69,7923,90
2020-08-25,Santa Clara,085,1922200,18059,16199,37,16236,194
2020-08-25,Santa Cruz,087,273765,1851,1708,16,1724,7
2020-08-25,Shasta,089,179085,607,511,3,514,9
2020-08-25,Sierra,091,2930,6,6,0,6,0
2020-08-25,Siskiyou,093,43540,132,109,8,117,0
2020-08-25,Solano,095,438530,5418,5114,36,5150,34
2020-08-25,Sonoma,097,501317,5778,5148,19,5167,56
2020-08-25,Stanislaus,099,539301,14993,13886,318,14204,182
2020-08-25,Sutter,101,95872,1351,1259,1,1260,9
2020-08-25,Tehama,103,63373,421,394,2,396,1
2020-08-25,Trinity,105,12862,44,10,6,16,0
2020-08-25,Tulare,107,460477,14443,13514,54,13568,224
2020-08-25,Tuolumne,109,53932,199,172,4,176,1
2020-08-25,Ventura,111,848112,11182,10313,81,10394,99
2020-08-25,Yolo,113,214977,2453,2254,4,2258,50
2020-08-25,Yuba,115,75493,850,775,3,778,1
2020-08-24,Alameda,001,1643700,18361,16913,119,17032,231
2020-08-24,Alpine,003,1148,2,2,0,2,0
2020-08-24,Amador,005,37829,271,227,0,227,13
2020-08-24,Butte,007,227075,2003,1649,21,1670,23
2020-08-24,Calaveras,009,45235,231,187,0,187,1
2020-08-24,Colusa,011,21464,451,425,0,425,5
2020-08-24,Contra Costa,013,1133247,14110,12906,46,12952,153
2020-08-24,Del Norte,015,27424,113,80,0,80,1
2020-08-24,El Dorado,017,186661,998,908,6,914,2
2020-08-24,Fresno,019,978130,27115,23618,287,23905,235
2020-08-24,Glenn,021,27897,444,421,0,421,2
2020-08-24,Humboldt,023,135768,378,340,1,341,4
2020-08-24,Imperial,025,180216,11156,9323,7,9330,210
2020-08-24,Inyo,027,18085,171,144,3,147,2
2020-08-24,Kern,029,883053,29454,28157,207,28364,277
2020-08-24,Kings,031,150075,6127,5652,30,5682,60
2020-08-24,Lake,033,64148,329,302,0,302,2
2020-08-24,Lassen,035,31185,721,693,2,695,0
2020-08-24,Los Angeles,037,10098052,238741,233036,1139,234175,5562
2020-08-24,Madera,039,155013,3838,3418,24,3442,32
2020-08-24,Marin,041,260295,6080,5834,15,5849,56
2020-08-24,Mariposa,043,17540,71,66,0,66,2
2020-08-24,Mendocino,045,87422,604,550,0,550,10
2020-08-24,Merced,047,269075,7868,7605,9,7614,69
2020-08-24,Modoc,049,8938,8,5,0,5,0
2020-08-24,Mono,051,14174,163,129,2,131,1
2020-08-24,Monterey,053,433212,7825,7212,21,7233,50
2020-08-24,Napa,055,140530,1447,1358,5,1363,10
2020-08-24,Nevada,057,99092,443,423,13,436,2
2020-08-24,Orange,059,3164182,49561,45536,1120,46656,887
2020-08-24,Placer,061,380077,3003,2793,6,2799,31
2020-08-24,Plumas,063,18699,39,37,0,37,0
2020-08-24,Riverside,065,2383286,52782,50496,57,50553,975
2020-08-24,Sacramento,067,1510023,17882,16318,15,16333,249
2020-08-24,San Benito,069,59416,1062,961,0,961,3
2020-08-24,San Bernardino,071,2135413,48288,45199,294,45493,720
2020-08-24,San Diego,073,3302833,38575,36729,347,37076,660
2020-08-24,San Francisco,075,870044,9380,8621,9,8630,81
2020-08-24,San Joaquin,077,732212,18147,16565,33,16598,305
2020-08-24,San Luis Obispo,079,281455,3000,2705,12,2717,20
2020-08-24,San Mateo,081,765935,8323,7502,7,7509,120
2020-08-24,Santa Barbara,083,443738,8083,7784,69,7853,90
2020-08-24,Santa Clara,085,1922200,17855,16049,37,16086,192
2020-08-24,Santa Cruz,087,273765,1831,1627,15,1642,6
2020-08-24,Shasta,089,179085,605,505,3,508,9
2020-08-24,Sierra,091,2930,6,6,0,6,0
2020-08-24,Siskiyou,093,43540,128,107,8,115,0
2020-08-24,Solano,095,438530,5369,4979,34,5013,32
2020-08-24,Sonoma,097,501317,5676,5071,19,5090,56
2020-08-24,Stanislaus,099,539301,14895,13521,304,13825,171
2020-08-24,Sutter,101,95872,1332,1219,1,1220,9
2020-08-24,Tehama,103,63373,416,388,2,390,1
2020-08-24,Trinity,105,12862,44,10,6,16,0
2020-08-24,Tulare,107,460477,14336,13360,53,13413,223
2020-08-24,Tuolumne,109,53932,198,170,4,174,1
2020-08-24,Ventura,111,848112,11102,10261,77,10338,99
2020-08-24,Yolo,113,214977,2419,2239,4,2243,47
2020-08-24,Yuba,115,75493,833,750,3,753,1
2020-08-23,Alameda,001,1643700,18138,16786,118,16904,231
2020-08-23,Alpine,003,1148,2,2,0,2,0
2020-08-23,Amador,005,37829,268,227,0,227,13
2020-08-23,Butte,007,227075,1888,1637,21,1658,23
2020-08-23,Calaveras,009,45235,222,187,0,187,1
2020-08-23,Colusa,011,21464,444,424,0,424,5
2020-08-23,Contra Costa,013,1133247,13950,12642,46,12688,153
2020-08-23,Del Norte,015,27424,113,80,0,80,1
2020-08-23,El Dorado,017,186661,985,901,6,907,2
2020-08-23,Fresno,019,978130,26910,23414,284,23698,235
2020-08-23,Glenn,021,27897,437,421,0,421,2
2020-08-23,Humboldt,023,135768,376,341,1,342,4
2020-08-23,Imperial,025,180216,11127,9243,7,9250,210
2020-08-23,Inyo,027,18085,168,144,3,147,2
2020-08-23,Kern,029,883053,29305,28028,202,28230,277
2020-08-23,Kings,031,150075,6084,5628,30,5658,60
2020-08-23,Lake,033,64148,325,299,0,299,2
2020-08-23,Lassen,035,31185,720,693,2,695,0
2020-08-23,Los Angeles,037,10098052,237143,231833,1071,232904,5549
2020-08-23,Madera,039,155013,3807,3401,23,3424,32
2020-08-23,Marin,041,260295,6041,5807,14,5821,50
2020-08-23,Mariposa,043,17540,71,66,0,66,2
2020-08-23,Mendocino,045,87422,600,550,0,550,10
2020-08-23,Merced,047,269075,7799,7574,8,7582,69
2020-08-23,Modoc,049,8938,7,5,0,5,0
2020-08-23,Mono,051,14174,163,129,2,131,1
2020-08-23,Monterey,053,433212,7735,7173,21,7194,50
2020-08-23,Napa,055,140530,1435,1348,5,1353,10
2020-08-23,Nevada,057,99092,438,421,13,434,2
2020-08-23,Orange,059,3164182,49323,45267,1108,46375,887
2020-08-23,Placer,061,380077,2964,2772,6,2778,31
2020-08-23,Plumas,063,18699,39,37,0,37,0
2020-08-23,Riverside,065,2383286,52512,50293,55,50348,955
2020-08-23,Sacramento,067,1510023,17658,16084,14,16098,243
2020-08-23,San Benito,069,59416,1049,938,0,938,3
2020-08-23,San Bernardino,071,2135413,48020,45010,284,45294,719
2020-08-23,San Diego,073,3302833,38254,36542,320,36862,660
2020-08-23,San Francisco,075,870044,9285,8564,8,8572,80
2020-08-23,San Joaquin,077,732212,18014,16069,32,16101,305
2020-08-23,San Luis Obispo,079,281455,2958,2679,12,2691,20
2020-08-23,San Mateo,081,765935,8228,7450,7,7457,120
2020-08-23,Santa Barbara,083,443738,8015,7725,69,7794,90
2020-08-23,Santa Clara,085,1922200,17660,15912,35,15947,191
2020-08-23,Santa Cruz,087,273765,1805,1627,15,1642,6
2020-08-23,Shasta,089,179085,600,501,3,504,9
2020-08-23,Sierra,091,2930,6,6,0,6,0
2020-08-23,Siskiyou,093,43540,123,107,8,115,0
2020-08-23,Solano,095,438530,5311,4977,32,5009,32
2020-08-23,Sonoma,097,501317,5588,5018,19,5037,56
2020-08-23,Stanislaus,099,539301,14760,13483,281,13764,171
2020-08-23,Sutter,101,95872,1310,1203,1,1204,9
2020-08-23,Tehama,103,63373,406,381,2,383,1
2020-08-23,Trinity,105,12862,44,10,6,16,0
2020-08-23,Tulare,107,460477,14204,13303,50,13353,223
2020-08-23,Tuolumne,109,53932,195,164,4,168,1
2020-08-23,Ventura,111,848112,11001,10126,73,10199,99
2020-08-23,Yolo,113,214977,2391,2210,4,2214,47
2020-08-23,Yuba,115,75493,812,750,3,753,1
2020-08-22,Alameda,001,1643700,18044,16648,117,16765,231
2020-08-22,Alpine,003,1148,2,2,0,2,0
2020-08-22,Amador,005,37829,267,224,0,224,13
2020-08-22,Butte,007,227075,1837,1618,21,1639,22
2020-08-22,Calaveras,009,45235,218,187,0,187,1
2020-08-22,Colusa,011,21464,440,419,0,419,5
2020-08-22,Contra Costa,013,1133247,13863,12522,46,12568,153
2020-08-22,Del Norte,015,27424,112,80,0,80,1
2020-08-22,El Dorado,017,186661,983,900,6,906,2
2020-08-22,Fresno,019,978130,26813,23197,283,23480,235
2020-08-22,Glenn,021,27897,436,421,0,421,2
2020-08-22,Humboldt,023,135768,366,334,1,335,4
2020-08-22,Imperial,025,180216,11119,9244,7,9251,210
2020-08-22,Inyo,027,18085,168,144,3,147,1
2020-08-22,Kern,029,883053,29251,27807,202,28009,277
2020-08-22,Kings,031,150075,6075,5447,30,5477,60
2020-08-22,Lake,033,64148,323,291,0,291,2
2020-08-22,Lassen,035,31185,720,693,2,695,0
2020-08-22,Los Angeles,037,10098052,236481,230858,1054,231912,5540
2020-08-22,Madera,039,155013,3788,3330,23,3353,32
2020-08-22,Marin,041,260295,6029,5789,14,5803,49
2020-08-22,Mariposa,043,17540,71,66,0,66,2
2020-08-22,Mendocino,045,87422,597,529,0,529,10
2020-08-22,Merced,047,269075,7771,7493,8,7501,69
2020-08-22,Modoc,049,8938,7,5,0,5,0
2020-08-22,Mono,051,14174,163,129,2,131,1
2020-08-22,Monterey,053,433212,7687,7081,21,7102,50
2020-08-22,Napa,055,140530,1430,1328,5,1333,11
2020-08-22,Nevada,057,99092,438,411,13,424,2
2020-08-22,Orange,059,3164182,49182,45131,1102,46233,885
2020-08-22,Placer,061,380077,2950,2734,6,2740,30
2020-08-22,Plumas,063,18699,39,37,0,37,0
2020-08-22,Riverside,065,2383286,52364,49944,54,49998,953
2020-08-22,Sacramento,067,1510023,17546,15516,14,15530,239
2020-08-22,San Benito,069,59416,1033,912,0,912,3
2020-08-22,San Bernardino,071,2135413,47891,44803,280,45083,719
2020-08-22,San Diego,073,3302833,38072,36205,309,36514,673
2020-08-22,San Francisco,075,870044,9225,8568,8,8576,80
2020-08-22,San Joaquin,077,732212,17958,16068,32,16100,305
2020-08-22,San Luis Obispo,079,281455,2932,2660,12,2672,20
2020-08-22,San Mateo,081,765935,8181,7361,7,7368,120
2020-08-22,Santa Barbara,083,443738,7989,7685,69,7754,90
2020-08-22,Santa Clara,085,1922200,17552,15590,35,15625,190
2020-08-22,Santa Cruz,087,273765,1789,1628,14,1642,6
2020-08-22,Shasta,089,179085,598,493,3,496,9
2020-08-22,Sierra,091,2930,6,6,0,6,0
2020-08-22,Siskiyou,093,43540,123,106,8,114,0
2020-08-22,Solano,095,438530,5281,4944,31,4975,32
2020-08-22,Sonoma,097,501317,5542,4891,19,4910,57
2020-08-22,Stanislaus,099,539301,14710,13380,264,13644,170
2020-08-22,Sutter,101,95872,1303,1189,1,1190,8
2020-08-22,Tehama,103,63373,405,368,2,370,1
2020-08-22,Trinity,105,12862,44,8,6,14,0
2020-08-22,Tulare,107,460477,14137,13196,50,13246,222
2020-08-22,Tuolumne,109,53932,193,162,4,166,1
2020-08-22,Ventura,111,848112,10946,9959,71,10030,99
2020-08-22,Yolo,113,214977,2375,2188,4,2192,47
2020-08-22,Yuba,115,75493,800,738,3,741,1
2020-08-21,Alameda,001,1643700,17952,16413,117,16530,232
2020-08-21,Alpine,003,1148,2,2,0,2,0
2020-08-21,Amador,005,37829,266,223,0,223,11
2020-08-21,Butte,007,227075,1798,1582,21,1603,19
2020-08-21,Calaveras,009,45235,218,182,0,182,1
2020-08-21,Colusa,011,21464,438,418,0,418,5
2020-08-21,Contra Costa,013,1133247,13773,12333,45,12378,149
2020-08-21,Del Norte,015,27424,112,78,0,78,1
2020-08-21,El Dorado,017,186661,979,885,6,891,2
2020-08-21,Fresno,019,978130,26643,22840,282,23122,232
2020-08-21,Glenn,021,27897,432,418,0,418,2
2020-08-21,Humboldt,023,135768,363,331,1,332,4
2020-08-21,Imperial,025,180216,11103,9166,7,9173,204
2020-08-21,Inyo,027,18085,168,144,3,147,1
2020-08-21,Kern,029,883053,29192,27567,200,27767,269
2020-08-21,Kings,031,150075,6053,5391,30,5421,60
2020-08-21,Lake,033,64148,321,281,0,281,2
2020-08-21,Lassen,035,31185,720,693,2,695,0
2020-08-21,Los Angeles,037,10098052,235605,229235,1034,230269,5494
2020-08-21,Madera,039,155013,3758,3271,23,3294,31
2020-08-21,Marin,041,260295,6009,5762,14,5776,49
2020-08-21,Mariposa,043,17540,71,66,0,66,2
2020-08-21,Mendocino,045,87422,587,505,0,505,10
2020-08-21,Merced,047,269075,7742,7357,8,7365,69
2020-08-21,Modoc,049,8938,7,5,0,5,0
2020-08-21,Mono,051,14174,163,128,2,130,1
2020-08-21,Monterey,053,433212,7615,6974,21,6995,49
2020-08-21,Napa,055,140530,1421,1317,5,1322,10
2020-08-21,Nevada,057,99092,437,406,13,419,2
2020-08-21,Orange,059,3164182,49041,44625,1093,45718,875
2020-08-21,Placer,061,380077,2934,2698,6,2704,30
2020-08-21,Plumas,063,18699,39,36,0,36,0
2020-08-21,Riverside,065,2383286,52169,49409,54,49463,932
2020-08-21,Sacramento,067,1510023,17423,15247,14,15261,237
2020-08-21,San Benito,069,59416,1023,891,0,891,3
2020-08-21,San Bernardino,071,2135413,47771,44249,276,44525,668
2020-08-21,San Diego,073,3302833,37868,35914,292,36206,652
2020-08-21,San Francisco,075,870044,9175,8375,8,8383,80
2020-08-21,San Joaquin,077,732212,17875,15888,30,15918,301
2020-08-21,San Luis Obispo,079,281455,2909,2640,12,2652,19
2020-08-21,San Mateo,081,765935,8124,7253,7,7260,120
2020-08-21,Santa Barbara,083,443738,7948,7645,69,7714,86
2020-08-21,Santa Clara,085,1922200,17400,15399,35,15434,190
2020-08-21,Santa Cruz,087,273765,1777,1617,14,1631,6
2020-08-21,Shasta,089,179085,598,486,3,489,9
2020-08-21,Sierra,091,2930,6,6,0,6,0
2020-08-21,Siskiyou,093,43540,123,103,6,109,0
2020-08-21,Solano,095,438530,5258,4891,30,4921,32
2020-08-21,Sonoma,097,501317,5472,4816,19,4835,57
2020-08-21,Stanislaus,099,539301,14641,13282,250,13532,161
2020-08-21,Sutter,101,95872,1290,1173,1,1174,8
2020-08-21,Tehama,103,63373,403,357,2,359,1
2020-08-21,Trinity,105,12862,44,8,6,14,0
2020-08-21,Tulare,107,460477,14065,13002,49,13051,217
2020-08-21,Tuolumne,109,53932,185,161,4,165,1
2020-08-21,Ventura,111,848112,10881,9865,69,9934,98
2020-08-21,Yolo,113,214977,2360,2164,4,2168,46
2020-08-21,Yuba,115,75493,796,717,3,720,1
2020-08-20,Alameda,001,1643700,17793,16174,117,16291,229
2020-08-20,Alpine,003,1148,2,2,0,2,0
2020-08-20,Amador,005,37829,264,222,0,222,11
2020-08-20,Butte,007,227075,1748,1549,21,1570,18
2020-08-20,Calaveras,009,45235,215,179,0,179,1
2020-08-20,Colusa,011,21464,436,415,0,415,5
2020-08-20,Contra Costa,013,1133247,13645,12108,44,12152,144
2020-08-20,Del Norte,015,27424,112,78,0,78,1
2020-08-20,El Dorado,017,186661,975,881,6,887,2
2020-08-20,Fresno,019,978130,26461,22535,277,22812,228
2020-08-20,Glenn,021,27897,427,414,0,414,2
2020-08-20,Humboldt,023,135768,358,318,1,319,4
2020-08-20,Imperial,025,180216,11084,9086,7,9093,196
2020-08-20,Inyo,027,18085,167,144,3,147,1
2020-08-20,Kern,029,883053,29024,27337,189,27526,267
2020-08-20,Kings,031,150075,6013,5347,29,5376,59
2020-08-20,Lake,033,64148,316,280,0,280,2
2020-08-20,Lassen,035,31185,719,693,2,695,0
2020-08-20,Los Angeles,037,10098052,234373,227492,1015,228507,5445
2020-08-20,Madera,039,155013,3732,3197,23,3220,31
2020-08-20,Marin,041,260295,5991,5745,14,5759,47
2020-08-20,Mariposa,043,17540,71,67,0,67,2
2020-08-20,Mendocino,045,87422,577,497,0,497,10
2020-08-20,Merced,047,269075,7667,7173,8,7181,68
2020-08-20,Modoc,049,8938,7,5,0,5,0
2020-08-20,Mono,051,14174,163,128,2,130,1
2020-08-20,Monterey,053,433212,7544,6892,21,6913,47
2020-08-20,Napa,055,140530,1413,1306,5,1311,10
2020-08-20,Nevada,057,99092,436,401,13,414,2
2020-08-20,Orange,059,3164182,48814,44299,1083,45382,849
2020-08-20,Placer,061,380077,2918,2681,6,2687,30
2020-08-20,Plumas,063,18699,39,36,0,36,0
2020-08-20,Riverside,065,2383286,51950,48953,53,49006,927
2020-08-20,Sacramento,067,1510023,17181,14992,14,15006,231
2020-08-20,San Benito,069,59416,1010,866,0,866,3
2020-08-20,San Bernardino,071,2135413,47515,43627,272,43899,665
2020-08-20,San Diego,073,3302833,37648,35610,274,35884,644
2020-08-20,San Francisco,075,870044,9089,8262,8,8270,72
2020-08-20,San Joaquin,077,732212,17782,15778,30,15808,297
2020-08-20,San Luis Obispo,079,281455,2889,2590,12,2602,19
2020-08-20,San Mateo,081,765935,8059,7188,7,7195,120
2020-08-20,Santa Barbara,083,443738,7910,7571,69,7640,81
2020-08-20,Santa Clara,085,1922200,17227,15162,35,15197,190
2020-08-20,Santa Cruz,087,273765,1764,1581,14,1595,6
2020-08-20,Shasta,089,179085,597,478,3,481,9
2020-08-20,Sierra,091,2930,6,6,0,6,0
2020-08-20,Siskiyou,093,43540,122,102,1,103,0
2020-08-20,Solano,095,438530,5214,4843,30,4873,31
2020-08-20,Sonoma,097,501317,5400,4737,19,4756,54
2020-08-20,Stanislaus,099,539301,14545,13120,241,13361,161
2020-08-20,Sutter,101,95872,1266,1158,1,1159,8
2020-08-20,Tehama,103,63373,398,350,2,352,1
2020-08-20,Trinity,105,12862,44,8,6,14,0
2020-08-20,Tulare,107,460477,13957,12907,48,12955,217
2020-08-20,Tuolumne,109,53932,181,159,4,163,1
2020-08-20,Ventura,111,848112,10768,9744,68,9812,93
2020-08-20,Yolo,113,214977,2338,2150,4,2154,47
2020-08-20,Yuba,115,75493,779,709,3,712,1
2020-08-19,Alameda,001,1643700,17635,15874,116,15990,226
2020-08-19,Alpine,003,1148,2,2,0,2,0
2020-08-19,Amador,005,37829,263,219,0,219,9
2020-08-19,Butte,007,227075,1705,1517,21,1538,16
2020-08-19,Calaveras,009,45235,213,177,0,177,1
2020-08-19,Colusa,011,21464,435,415,0,415,5
2020-08-19,Contra Costa,013,1133247,13533,11895,43,11938,142
2020-08-19,Del Norte,015,27424,112,78,0,78,1
2020-08-19,El Dorado,017,186661,969,870,6,876,2
2020-08-19,Fresno,019,978130,26272,22167,268,22435,221
2020-08-19,Glenn,021,27897,425,414,0,414,2
2020-08-19,Humboldt,023,135768,355,316,1,317,4
2020-08-19,Imperial,025,180216,11056,9041,7,9048,192
2020-08-19,Inyo,027,18085,165,140,3,143,1
2020-08-19,Kern,029,883053,28907,27142,185,27327,263
2020-08-19,Kings,031,150075,5840,5301,27,5328,59
2020-08-19,Lake,033,64148,313,277,0,277,2
2020-08-19,Lassen,035,31185,711,693,2,695,0
2020-08-19,Los Angeles,037,10098052,233095,226006,975,226981,5399
2020-08-19,Madera,039,155013,3698,3158,21,3179,30
2020-08-19,Marin,041,260295,5967,5723,13,5736,46
2020-08-19,Mariposa,043,17540,71,64,0,64,2
2020-08-19,Mendocino,045,87422,560,495,0,495,8
2020-08-19,Merced,047,269075,7540,7082,5,7087,66
2020-08-19,Modoc,049,8938,7,5,0,5,0
2020-08-19,Mono,051,14174,163,128,2,130,1
2020-08-19,Monterey,053,433212,7444,6693,21,6714,45
2020-08-19,Napa,055,140530,1408,1293,5,1298,10
2020-08-19,Nevada,057,99092,429,398,13,411,2
2020-08-19,Orange,059,3164182,48609,43938,1080,45018,829
2020-08-19,Placer,061,380077,2896,2659,6,2665,28
2020-08-19,Plumas,063,18699,39,36,0,36,0
2020-08-19,Riverside,065,2383286,51701,48741,53,48794,922
2020-08-19,Sacramento,067,1510023,17001,14764,14,14778,229
2020-08-19,San Benito,069,59416,993,853,0,853,3
2020-08-19,San Bernardino,071,2135413,47217,43224,266,43490,661
2020-08-19,San Diego,073,3302833,37398,35378,259,35637,638
2020-08-19,San Francisco,075,870044,9025,8236,8,8244,72
2020-08-19,San Joaquin,077,732212,17656,15677,29,15706,296
2020-08-19,San Luis Obispo,079,281455,2849,2553,12,2565,19
2020-08-19,San Mateo,081,765935,7990,7146,7,7153,119
2020-08-19,Santa Barbara,083,443738,7861,7499,69,7568,80
2020-08-19,Santa Clara,085,1922200,17081,14994,35,15029,189
2020-08-19,Santa Cruz,087,273765,1738,1554,14,1568,6
2020-08-19,Shasta,089,179085,593,475,3,478,9
2020-08-19,Sierra,091,2930,6,6,0,6,0
2020-08-19,Siskiyou,093,43540,121,103,1,104,0
2020-08-19,Solano,095,438530,5173,4807,30,4837,31
2020-08-19,Sonoma,097,501317,5321,4614,19,4633,54
2020-08-19,Stanislaus,099,539301,14442,13084,219,13303,160
2020-08-19,Sutter,101,95872,1232,1146,1,1147,8
2020-08-19,Tehama,103,63373,392,342,2,344,1
2020-08-19,Trinity,105,12862,43,8,6,14,0
2020-08-19,Tulare,107,460477,13859,12756,48,12804,217
2020-08-19,Tuolumne,109,53932,178,159,4,163,1
2020-08-19,Ventura,111,848112,10676,9587,66,9653,91
2020-08-19,Yolo,113,214977,2316,2126,4,2130,47
2020-08-19,Yuba,115,75493,767,701,3,704,1
2020-08-18,Alameda,001,1643700,17458,15627,114,15741,223
2020-08-18,Alpine,003,1148,2,2,0,2,0
2020-08-18,Amador,005,37829,262,215,0,215,9
2020-08-18,Butte,007,227075,1672,1491,21,1512,16
2020-08-18,Calaveras,009,45235,210,174,0,174,1
2020-08-18,Colusa,011,21464,434,415,0,415,5
2020-08-18,Contra Costa,013,1133247,13413,11689,41,11730,141
2020-08-18,Del Norte,015,27424,111,78,0,78,0
2020-08-18,El Dorado,017,186661,964,866,6,872,2
2020-08-18,Fresno,019,978130,26051,21798,262,22060,212
2020-08-18,Glenn,021,27897,425,407,0,407,2
2020-08-18,Humboldt,023,135768,353,315,1,316,4
2020-08-18,Imperial,025,180216,11022,8968,7,8975,189
2020-08-18,Inyo,027,18085,164,140,3,143,1
2020-08-18,Kern,029,883053,28754,26978,181,27159,263
2020-08-18,Kings,031,150075,5805,5269,26,5295,58
2020-08-18,Lake,033,64148,310,274,0,274,2
2020-08-18,Lassen,035,31185,711,693,2,695,0
2020-08-18,Los Angeles,037,10098052,231831,224218,938,225156,5339
2020-08-18,Madera,039,155013,3670,3125,21,3146,28
2020-08-18,Marin,041,260295,5937,5708,13,5721,47
2020-08-18,Mariposa,043,17540,71,61,0,61,2
2020-08-18,Mendocino,045,87422,551,468,0,468,8
2020-08-18,Merced,047,269075,7492,6940,5,6945,66
2020-08-18,Modoc,049,8938,7,5,0,5,0
2020-08-18,Mono,051,14174,162,129,2,131,1
2020-08-18,Monterey,053,433212,7352,6691,20,6711,44
2020-08-18,Napa,055,140530,1405,1274,5,1279,10
2020-08-18,Nevada,057,99092,422,389,13,402,2
2020-08-18,Orange,059,3164182,48384,43659,1066,44725,809
2020-08-18,Placer,061,380077,2870,2644,5,2649,28
2020-08-18,Plumas,063,18699,39,34,0,34,0
2020-08-18,Riverside,065,2383286,51369,48447,53,48500,917
2020-08-18,Sacramento,067,1510023,16771,14610,13,14623,222
2020-08-18,San Benito,069,59416,973,836,0,836,3
2020-08-18,San Bernardino,071,2135413,46936,42827,260,43087,648
2020-08-18,San Diego,073,3302833,37105,35164,227,35391,633
2020-08-18,San Francisco,075,870044,8940,8016,8,8024,72
2020-08-18,San Joaquin,077,732212,17540,15509,28,15537,290
2020-08-18,San Luis Obispo,079,281455,2824,2535,11,2546,18
2020-08-18,San Mateo,081,765935,7929,7074,7,7081,119
2020-08-18,Santa Barbara,083,443738,7819,7472,69,7541,81
2020-08-18,Santa Clara,085,1922200,16910,14786,34,14820,184
2020-08-18,Santa Cruz,087,273765,1725,1509,14,1523,6
2020-08-18,Shasta,089,179085,589,468,3,471,9
2020-08-18,Sierra,091,2930,6,6,0,6,0
2020-08-18,Siskiyou,093,43540,120,103,1,104,0
2020-08-18,Solano,095,438530,5146,4700,30,4730,31
2020-08-18,Sonoma,097,501317,5252,4506,19,4525,48
2020-08-18,Stanislaus,099,539301,14344,12935,203,13138,149
2020-08-18,Sutter,101,95872,1213,1126,1,1127,8
2020-08-18,Tehama,103,63373,382,333,2,335,1
2020-08-18,Trinity,105,12862,41,8,6,14,0
2020-08-18,Tulare,107,460477,13728,12637,45,12682,212
2020-08-18,Tuolumne,109,53932,175,159,4,163,1
2020-08-18,Ventura,111,848112,10586,9536,61,9597,89
2020-08-18,Yolo,113,214977,2294,2102,4,2106,47
2020-08-18,Yuba,115,75493,759,679,3,682,1
2020-08-17,Alameda,001,1643700,17264,15454,113,15567,221
2020-08-17,Alpine,003,1148,2,2,0,2,0
2020-08-17,Amador,005,37829,262,215,0,215,9
2020-08-17,Butte,007,227075,1627,1463,21,1484,15
2020-08-17,Calaveras,009,45235,206,167,0,167,1
2020-08-17,Colusa,011,21464,431,408,0,408,5
2020-08-17,Contra Costa,013,1133247,13276,11442,41,11483,141
2020-08-17,Del Norte,015,27424,107,77,0,77,0
2020-08-17,El Dorado,017,186661,961,846,6,852,2
2020-08-17,Fresno,019,978130,25844,21316,255,21571,211
2020-08-17,Glenn,021,27897,424,402,0,402,2
2020-08-17,Humboldt,023,135768,349,302,1,303,4
2020-08-17,Imperial,025,180216,10981,8897,7,8904,188
2020-08-17,Inyo,027,18085,156,124,3,127,1
2020-08-17,Kern,029,883053,28607,26773,171,26944,249
2020-08-17,Kings,031,150075,5767,5249,26,5275,58
2020-08-17,Lake,033,64148,305,270,0,270,2
2020-08-17,Lassen,035,31185,711,666,2,668,0
2020-08-17,Los Angeles,037,10098052,230312,223418,891,224309,5282
2020-08-17,Madera,039,155013,3627,3050,20,3070,26
2020-08-17,Marin,041,260295,5914,5683,12,5695,46
2020-08-17,Mariposa,043,17540,71,61,0,61,2
2020-08-17,Mendocino,045,87422,533,454,0,454,8
2020-08-17,Merced,047,269075,7397,6814,5,6819,66
2020-08-17,Modoc,049,8938,7,5,0,5,0
2020-08-17,Mono,051,14174,162,126,2,128,1
2020-08-17,Monterey,053,433212,7252,6553,20,6573,44
2020-08-17,Napa,055,140530,1384,1255,5,1260,10
2020-08-17,Nevada,057,99092,417,383,13,396,2
2020-08-17,Orange,059,3164182,48174,43621,1053,44674,804
2020-08-17,Placer,061,380077,2845,2609,5,2614,28
2020-08-17,Plumas,063,18699,39,33,0,33,0
2020-08-17,Riverside,065,2383286,51036,48062,51,48113,916
2020-08-17,Sacramento,067,1510023,16551,14333,13,14346,219
2020-08-17,San Benito,069,59416,958,822,0,822,2
2020-08-17,San Bernardino,071,2135413,46592,42005,252,42257,604
2020-08-17,San Diego,073,3302833,36839,34962,213,35175,626
2020-08-17,San Francisco,075,870044,8869,7600,8,7608,72
2020-08-17,San Joaquin,077,732212,17378,15323,27,15350,280
2020-08-17,San Luis Obispo,079,281455,2791,2527,11,2538,18
2020-08-17,San Mateo,081,765935,7872,6987,6,6993,118
2020-08-17,Santa Barbara,083,443738,7777,7438,69,7507,80
2020-08-17,Santa Clara,085,1922200,16686,14546,34,14580,183
2020-08-17,Santa Cruz,087,273765,1709,1453,13,1466,6
2020-08-17,Shasta,089,179085,583,467,3,470,9
2020-08-17,Sierra,091,2930,6,6,0,6,0
2020-08-17,Siskiyou,093,43540,119,103,0,103,0
2020-08-17,Solano,095,438530,5089,4479,30,4509,31
2020-08-17,Sonoma,097,501317,5164,4402,17,4419,48
2020-08-17,Stanislaus,099,539301,14219,12745,196,12941,148
2020-08-17,Sutter,101,95872,1197,1071,1,1072,8
2020-08-17,Tehama,103,63373,372,324,2,326,1
2020-08-17,Trinity,105,12862,41,8,6,14,0
2020-08-17,Tulare,107,460477,13615,12487,44,12531,210
2020-08-17,Tuolumne,109,53932,172,157,4,161,1
2020-08-17,Ventura,111,848112,10463,9490,56,9546,89
2020-08-17,Yolo,113,214977,2267,2083,4,2087,47
2020-08-17,Yuba,115,75493,744,647,3,650,1
2020-08-16,Alameda,001,1643700,16973,15338,113,15451,221
2020-08-16,Alpine,003,1148,2,2,0,2,0
2020-08-16,Amador,005,37829,259,215,0,215,9
2020-08-16,Butte,007,227075,1589,1432,21,1453,15
2020-08-16,Calaveras,009,45235,199,167,0,167,1
2020-08-16,Colusa,011,21464,429,407,0,407,5
2020-08-16,Contra Costa,013,1133247,13090,11255,41,11296,140
2020-08-16,Del Norte,015,27424,103,77,0,77,0
2020-08-16,El Dorado,017,186661,949,843,6,849,2
2020-08-16,Fresno,019,978130,25623,21010,250,21260,211
2020-08-16,Glenn,021,27897,422,400,0,400,2
2020-08-16,Humboldt,023,135768,347,301,1,302,4
2020-08-16,Imperial,025,180216,10937,8883,7,8890,188
2020-08-16,Inyo,027,18085,149,125,2,127,1
2020-08-16,Kern,029,883053,28408,26520,163,26683,249
2020-08-16,Kings,031,150075,5736,5146,26,5172,58
2020-08-16,Lake,033,64148,301,269,0,269,2
2020-08-16,Lassen,035,31185,711,666,2,668,0
2020-08-16,Los Angeles,037,10098052,228740,222236,861,223097,5263
2020-08-16,Madera,039,155013,3582,3013,20,3033,26
2020-08-16,Marin,041,260295,5888,5664,12,5676,46
2020-08-16,Mariposa,043,17540,71,61,0,61,2
2020-08-16,Mendocino,045,87422,525,451,0,451,8
2020-08-16,Merced,047,269075,7315,6744,5,6749,66
2020-08-16,Modoc,049,8938,7,5,0,5,0
2020-08-16,Mono,051,14174,162,126,2,128,1
2020-08-16,Monterey,053,433212,7154,6516,19,6535,44
2020-08-16,Napa,055,140530,1366,1241,3,1244,10
2020-08-16,Nevada,057,99092,408,379,13,392,2
2020-08-16,Orange,059,3164182,47925,43303,1042,44345,803
2020-08-16,Placer,061,380077,2816,2583,4,2587,28
2020-08-16,Plumas,063,18699,39,33,0,33,0
2020-08-16,Riverside,065,2383286,50705,47669,50,47719,910
2020-08-16,Sacramento,067,1510023,16311,14210,13,14223,219
2020-08-16,San Benito,069,59416,929,815,0,815,2
2020-08-16,San Bernardino,071,2135413,46168,41724,244,41968,603
2020-08-16,San Diego,073,3302833,36575,34680,198,34878,626
2020-08-16,San Francisco,075,870044,8782,7602,8,7610,72
2020-08-16,San Joaquin,077,732212,17175,15288,27,15315,280
2020-08-16,San Luis Obispo,079,281455,2762,2494,11,2505,17
2020-08-16,San Mateo,081,765935,7798,6942,6,6948,118
2020-08-16,Santa Barbara,083,443738,7728,7368,69,7437,79
2020-08-16,Santa Clara,085,1922200,16488,14329,34,14363,183
2020-08-16,Santa Cruz,087,273765,1682,1449,12,1461,6
2020-08-16,Shasta,089,179085,576,465,3,468,9
2020-08-16,Sierra,091,2930,6,6,0,6,0
2020-08-16,Siskiyou,093,43540,118,102,0,102,0
2020-08-16,Solano,095,438530,5029,4479,30,4509,31
2020-08-16,Sonoma,097,501317,5060,4329,17,4346,46
2020-08-16,Stanislaus,099,539301,14061,12668,186,12854,148
2020-08-16,Sutter,101,95872,1179,1071,1,1072,8
2020-08-16,Tehama,103,63373,363,318,2,320,1
2020-08-16,Trinity,105,12862,38,8,6,14,0
2020-08-16,Tulare,107,460477,13483,12334,41,12375,211
2020-08-16,Tuolumne,109,53932,172,156,4,160,1
2020-08-16,Ventura,111,848112,10354,9408,51,9459,89
2020-08-16,Yolo,113,214977,2248,2057,4,2061,47
2020-08-16,Yuba,115,75493,735,647,2,649,1
2020-08-15,Alameda,001,1643700,16896,15165,113,15278,221
2020-08-15,Alpine,003,1148,2,2,0,2,0
2020-08-15,Amador,005,37829,259,210,0,210,9
2020-08-15,Butte,007,227075,1567,1409,21,1430,15
2020-08-15,Calaveras,009,45235,197,167,0,167,1
2020-08-15,Colusa,011,21464,428,401,0,401,5
2020-08-15,Contra Costa,013,1133247,12994,11106,41,11147,138
2020-08-15,Del Norte,015,27424,103,77,0,77,0
2020-08-15,El Dorado,017,186661,944,838,6,844,2
2020-08-15,Fresno,019,978130,25507,20603,248,20851,211
2020-08-15,Glenn,021,27897,422,398,0,398,2
2020-08-15,Humboldt,023,135768,346,301,1,302,4
2020-08-15,Imperial,025,180216,10917,8794,7,8801,188
2020-08-15,Inyo,027,18085,149,123,2,125,1
2020-08-15,Kern,029,883053,28320,26338,163,26501,249
2020-08-15,Kings,031,150075,5718,5039,26,5065,56
2020-08-15,Lake,033,64148,299,268,0,268,2
2020-08-15,Lassen,035,31185,711,666,2,668,0
2020-08-15,Los Angeles,037,10098052,227990,221043,851,221894,5252
2020-08-15,Madera,039,155013,3532,2950,20,2970,26
2020-08-15,Marin,041,260295,5881,5628,12,5640,46
2020-08-15,Mariposa,043,17540,71,61,0,61,2
2020-08-15,Mendocino,045,87422,521,444,0,444,8
2020-08-15,Merced,047,269075,7281,6656,5,6661,66
2020-08-15,Modoc,049,8938,7,5,0,5,0
2020-08-15,Mono,051,14174,162,126,2,128,1
2020-08-15,Monterey,053,433212,7109,6162,19,6181,44
2020-08-15,Napa,055,140530,1356,1232,3,1235,10
2020-08-15,Nevada,057,99092,408,376,13,389,2
2020-08-15,Orange,059,3164182,47812,42811,1031,43842,801
2020-08-15,Placer,061,380077,2795,2551,4,2555,27
2020-08-15,Plumas,063,18699,39,33,0,33,0
2020-08-15,Riverside,065,2383286,50554,46720,50,46770,910
2020-08-15,Sacramento,067,1510023,16201,14018,13,14031,219
2020-08-15,San Benito,069,59416,916,805,0,805,2
2020-08-15,San Bernardino,071,2135413,46016,41231,242,41473,602
2020-08-15,San Diego,073,3302833,36409,34346,184,34530,639
2020-08-15,San Francisco,075,870044,8720,7601,8,7609,69
2020-08-15,San Joaquin,077,732212,17102,15113,27,15140,280
2020-08-15,San Luis Obispo,079,281455,2745,2461,11,2472,17
2020-08-15,San Mateo,081,765935,7761,6860,6,6866,118
2020-08-15,Santa Barbara,083,443738,7700,7338,69,7407,79
2020-08-15,Santa Clara,085,1922200,16392,14105,34,14139,183
2020-08-15,Santa Cruz,087,273765,1661,1449,12,1461,6
2020-08-15,Shasta,089,179085,573,458,3,461,9
2020-08-15,Sierra,091,2930,6,6,0,6,0
2020-08-15,Siskiyou,093,43540,117,100,0,100,0
2020-08-15,Solano,095,438530,5007,4477,30,4507,31
2020-08-15,Sonoma,097,501317,5005,4134,17,4151,45
2020-08-15,Stanislaus,099,539301,13997,12541,185,12726,149
2020-08-15,Sutter,101,95872,1168,1046,1,1047,8
2020-08-15,Tehama,103,63373,362,312,2,314,1
2020-08-15,Trinity,105,12862,36,6,6,12,0
2020-08-15,Tulare,107,460477,13444,12262,41,12303,211
2020-08-15,Tuolumne,109,53932,172,155,4,159,1
2020-08-15,Ventura,111,848112,10295,9379,49,9428,89
2020-08-15,Yolo,113,214977,2236,2031,4,2035,46
2020-08-15,Yuba,115,75493,731,623,2,625,1
2020-08-14,Alameda,001,1643700,16756,14909,113,15022,221
2020-08-14,Alpine,003,1148,2,2,0,2,0
2020-08-14,Amador,005,37829,259,209,0,209,9
2020-08-14,Butte,007,227075,1559,1384,21,1405,15
2020-08-14,Calaveras,009,45235,193,165,0,165,1
2020-08-14,Colusa,011,21464,426,399,0,399,5
2020-08-14,Contra Costa,013,1133247,12882,10893,41,10934,137
2020-08-14,Del Norte,015,27424,103,76,0,76,0
2020-08-14,El Dorado,017,186661,936,827,6,833,2
2020-08-14,Fresno,019,978130,25373,19900,248,20148,208
2020-08-14,Glenn,021,27897,420,395,0,395,2
2020-08-14,Humboldt,023,135768,340,294,1,295,4
2020-08-14,Imperial,025,180216,10893,8756,7,8763,185
2020-08-14,Inyo,027,18085,148,115,2,117,1
2020-08-14,Kern,029,883053,28216,25893,162,26055,249
2020-08-14,Kings,031,150075,5704,4953,26,4979,56
2020-08-14,Lake,033,64148,290,267,0,267,2
2020-08-14,Lassen,035,31185,711,665,2,667,0
2020-08-14,Los Angeles,037,10098052,226819,219083,834,219917,5222
2020-08-14,Madera,039,155013,3502,2876,20,2896,26
2020-08-14,Marin,041,260295,5870,5601,12,5613,46
2020-08-14,Mariposa,043,17540,70,61,0,61,2
2020-08-14,Mendocino,045,87422,512,432,0,432,8
2020-08-14,Merced,047,269075,7251,6466,5,6471,67
2020-08-14,Modoc,049,8938,7,5,0,5,0
2020-08-14,Mono,051,14174,162,126,2,128,1
2020-08-14,Monterey,053,433212,7058,6121,19,6140,41
2020-08-14,Napa,055,140530,1346,1230,3,1233,10
2020-08-14,Nevada,057,99092,404,377,13,390,2
2020-08-14,Orange,059,3164182,47662,42399,1019,43418,798
2020-08-14,Placer,061,380077,2776,2546,4,2550,26
2020-08-14,Plumas,063,18699,38,33,0,33,0
2020-08-14,Riverside,065,2383286,50325,46456,50,46506,891
2020-08-14,Sacramento,067,1510023,16052,13645,13,13658,212
2020-08-14,San Benito,069,59416,899,783,0,783,2
2020-08-14,San Bernardino,071,2135413,45829,40442,239,40681,594
2020-08-14,San Diego,073,3302833,36215,34067,177,34244,622
2020-08-14,San Francisco,075,870044,8661,7467,8,7475,69
2020-08-14,San Joaquin,077,732212,17002,14925,27,14952,276
2020-08-14,San Luis Obispo,079,281455,2730,2422,11,2433,17
2020-08-14,San Mateo,081,765935,7702,6655,6,6661,118
2020-08-14,Santa Barbara,083,443738,7650,7302,69,7371,77
2020-08-14,Santa Clara,085,1922200,16226,13785,33,13818,183
2020-08-14,Santa Cruz,087,273765,1639,1418,11,1429,6
2020-08-14,Shasta,089,179085,568,446,3,449,9
2020-08-14,Sierra,091,2930,6,5,0,5,0
2020-08-14,Siskiyou,093,43540,117,98,0,98,0
2020-08-14,Solano,095,438530,4986,4421,30,4451,31
2020-08-14,Sonoma,097,501317,4946,4087,14,4101,45
2020-08-14,Stanislaus,099,539301,13919,12379,181,12560,140
2020-08-14,Sutter,101,95872,1160,1039,1,1040,8
2020-08-14,Tehama,103,63373,357,305,2,307,1
2020-08-14,Trinity,105,12862,36,6,6,12,0
2020-08-14,Tulare,107,460477,13367,12009,41,12050,211
2020-08-14,Tuolumne,109,53932,171,155,4,159,1
2020-08-14,Ventura,111,848112,10220,9313,49,9362,89
2020-08-14,Yolo,113,214977,2222,1991,4,1995,45
2020-08-14,Yuba,115,75493,715,606,2,608,1
2020-08-13,Alameda,001,1643700,16477,14385,113,14498,218
2020-08-13,Alpine,003,1148,2,2,0,2,0
2020-08-13,Amador,005,37829,259,198,0,198,8
2020-08-13,Butte,007,227075,1534,1345,21,1366,15
2020-08-13,Calaveras,009,45235,191,162,0,162,1
2020-08-13,Colusa,011,21464,426,395,0,395,5
2020-08-13,Contra Costa,013,1133247,12728,10545,40,10585,136
2020-08-13,Del Norte,015,27424,102,74,0,74,0
2020-08-13,El Dorado,017,186661,931,803,6,809,2
2020-08-13,Fresno,019,978130,25146,19157,242,19399,201
2020-08-13,Glenn,021,27897,416,392,0,392,1
2020-08-13,Humboldt,023,135768,332,281,1,282,4
2020-08-13,Imperial,025,180216,10862,8640,7,8647,170
2020-08-13,Inyo,027,18085,144,97,2,99,1
2020-08-13,Kern,029,883053,28049,25472,159,25631,242
2020-08-13,Kings,031,150075,5669,4824,26,4850,52
2020-08-13,Lake,033,64148,285,263,0,263,2
2020-08-13,Lassen,035,31185,711,652,2,654,0
2020-08-13,Los Angeles,037,10098052,225438,216497,812,217309,5179
2020-08-13,Madera,039,155013,3458,2675,19,2694,25
2020-08-13,Marin,041,260295,5854,5503,12,5515,44
2020-08-13,Mariposa,043,17540,69,61,0,61,2
2020-08-13,Mendocino,045,87422,507,401,0,401,8
2020-08-13,Merced,047,269075,7134,5945,5,5950,63
2020-08-13,Modoc,049,8938,7,5,0,5,0
2020-08-13,Mono,051,14174,162,124,2,126,1
2020-08-13,Monterey,053,433212,6975,5925,19,5944,38
2020-08-13,Napa,055,140530,1337,1179,3,1182,10
2020-08-13,Nevada,057,99092,400,362,13,375,1
2020-08-13,Orange,059,3164182,47423,42019,1008,43027,773
2020-08-13,Placer,061,380077,2753,2460,4,2464,26
2020-08-13,Plumas,063,18699,38,32,0,32,0
2020-08-13,Riverside,065,2383286,50029,45327,50,45377,885
2020-08-13,Sacramento,067,1510023,15849,13237,13,13250,197
2020-08-13,San Benito,069,59416,870,757,0,757,2
2020-08-13,San Bernardino,071,2135413,45434,39395,232,39627,591
2020-08-13,San Diego,073,3302833,35979,33661,159,33820,627
2020-08-13,San Francisco,075,870044,8567,7277,8,7285,69
2020-08-13,San Joaquin,077,732212,16847,14537,26,14563,261
2020-08-13,San Luis Obispo,079,281455,2708,2283,11,2294,16
2020-08-13,San Mateo,081,765935,7640,6503,6,6509,117
2020-08-13,Santa Barbara,083,443738,7605,7129,68,7197,74
2020-08-13,Santa Clara,085,1922200,16004,13257,33,13290,182
2020-08-13,Santa Cruz,087,273765,1614,1383,11,1394,6
2020-08-13,Shasta,089,179085,563,428,3,431,9
2020-08-13,Sierra,091,2930,6,5,0,5,0
2020-08-13,Siskiyou,093,43540,117,95,0,95,0
2020-08-13,Solano,095,438530,4949,4305,30,4335,31
2020-08-13,Sonoma,097,501317,4872,3902,14,3916,45
2020-08-13,Stanislaus,099,539301,13789,11953,165,12118,136
2020-08-13,Sutter,101,95872,1138,992,1,993,8
2020-08-13,Tehama,103,63373,348,302,2,304,1
2020-08-13,Trinity,105,12862,35,6,6,12,0
2020-08-13,Tulare,107,460477,13223,11692,38,11730,210
2020-08-13,Tuolumne,109,53932,170,152,4,156,1
2020-08-13,Ventura,111,848112,10131,9114,49,9163,90
2020-08-13,Yolo,113,214977,2195,1938,4,1942,44
2020-08-13,Yuba,115,75493,699,568,2,570,1
2020-08-12,Alameda,001,1643700,16263,14214,113,14327,215
2020-08-12,Alpine,003,1148,2,2,0,2,0
2020-08-12,Amador,005,37829,256,197,0,197,8
2020-08-12,Butte,007,227075,1506,1317,21,1338,15
2020-08-12,Calaveras,009,45235,188,157,0,157,1
2020-08-12,Colusa,011,21464,421,394,0,394,5
2020-08-12,Contra Costa,013,1133247,12583,10304,39,10343,134
2020-08-12,Del Norte,015,27424,101,74,0,74,0
2020-08-12,El Dorado,017,186661,913,794,6,800,2
2020-08-12,Fresno,019,978130,24916,18690,236,18926,194
2020-08-12,Glenn,021,27897,413,388,0,388,1
2020-08-12,Humboldt,023,135768,325,281,1,282,4
2020-08-12,Imperial,025,180216,10839,8566,7,8573,167
2020-08-12,Inyo,027,18085,127,97,2,99,1
2020-08-12,Kern,029,883053,27857,25191,157,25348,232
2020-08-12,Kings,031,150075,5630,4736,26,4762,50
2020-08-12,Lake,033,64148,283,253,0,253,2
2020-08-12,Lassen,035,31185,710,651,2,653,0
2020-08-12,Los Angeles,037,10098052,224037,214542,796,215338,5119
2020-08-12,Madera,039,155013,3424,2681,17,2698,23
2020-08-12,Marin,041,260295,5832,5423,12,5435,44
2020-08-12,Mariposa,043,17540,69,61,0,61,2
2020-08-12,Mendocino,045,87422,488,386,0,386,9
2020-08-12,Merced,047,269075,7072,5777,5,5782,66
2020-08-12,Modoc,049,8938,7,5,0,5,0
2020-08-12,Mono,051,14174,161,124,2,126,1
2020-08-12,Monterey,053,433212,6871,5919,19,5938,38
2020-08-12,Napa,055,140530,1327,1161,3,1164,10
2020-08-12,Nevada,057,99092,395,357,13,370,1
2020-08-12,Orange,059,3164182,47172,41576,984,42560,754
2020-08-12,Placer,061,380077,2721,2417,4,2421,25
2020-08-12,Plumas,063,18699,38,31,0,31,0
2020-08-12,Riverside,065,2383286,49681,44747,50,44797,867
2020-08-12,Sacramento,067,1510023,15637,12528,13,12541,189
2020-08-12,San Benito,069,59416,857,751,0,751,2
2020-08-12,San Bernardino,071,2135413,45090,38811,223,39034,589
2020-08-12,San Diego,073,3302833,35770,33395,139,33534,608
2020-08-12,San Francisco,075,870044,8484,7194,8,7202,66
2020-08-12,San Joaquin,077,732212,16701,14154,26,14180,253
2020-08-12,San Luis Obispo,079,281455,2683,2263,11,2274,15
2020-08-12,San Mateo,081,765935,7561,6427,6,6433,117
2020-08-12,Santa Barbara,083,443738,7545,7049,66,7115,74
2020-08-12,Santa Clara,085,1922200,15828,13002,33,13035,182
2020-08-12,Santa Cruz,087,273765,1585,1382,10,1392,6
2020-08-12,Shasta,089,179085,559,417,3,420,9
2020-08-12,Sierra,091,2930,5,4,0,4,0
2020-08-12,Siskiyou,093,43540,116,90,0,90,0
2020-08-12,Solano,095,438530,4904,4258,30,4288,31
2020-08-12,Sonoma,097,501317,4798,3847,14,3861,47
2020-08-12,Stanislaus,099,539301,13650,11682,158,11840,136
2020-08-12,Sutter,101,95872,1114,987,1,988,7
2020-08-12,Tehama,103,63373,338,289,2,291,1
2020-08-12,Trinity,105,12862,34,6,6,12,0
2020-08-12,Tulare,107,460477,13095,11460,38,11498,211
2020-08-12,Tuolumne,109,53932,169,150,4,154,1
2020-08-12,Ventura,111,848112,10044,9005,49,9054,87
2020-08-12,Yolo,113,214977,2171,1921,4,1925,44
2020-08-12,Yuba,115,75493,677,549,1,550,1
2020-08-11,Alameda,001,1643700,16002,13960,110,14070,204
2020-08-11,Alpine,003,1148,2,2,0,2,0
2020-08-11,Amador,005,37829,250,187,0,187,3
2020-08-11,Butte,007,227075,1478,1296,21,1317,15
2020-08-11,Calaveras,009,45235,186,161,0,161,1
2020-08-11,Colusa,011,21464,416,390,0,390,5
2020-08-11,Contra Costa,013,1133247,12394,10012,37,10049,131
2020-08-11,Del Norte,015,27424,100,73,0,73,0
2020-08-11,El Dorado,017,186661,906,786,5,791,2
2020-08-11,Fresno,019,978130,24594,18344,233,18577,187
2020-08-11,Glenn,021,27897,411,380,0,380,1
2020-08-11,Humboldt,023,135768,320,283,1,284,4
2020-08-11,Imperial,025,180216,10784,8518,7,8525,165
2020-08-11,Inyo,027,18085,122,97,2,99,1
2020-08-11,Kern,029,883053,27522,25042,155,25197,230
2020-08-11,Kings,031,150075,5439,4696,26,4722,50
2020-08-11,Lake,033,64148,280,243,0,243,2
2020-08-11,Lassen,035,31185,704,605,2,607,0
2020-08-11,Los Angeles,037,10098052,222535,212421,772,213193,5065
2020-08-11,Madera,039,155013,3370,2673,17,2690,22
2020-08-11,Marin,041,260295,5805,5287,11,5298,44
2020-08-11,Mariposa,043,17540,68,60,0,60,2
2020-08-11,Mendocino,045,87422,478,385,0,385,9
2020-08-11,Merced,047,269075,6977,5322,4,5326,65
2020-08-11,Modoc,049,8938,7,5,0,5,0
2020-08-11,Mono,051,14174,161,124,2,126,1
2020-08-11,Monterey,053,433212,6762,5624,19,5643,36
2020-08-11,Napa,055,140530,1316,1143,2,1145,11
2020-08-11,Nevada,057,99092,392,358,13,371,1
2020-08-11,Orange,059,3164182,46951,41205,963,42168,742
2020-08-11,Placer,061,380077,2689,2393,4,2397,24
2020-08-11,Plumas,063,18699,38,31,0,31,0
2020-08-11,Riverside,065,2383286,49324,44237,50,44287,836
2020-08-11,Sacramento,067,1510023,15346,12298,13,12311,182
2020-08-11,San Benito,069,59416,845,750,0,750,2
2020-08-11,San Bernardino,071,2135413,44750,38467,216,38683,584
2020-08-11,San Diego,073,3302833,35503,33159,120,33279,602
2020-08-11,San Francisco,075,870044,8388,6988,8,6996,66
2020-08-11,San Joaquin,077,732212,16523,13997,21,14018,251
2020-08-11,San Luis Obispo,079,281455,2626,2234,11,2245,15
2020-08-11,San Mateo,081,765935,7487,6339,6,6345,117
2020-08-11,Santa Barbara,083,443738,7496,6942,66,7008,70
2020-08-11,Santa Clara,085,1922200,15607,12920,33,12953,183
2020-08-11,Santa Cruz,087,273765,1562,1352,10,1362,4
2020-08-11,Shasta,089,179085,555,416,3,419,9
2020-08-11,Sierra,091,2930,5,4,0,4,0
2020-08-11,Siskiyou,093,43540,116,90,0,90,0
2020-08-11,Solano,095,438530,4856,4206,29,4235,31
2020-08-11,Sonoma,097,501317,4703,3752,14,3766,45
2020-08-11,Stanislaus,099,539301,13546,11592,146,11738,128
2020-08-11,Sutter,101,95872,1092,964,1,965,7
2020-08-11,Tehama,103,63373,334,289,2,291,1
2020-08-11,Trinity,105,12862,34,5,6,11,0
2020-08-11,Tulare,107,460477,12970,11392,37,11429,201
2020-08-11,Tuolumne,109,53932,164,146,4,150,1
2020-08-11,Ventura,111,848112,9976,8953,48,9001,88
2020-08-11,Yolo,113,214977,2149,1912,4,1916,44
2020-08-11,Yuba,115,75493,666,540,1,541,1
2020-08-10,Alameda,001,1643700,15762,13420,109,13529,203
2020-08-10,Alpine,003,1148,2,2,0,2,0
2020-08-10,Amador,005,37829,249,172,0,172,2
2020-08-10,Butte,007,227075,1454,1174,19,1193,15
2020-08-10,Calaveras,009,45235,175,121,0,121,1
2020-08-10,Colusa,011,21464,414,387,0,387,4
2020-08-10,Contra Costa,013,1133247,12241,9454,35,9489,130
2020-08-10,Del Norte,015,27424,98,69,0,69,0
2020-08-10,El Dorado,017,186661,894,771,5,776,2
2020-08-10,Fresno,019,978130,24313,17978,233,18211,183
2020-08-10,Glenn,021,27897,408,381,0,381,1
2020-08-10,Humboldt,023,135768,314,277,1,278,4
2020-08-10,Imperial,025,180216,10740,8465,7,8472,165
2020-08-10,Inyo,027,18085,122,97,2,99,1
2020-08-10,Kern,029,883053,27296,24499,154,24653,215
2020-08-10,Kings,031,150075,5333,4588,26,4614,50
2020-08-10,Lake,033,64148,273,239,0,239,2
2020-08-10,Lassen,035,31185,704,588,2,590,0
2020-08-10,Los Angeles,037,10098052,220958,211035,754,211789,5003
2020-08-10,Madera,039,155013,3337,2365,17,2382,22
2020-08-10,Marin,041,260295,5760,5242,10,5252,44
2020-08-10,Mariposa,043,17540,68,57,0,57,2
2020-08-10,Mendocino,045,87422,454,364,0,364,1
2020-08-10,Merced,047,269075,6896,4913,4,4917,51
2020-08-10,Modoc,049,8938,7,5,0,5,0
2020-08-10,Mono,051,14174,161,123,2,125,1
2020-08-10,Monterey,053,433212,6652,5358,19,5377,34
2020-08-10,Napa,055,140530,1298,1084,2,1086,8
2020-08-10,Nevada,057,99092,384,356,13,369,1
2020-08-10,Orange,059,3164182,46681,40445,945,41390,721
2020-08-10,Placer,061,380077,2650,2298,4,2302,21
2020-08-10,Plumas,063,18699,38,27,0,27,0
2020-08-10,Riverside,065,2383286,48939,43296,49,43345,830
2020-08-10,Sacramento,067,1510023,15035,12059,13,12072,168
2020-08-10,San Benito,069,59416,832,743,0,743,2
2020-08-10,San Bernardino,071,2135413,44372,37367,207,37574,579
2020-08-10,San Diego,073,3302833,35237,32977,104,33081,594
2020-08-10,San Francisco,075,870044,8298,6816,7,6823,66
2020-08-10,San Joaquin,077,732212,16341,13308,21,13329,240
2020-08-10,San Luis Obispo,079,281455,2527,2208,11,2219,15
2020-08-10,San Mateo,081,765935,7410,6222,6,6228,117
2020-08-10,Santa Barbara,083,443738,7441,6869,66,6935,66
2020-08-10,Santa Clara,085,1922200,15347,12615,32,12647,182
2020-08-10,Santa Cruz,087,273765,1542,1239,9,1248,4
2020-08-10,Shasta,089,179085,551,384,3,387,9
2020-08-10,Sierra,091,2930,5,3,0,3,0
2020-08-10,Siskiyou,093,43540,113,88,0,88,0
2020-08-10,Solano,095,438530,4796,4101,29,4130,31
2020-08-10,Sonoma,097,501317,4534,3640,10,3650,42
2020-08-10,Stanislaus,099,539301,13364,10855,130,10985,106
2020-08-10,Sutter,101,95872,1067,865,1,866,7
2020-08-10,Tehama,103,63373,327,282,2,284,1
2020-08-10,Trinity,105,12862,31,5,6,11,0
2020-08-10,Tulare,107,460477,12797,10750,35,10785,194
2020-08-10,Tuolumne,109,53932,164,143,3,146,1
2020-08-10,Ventura,111,848112,9892,8851,47,8898,85
2020-08-10,Yolo,113,214977,2126,1840,4,1844,45
2020-08-10,Yuba,115,75493,649,527,1,528,1
2020-08-09,Alameda,001,1643700,15481,13241,107,13348,203
2020-08-09,Alpine,003,1148,2,2,0,2,0
2020-08-09,Amador,005,37829,244,153,0,153,2
2020-08-09,Butte,007,227075,1411,1155,19,1174,15
2020-08-09,Calaveras,009,45235,170,122,0,122,1
2020-08-09,Colusa,011,21464,410,371,0,371,4
2020-08-09,Contra Costa,013,1133247,12014,9214,34,9248,130
2020-08-09,Del Norte,015,27424,98,69,0,69,0
2020-08-09,El Dorado,017,186661,886,748,5,753,2
2020-08-09,Fresno,019,978130,24004,17846,229,18075,183
2020-08-09,Glenn,021,27897,406,354,0,354,1
2020-08-09,Humboldt,023,135768,308,279,1,280,4
2020-08-09,Imperial,025,180216,10697,8310,6,8316,165
2020-08-09,Inyo,027,18085,117,86,1,87,1
2020-08-09,Kern,029,883053,27040,23680,154,23834,215
2020-08-09,Kings,031,150075,5290,4446,25,4471,50
2020-08-09,Lake,033,64148,266,225,0,225,2
2020-08-09,Lassen,035,31185,698,589,2,591,0
2020-08-09,Los Angeles,037,10098052,218896,208810,732,209542,4984
2020-08-09,Madera,039,155013,3278,2322,13,2335,22
2020-08-09,Marin,041,260295,5717,5204,10,5214,44
2020-08-09,Mariposa,043,17540,66,56,0,56,2
2020-08-09,Mendocino,045,87422,444,283,0,283,1
2020-08-09,Merced,047,269075,6799,4735,3,4738,51
2020-08-09,Modoc,049,8938,7,4,0,4,0
2020-08-09,Mono,051,14174,160,113,2,115,1
2020-08-09,Monterey,053,433212,6528,5199,19,5218,34
2020-08-09,Napa,055,140530,1279,1062,2,1064,8
2020-08-09,Nevada,057,99092,376,332,13,345,1
2020-08-09,Orange,059,3164182,46382,39244,930,40174,722
2020-08-09,Placer,061,380077,2621,2211,4,2215,20
2020-08-09,Plumas,063,18699,38,27,0,27,0
2020-08-09,Riverside,065,2383286,48594,41894,49,41943,828
2020-08-09,Sacramento,067,1510023,14755,11301,13,11314,167
2020-08-09,San Benito,069,59416,813,687,0,687,2
2020-08-09,San Bernardino,071,2135413,43893,36092,207,36299,579
2020-08-09,San Diego,073,3302833,34946,32749,93,32842,594
2020-08-09,San Francisco,075,870044,8183,6820,7,6827,66
2020-08-09,San Joaquin,077,732212,16137,12933,20,12953,240
2020-08-09,San Luis Obispo,079,281455,2491,2124,11,2135,15
2020-08-09,San Mateo,081,765935,7315,6094,6,6100,117
2020-08-09,Santa Barbara,083,443738,7353,6669,66,6735,66
2020-08-09,Santa Clara,085,1922200,15076,11878,32,11910,181
2020-08-09,Santa Cruz,087,273765,1518,1246,9,1255,4
2020-08-09,Shasta,089,179085,547,361,3,364,9
2020-08-09,Sierra,091,2930,5,3,0,3,0
2020-08-09,Siskiyou,093,43540,112,74,0,74,0
2020-08-09,Solano,095,438530,4743,3954,28,3982,31
2020-08-09,Sonoma,097,501317,4398,3531,8,3539,41
2020-08-09,Stanislaus,099,539301,13156,10264,117,10381,106
2020-08-09,Sutter,101,95872,1033,857,1,858,7
2020-08-09,Tehama,103,63373,319,265,2,267,1
2020-08-09,Trinity,105,12862,31,5,6,11,0
2020-08-09,Tulare,107,460477,12606,10630,32,10662,194
2020-08-09,Tuolumne,109,53932,161,143,3,146,1
2020-08-09,Ventura,111,848112,9744,8633,46,8679,85
2020-08-09,Yolo,113,214977,2095,1765,4,1769,44
2020-08-09,Yuba,115,75493,629,442,1,443,1
2020-08-08,Alameda,001,1643700,15371,13087,107,13194,204
2020-08-08,Alpine,003,1148,2,2,0,2,0
2020-08-08,Amador,005,37829,244,139,0,139,2
2020-08-08,Butte,007,227075,1393,1140,19,1159,15
2020-08-08,Calaveras,009,45235,169,122,0,122,1
2020-08-08,Colusa,011,21464,409,368,0,368,4
2020-08-08,Contra Costa,013,1133247,11905,9104,34,9138,129
2020-08-08,Del Norte,015,27424,97,69,0,69,0
2020-08-08,El Dorado,017,186661,879,734,5,739,2
2020-08-08,Fresno,019,978130,23867,17538,227,17765,183
2020-08-08,Glenn,021,27897,406,344,0,344,1
2020-08-08,Humboldt,023,135768,305,277,1,278,4
2020-08-08,Imperial,025,180216,10682,8213,6,8219,165
2020-08-08,Inyo,027,18085,113,86,1,87,1
2020-08-08,Kern,029,883053,26926,22803,154,22957,215
2020-08-08,Kings,031,150075,5276,4367,25,4392,49
2020-08-08,Lake,033,64148,264,221,0,221,2
2020-08-08,Lassen,035,31185,698,589,2,591,0
2020-08-08,Los Angeles,037,10098052,218012,206971,721,207692,4974
2020-08-08,Madera,039,155013,3247,2275,13,2288,22
2020-08-08,Marin,041,260295,5697,5118,10,5128,44
2020-08-08,Mariposa,043,17540,65,55,0,55,2
2020-08-08,Mendocino,045,87422,442,264,0,264,1
2020-08-08,Merced,047,269075,6759,4570,3,4573,51
2020-08-08,Modoc,049,8938,7,4,0,4,0
2020-08-08,Mono,051,14174,160,113,2,115,1
2020-08-08,Monterey,053,433212,6470,5101,19,5120,33
2020-08-08,Napa,055,140530,1271,1062,2,1064,8
2020-08-08,Nevada,057,99092,374,325,13,338,1
2020-08-08,Orange,059,3164182,46252,38688,921,39609,718
2020-08-08,Placer,061,380077,2604,2153,4,2157,20
2020-08-08,Plumas,063,18699,38,27,0,27,0
2020-08-08,Riverside,065,2383286,48390,41412,49,41461,823
2020-08-08,Sacramento,067,1510023,14626,11144,13,11157,166
2020-08-08,San Benito,069,59416,805,684,0,684,2
2020-08-08,San Bernardino,071,2135413,43698,35691,206,35897,531
2020-08-08,San Diego,073,3302833,34757,32332,84,32416,593
2020-08-08,San Francisco,075,870044,8117,6820,7,6827,66
2020-08-08,San Joaquin,077,732212,16056,12559,19,12578,240
2020-08-08,San Luis Obispo,079,281455,2468,2081,11,2092,15
2020-08-08,San Mateo,081,765935,7257,6021,6,6027,117
2020-08-08,Santa Barbara,083,443738,7315,6598,66,6664,66
2020-08-08,Santa Clara,085,1922200,14924,11615,32,11647,181
2020-08-08,Santa Cruz,087,273765,1504,1247,9,1256,4
2020-08-08,Shasta,089,179085,545,343,3,346,9
2020-08-08,Sierra,091,2930,5,3,0,3,0
2020-08-08,Siskiyou,093,43540,112,73,0,73,0
2020-08-08,Solano,095,438530,4722,3889,27,3916,31
2020-08-08,Sonoma,097,501317,4367,3399,8,3407,41
2020-08-08,Stanislaus,099,539301,13081,9963,112,10075,105
2020-08-08,Sutter,101,95872,1023,830,1,831,7
2020-08-08,Tehama,103,63373,318,251,2,253,1
2020-08-08,Trinity,105,12862,31,5,6,11,0
2020-08-08,Tulare,107,460477,12531,10505,32,10537,192
2020-08-08,Tuolumne,109,53932,161,143,3,146,1
2020-08-08,Ventura,111,848112,9689,8462,45,8507,85
2020-08-08,Yolo,113,214977,2082,1725,4,1729,44
2020-08-08,Yuba,115,75493,620,430,1,431,1
2020-08-07,Alameda,001,1643700,15261,12805,107,12912,204
2020-08-07,Alpine,003,1148,2,2,0,2,0
2020-08-07,Amador,005,37829,242,125,0,125,2
2020-08-07,Butte,007,227075,1375,1092,19,1111,13
2020-08-07,Calaveras,009,45235,169,119,0,119,1
2020-08-07,Colusa,011,21464,408,358,0,358,4
2020-08-07,Contra Costa,013,1133247,11757,8810,34,8844,126
2020-08-07,Del Norte,015,27424,97,69,0,69,0
2020-08-07,El Dorado,017,186661,874,724,5,729,2
2020-08-07,Fresno,019,978130,23707,17290,227,17517,171
2020-08-07,Glenn,021,27897,405,339,0,339,1
2020-08-07,Humboldt,023,135768,301,274,1,275,4
2020-08-07,Imperial,025,180216,10657,8085,6,8091,164
2020-08-07,Inyo,027,18085,112,81,1,82,1
2020-08-07,Kern,029,883053,26800,22143,152,22295,206
2020-08-07,Kings,031,150075,5259,4315,25,4340,48
2020-08-07,Lake,033,64148,262,215,0,215,1
2020-08-07,Lassen,035,31185,697,588,2,590,0
2020-08-07,Los Angeles,037,10098052,216544,204406,710,205116,4924
2020-08-07,Madera,039,155013,3215,2245,13,2258,20
2020-08-07,Marin,041,260295,5668,5094,10,5104,43
2020-08-07,Mariposa,043,17540,65,53,0,53,2
2020-08-07,Mendocino,045,87422,428,262,0,262,1
2020-08-07,Merced,047,269075,6716,4358,3,4361,30
2020-08-07,Modoc,049,8938,7,4,0,4,0
2020-08-07,Mono,051,14174,160,112,2,114,1
2020-08-07,Monterey,053,433212,6395,5041,19,5060,33
2020-08-07,Napa,055,140530,1266,1055,2,1057,8
2020-08-07,Nevada,057,99092,371,324,13,337,1
2020-08-07,Orange,059,3164182,46041,38459,904,39363,701
2020-08-07,Placer,061,380077,2586,2078,4,2082,20
2020-08-07,Plumas,063,18699,38,25,0,25,0
2020-08-07,Riverside,065,2383286,48126,40902,48,40950,810
2020-08-07,Sacramento,067,1510023,14481,10798,13,10811,160
2020-08-07,San Benito,069,59416,799,647,0,647,2
2020-08-07,San Bernardino,071,2135413,43451,35200,205,35405,524
2020-08-07,San Diego,073,3302833,34572,31781,81,31862,586
2020-08-07,San Francisco,075,870044,8039,6765,7,6772,66
2020-08-07,San Joaquin,077,732212,15971,12392,19,12411,223
2020-08-07,San Luis Obispo,079,281455,2437,2050,11,2061,14
2020-08-07,San Mateo,081,765935,7197,5948,6,5954,117
2020-08-07,Santa Barbara,083,443738,7264,6509,66,6575,66
2020-08-07,Santa Clara,085,1922200,14725,11409,32,11441,180
2020-08-07,Santa Cruz,087,273765,1486,1234,9,1243,5
2020-08-07,Shasta,089,179085,540,342,3,345,9
2020-08-07,Sierra,091,2930,5,3,0,3,0
2020-08-07,Siskiyou,093,43540,109,73,0,73,0
2020-08-07,Solano,095,438530,4690,3844,26,3870,31
2020-08-07,Sonoma,097,501317,4303,3329,8,3337,34
2020-08-07,Stanislaus,099,539301,12959,9665,102,9767,98
2020-08-07,Sutter,101,95872,1019,807,1,808,6
2020-08-07,Tehama,103,63373,314,246,2,248,1
2020-08-07,Trinity,105,12862,30,5,6,11,0
2020-08-07,Tulare,107,460477,12454,10292,32,10324,195
2020-08-07,Tuolumne,109,53932,160,136,3,139,1
2020-08-07,Ventura,111,848112,9629,8356,43,8399,84
2020-08-07,Yolo,113,214977,2055,1689,4,1693,37
2020-08-07,Yuba,115,75493,615,413,1,414,1
2020-08-06,Alameda,001,1643700,15040,12474,106,12580,200
2020-08-06,Alpine,003,1148,2,2,0,2,0
2020-08-06,Amador,005,37829,228,125,0,125,0
2020-08-06,Butte,007,227075,1356,1060,19,1079,13
2020-08-06,Calaveras,009,45235,166,117,0,117,1
2020-08-06,Colusa,011,21464,405,358,0,358,3
2020-08-06,Contra Costa,013,1133247,11563,8583,33,8616,124
2020-08-06,Del Norte,015,27424,97,69,0,69,0
2020-08-06,El Dorado,017,186661,863,703,5,708,1
2020-08-06,Fresno,019,978130,23409,17031,220,17251,161
2020-08-06,Glenn,021,27897,400,332,0,332,1
2020-08-06,Humboldt,023,135768,296,266,1,267,4
2020-08-06,Imperial,025,180216,10614,8064,6,8070,163
2020-08-06,Inyo,027,18085,104,83,1,84,1
2020-08-06,Kern,029,883053,26564,21843,151,21994,197
2020-08-06,Kings,031,150075,5197,4264,24,4288,47
2020-08-06,Lake,033,64148,259,209,0,209,1
2020-08-06,Lassen,035,31185,695,588,2,590,0
2020-08-06,Los Angeles,037,10098052,214470,201372,694,202066,4874
2020-08-06,Madera,039,155013,3167,2240,12,2252,19
2020-08-06,Marin,041,260295,5636,5058,10,5068,43
2020-08-06,Mariposa,043,17540,64,52,0,52,2
2020-08-06,Mendocino,045,87422,414,260,0,260,1
2020-08-06,Merced,047,269075,6614,4235,3,4238,30
2020-08-06,Modoc,049,8938,7,4,0,4,0
2020-08-06,Mono,051,14174,159,111,2,113,1
2020-08-06,Monterey,053,433212,6286,5001,18,5019,33
2020-08-06,Napa,055,140530,1252,1032,2,1034,8
2020-08-06,Nevada,057,99092,366,321,13,334,1
2020-08-06,Orange,059,3164182,45749,38399,899,39298,694
2020-08-06,Placer,061,380077,2560,2045,4,2049,20
2020-08-06,Plumas,063,18699,37,25,0,25,0
2020-08-06,Riverside,065,2383286,47732,40269,48,40317,781
2020-08-06,Sacramento,067,1510023,14252,10548,13,10561,153
2020-08-06,San Benito,069,59416,791,626,0,626,2
2020-08-06,San Bernardino,071,2135413,43046,34819,203,35022,516
2020-08-06,San Diego,073,3302833,34305,31129,74,31203,583
2020-08-06,San Francisco,075,870044,7946,6737,6,6743,60
2020-08-06,San Joaquin,077,732212,15811,12269,19,12288,203
2020-08-06,San Luis Obispo,079,281455,2413,2000,10,2010,13
2020-08-06,San Mateo,081,765935,7097,5885,6,5891,117
2020-08-06,Santa Barbara,083,443738,7204,6620,66,6686,65
2020-08-06,Santa Clara,085,1922200,14496,11280,32,11312,178
2020-08-06,Santa Cruz,087,273765,1465,1215,9,1224,4
2020-08-06,Shasta,089,179085,531,343,3,346,9
2020-08-06,Sierra,091,2930,5,3,0,3,0
2020-08-06,Siskiyou,093,43540,109,73,0,73,0
2020-08-06,Solano,095,438530,4646,3784,26,3810,29
2020-08-06,Sonoma,097,501317,4239,3259,8,3267,33
2020-08-06,Stanislaus,099,539301,12809,9566,86,9652,98
2020-08-06,Sutter,101,95872,988,797,1,798,6
2020-08-06,Tehama,103,63373,311,242,2,244,1
2020-08-06,Trinity,105,12862,27,5,6,11,0
2020-08-06,Tulare,107,460477,12294,10169,32,10201,195
2020-08-06,Tuolumne,109,53932,159,136,3,139,1
2020-08-06,Ventura,111,848112,9514,8245,40,8285,80
2020-08-06,Yolo,113,214977,2031,1662,4,1666,36
2020-08-06,Yuba,115,75493,606,407,0,407,1
2020-08-05,Alameda,001,1643700,14826,12140,106,12246,193
2020-08-05,Alpine,003,1148,2,2,0,2,0
2020-08-05,Amador,005,37829,218,123,0,123,0
2020-08-05,Butte,007,227075,1322,1038,18,1056,13
2020-08-05,Calaveras,009,45235,163,116,0,116,1
2020-08-05,Colusa,011,21464,401,354,0,354,3
2020-08-05,Contra Costa,013,1133247,11394,8362,33,8395,122
2020-08-05,Del Norte,015,27424,96,69,0,69,0
2020-08-05,El Dorado,017,186661,855,692,5,697,1
2020-08-05,Fresno,019,978130,23165,16625,215,16840,159
2020-08-05,Glenn,021,27897,397,330,0,330,1
2020-08-05,Humboldt,023,135768,294,249,1,250,4
2020-08-05,Imperial,025,180216,10579,8036,6,8042,163
2020-08-05,Inyo,027,18085,102,62,1,63,1
2020-08-05,Kern,029,883053,26376,21540,146,21686,194
2020-08-05,Kings,031,150075,5152,4192,23,4215,47
2020-08-05,Lake,033,64148,252,209,0,209,1
2020-08-05,Lassen,035,31185,648,557,2,559,0
2020-08-05,Los Angeles,037,10098052,212551,198355,674,199029,4832
2020-08-05,Madera,039,155013,3125,2172,12,2184,19
2020-08-05,Marin,041,260295,5604,5036,10,5046,43
2020-08-05,Mariposa,043,17540,64,52,0,52,2
2020-08-05,Mendocino,045,87422,402,248,0,248,1
2020-08-05,Merced,047,269075,6479,4119,3,4122,30
2020-08-05,Modoc,049,8938,7,3,0,3,0
2020-08-05,Mono,051,14174,159,104,2,106,1
2020-08-05,Monterey,053,433212,6171,4936,18,4954,32
2020-08-05,Napa,055,140530,1240,1020,2,1022,8
2020-08-05,Nevada,057,99092,357,327,13,340,2
2020-08-05,Orange,059,3164182,45440,37907,891,38798,663
2020-08-05,Placer,061,380077,2519,1989,4,1993,18
2020-08-05,Plumas,063,18699,36,25,0,25,0
2020-08-05,Riverside,065,2383286,47340,39454,46,39500,761
2020-08-05,Sacramento,067,1510023,14033,10261,12,10273,151
2020-08-05,San Benito,069,59416,782,613,0,613,2
2020-08-05,San Bernardino,071,2135413,42584,34442,198,34640,504
2020-08-05,San Diego,073,3302833,34081,30866,58,30924,578
2020-08-05,San Francisco,075,870044,7853,6701,6,6707,60
2020-08-05,San Joaquin,077,732212,15648,12148,19,12167,199
2020-08-05,San Luis Obispo,079,281455,2389,1928,10,1938,13
2020-08-05,San Mateo,081,765935,7002,5695,6,5701,116
2020-08-05,Santa Barbara,083,443738,7144,6597,66,6663,63
2020-08-05,Santa Clara,085,1922200,14262,11074,32,11106,176
2020-08-05,Santa Cruz,087,273765,1445,1192,7,1199,4
2020-08-05,Shasta,089,179085,525,338,3,341,9
2020-08-05,Sierra,091,2930,5,3,0,3,0
2020-08-05,Siskiyou,093,43540,105,72,0,72,0
2020-08-05,Solano,095,438530,4595,3750,25,3775,29
2020-08-05,Sonoma,097,501317,4156,3173,8,3181,33
2020-08-05,Stanislaus,099,539301,12650,9408,81,9489,97
2020-08-05,Sutter,101,95872,977,780,1,781,6
2020-08-05,Tehama,103,63373,308,231,2,233,1
2020-08-05,Trinity,105,12862,27,5,6,11,0
2020-08-05,Tulare,107,460477,12153,9924,32,9956,192
2020-08-05,Tuolumne,109,53932,159,137,3,140,0
2020-08-05,Ventura,111,848112,9398,8162,36,8198,75
2020-08-05,Yolo,113,214977,2003,1634,4,1638,36
2020-08-05,Yuba,115,75493,589,400,0,400,1
2020-08-04,Alameda,001,1643700,14609,11983,105,12088,192
2020-08-04,Alpine,003,1148,2,2,0,2,0
2020-08-04,Amador,005,37829,203,123,0,123,0
2020-08-04,Butte,007,227075,1298,1011,18,1029,10
2020-08-04,Calaveras,009,45235,159,116,0,116,1
2020-08-04,Colusa,011,21464,396,354,0,354,3
2020-08-04,Contra Costa,013,1133247,11227,8210,33,8243,122
2020-08-04,Del Norte,015,27424,94,69,0,69,0
2020-08-04,El Dorado,017,186661,845,668,5,673,1
2020-08-04,Fresno,019,978130,22880,16272,208,16480,154
2020-08-04,Glenn,021,27897,396,325,0,325,1
2020-08-04,Humboldt,023,135768,284,241,1,242,4
2020-08-04,Imperial,025,180216,10542,7974,6,7980,163
2020-08-04,Inyo,027,18085,88,59,1,60,1
2020-08-04,Kern,029,883053,26093,21403,146,21549,190
2020-08-04,Kings,031,150075,5087,4163,23,4186,47
2020-08-04,Lake,033,64148,252,206,0,206,1
2020-08-04,Lassen,035,31185,645,556,2,558,0
2020-08-04,Los Angeles,037,10098052,210612,196014,647,196661,4764
2020-08-04,Madera,039,155013,3082,2161,8,2169,19
2020-08-04,Marin,041,260295,5573,5020,9,5029,43
2020-08-04,Mariposa,043,17540,64,51,0,51,2
2020-08-04,Mendocino,045,87422,377,248,0,248,1
2020-08-04,Merced,047,269075,6365,4085,3,4088,30
2020-08-04,Modoc,049,8938,7,3,0,3,0
2020-08-04,Mono,051,14174,158,104,1,105,1
2020-08-04,Monterey,053,433212,6057,4892,18,4910,32
2020-08-04,Napa,055,140530,1227,994,0,994,8
2020-08-04,Nevada,057,99092,356,322,13,335,2
2020-08-04,Orange,059,3164182,45064,37844,885,38729,659
2020-08-04,Placer,061,380077,2482,1964,4,1968,17
2020-08-04,Plumas,063,18699,36,25,0,25,0
2020-08-04,Riverside,065,2383286,46955,38991,45,39036,743
2020-08-04,Sacramento,067,1510023,13815,10205,12,10217,146
2020-08-04,San Benito,069,59416,766,608,0,608,2
2020-08-04,San Bernardino,071,2135413,42034,34215,193,34408,495
2020-08-04,San Diego,073,3302833,33788,30518,46,30564,568
2020-08-04,San Francisco,075,870044,7765,6568,6,6574,60
2020-08-04,San Joaquin,077,732212,15519,12087,16,12103,189
2020-08-04,San Luis Obispo,079,281455,2359,1886,10,1896,13
2020-08-04,San Mateo,081,765935,6896,5690,6,5696,116
2020-08-04,Santa Barbara,083,443738,7084,6591,66,6657,61
2020-08-04,Santa Clara,085,1922200,13960,10986,31,11017,175
2020-08-04,Santa Cruz,087,273765,1426,1202,7,1209,4
2020-08-04,Shasta,089,179085,519,335,3,338,9
2020-08-04,Sierra,091,2930,5,1,0,1,0
2020-08-04,Siskiyou,093,43540,103,71,0,71,0
2020-08-04,Solano,095,438530,4524,3690,25,3715,29
2020-08-04,Sonoma,097,501317,4089,3108,8,3116,33
2020-08-04,Stanislaus,099,539301,12481,9359,74,9433,97
2020-08-04,Sutter,101,95872,963,761,1,762,6
2020-08-04,Tehama,103,63373,301,226,2,228,1
2020-08-04,Trinity,105,12862,27,5,6,11,0
2020-08-04,Tulare,107,460477,11973,9866,32,9898,192
2020-08-04,Tuolumne,109,53932,158,127,3,130,0
2020-08-04,Ventura,111,848112,9284,8134,34,8168,75
2020-08-04,Yolo,113,214977,1977,1626,4,1630,37
2020-08-04,Yuba,115,75493,574,398,0,398,1
2020-08-03,Alameda,001,1643700,14427,11817,102,11919,189
2020-08-03,Alpine,003,1148,2,2,0,2,0
2020-08-03,Amador,005,37829,199,119,0,119,0
2020-08-03,Butte,007,227075,1252,989,17,1006,9
2020-08-03,Calaveras,009,45235,156,117,0,117,1
2020-08-03,Colusa,011,21464,392,336,0,336,2
2020-08-03,Contra Costa,013,1133247,11030,8069,30,8099,120
2020-08-03,Del Norte,015,27424,90,68,0,68,0
2020-08-03,El Dorado,017,186661,834,645,5,650,1
2020-08-03,Fresno,019,978130,22586,15945,202,16147,151
2020-08-03,Glenn,021,27897,389,316,0,316,1
2020-08-03,Humboldt,023,135768,277,234,1,235,4
2020-08-03,Imperial,025,180216,10487,7953,6,7959,161
2020-08-03,Inyo,027,18085,85,57,1,58,1
2020-08-03,Kern,029,883053,25726,21285,139,21424,176
2020-08-03,Kings,031,150075,4975,4107,22,4129,47
2020-08-03,Lake,033,64148,245,201,0,201,1
2020-08-03,Lassen,035,31185,645,555,2,557,0
2020-08-03,Los Angeles,037,10098052,208576,194103,619,194722,4706
2020-08-03,Madera,039,155013,3033,2143,7,2150,18
2020-08-03,Marin,041,260295,5526,5001,9,5010,43
2020-08-03,Mariposa,043,17540,63,52,0,52,2
2020-08-03,Mendocino,045,87422,354,248,0,248,1
2020-08-03,Merced,047,269075,6243,4028,3,4031,29
2020-08-03,Modoc,049,8938,7,2,0,2,0
2020-08-03,Mono,051,14174,158,104,1,105,1
2020-08-03,Monterey,053,433212,5906,4806,15,4821,28
2020-08-03,Napa,055,140530,1213,973,0,973,8
2020-08-03,Nevada,057,99092,352,315,13,328,2
2020-08-03,Orange,059,3164182,44670,37705,875,38580,651
2020-08-03,Placer,061,380077,2426,1947,3,1950,16
2020-08-03,Plumas,063,18699,36,25,0,25,0
2020-08-03,Riverside,065,2383286,46487,38642,45,38687,740
2020-08-03,Sacramento,067,1510023,13620,10143,12,10155,142
2020-08-03,San Benito,069,59416,754,603,0,603,2
2020-08-03,San Bernardino,071,2135413,41509,33979,187,34166,444
2020-08-03,San Diego,073,3302833,33474,30228,36,30264,565
2020-08-03,San Francisco,075,870044,7671,6319,6,6325,60
2020-08-03,San Joaquin,077,732212,15323,12007,15,12022,189
2020-08-03,San Luis Obispo,079,281455,2317,1863,8,1871,14
2020-08-03,San Mateo,081,765935,6815,5661,6,5667,115
2020-08-03,Santa Barbara,083,443738,7040,6580,66,6646,59
2020-08-03,Santa Clara,085,1922200,13684,10747,31,10778,172
2020-08-03,Santa Cruz,087,273765,1406,1154,7,1161,4
2020-08-03,Shasta,089,179085,512,322,3,325,9
2020-08-03,Sierra,091,2930,5,1,0,1,0
2020-08-03,Siskiyou,093,43540,99,67,0,67,0
2020-08-03,Solano,095,438530,4455,3610,24,3634,29
2020-08-03,Sonoma,097,501317,3988,3079,7,3086,33
2020-08-03,Stanislaus,099,539301,12272,9308,66,9374,96
2020-08-03,Sutter,101,95872,939,713,1,714,6
2020-08-03,Tehama,103,63373,293,225,2,227,1
2020-08-03,Trinity,105,12862,27,5,6,11,0
2020-08-03,Tulare,107,460477,11789,9703,32,9735,188
2020-08-03,Tuolumne,109,53932,158,123,3,126,0
2020-08-03,Ventura,111,848112,9193,8084,31,8115,74
2020-08-03,Yolo,113,214977,1942,1598,3,1601,37
2020-08-03,Yuba,115,75493,550,393,0,393,1
2020-08-02,Alameda,001,1643700,14181,11696,90,11786,188
2020-08-02,Alpine,003,1148,2,2,0,2,0
2020-08-02,Amador,005,37829,194,117,0,117,0
2020-08-02,Butte,007,227075,1217,987,17,1004,9
2020-08-02,Calaveras,009,45235,153,116,0,116,1
2020-08-02,Colusa,011,21464,387,335,0,335,2
2020-08-02,Contra Costa,013,1133247,10791,7995,30,8025,118
2020-08-02,Del Norte,015,27424,89,68,0,68,0
2020-08-02,El Dorado,017,186661,824,643,5,648,1
2020-08-02,Fresno,019,978130,22311,15759,196,15955,151
2020-08-02,Glenn,021,27897,388,315,0,315,1
2020-08-02,Humboldt,023,135768,272,232,1,233,4
2020-08-02,Imperial,025,180216,10424,7919,6,7925,157
2020-08-02,Inyo,027,18085,84,45,1,46,1
2020-08-02,Kern,029,883053,25428,21162,137,21299,176
2020-08-02,Kings,031,150075,4913,3964,21,3985,47
2020-08-02,Lake,033,64148,240,201,0,201,1
2020-08-02,Lassen,035,31185,645,555,2,557,0
2020-08-02,Los Angeles,037,10098052,206486,192480,601,193081,4698
2020-08-02,Madera,039,155013,2967,2123,5,2128,18
2020-08-02,Marin,041,260295,5491,4985,9,4994,43
2020-08-02,Mariposa,043,17540,61,52,0,52,2
2020-08-02,Mendocino,045,87422,344,247,0,247,1
2020-08-02,Merced,047,269075,6101,4011,3,4014,29
2020-08-02,Modoc,049,8938,7,2,0,2,0
2020-08-02,Mono,051,14174,151,104,1,105,1
2020-08-02,Monterey,053,433212,5780,4698,15,4713,28
2020-08-02,Napa,055,140530,1198,956,0,956,8
2020-08-02,Nevada,057,99092,349,314,13,327,2
2020-08-02,Orange,059,3164182,44289,37266,864,38130,651
2020-08-02,Placer,061,380077,2387,1920,3,1923,15
2020-08-02,Plumas,063,18699,36,25,0,25,0
2020-08-02,Riverside,065,2383286,46054,38507,44,38551,735
2020-08-02,Sacramento,067,1510023,13341,10099,12,10111,142
2020-08-02,San Benito,069,59416,740,599,0,599,2
2020-08-02,San Bernardino,071,2135413,40907,33643,183,33826,443
2020-08-02,San Diego,073,3302833,33134,29885,27,29912,565
2020-08-02,San Francisco,075,870044,7553,6297,6,6303,60
2020-08-02,San Joaquin,077,732212,15039,11937,13,11950,189
2020-08-02,San Luis Obispo,079,281455,2254,1821,8,1829,14
2020-08-02,San Mateo,081,765935,6700,5618,6,5624,115
2020-08-02,Santa Barbara,083,443738,6950,6532,66,6598,59
2020-08-02,Santa Clara,085,1922200,13465,10577,31,10608,172
2020-08-02,Santa Cruz,087,273765,1386,1162,7,1169,4
2020-08-02,Shasta,089,179085,508,318,3,321,9
2020-08-02,Sierra,091,2930,4,1,0,1,0
2020-08-02,Siskiyou,093,43540,99,65,0,65,0
2020-08-02,Solano,095,438530,4397,3609,24,3633,29
2020-08-02,Sonoma,097,501317,3904,3005,7,3012,33
2020-08-02,Stanislaus,099,539301,12057,9277,61,9338,96
2020-08-02,Sutter,101,95872,904,714,1,715,6
2020-08-02,Tehama,103,63373,287,222,2,224,1
2020-08-02,Trinity,105,12862,27,5,6,11,0
2020-08-02,Tulare,107,460477,11580,9593,32,9625,188
2020-08-02,Tuolumne,109,53932,155,123,3,126,0
2020-08-02,Ventura,111,848112,9046,8014,31,8045,73
2020-08-02,Yolo,113,214977,1917,1588,3,1591,37
2020-08-02,Yuba,115,75493,530,393,0,393,1
2020-08-01,Alameda,001,1643700,14069,11590,90,11680,188
2020-08-01,Alpine,003,1148,2,2,0,2,0
2020-08-01,Amador,005,37829,190,109,0,109,0
2020-08-01,Butte,007,227075,1203,976,17,993,9
2020-08-01,Calaveras,009,45235,149,116,0,116,1
2020-08-01,Colusa,011,21464,386,327,0,327,2
2020-08-01,Contra Costa,013,1133247,10658,7867,29,7896,116
2020-08-01,Del Norte,015,27424,89,68,0,68,0
2020-08-01,El Dorado,017,186661,821,637,5,642,1
2020-08-01,Fresno,019,978130,22174,15448,196,15644,149
2020-08-01,Glenn,021,27897,387,311,0,311,1
2020-08-01,Humboldt,023,135768,271,232,1,233,4
2020-08-01,Imperial,025,180216,10388,7919,6,7925,156
2020-08-01,Inyo,027,18085,82,45,1,46,1
2020-08-01,Kern,029,883053,25270,20796,133,20929,176
2020-08-01,Kings,031,150075,4887,3948,21,3969,47
2020-08-01,Lake,033,64148,238,194,0,194,1
2020-08-01,Lassen,035,31185,644,555,2,557,0
2020-08-01,Los Angeles,037,10098052,205593,191023,574,191597,4674
2020-08-01,Madera,039,155013,2928,2103,5,2108,18
2020-08-01,Marin,041,260295,5476,4945,9,4954,43
2020-08-01,Mariposa,043,17540,61,50,0,50,2
2020-08-01,Mendocino,045,87422,337,243,0,243,1
2020-08-01,Merced,047,269075,6053,3972,3,3975,29
2020-08-01,Modoc,049,8938,7,2,0,2,0
2020-08-01,Mono,051,14174,150,104,1,105,1
2020-08-01,Monterey,053,433212,5713,4611,14,4625,28
2020-08-01,Napa,055,140530,1189,923,0,923,8
2020-08-01,Nevada,057,99092,345,305,13,318,2
2020-08-01,Orange,059,3164182,44062,36703,858,37561,648
2020-08-01,Placer,061,380077,2353,1891,3,1894,14
2020-08-01,Plumas,063,18699,35,25,0,25,0
2020-08-01,Riverside,065,2383286,45842,38216,42,38258,704
2020-08-01,Sacramento,067,1510023,13190,10044,12,10056,141
2020-08-01,San Benito,069,59416,729,579,0,579,2
2020-08-01,San Bernardino,071,2135413,40671,32947,182,33129,440
2020-08-01,San Diego,073,3302833,32917,29579,19,29598,565
2020-08-01,San Francisco,075,870044,7492,6296,6,6302,60
2020-08-01,San Joaquin,077,732212,14965,11807,12,11819,189
2020-08-01,San Luis Obispo,079,281455,2225,1798,8,1806,13
2020-08-01,San Mateo,081,765935,6646,5520,6,5526,115
2020-08-01,Santa Barbara,083,443738,6910,6465,66,6531,59
2020-08-01,Santa Clara,085,1922200,13314,10281,30,10311,171
2020-08-01,Santa Cruz,087,273765,1370,1164,7,1171,4
2020-08-01,Shasta,089,179085,503,312,3,315,9
2020-08-01,Sierra,091,2930,3,1,0,1,0
2020-08-01,Siskiyou,093,43540,99,64,0,64,0
2020-08-01,Solano,095,438530,4363,3591,23,3614,29
2020-08-01,Sonoma,097,501317,3858,2890,7,2897,29
2020-08-01,Stanislaus,099,539301,11939,9221,54,9275,96
2020-08-01,Sutter,101,95872,900,714,1,715,6
2020-08-01,Tehama,103,63373,284,220,2,222,1
2020-08-01,Trinity,105,12862,27,5,6,11,0
2020-08-01,Tulare,107,460477,11512,9520,32,9552,188
2020-08-01,Tuolumne,109,53932,155,123,3,126,0
2020-08-01,Ventura,111,848112,9000,7819,31,7850,73
2020-08-01,Yolo,113,214977,1907,1557,3,1560,37
2020-08-01,Yuba,115,75493,525,387,0,387,1
2020-07-31,Alameda,001,1643700,13940,11441,90,11531,187
2020-07-31,Alpine,003,1148,2,2,0,2,0
2020-07-31,Amador,005,37829,189,98,0,98,0
2020-07-31,Butte,007,227075,1180,925,17,942,7
2020-07-31,Calaveras,009,45235,149,112,0,112,1
2020-07-31,Colusa,011,21464,376,319,0,319,2
2020-07-31,Contra Costa,013,1133247,10510,7697,28,7725,113
2020-07-31,Del Norte,015,27424,88,68,0,68,0
2020-07-31,El Dorado,017,186661,810,616,5,621,1
2020-07-31,Fresno,019,978130,21954,15083,196,15279,133
2020-07-31,Glenn,021,27897,380,304,0,304,1
2020-07-31,Humboldt,023,135768,264,229,1,230,4
2020-07-31,Imperial,025,180216,10356,7886,5,7891,155
2020-07-31,Inyo,027,18085,72,45,1,46,1
2020-07-31,Kern,029,883053,25029,20061,129,20190,173
2020-07-31,Kings,031,150075,4859,3807,21,3828,45
2020-07-31,Lake,033,64148,237,191,0,191,1
2020-07-31,Lassen,035,31185,639,544,2,546,0
2020-07-31,Los Angeles,037,10098052,203993,188688,561,189249,4628
2020-07-31,Madera,039,155013,2881,2036,5,2041,19
2020-07-31,Marin,041,260295,5432,4885,6,4891,43
2020-07-31,Mariposa,043,17540,61,49,0,49,2
2020-07-31,Mendocino,045,87422,322,232,0,232,1
2020-07-31,Merced,047,269075,5970,3789,3,3792,30
2020-07-31,Modoc,049,8938,6,0,0,0,0
2020-07-31,Mono,051,14174,149,104,1,105,1
2020-07-31,Monterey,053,433212,5621,4493,14,4507,24
2020-07-31,Napa,055,140530,1177,897,0,897,7
2020-07-31,Nevada,057,99092,343,302,13,315,2
2020-07-31,Orange,059,3164182,43763,36196,841,37037,620
2020-07-31,Placer,061,380077,2328,1853,3,1856,14
2020-07-31,Plumas,063,18699,34,25,0,25,0
2020-07-31,Riverside,065,2383286,45452,37612,41,37653,694
2020-07-31,Sacramento,067,1510023,13012,9872,12,9884,132
2020-07-31,San Benito,069,59416,721,567,0,567,2
2020-07-31,San Bernardino,071,2135413,40341,32332,181,32513,434
2020-07-31,San Diego,073,3302833,32683,29050,11,29061,561
2020-07-31,San Francisco,075,870044,7393,6126,6,6132,60
2020-07-31,San Joaquin,077,732212,14825,11561,12,11573,177
2020-07-31,San Luis Obispo,079,281455,2156,1746,8,1754,12
2020-07-31,San Mateo,081,765935,6574,5416,6,5422,115
2020-07-31,Santa Barbara,083,443738,6843,6375,66,6441,58
2020-07-31,Santa Clara,085,1922200,13093,9863,30,9893,171
2020-07-31,Santa Cruz,087,273765,1347,1118,7,1125,4
2020-07-31,Shasta,089,179085,493,305,3,308,9
2020-07-31,Sierra,091,2930,3,1,0,1,0
2020-07-31,Siskiyou,093,43540,97,61,0,61,0
2020-07-31,Solano,095,438530,4316,3510,22,3532,29
2020-07-31,Sonoma,097,501317,3800,2745,7,2752,27
2020-07-31,Stanislaus,099,539301,11833,9061,49,9110,94
2020-07-31,Sutter,101,95872,895,714,1,715,6
2020-07-31,Tehama,103,63373,281,213,2,215,1
2020-07-31,Trinity,105,12862,27,5,6,11,0
2020-07-31,Tulare,107,460477,11391,9365,32,9397,184
2020-07-31,Tuolumne,109,53932,155,120,3,123,0
2020-07-31,Ventura,111,848112,8925,7521,31,7552,71
2020-07-31,Yolo,113,214977,1881,1522,3,1525,38
2020-07-31,Yuba,115,75493,516,369,0,369,1
2020-07-30,Alameda,001,1643700,13737,11303,52,11355,185
2020-07-30,Alpine,003,1148,2,2,0,2,0
2020-07-30,Amador,005,37829,171,97,0,97,0
2020-07-30,Butte,007,227075,1164,915,17,932,7
2020-07-30,Calaveras,009,45235,145,111,0,111,1
2020-07-30,Colusa,011,21464,373,315,0,315,2
2020-07-30,Contra Costa,013,1133247,10326,7615,27,7642,112
2020-07-30,Del Norte,015,27424,88,68,0,68,0
2020-07-30,El Dorado,017,186661,803,608,5,613,1
2020-07-30,Fresno,019,978130,21618,14793,190,14983,133
2020-07-30,Glenn,021,27897,373,297,0,297,1
2020-07-30,Humboldt,023,135768,262,228,1,229,4
2020-07-30,Imperial,025,180216,10297,7849,5,7854,151
2020-07-30,Inyo,027,18085,68,44,1,45,1
2020-07-30,Kern,029,883053,24736,19552,125,19677,171
2020-07-30,Kings,031,150075,4755,3785,21,3806,43
2020-07-30,Lake,033,64148,231,181,0,181,1
2020-07-30,Lassen,035,31185,636,544,2,546,0
2020-07-30,Los Angeles,037,10098052,201961,186177,530,186707,4564
2020-07-30,Madera,039,155013,2811,2007,5,2012,18
2020-07-30,Marin,041,260295,5390,4835,5,4840,39
2020-07-30,Mariposa,043,17540,61,49,0,49,1
2020-07-30,Mendocino,045,87422,315,232,0,232,1
2020-07-30,Merced,047,269075,5805,3695,3,3698,30
2020-07-30,Modoc,049,8938,6,0,0,0,0
2020-07-30,Mono,051,14174,148,104,1,105,1
2020-07-30,Monterey,053,433212,5509,4352,14,4366,24
2020-07-30,Napa,055,140530,1160,874,0,874,7
2020-07-30,Nevada,057,99092,338,292,13,305,2
2020-07-30,Orange,059,3164182,43348,36105,817,36922,607
2020-07-30,Placer,061,380077,2277,1821,3,1824,14
2020-07-30,Plumas,063,18699,33,25,0,25,0
2020-07-30,Riverside,065,2383286,44911,37308,41,37349,685
2020-07-30,Sacramento,067,1510023,12793,9704,12,9716,126
2020-07-30,San Benito,069,59416,708,558,0,558,2
2020-07-30,San Bernardino,071,2135413,39818,32010,181,32191,427
2020-07-30,San Diego,073,3302833,32336,28670,9,28679,558
2020-07-30,San Francisco,075,870044,7293,6107,6,6113,59
2020-07-30,San Joaquin,077,732212,14631,11435,12,11447,161
2020-07-30,San Luis Obispo,079,281455,2120,1703,8,1711,12
2020-07-30,San Mateo,081,765935,6479,5369,6,5375,115
2020-07-30,Santa Barbara,083,443738,6763,6273,66,6339,52
2020-07-30,Santa Clara,085,1922200,12859,9708,29,9737,170
2020-07-30,Santa Cruz,087,273765,1319,1087,7,1094,4
2020-07-30,Shasta,089,179085,489,306,3,309,8
2020-07-30,Sierra,091,2930,3,1,0,1,0
2020-07-30,Siskiyou,093,43540,96,60,0,60,0
2020-07-30,Solano,095,438530,4265,3463,22,3485,29
2020-07-30,Sonoma,097,501317,3729,2684,7,2691,25
2020-07-30,Stanislaus,099,539301,11620,8890,41,8931,94
2020-07-30,Sutter,101,95872,876,698,1,699,6
2020-07-30,Tehama,103,63373,278,208,2,210,1
2020-07-30,Trinity,105,12862,26,4,6,10,0
2020-07-30,Tulare,107,460477,11262,9167,32,9199,177
2020-07-30,Tuolumne,109,53932,154,119,3,122,0
2020-07-30,Ventura,111,848112,8813,7304,29,7333,69
2020-07-30,Yolo,113,214977,1861,1511,3,1514,37
2020-07-30,Yuba,115,75493,503,362,0,362,1
2020-07-29,Alameda,001,1643700,13517,11177,47,11224,180
2020-07-29,Alpine,003,1148,2,2,0,2,0
2020-07-29,Amador,005,37829,163,80,0,80,0
2020-07-29,Butte,007,227075,1138,889,15,904,7
2020-07-29,Calaveras,009,45235,139,107,0,107,1
2020-07-29,Colusa,011,21464,369,302,0,302,2
2020-07-29,Contra Costa,013,1133247,10122,7520,27,7547,108
2020-07-29,Del Norte,015,27424,88,68,0,68,0
2020-07-29,El Dorado,017,186661,793,588,5,593,1
2020-07-29,Fresno,019,978130,21326,14312,190,14502,125
2020-07-29,Glenn,021,27897,366,294,0,294,1
2020-07-29,Humboldt,023,135768,259,221,1,222,4
2020-07-29,Imperial,025,180216,10249,7825,5,7830,147
2020-07-29,Inyo,027,18085,63,44,1,45,1
2020-07-29,Kern,029,883053,24398,19073,122,19195,162
2020-07-29,Kings,031,150075,4707,3755,21,3776,43
2020-07-29,Lake,033,64148,229,179,0,179,1
2020-07-29,Lassen,035,31185,621,513,2,515,0
2020-07-29,Los Angeles,037,10098052,199933,183600,513,184113,4523
2020-07-29,Madera,039,155013,2757,1941,5,1946,18
2020-07-29,Marin,041,260295,5352,4747,5,4752,34
2020-07-29,Mariposa,043,17540,60,47,0,47,1
2020-07-29,Mendocino,045,87422,307,228,0,228,0
2020-07-29,Merced,047,269075,5665,3605,3,3608,25
2020-07-29,Modoc,049,8938,5,0,0,0,0
2020-07-29,Mono,051,14174,145,102,1,103,1
2020-07-29,Monterey,053,433212,5409,4252,14,4266,24
2020-07-29,Napa,055,140530,1132,866,0,866,7
2020-07-29,Nevada,057,99092,334,288,13,301,1
2020-07-29,Orange,059,3164182,42914,35339,806,36145,589
2020-07-29,Placer,061,380077,2245,1798,3,1801,14
2020-07-29,Plumas,063,18699,33,25,0,25,0
2020-07-29,Riverside,065,2383286,44319,36968,41,37009,678
2020-07-29,Sacramento,067,1510023,12547,9538,12,9550,122
2020-07-29,San Benito,069,59416,693,537,0,537,2
2020-07-29,San Bernardino,071,2135413,39329,31168,170,31338,417
2020-07-29,San Diego,073,3302833,32011,28289,8,28297,552
2020-07-29,San Francisco,075,870044,7199,6041,6,6047,56
2020-07-29,San Joaquin,077,732212,14383,11249,9,11258,154
2020-07-29,San Luis Obispo,079,281455,2099,1673,8,1681,11
2020-07-29,San Mateo,081,765935,6391,5305,6,5311,114
2020-07-29,Santa Barbara,083,443738,6696,6215,66,6281,31
2020-07-29,Santa Clara,085,1922200,12652,9567,29,9596,165
2020-07-29,Santa Cruz,087,273765,1295,1051,7,1058,4
2020-07-29,Shasta,089,179085,477,297,3,300,8
2020-07-29,Sierra,091,2930,2,1,0,1,0
2020-07-29,Siskiyou,093,43540,94,58,0,58,0
2020-07-29,Solano,095,438530,4211,3380,22,3402,29
2020-07-29,Sonoma,097,501317,3651,2598,7,2605,26
2020-07-29,Stanislaus,099,539301,11399,8745,35,8780,94
2020-07-29,Sutter,101,95872,848,678,1,679,6
2020-07-29,Tehama,103,63373,274,206,2,208,1
2020-07-29,Trinity,105,12862,26,4,6,10,0
2020-07-29,Tulare,107,460477,11091,9028,32,9060,156
2020-07-29,Tuolumne,109,53932,154,118,3,121,0
2020-07-29,Ventura,111,848112,8708,7161,29,7190,68
2020-07-29,Yolo,113,214977,1835,1488,3,1491,36
2020-07-29,Yuba,115,75493,487,350,0,350,1
2020-07-28,Alameda,001,1643700,13288,10875,46,10921,180
2020-07-28,Alpine,003,1148,2,2,0,2,0
2020-07-28,Amador,005,37829,153,77,0,77,0
2020-07-28,Butte,007,227075,1103,857,15,872,7
2020-07-28,Calaveras,009,45235,138,105,0,105,1
2020-07-28,Colusa,011,21464,363,290,0,290,2
2020-07-28,Contra Costa,013,1133247,9900,7426,27,7453,107
2020-07-28,Del Norte,015,27424,87,68,0,68,0
2020-07-28,El Dorado,017,186661,778,558,5,563,1
2020-07-28,Fresno,019,978130,20990,13933,184,14117,125
2020-07-28,Glenn,021,27897,364,289,0,289,1
2020-07-28,Humboldt,023,135768,258,218,1,219,4
2020-07-28,Imperial,025,180216,10213,7804,5,7809,145
2020-07-28,Inyo,027,18085,61,43,1,44,1
2020-07-28,Kern,029,883053,24035,18834,116,18950,155
2020-07-28,Kings,031,150075,4661,3721,21,3742,41
2020-07-28,Lake,033,64148,225,179,0,179,1
2020-07-28,Lassen,035,31185,615,508,2,510,0
2020-07-28,Los Angeles,037,10098052,197700,179107,491,179598,4435
2020-07-28,Madera,039,155013,2691,1889,5,1894,18
2020-07-28,Marin,041,260295,5283,4698,5,4703,23
2020-07-28,Mariposa,043,17540,58,45,0,45,1
2020-07-28,Mendocino,045,87422,296,222,0,222,0
2020-07-28,Merced,047,269075,5520,3446,3,3449,23
2020-07-28,Modoc,049,8938,4,0,0,0,0
2020-07-28,Mono,051,14174,144,102,1,103,1
2020-07-28,Monterey,053,433212,5289,4047,14,4061,22
2020-07-28,Napa,055,140530,1110,824,0,824,6
2020-07-28,Nevada,057,99092,329,278,13,291,1
2020-07-28,Orange,059,3164182,42456,34832,792,35624,582
2020-07-28,Placer,061,380077,2209,1759,3,1762,14
2020-07-28,Plumas,063,18699,33,22,0,22,0
2020-07-28,Riverside,065,2383286,43718,36458,41,36499,668
2020-07-28,Sacramento,067,1510023,12288,9429,11,9440,117
2020-07-28,San Benito,069,59416,683,503,0,503,2
2020-07-28,San Bernardino,071,2135413,38806,30493,166,30659,412
2020-07-28,San Diego,073,3302833,31661,28007,6,28013,547
2020-07-28,San Francisco,075,870044,7086,5888,6,5894,56
2020-07-28,San Joaquin,077,732212,14100,10958,6,10964,141
2020-07-28,San Luis Obispo,079,281455,2066,1636,8,1644,9
2020-07-28,San Mateo,081,765935,6318,5171,6,5177,114
2020-07-28,Santa Barbara,083,443738,6632,6110,64,6174,31
2020-07-28,Santa Clara,085,1922200,12418,9307,29,9336,165
2020-07-28,Santa Cruz,087,273765,1268,1018,7,1025,4
2020-07-28,Shasta,089,179085,465,275,3,278,8
2020-07-28,Sierra,091,2930,2,1,0,1,0
2020-07-28,Siskiyou,093,43540,90,57,0,57,0
2020-07-28,Solano,095,438530,4164,3292,21,3313,29
2020-07-28,Sonoma,097,501317,3577,2553,7,2560,20
2020-07-28,Stanislaus,099,539301,11177,8492,27,8519,92
2020-07-28,Sutter,101,95872,811,653,0,653,2
2020-07-28,Tehama,103,63373,269,199,2,201,1
2020-07-28,Trinity,105,12862,26,3,6,9,0
2020-07-28,Tulare,107,460477,10904,8787,32,8819,96
2020-07-28,Tuolumne,109,53932,153,116,3,119,0
2020-07-28,Ventura,111,848112,8582,7045,28,7073,68
2020-07-28,Yolo,113,214977,1807,1459,3,1462,36
2020-07-28,Yuba,115,75493,470,333,0,333,1
2020-07-27,Alameda,001,1643700,13061,10645,43,10688,176
2020-07-27,Alpine,003,1148,2,2,0,2,0
2020-07-27,Amador,005,37829,148,72,0,72,0
2020-07-27,Butte,007,227075,1076,843,15,858,7
2020-07-27,Calaveras,009,45235,134,103,0,103,1
2020-07-27,Colusa,011,21464,356,271,0,271,2
2020-07-27,Contra Costa,013,1133247,9678,7256,27,7283,104
2020-07-27,Del Norte,015,27424,86,67,0,67,0
2020-07-27,El Dorado,017,186661,766,548,5,553,1
2020-07-27,Fresno,019,978130,20642,13485,178,13663,117
2020-07-27,Glenn,021,27897,362,277,0,277,1
2020-07-27,Humboldt,023,135768,253,218,1,219,4
2020-07-27,Imperial,025,180216,10163,7789,5,7794,144
2020-07-27,Inyo,027,18085,61,43,1,44,1
2020-07-27,Kern,029,883053,23533,17994,110,18104,148
2020-07-27,Kings,031,150075,4412,3685,21,3706,39
2020-07-27,Lake,033,64148,221,176,0,176,1
2020-07-27,Lassen,035,31185,615,503,2,505,0
2020-07-27,Los Angeles,037,10098052,195272,176351,473,176824,4379
2020-07-27,Madera,039,155013,2626,1793,5,1798,17
2020-07-27,Marin,041,260295,5195,4669,5,4674,22
2020-07-27,Mariposa,043,17540,58,43,0,43,1
2020-07-27,Mendocino,045,87422,282,209,0,209,0
2020-07-27,Merced,047,269075,5380,3292,3,3295,23
2020-07-27,Modoc,049,8938,3,0,0,0,0
2020-07-27,Mono,051,14174,140,99,1,100,1
2020-07-27,Monterey,053,433212,5100,3960,14,3974,21
2020-07-27,Napa,055,140530,1095,769,0,769,6
2020-07-27,Nevada,057,99092,325,268,13,281,1
2020-07-27,Orange,059,3164182,42016,34649,776,35425,566
2020-07-27,Placer,061,380077,2159,1679,3,1682,12
2020-07-27,Plumas,063,18699,33,22,0,22,0
2020-07-27,Riverside,065,2383286,43039,35822,41,35863,667
2020-07-27,Sacramento,067,1510023,11995,9091,11,9102,114
2020-07-27,San Benito,069,59416,668,498,0,498,2
2020-07-27,San Bernardino,071,2135413,38214,29928,156,30084,401
2020-07-27,San Diego,073,3302833,31287,27509,5,27514,533
2020-07-27,San Francisco,075,870044,6999,5825,6,5831,55
2020-07-27,San Joaquin,077,732212,13811,10728,6,10734,129
2020-07-27,San Luis Obispo,079,281455,2020,1612,8,1620,9
2020-07-27,San Mateo,081,765935,6209,5108,6,5114,113
2020-07-27,Santa Barbara,083,443738,6553,6026,62,6088,30
2020-07-27,Santa Clara,085,1922200,12149,9157,28,9185,166
2020-07-27,Santa Cruz,087,273765,1244,984,7,991,4
2020-07-27,Shasta,089,179085,458,275,3,278,8
2020-07-27,Sierra,091,2930,2,1,0,1,0
2020-07-27,Siskiyou,093,43540,88,54,0,54,0
2020-07-27,Solano,095,438530,4097,3198,20,3218,29
2020-07-27,Sonoma,097,501317,3486,2504,7,2511,20
2020-07-27,Stanislaus,099,539301,10951,8288,19,8307,84
2020-07-27,Sutter,101,95872,785,620,0,620,2
2020-07-27,Tehama,103,63373,261,192,2,194,1
2020-07-27,Trinity,105,12862,26,3,6,9,0
2020-07-27,Tulare,107,460477,10686,8462,32,8494,172
2020-07-27,Tuolumne,109,53932,150,115,3,118,0
2020-07-27,Ventura,111,848112,8454,6998,27,7025,68
2020-07-27,Yolo,113,214977,1762,1439,3,1442,33
2020-07-27,Yuba,115,75493,450,328,0,328,1
2020-07-26,Alameda,001,1643700,12823,10489,42,10531,176
2020-07-26,Alpine,003,1148,2,2,0,2,0
2020-07-26,Amador,005,37829,142,67,0,67,0
2020-07-26,Butte,007,227075,1039,822,15,837,5
2020-07-26,Calaveras,009,45235,131,103,0,103,1
2020-07-26,Colusa,011,21464,347,270,0,270,2
2020-07-26,Contra Costa,013,1133247,9441,7095,27,7122,104
2020-07-26,Del Norte,015,27424,84,67,0,67,0
2020-07-26,El Dorado,017,186661,748,539,5,544,1
2020-07-26,Fresno,019,978130,20251,13209,170,13379,117
2020-07-26,Glenn,021,27897,354,265,0,265,1
2020-07-26,Humboldt,023,135768,247,214,1,215,4
2020-07-26,Imperial,025,180216,10091,7781,5,7786,144
2020-07-26,Inyo,027,18085,56,43,1,44,1
2020-07-26,Kern,029,883053,23008,17394,107,17501,148
2020-07-26,Kings,031,150075,4353,3591,21,3612,39
2020-07-26,Lake,033,64148,213,174,0,174,1
2020-07-26,Lassen,035,31185,574,503,2,505,0
2020-07-26,Los Angeles,037,10098052,192702,174322,455,174777,4364
2020-07-26,Madera,039,155013,2539,1744,5,1749,17
2020-07-26,Marin,041,260295,5149,4595,5,4600,22
2020-07-26,Mariposa,043,17540,56,43,0,43,1
2020-07-26,Mendocino,045,87422,273,206,0,206,0
2020-07-26,Merced,047,269075,5200,3251,2,3253,23
2020-07-26,Modoc,049,8938,3,0,0,0,0
2020-07-26,Mono,051,14174,136,82,1,83,1
2020-07-26,Monterey,053,433212,4934,3901,14,3915,21
2020-07-26,Napa,055,140530,1076,769,0,769,6
2020-07-26,Nevada,057,99092,322,261,13,274,1
2020-07-26,Orange,059,3164182,41491,34352,745,35097,564
2020-07-26,Placer,061,380077,2095,1628,3,1631,12
2020-07-26,Plumas,063,18699,33,22,0,22,0
2020-07-26,Riverside,065,2383286,42479,35636,41,35677,665
2020-07-26,Sacramento,067,1510023,11690,8972,11,8983,114
2020-07-26,San Benito,069,59416,656,495,0,495,2
2020-07-26,San Bernardino,071,2135413,37573,29545,148,29693,400
2020-07-26,San Diego,073,3302833,30891,26986,4,26990,533
2020-07-26,San Francisco,075,870044,6893,5823,6,5829,55
2020-07-26,San Joaquin,077,732212,13518,10637,6,10643,129
2020-07-26,San Luis Obispo,079,281455,1978,1565,8,1573,8
2020-07-26,San Mateo,081,765935,6104,5078,6,5084,113
2020-07-26,Santa Barbara,083,443738,6452,5939,62,6001,30
2020-07-26,Santa Clara,085,1922200,11920,8986,28,9014,166
2020-07-26,Santa Cruz,087,273765,1217,970,7,977,4
2020-07-26,Shasta,089,179085,451,265,3,268,8
2020-07-26,Sierra,091,2930,2,1,0,1,0
2020-07-26,Siskiyou,093,43540,86,54,0,54,0
2020-07-26,Solano,095,438530,4017,3197,18,3215,29
2020-07-26,Sonoma,097,501317,3397,2503,6,2509,20
2020-07-26,Stanislaus,099,539301,10690,8228,18,8246,84
2020-07-26,Sutter,101,95872,771,612,0,612,2
2020-07-26,Tehama,103,63373,254,175,2,177,1
2020-07-26,Trinity,105,12862,26,3,6,9,0
2020-07-26,Tulare,107,460477,10480,8392,32,8424,172
2020-07-26,Tuolumne,109,53932,145,113,3,116,0
2020-07-26,Ventura,111,848112,8247,6844,27,6871,67
2020-07-26,Yolo,113,214977,1731,1408,3,1411,33
2020-07-26,Yuba,115,75493,431,313,0,313,1
2020-07-25,Alameda,001,1643700,12726,10361,40,10401,176
2020-07-25,Alpine,003,1148,2,2,0,2,0
2020-07-25,Amador,005,37829,139,67,0,67,0
2020-07-25,Butte,007,227075,1030,810,15,825,5
2020-07-25,Calaveras,009,45235,127,103,0,103,1
2020-07-25,Colusa,011,21464,340,265,0,265,2
2020-07-25,Contra Costa,013,1133247,9296,6920,27,6947,104
2020-07-25,Del Norte,015,27424,84,67,0,67,0
2020-07-25,El Dorado,017,186661,737,528,5,533,1
2020-07-25,Fresno,019,978130,20064,12866,170,13036,117
2020-07-25,Glenn,021,27897,352,260,0,260,1
2020-07-25,Humboldt,023,135768,244,212,1,213,4
2020-07-25,Imperial,025,180216,10065,7727,5,7732,144
2020-07-25,Inyo,027,18085,55,43,1,44,1
2020-07-25,Kern,029,883053,22790,16910,106,17016,148
2020-07-25,Kings,031,150075,4336,3516,21,3537,39
2020-07-25,Lake,033,64148,211,173,0,173,1
2020-07-25,Lassen,035,31185,574,503,2,505,0
2020-07-25,Los Angeles,037,10098052,191572,172611,448,173059,4357
2020-07-25,Madera,039,155013,2507,1724,5,1729,17
2020-07-25,Marin,041,260295,5133,4562,5,4567,22
2020-07-25,Mariposa,043,17540,55,43,0,43,1
2020-07-25,Mendocino,045,87422,267,190,0,190,0
2020-07-25,Merced,047,269075,5121,3176,2,3178,23
2020-07-25,Modoc,049,8938,3,0,0,0,0
2020-07-25,Mono,051,14174,136,82,1,83,1
2020-07-25,Monterey,053,433212,4857,3805,14,3819,21
2020-07-25,Napa,055,140530,1063,746,0,746,6
2020-07-25,Nevada,057,99092,320,257,13,270,1
2020-07-25,Orange,059,3164182,41272,33978,724,34702,561
2020-07-25,Placer,061,380077,2079,1596,3,1599,12
2020-07-25,Plumas,063,18699,33,22,0,22,0
2020-07-25,Riverside,065,2383286,42210,34921,41,34962,655
2020-07-25,Sacramento,067,1510023,11544,8674,11,8685,113
2020-07-25,San Benito,069,59416,640,492,0,492,2
2020-07-25,San Bernardino,071,2135413,37295,29265,145,29410,394
2020-07-25,San Diego,073,3302833,30630,26703,3,26706,533
2020-07-25,San Francisco,075,870044,6835,5644,6,5650,55
2020-07-25,San Joaquin,077,732212,13392,10347,5,10352,129
2020-07-25,San Luis Obispo,079,281455,1958,1530,7,1537,8
2020-07-25,San Mateo,081,765935,6041,5023,6,5029,113
2020-07-25,Santa Barbara,083,443738,6417,5880,62,5942,30
2020-07-25,Santa Clara,085,1922200,11786,8767,28,8795,166
2020-07-25,Santa Cruz,087,273765,1200,939,7,946,4
2020-07-25,Shasta,089,179085,446,263,1,264,8
2020-07-25,Sierra,091,2930,2,1,0,1,0
2020-07-25,Siskiyou,093,43540,84,54,0,54,0
2020-07-25,Solano,095,438530,3977,3107,16,3123,29
2020-07-25,Sonoma,097,501317,3358,2412,6,2418,20
2020-07-25,Stanislaus,099,539301,10587,7994,15,8009,84
2020-07-25,Sutter,101,95872,752,603,0,603,2
2020-07-25,Tehama,103,63373,253,169,2,171,1
2020-07-25,Trinity,105,12862,26,3,6,9,0
2020-07-25,Tulare,107,460477,10380,8310,32,8342,172
2020-07-25,Tuolumne,109,53932,144,99,3,102,0
2020-07-25,Ventura,111,848112,8174,6662,27,6689,62
2020-07-25,Yolo,113,214977,1716,1357,3,1360,35
2020-07-25,Yuba,115,75493,425,312,0,312,1
2020-07-24,Alameda,001,1643700,12584,10216,37,10253,176
2020-07-24,Alpine,003,1148,2,2,0,2,0
2020-07-24,Amador,005,37829,137,66,0,66,0
2020-07-24,Butte,007,227075,1018,751,15,766,5
2020-07-24,Calaveras,009,45235,123,102,0,102,0
2020-07-24,Colusa,011,21464,337,255,0,255,2
2020-07-24,Contra Costa,013,1133247,9150,6814,27,6841,100
2020-07-24,Del Norte,015,27424,84,66,0,66,0
2020-07-24,El Dorado,017,186661,715,516,5,521,1
2020-07-24,Fresno,019,978130,19839,12564,170,12734,115
2020-07-24,Glenn,021,27897,349,251,0,251,1
2020-07-24,Humboldt,023,135768,241,210,1,211,4
2020-07-24,Imperial,025,180216,10043,7686,5,7691,141
2020-07-24,Inyo,027,18085,55,41,1,42,1
2020-07-24,Kern,029,883053,22549,16124,106,16230,143
2020-07-24,Kings,031,150075,4306,3471,21,3492,39
2020-07-24,Lake,033,64148,209,167,0,167,1
2020-07-24,Lassen,035,31185,574,503,2,505,0
2020-07-24,Los Angeles,037,10098052,189554,169078,437,169515,4302
2020-07-24,Madera,039,155013,2474,1679,5,1684,16
2020-07-24,Marin,041,260295,5106,4517,5,4522,22
2020-07-24,Mariposa,043,17540,55,41,0,41,1
2020-07-24,Mendocino,045,87422,260,188,0,188,0
2020-07-24,Merced,047,269075,5036,3100,2,3102,23
2020-07-24,Modoc,049,8938,3,0,0,0,0
2020-07-24,Mono,051,14174,135,82,1,83,1
2020-07-24,Monterey,053,433212,4785,3748,14,3762,21
2020-07-24,Napa,055,140530,1050,741,0,741,6
2020-07-24,Nevada,057,99092,317,255,13,268,1
2020-07-24,Orange,059,3164182,40985,33530,708,34238,557
2020-07-24,Placer,061,380077,2048,1551,3,1554,12
2020-07-24,Plumas,063,18699,33,22,0,22,0
2020-07-24,Riverside,065,2383286,41787,34513,40,34553,631
2020-07-24,Sacramento,067,1510023,11356,8570,11,8581,110
2020-07-24,San Benito,069,59416,633,485,0,485,2
2020-07-24,San Bernardino,071,2135413,36922,28990,140,29130,386
2020-07-24,San Diego,073,3302833,30330,26100,3,26103,524
2020-07-24,San Francisco,075,870044,6741,5611,6,5617,55
2020-07-24,San Joaquin,077,732212,13243,10190,5,10195,118
2020-07-24,San Luis Obispo,079,281455,1934,1476,7,1483,8
2020-07-24,San Mateo,081,765935,5978,4954,6,4960,112
2020-07-24,Santa Barbara,083,443738,6364,5776,60,5836,30
2020-07-24,Santa Clara,085,1922200,11621,8658,28,8686,165
2020-07-24,Santa Cruz,087,273765,1180,930,7,937,4
2020-07-24,Shasta,089,179085,438,262,1,263,8
2020-07-24,Sierra,091,2930,2,1,0,1,0
2020-07-24,Siskiyou,093,43540,84,53,0,53,0
2020-07-24,Solano,095,438530,3941,3062,13,3075,29
2020-07-24,Sonoma,097,501317,3306,2345,6,2351,20
2020-07-24,Stanislaus,099,539301,10415,7861,12,7873,82
2020-07-24,Sutter,101,95872,741,593,0,593,2
2020-07-24,Tehama,103,63373,245,170,2,172,1
2020-07-24,Trinity,105,12862,25,3,6,9,0
2020-07-24,Tulare,107,460477,10286,8167,30,8197,167
2020-07-24,Tuolumne,109,53932,138,99,3,102,0
2020-07-24,Ventura,111,848112,8089,6553,27,6580,60
2020-07-24,Yolo,113,214977,1702,1329,3,1332,35
2020-07-24,Yuba,115,75493,410,307,0,307,1
2020-07-23,Alameda,001,1643700,12342,9924,37,9961,171
2020-07-23,Alpine,003,1148,2,2,0,2,0
2020-07-23,Amador,005,37829,120,61,0,61,0
2020-07-23,Butte,007,227075,1003,726,14,740,5
2020-07-23,Calaveras,009,45235,116,102,0,102,0
2020-07-23,Colusa,011,21464,329,242,0,242,2
2020-07-23,Contra Costa,013,1133247,8951,6619,25,6644,98
2020-07-23,Del Norte,015,27424,84,66,0,66,0
2020-07-23,El Dorado,017,186661,704,491,5,496,1
2020-07-23,Fresno,019,978130,19483,12164,167,12331,112
2020-07-23,Glenn,021,27897,344,246,0,246,1
2020-07-23,Humboldt,023,135768,240,208,1,209,4
2020-07-23,Imperial,025,180216,9993,7604,5,7609,138
2020-07-23,Inyo,027,18085,53,38,1,39,1
2020-07-23,Kern,029,883053,22142,14491,102,14593,128
2020-07-23,Kings,031,150075,4194,3371,21,3392,39
2020-07-23,Lake,033,64148,200,160,0,160,1
2020-07-23,Lassen,035,31185,571,503,2,505,0
2020-07-23,Los Angeles,037,10098052,187002,167198,411,167609,4265
2020-07-23,Madera,039,155013,2408,1659,4,1663,13
2020-07-23,Marin,041,260295,5054,4423,5,4428,22
2020-07-23,Mariposa,043,17540,55,40,0,40,1
2020-07-23,Mendocino,045,87422,250,178,0,178,0
2020-07-23,Merced,047,269075,4879,2972,2,2974,22
2020-07-23,Modoc,049,8938,3,0,0,0,0
2020-07-23,Mono,051,14174,131,82,1,83,1
2020-07-23,Monterey,053,433212,4668,3655,14,3669,21
2020-07-23,Napa,055,140530,1026,713,0,713,5
2020-07-23,Nevada,057,99092,314,247,13,260,1
2020-07-23,Orange,059,3164182,40488,32863,678,33541,544
2020-07-23,Placer,061,380077,2004,1519,3,1522,12
2020-07-23,Plumas,063,18699,32,21,0,21,0
2020-07-23,Riverside,065,2383286,41182,33833,40,33873,630
2020-07-23,Sacramento,067,1510023,11123,8222,11,8233,108
2020-07-23,San Benito,069,59416,618,478,0,478,2
2020-07-23,San Bernardino,071,2135413,36402,28121,134,28255,369
2020-07-23,San Diego,073,3302833,29956,25109,3,25112,505
2020-07-23,San Francisco,075,870044,6640,5543,6,5549,55
2020-07-23,San Joaquin,077,732212,13024,9861,5,9866,111
2020-07-23,San Luis Obispo,079,281455,1905,1438,7,1445,7
2020-07-23,San Mateo,081,765935,5873,4895,6,4901,113
2020-07-23,Santa Barbara,083,443738,6291,5628,60,5688,30
2020-07-23,Santa Clara,085,1922200,11402,8458,28,8486,165
2020-07-23,Santa Cruz,087,273765,1144,887,7,894,3
2020-07-23,Shasta,089,179085,427,254,1,255,9
2020-07-23,Sierra,091,2930,2,1,0,1,0
2020-07-23,Siskiyou,093,43540,82,53,0,53,0
2020-07-23,Solano,095,438530,3877,2962,11,2973,29
2020-07-23,Sonoma,097,501317,3230,2289,6,2295,18
2020-07-23,Stanislaus,099,539301,10173,7603,12,7615,71
2020-07-23,Sutter,101,95872,708,570,0,570,2
2020-07-23,Tehama,103,63373,239,158,2,160,1
2020-07-23,Trinity,105,12862,24,3,6,9,0
2020-07-23,Tulare,107,460477,10097,7898,30,7928,168
2020-07-23,Tuolumne,109,53932,138,93,3,96,0
2020-07-23,Ventura,111,848112,7965,6303,27,6330,56
2020-07-23,Yolo,113,214977,1683,1279,3,1282,35
2020-07-23,Yuba,115,75493,390,297,0,297,1
2020-07-22,Alameda,001,1643700,12124,9678,36,9714,169
2020-07-22,Alpine,003,1148,2,2,0,2,0
2020-07-22,Amador,005,37829,118,58,0,58,0
2020-07-22,Butte,007,227075,967,694,14,708,5
2020-07-22,Calaveras,009,45235,116,98,0,98,0
2020-07-22,Colusa,011,21464,322,236,0,236,0
2020-07-22,Contra Costa,013,1133247,8725,6401,25,6426,98
2020-07-22,Del Norte,015,27424,84,66,0,66,0
2020-07-22,El Dorado,017,186661,691,466,5,471,1
2020-07-22,Fresno,019,978130,19120,11756,161,11917,110
2020-07-22,Glenn,021,27897,338,236,0,236,1
2020-07-22,Humboldt,023,135768,238,201,1,202,4
2020-07-22,Imperial,025,180216,9933,7533,5,7538,134
2020-07-22,Inyo,027,18085,49,38,1,39,1
2020-07-22,Kern,029,883053,21710,13513,94,13607,127
2020-07-22,Kings,031,150075,4138,3271,21,3292,38
2020-07-22,Lake,033,64148,197,160,0,160,1
2020-07-22,Lassen,035,31185,568,500,2,502,0
2020-07-22,Los Angeles,037,10098052,184351,165242,389,165631,4218
2020-07-22,Madera,039,155013,2333,1578,4,1582,10
2020-07-22,Marin,041,260295,4998,4373,5,4378,23
2020-07-22,Mariposa,043,17540,55,38,0,38,1
2020-07-22,Mendocino,045,87422,243,166,0,166,0
2020-07-22,Merced,047,269075,4753,2828,2,2830,15
2020-07-22,Modoc,049,8938,3,0,0,0,0
2020-07-22,Mono,051,14174,128,82,1,83,1
2020-07-22,Monterey,053,433212,4567,3533,14,3547,20
2020-07-22,Napa,055,140530,1004,687,0,687,5
2020-07-22,Nevada,057,99092,308,239,12,251,1
2020-07-22,Orange,059,3164182,39989,32047,669,32716,522
2020-07-22,Placer,061,380077,1948,1469,3,1472,12
2020-07-22,Plumas,063,18699,31,20,0,20,0
2020-07-22,Riverside,065,2383286,40546,33093,40,33133,612
2020-07-22,Sacramento,067,1510023,10861,8028,11,8039,106
2020-07-22,San Benito,069,59416,604,465,0,465,2
2020-07-22,San Bernardino,071,2135413,35880,26820,123,26943,348
2020-07-22,San Diego,073,3302833,29568,25109,2,25111,505
2020-07-22,San Francisco,075,870044,6536,5473,5,5478,53
2020-07-22,San Joaquin,077,732212,12748,9628,5,9633,102
2020-07-22,San Luis Obispo,079,281455,1859,1373,7,1380,7
2020-07-22,San Mateo,081,765935,5784,4796,6,4802,112
2020-07-22,Santa Barbara,083,443738,6207,5508,58,5566,29
2020-07-22,Santa Clara,085,1922200,11158,8266,28,8294,166
2020-07-22,Santa Cruz,087,273765,1120,866,7,873,3
2020-07-22,Shasta,089,179085,417,246,1,247,9
2020-07-22,Sierra,091,2930,1,1,0,1,0
2020-07-22,Siskiyou,093,43540,81,52,0,52,0
2020-07-22,Solano,095,438530,3816,2839,10,2849,29
2020-07-22,Sonoma,097,501317,3153,2255,6,2261,17
2020-07-22,Stanislaus,099,539301,10002,7401,12,7413,71
2020-07-22,Sutter,101,95872,684,551,0,551,2
2020-07-22,Tehama,103,63373,231,155,2,157,1
2020-07-22,Trinity,105,12862,23,3,6,9,0
2020-07-22,Tulare,107,460477,9864,7640,30,7670,167
2020-07-22,Tuolumne,109,53932,134,91,3,94,0
2020-07-22,Ventura,111,848112,7837,6223,25,6248,56
2020-07-22,Yolo,113,214977,1640,1233,3,1236,34
2020-07-22,Yuba,115,75493,375,288,0,288,1
2020-07-21,Alameda,001,1643700,11910,9390,36,9426,166
2020-07-21,Alpine,003,1148,2,2,0,2,0
2020-07-21,Amador,005,37829,113,55,0,55,0
2020-07-21,Butte,007,227075,922,659,13,672,5
2020-07-21,Calaveras,009,45235,110,96,0,96,0
2020-07-21,Colusa,011,21464,298,227,0,227,0
2020-07-21,Contra Costa,013,1133247,8483,6210,25,6235,98
2020-07-21,Del Norte,015,27424,84,66,0,66,0
2020-07-21,El Dorado,017,186661,683,440,5,445,1
2020-07-21,Fresno,019,978130,18720,11412,155,11567,107
2020-07-21,Glenn,021,27897,331,229,0,229,1
2020-07-21,Humboldt,023,135768,236,198,1,199,4
2020-07-21,Imperial,025,180216,9884,7458,5,7463,128
2020-07-21,Inyo,027,18085,48,38,1,39,1
2020-07-21,Kern,029,883053,21288,11998,88,12086,119
2020-07-21,Kings,031,150075,4073,3187,20,3207,38
2020-07-21,Lake,033,64148,197,157,0,157,1
2020-07-21,Lassen,035,31185,566,474,2,476,0
2020-07-21,Los Angeles,037,10098052,181361,162205,367,162572,4159
2020-07-21,Madera,039,155013,2268,1508,3,1511,10
2020-07-21,Marin,041,260295,4926,4318,5,4323,21
2020-07-21,Mariposa,043,17540,54,37,0,37,1
2020-07-21,Mendocino,045,87422,232,160,0,160,0
2020-07-21,Merced,047,269075,4574,2725,2,2727,15
2020-07-21,Modoc,049,8938,3,0,0,0,0
2020-07-21,Mono,051,14174,124,79,1,80,1
2020-07-21,Monterey,053,433212,4435,3404,13,3417,20
2020-07-21,Napa,055,140530,977,660,0,660,5
2020-07-21,Nevada,057,99092,306,228,10,238,1
2020-07-21,Orange,059,3164182,39493,31356,637,31993,515
2020-07-21,Placer,061,380077,1907,1413,3,1416,11
2020-07-21,Plumas,063,18699,31,19,0,19,0
2020-07-21,Riverside,065,2383286,39844,32231,40,32271,583
2020-07-21,Sacramento,067,1510023,10589,7789,10,7799,102
2020-07-21,San Benito,069,59416,593,444,0,444,2
2020-07-21,San Bernardino,071,2135413,35232,25323,116,25439,343
2020-07-21,San Diego,073,3302833,29119,24522,2,24524,487
2020-07-21,San Francisco,075,870044,6427,5377,5,5382,53
2020-07-21,San Joaquin,077,732212,12419,9150,5,9155,99
2020-07-21,San Luis Obispo,079,281455,1810,1338,7,1345,7
2020-07-21,San Mateo,081,765935,5692,4733,6,4739,111
2020-07-21,Santa Barbara,083,443738,6127,5422,57,5479,29
2020-07-21,Santa Clara,085,1922200,10895,7989,28,8017,164
2020-07-21,Santa Cruz,087,273765,1087,835,7,842,3
2020-07-21,Shasta,089,179085,409,241,1,242,9
2020-07-21,Sierra,091,2930,1,1,0,1,0
2020-07-21,Siskiyou,093,43540,81,48,0,48,0
2020-07-21,Solano,095,438530,3743,2727,10,2737,27
2020-07-21,Sonoma,097,501317,3096,2200,6,2206,17
2020-07-21,Stanislaus,099,539301,9739,6984,12,6996,69
2020-07-21,Sutter,101,95872,668,533,0,533,2
2020-07-21,Tehama,103,63373,221,150,2,152,1
2020-07-21,Trinity,105,12862,23,2,6,8,0
2020-07-21,Tulare,107,460477,9662,7447,30,7477,167
2020-07-21,Tuolumne,109,53932,132,75,3,78,0
2020-07-21,Ventura,111,848112,7705,6131,25,6156,55
2020-07-21,Yolo,113,214977,1586,1204,3,1207,34
2020-07-21,Yuba,115,75493,369,269,0,269,1
2020-07-20,Alameda,001,1643700,11655,9244,35,9279,162
2020-07-20,Alpine,003,1148,2,2,0,2,0
2020-07-20,Amador,005,37829,110,53,0,53,0
2020-07-20,Butte,007,227075,885,586,13,599,4
2020-07-20,Calaveras,009,45235,107,90,0,90,0
2020-07-20,Colusa,011,21464,287,217,0,217,0
2020-07-20,Contra Costa,013,1133247,8275,5823,25,5848,97
2020-07-20,Del Norte,015,27424,84,61,0,61,0
2020-07-20,El Dorado,017,186661,660,407,5,412,0
2020-07-20,Fresno,019,978130,18278,10891,154,11045,106
2020-07-20,Glenn,021,27897,323,225,0,225,1
2020-07-20,Humboldt,023,135768,229,194,1,195,4
2020-07-20,Imperial,025,180216,9844,7337,5,7342,124
2020-07-20,Inyo,027,18085,46,38,1,39,1
2020-07-20,Kern,029,883053,20778,10908,84,10992,118
2020-07-20,Kings,031,150075,4023,3093,20,3113,37
2020-07-20,Lake,033,64148,194,147,0,147,1
2020-07-20,Lassen,035,31185,564,474,2,476,0
2020-07-20,Los Angeles,037,10098052,178397,159202,341,159543,4108
2020-07-20,Madera,039,155013,2193,1433,3,1436,10
2020-07-20,Marin,041,260295,4844,4255,5,4260,21
2020-07-20,Mariposa,043,17540,53,36,0,36,1
2020-07-20,Mendocino,045,87422,219,153,0,153,0
2020-07-20,Merced,047,269075,4404,2584,2,2586,15
2020-07-20,Modoc,049,8938,3,0,0,0,0
2020-07-20,Mono,051,14174,118,78,1,79,1
2020-07-20,Monterey,053,433212,4329,3205,13,3218,19
2020-07-20,Napa,055,140530,942,632,0,632,5
2020-07-20,Nevada,057,99092,298,218,10,228,1
2020-07-20,Orange,059,3164182,38883,30337,607,30944,507
2020-07-20,Placer,061,380077,1856,1364,3,1367,11
2020-07-20,Plumas,063,18699,30,17,0,17,0
2020-07-20,Riverside,065,2383286,39013,31163,40,31203,581
2020-07-20,Sacramento,067,1510023,10261,7369,10,7379,99
2020-07-20,San Benito,069,59416,575,433,0,433,2
2020-07-20,San Bernardino,071,2135413,34422,24226,112,24338,338
2020-07-20,San Diego,073,3302833,28677,24137,2,24139,478
2020-07-20,San Francisco,075,870044,6306,5090,5,5095,53
2020-07-20,San Joaquin,077,732212,12063,8583,5,8588,97
2020-07-20,San Luis Obispo,079,281455,1768,1282,7,1289,6
2020-07-20,San Mateo,081,765935,5592,4609,6,4615,111
2020-07-20,Santa Barbara,083,443738,6017,5266,55,5321,29
2020-07-20,Santa Clara,085,1922200,10667,7711,27,7738,164
2020-07-20,Santa Cruz,087,273765,1055,758,7,765,3
2020-07-20,Shasta,089,179085,394,233,1,234,9
2020-07-20,Sierra,091,2930,1,1,0,1,0
2020-07-20,Siskiyou,093,43540,77,42,0,42,0
2020-07-20,Solano,095,438530,3660,2537,10,2547,26
2020-07-20,Sonoma,097,501317,2989,2148,6,2154,17
2020-07-20,Stanislaus,099,539301,9455,6835,12,6847,58
2020-07-20,Sutter,101,95872,635,507,0,507,2
2020-07-20,Tehama,103,63373,211,146,2,148,1
2020-07-20,Trinity,105,12862,23,2,6,8,0
2020-07-20,Tulare,107,460477,9428,6974,30,7004,166
2020-07-20,Tuolumne,109,53932,131,75,3,78,0
2020-07-20,Ventura,111,848112,7571,5912,25,5937,52
2020-07-20,Yolo,113,214977,1546,1155,3,1158,30
2020-07-20,Yuba,115,75493,349,258,0,258,1
2020-07-19,Alameda,001,1643700,11414,9227,29,9256,162
2020-07-19,Alpine,003,1148,2,2,0,2,0
2020-07-19,Amador,005,37829,103,51,0,51,0
2020-07-19,Butte,007,227075,860,555,13,568,4
2020-07-19,Calaveras,009,45235,105,89,0,89,0
2020-07-19,Colusa,011,21464,279,187,0,187,0
2020-07-19,Contra Costa,013,1133247,7984,5691,23,5714,95
2020-07-19,Del Norte,015,27424,83,61,0,61,0
2020-07-19,El Dorado,017,186661,642,385,5,390,0
2020-07-19,Fresno,019,978130,17754,10639,142,10781,106
2020-07-19,Glenn,021,27897,309,215,0,215,0
2020-07-19,Humboldt,023,135768,221,195,1,196,4
2020-07-19,Imperial,025,180216,9753,7280,5,7285,124
2020-07-19,Inyo,027,18085,42,38,1,39,1
2020-07-19,Kern,029,883053,20161,10094,77,10171,115
2020-07-19,Kings,031,150075,3937,3035,20,3055,37
2020-07-19,Lake,033,64148,189,144,0,144,1
2020-07-19,Lassen,035,31185,545,474,2,476,0
2020-07-19,Los Angeles,037,10098052,174949,156039,318,156357,4100
2020-07-19,Madera,039,155013,2116,1301,3,1304,10
2020-07-19,Marin,041,260295,4789,4172,5,4177,21
2020-07-19,Mariposa,043,17540,49,35,0,35,1
2020-07-19,Mendocino,045,87422,214,137,0,137,0
2020-07-19,Merced,047,269075,4197,2460,2,2462,15
2020-07-19,Modoc,049,8938,3,0,0,0,0
2020-07-19,Mono,051,14174,107,63,1,64,1
2020-07-19,Monterey,053,433212,4210,3079,13,3092,18
2020-07-19,Napa,055,140530,913,612,0,612,5
2020-07-19,Nevada,057,99092,292,210,10,220,1
2020-07-19,Orange,059,3164182,38319,29941,594,30535,505
2020-07-19,Placer,061,380077,1809,1246,3,1249,11
2020-07-19,Plumas,063,18699,30,17,0,17,0
2020-07-19,Riverside,065,2383286,38308,30340,40,30380,581
2020-07-19,Sacramento,067,1510023,9868,6985,10,6995,97
2020-07-19,San Benito,069,59416,559,412,0,412,2
2020-07-19,San Bernardino,071,2135413,33649,23928,100,24028,337
2020-07-19,San Diego,073,3302833,28176,23684,2,23686,478
2020-07-19,San Francisco,075,870044,6160,5094,5,5099,52
2020-07-19,San Joaquin,077,732212,11657,8308,5,8313,93
2020-07-19,San Luis Obispo,079,281455,1724,1262,7,1269,6
2020-07-19,San Mateo,081,765935,5488,4522,6,4528,110
2020-07-19,Santa Barbara,083,443738,5915,5145,52,5197,29
2020-07-19,Santa Clara,085,1922200,10423,7403,27,7430,164
2020-07-19,Santa Cruz,087,273765,1011,753,7,760,3
2020-07-19,Shasta,089,179085,381,218,1,219,9
2020-07-19,Sierra,091,2930,1,1,0,1,0
2020-07-19,Siskiyou,093,43540,75,42,0,42,0
2020-07-19,Solano,095,438530,3555,2551,10,2561,26
2020-07-19,Sonoma,097,501317,2889,2074,6,2080,17
2020-07-19,Stanislaus,099,539301,9159,6508,12,6520,58
2020-07-19,Sutter,101,95872,604,480,0,480,2
2020-07-19,Tehama,103,63373,207,138,2,140,1
2020-07-19,Trinity,105,12862,23,2,6,8,0
2020-07-19,Tulare,107,460477,9180,6856,30,6886,166
2020-07-19,Tuolumne,109,53932,126,75,3,78,0
2020-07-19,Ventura,111,848112,7381,5706,25,5731,52
2020-07-19,Yolo,113,214977,1506,1127,3,1130,30
2020-07-19,Yuba,115,75493,329,240,0,240,1
2020-07-18,Alameda,001,1643700,11277,9089,28,9117,162
2020-07-18,Alpine,003,1148,2,2,0,2,0
2020-07-18,Amador,005,37829,99,49,0,49,0
2020-07-18,Butte,007,227075,851,551,13,564,4
2020-07-18,Calaveras,009,45235,101,89,0,89,0
2020-07-18,Colusa,011,21464,274,182,0,182,0
2020-07-18,Contra Costa,013,1133247,7850,5617,23,5640,95
2020-07-18,Del Norte,015,27424,83,61,0,61,0
2020-07-18,El Dorado,017,186661,639,385,5,390,0
2020-07-18,Fresno,019,978130,17505,10381,140,10521,106
2020-07-18,Glenn,021,27897,303,212,0,212,0
2020-07-18,Humboldt,023,135768,218,189,1,190,4
2020-07-18,Imperial,025,180216,9722,7268,5,7273,124
2020-07-18,Inyo,027,18085,42,38,1,39,1
2020-07-18,Kern,029,883053,19858,9250,74,9324,114
2020-07-18,Kings,031,150075,3897,2996,19,3015,37
2020-07-18,Lake,033,64148,186,142,0,142,1
2020-07-18,Lassen,035,31185,544,474,2,476,0
2020-07-18,Los Angeles,037,10098052,173503,153265,308,153573,4088
2020-07-18,Madera,039,155013,2070,1260,3,1263,9
2020-07-18,Marin,041,260295,4760,4089,5,4094,21
2020-07-18,Mariposa,043,17540,49,35,0,35,1
2020-07-18,Mendocino,045,87422,208,137,0,137,0
2020-07-18,Merced,047,269075,4078,2424,2,2426,15
2020-07-18,Modoc,049,8938,3,0,0,0,0
2020-07-18,Mono,051,14174,105,54,1,55,1
2020-07-18,Monterey,053,433212,4142,3020,13,3033,17
2020-07-18,Napa,055,140530,902,609,0,609,5
2020-07-18,Nevada,057,99092,288,204,9,213,1
2020-07-18,Orange,059,3164182,38000,29603,574,30177,493
2020-07-18,Placer,061,380077,1786,1233,3,1236,11
2020-07-18,Plumas,063,18699,30,17,0,17,0
2020-07-18,Riverside,065,2383286,37954,30245,39,30284,581
2020-07-18,Sacramento,067,1510023,9623,6739,10,6749,95
2020-07-18,San Benito,069,59416,544,407,0,407,2
2020-07-18,San Bernardino,071,2135413,33189,23680,93,23773,336
2020-07-18,San Diego,073,3302833,27873,23116,2,23118,478
2020-07-18,San Francisco,075,870044,6058,5051,5,5056,52
2020-07-18,San Joaquin,077,732212,11444,8118,5,8123,93
2020-07-18,San Luis Obispo,079,281455,1689,1234,7,1241,6
2020-07-18,San Mateo,081,765935,5428,4488,6,4494,110
2020-07-18,Santa Barbara,083,443738,5855,5110,50,5160,29
2020-07-18,Santa Clara,085,1922200,10274,7255,26,7281,164
2020-07-18,Santa Cruz,087,273765,994,751,7,758,3
2020-07-18,Shasta,089,179085,372,216,1,217,9
2020-07-18,Sierra,091,2930,1,1,0,1,0
2020-07-18,Siskiyou,093,43540,71,42,0,42,0
2020-07-18,Solano,095,438530,3514,2503,10,2513,26
2020-07-18,Sonoma,097,501317,2838,2019,6,2025,15
2020-07-18,Stanislaus,099,539301,9024,6344,12,6356,58
2020-07-18,Sutter,101,95872,598,473,0,473,2
2020-07-18,Tehama,103,63373,202,136,2,138,1
2020-07-18,Trinity,105,12862,23,2,6,8,0
2020-07-18,Tulare,107,460477,9089,6810,29,6839,167
2020-07-18,Tuolumne,109,53932,123,75,3,78,0
2020-07-18,Ventura,111,848112,7299,5630,25,5655,52
2020-07-18,Yolo,113,214977,1478,1077,3,1080,30
2020-07-18,Yuba,115,75493,318,237,0,237,1
2020-07-17,Alameda,001,1643700,11137,8893,27,8920,160
2020-07-17,Alpine,003,1148,2,1,0,1,0
2020-07-17,Amador,005,37829,97,48,0,48,0
2020-07-17,Butte,007,227075,837,497,13,510,4
2020-07-17,Calaveras,009,45235,99,86,0,86,0
2020-07-17,Colusa,011,21464,272,146,0,146,0
2020-07-17,Contra Costa,013,1133247,7702,5483,23,5506,93
2020-07-17,Del Norte,015,27424,82,60,0,60,0
2020-07-17,El Dorado,017,186661,623,368,5,373,0
2020-07-17,Fresno,019,978130,17207,9954,140,10094,104
2020-07-17,Glenn,021,27897,296,203,0,203,0
2020-07-17,Humboldt,023,135768,217,185,1,186,4
2020-07-17,Imperial,025,180216,9700,7193,5,7198,120
2020-07-17,Inyo,027,18085,42,38,1,39,1
2020-07-17,Kern,029,883053,19538,8291,73,8364,113
2020-07-17,Kings,031,150075,3858,2978,19,2997,37
2020-07-17,Lake,033,64148,184,139,0,139,1
2020-07-17,Lassen,035,31185,525,391,2,393,0
2020-07-17,Los Angeles,037,10098052,171131,150481,296,150777,4052
2020-07-17,Madera,039,155013,2026,1214,3,1217,9
2020-07-17,Marin,041,260295,4723,3839,5,3844,21
2020-07-17,Mariposa,043,17540,47,35,0,35,1
2020-07-17,Mendocino,045,87422,200,126,0,126,0
2020-07-17,Merced,047,269075,4002,2328,2,2330,12
2020-07-17,Modoc,049,8938,2,0,0,0,0
2020-07-17,Mono,051,14174,100,54,1,55,1
2020-07-17,Monterey,053,433212,4013,2922,13,2935,18
2020-07-17,Napa,055,140530,888,598,0,598,5
2020-07-17,Nevada,057,99092,281,200,9,209,1
2020-07-17,Orange,059,3164182,37537,28962,541,29503,485
2020-07-17,Placer,061,380077,1757,1207,3,1210,11
2020-07-17,Plumas,063,18699,27,16,0,16,0
2020-07-17,Riverside,065,2383286,37355,29639,39,29678,580
2020-07-17,Sacramento,067,1510023,9379,6563,10,6573,95
2020-07-17,San Benito,069,59416,529,399,0,399,2
2020-07-17,San Bernardino,071,2135413,32669,23057,90,23147,322
2020-07-17,San Diego,073,3302833,27485,22491,2,22493,472
2020-07-17,San Francisco,075,870044,5964,4967,5,4972,52
2020-07-17,San Joaquin,077,732212,11200,7925,5,7930,86
2020-07-17,San Luis Obispo,079,281455,1652,1190,7,1197,6
2020-07-17,San Mateo,081,765935,5331,4407,6,4413,110
2020-07-17,Santa Barbara,083,443738,5783,5001,49,5050,29
2020-07-17,Santa Clara,085,1922200,10056,7080,26,7106,164
2020-07-17,Santa Cruz,087,273765,972,716,7,723,3
2020-07-17,Shasta,089,179085,360,213,1,214,8
2020-07-17,Sierra,091,2930,1,1,0,1,0
2020-07-17,Siskiyou,093,43540,70,40,0,40,0
2020-07-17,Solano,095,438530,3465,2452,10,2462,26
2020-07-17,Sonoma,097,501317,2789,1982,6,1988,15
2020-07-17,Stanislaus,099,539301,8850,6220,12,6232,56
2020-07-17,Sutter,101,95872,585,458,0,458,2
2020-07-17,Tehama,103,63373,198,128,2,130,1
2020-07-17,Trinity,105,12862,23,2,6,8,0
2020-07-17,Tulare,107,460477,8953,6671,29,6700,166
2020-07-17,Tuolumne,109,53932,122,73,3,76,0
2020-07-17,Ventura,111,848112,7215,5451,25,5476,51
2020-07-17,Yolo,113,214977,1454,1055,3,1058,30
2020-07-17,Yuba,115,75493,308,231,0,231,1
2020-07-16,Alameda,001,1643700,10903,8719,22,8741,153
2020-07-16,Alpine,003,1148,2,1,0,1,0
2020-07-16,Amador,005,37829,94,46,0,46,0
2020-07-16,Butte,007,227075,800,465,12,477,4
2020-07-16,Calaveras,009,45235,97,82,0,82,0
2020-07-16,Colusa,011,21464,263,140,0,140,0
2020-07-16,Contra Costa,013,1133247,7489,5338,17,5355,91
2020-07-16,Del Norte,015,27424,82,60,0,60,0
2020-07-16,El Dorado,017,186661,606,357,5,362,0
2020-07-16,Fresno,019,978130,16696,9481,131,9612,101
2020-07-16,Glenn,021,27897,287,190,0,190,0
2020-07-16,Humboldt,023,135768,215,184,1,185,4
2020-07-16,Imperial,025,180216,9606,7148,5,7153,113
2020-07-16,Inyo,027,18085,42,38,1,39,1
2020-07-16,Kern,029,883053,19016,7435,71,7506,112
2020-07-16,Kings,031,150075,3691,2937,19,2956,37
2020-07-16,Lake,033,64148,179,128,0,128,1
2020-07-16,Lassen,035,31185,524,355,2,357,0
2020-07-16,Los Angeles,037,10098052,167909,147759,271,148030,3994
2020-07-16,Madera,039,155013,1962,1192,3,1195,8
2020-07-16,Marin,041,260295,4651,3546,5,3551,21
2020-07-16,Mariposa,043,17540,45,34,0,34,1
2020-07-16,Mendocino,045,87422,195,121,0,121,0
2020-07-16,Merced,047,269075,3840,2228,2,2230,12
2020-07-16,Modoc,049,8938,1,0,0,0,0
2020-07-16,Mono,051,14174,97,53,1,54,1
2020-07-16,Monterey,053,433212,3908,2857,12,2869,18
2020-07-16,Napa,055,140530,859,581,0,581,5
2020-07-16,Nevada,057,99092,278,191,9,200,1
2020-07-16,Orange,059,3164182,36835,28525,505,29030,471
2020-07-16,Placer,061,380077,1709,1168,3,1171,11
2020-07-16,Plumas,063,18699,25,16,0,16,0
2020-07-16,Riverside,065,2383286,36610,28904,37,28941,577
2020-07-16,Sacramento,067,1510023,9066,6440,9,6449,91
2020-07-16,San Benito,069,59416,512,389,0,389,2
2020-07-16,San Bernardino,071,2135413,31808,22355,72,22427,321
2020-07-16,San Diego,073,3302833,26998,21857,2,21859,465
2020-07-16,San Francisco,075,870044,5823,4838,5,4843,52
2020-07-16,San Joaquin,077,732212,10838,7713,5,7718,82
2020-07-16,San Luis Obispo,079,281455,1608,1146,7,1153,6
2020-07-16,San Mateo,081,765935,5227,4336,6,4342,110
2020-07-16,Santa Barbara,083,443738,5688,4872,48,4920,28
2020-07-16,Santa Clara,085,1922200,9776,6990,24,7014,164
2020-07-16,Santa Cruz,087,273765,931,698,7,705,3
2020-07-16,Shasta,089,179085,345,208,1,209,7
2020-07-16,Sierra,091,2930,1,1,0,1,0
2020-07-16,Siskiyou,093,43540,67,39,0,39,0
2020-07-16,Solano,095,438530,3371,2372,10,2382,25
2020-07-16,Sonoma,097,501317,2699,1954,6,1960,14
2020-07-16,Stanislaus,099,539301,8567,6077,11,6088,56
2020-07-16,Sutter,101,95872,569,444,0,444,2
2020-07-16,Tehama,103,63373,188,126,2,128,1
2020-07-16,Trinity,105,12862,23,2,5,7,0
2020-07-16,Tulare,107,460477,8737,6467,28,6495,163
2020-07-16,Tuolumne,109,53932,117,71,3,74,0
2020-07-16,Ventura,111,848112,7053,5231,25,5256,50
2020-07-16,Yolo,113,214977,1412,1034,3,1037,29
2020-07-16,Yuba,115,75493,290,221,0,221,1
2020-07-15,Alameda,001,1643700,10698,8615,17,8632,153
2020-07-15,Alpine,003,1148,2,1,0,1,0
2020-07-15,Amador,005,37829,73,44,0,44,0
2020-07-15,Butte,007,227075,758,420,12,432,4
2020-07-15,Calaveras,009,45235,97,75,0,75,0
2020-07-15,Colusa,011,21464,258,135,0,135,0
2020-07-15,Contra Costa,013,1133247,7258,5246,17,5263,90
2020-07-15,Del Norte,015,27424,81,60,0,60,0
2020-07-15,El Dorado,017,186661,582,339,5,344,0
2020-07-15,Fresno,019,978130,16222,9124,125,9249,101
2020-07-15,Glenn,021,27897,278,184,0,184,0
2020-07-15,Humboldt,023,135768,213,181,1,182,4
2020-07-15,Imperial,025,180216,9539,7110,5,7115,110
2020-07-15,Inyo,027,18085,42,36,1,37,1
2020-07-15,Kern,029,883053,18396,7155,68,7223,108
2020-07-15,Kings,031,150075,3630,2906,19,2925,37
2020-07-15,Lake,033,64148,177,122,0,122,1
2020-07-15,Lassen,035,31185,520,319,2,321,0
2020-07-15,Los Angeles,037,10098052,164443,143343,256,143599,3946
2020-07-15,Madera,039,155013,1893,1147,3,1150,4
2020-07-15,Marin,041,260295,4596,3458,5,3463,21
2020-07-15,Mariposa,043,17540,45,34,0,34,1
2020-07-15,Mendocino,045,87422,192,119,0,119,0
2020-07-15,Merced,047,269075,3690,2156,2,2158,12
2020-07-15,Modoc,049,8938,1,0,0,0,0
2020-07-15,Mono,051,14174,95,52,1,53,1
2020-07-15,Monterey,053,433212,3796,2780,12,2792,18
2020-07-15,Napa,055,140530,833,573,0,573,5
2020-07-15,Nevada,057,99092,274,185,7,192,1
2020-07-15,Orange,059,3164182,36035,27718,471,28189,454
2020-07-15,Placer,061,380077,1651,1145,3,1148,11
2020-07-15,Plumas,063,18699,25,16,0,16,0
2020-07-15,Riverside,065,2383286,35828,28492,35,28527,568
2020-07-15,Sacramento,067,1510023,8686,6217,9,6226,91
2020-07-15,San Benito,069,59416,503,388,0,388,2
2020-07-15,San Bernardino,071,2135413,31020,21508,56,21564,317
2020-07-15,San Diego,073,3302833,26531,21448,2,21450,448
2020-07-15,San Francisco,075,870044,5710,4757,5,4762,50
2020-07-15,San Joaquin,077,732212,10406,7381,4,7385,75
2020-07-15,San Luis Obispo,079,281455,1565,1097,7,1104,6
2020-07-15,San Mateo,081,765935,5114,4258,6,4264,109
2020-07-15,Santa Barbara,083,443738,5574,4733,48,4781,28
2020-07-15,Santa Clara,085,1922200,9472,6900,24,6924,164
2020-07-15,Santa Cruz,087,273765,895,660,6,666,3
2020-07-15,Shasta,089,179085,336,193,1,194,7
2020-07-15,Sierra,091,2930,1,1,0,1,0
2020-07-15,Siskiyou,093,43540,66,38,0,38,0
2020-07-15,Solano,095,438530,3276,2343,10,2353,25
2020-07-15,Sonoma,097,501317,2601,1920,6,1926,14
2020-07-15,Stanislaus,099,539301,8270,5777,11,5788,56
2020-07-15,Sutter,101,95872,543,433,0,433,2
2020-07-15,Tehama,103,63373,180,126,2,128,1
2020-07-15,Trinity,105,12862,22,2,5,7,0
2020-07-15,Tulare,107,460477,8526,6320,27,6347,156
2020-07-15,Tuolumne,109,53932,110,68,3,71,0
2020-07-15,Ventura,111,848112,6876,5087,25,5112,50
2020-07-15,Yolo,113,214977,1379,1002,3,1005,27
2020-07-15,Yuba,115,75493,278,221,0,221,1
2020-07-14,Alameda,001,1643700,10357,8388,11,8399,151
2020-07-14,Alpine,003,1148,2,1,0,1,0
2020-07-14,Amador,005,37829,69,44,0,44,0
2020-07-14,Butte,007,227075,712,382,12,394,4
2020-07-14,Calaveras,009,45235,95,74,0,74,0
2020-07-14,Colusa,011,21464,248,128,0,128,0
2020-07-14,Contra Costa,013,1133247,7021,5110,15,5125,90
2020-07-14,Del Norte,015,27424,80,60,0,60,0
2020-07-14,El Dorado,017,186661,567,324,5,329,0
2020-07-14,Fresno,019,978130,15802,8941,120,9061,98
2020-07-14,Glenn,021,27897,268,177,0,177,0
2020-07-14,Humboldt,023,135768,210,175,1,176,4
2020-07-14,Imperial,025,180216,9411,7095,5,7100,109
2020-07-14,Inyo,027,18085,42,35,1,36,1
2020-07-14,Kern,029,883053,17637,6979,55,7034,107
2020-07-14,Kings,031,150075,3563,2867,18,2885,37
2020-07-14,Lake,033,64148,171,120,0,120,1
2020-07-14,Lassen,035,31185,503,263,2,265,0
2020-07-14,Los Angeles,037,10098052,161308,140632,227,140859,3900
2020-07-14,Madera,039,155013,1819,1118,3,1121,4
2020-07-14,Marin,041,260295,4482,3451,5,3456,21
2020-07-14,Mariposa,043,17540,41,32,0,32,1
2020-07-14,Mendocino,045,87422,184,110,0,110,0
2020-07-14,Merced,047,269075,3511,2084,2,2086,12
2020-07-14,Modoc,049,8938,1,0,0,0,0
2020-07-14,Mono,051,14174,85,48,1,49,1
2020-07-14,Monterey,053,433212,3683,2724,12,2736,18
2020-07-14,Napa,055,140530,777,557,0,557,4
2020-07-14,Nevada,057,99092,257,180,6,186,1
2020-07-14,Orange,059,3164182,35155,26915,423,27338,432
2020-07-14,Placer,061,380077,1593,1122,3,1125,11
2020-07-14,Plumas,063,18699,24,14,0,14,0
2020-07-14,Riverside,065,2383286,35071,27850,34,27884,547
2020-07-14,Sacramento,067,1510023,8332,5978,9,5987,87
2020-07-14,San Benito,069,59416,484,360,0,360,2
2020-07-14,San Bernardino,071,2135413,30169,20489,46,20535,316
2020-07-14,San Diego,073,3302833,25911,20887,2,20889,436
2020-07-14,San Francisco,075,870044,5559,4659,4,4663,50
2020-07-14,San Joaquin,077,732212,9978,7143,4,7147,75
2020-07-14,San Luis Obispo,079,281455,1527,1060,7,1067,5
2020-07-14,San Mateo,081,765935,5021,4173,6,4179,108
2020-07-14,Santa Barbara,083,443738,5450,4641,46,4687,28
2020-07-14,Santa Clara,085,1922200,9144,6686,21,6707,164
2020-07-14,Santa Cruz,087,273765,856,639,6,645,3
2020-07-14,Shasta,089,179085,327,190,1,191,7
2020-07-14,Sierra,091,2930,1,1,0,1,0
2020-07-14,Siskiyou,093,43540,65,38,0,38,0
2020-07-14,Solano,095,438530,3177,2266,9,2275,25
2020-07-14,Sonoma,097,501317,2508,1866,6,1872,14
2020-07-14,Stanislaus,099,539301,7896,5631,10,5641,53
2020-07-14,Sutter,101,95872,524,405,0,405,2
2020-07-14,Tehama,103,63373,168,123,2,125,1
2020-07-14,Trinity,105,12862,21,2,5,7,0
2020-07-14,Tulare,107,460477,8281,6199,27,6226,156
2020-07-14,Tuolumne,109,53932,105,68,3,71,0
2020-07-14,Ventura,111,848112,6715,4950,25,4975,50
2020-07-14,Yolo,113,214977,1331,966,3,969,27
2020-07-14,Yuba,115,75493,261,210,0,210,1
2020-07-13,Alameda,001,1643700,10048,8115,11,8126,148
2020-07-13,Alpine,003,1148,2,1,0,1,0
2020-07-13,Amador,005,37829,65,42,0,42,0
2020-07-13,Butte,007,227075,676,354,12,366,4
2020-07-13,Calaveras,009,45235,87,63,0,63,0
2020-07-13,Colusa,011,21464,242,116,0,116,0
2020-07-13,Contra Costa,013,1133247,6749,4882,13,4895,88
2020-07-13,Del Norte,015,27424,74,59,0,59,0
2020-07-13,El Dorado,017,186661,536,298,5,303,0
2020-07-13,Fresno,019,978130,15373,8666,115,8781,95
2020-07-13,Glenn,021,27897,261,168,0,168,0
2020-07-13,Humboldt,023,135768,205,174,1,175,4
2020-07-13,Imperial,025,180216,9324,7052,5,7057,109
2020-07-13,Inyo,027,18085,41,35,1,36,1
2020-07-13,Kern,029,883053,16952,6808,50,6858,107
2020-07-13,Kings,031,150075,3512,2824,18,2842,37
2020-07-13,Lake,033,64148,166,118,0,118,1
2020-07-13,Lassen,035,31185,498,237,2,239,0
2020-07-13,Los Angeles,037,10098052,158074,136368,213,136581,3829
2020-07-13,Madera,039,155013,1750,1059,3,1062,4
2020-07-13,Marin,041,260295,4378,3402,5,3407,21
2020-07-13,Mariposa,043,17540,40,31,0,31,1
2020-07-13,Mendocino,045,87422,180,87,0,87,0
2020-07-13,Merced,047,269075,3362,2007,2,2009,12
2020-07-13,Modoc,049,8938,1,0,0,0,0
2020-07-13,Mono,051,14174,81,47,0,47,1
2020-07-13,Monterey,053,433212,3560,2613,9,2622,18
2020-07-13,Napa,055,140530,741,534,0,534,4
2020-07-13,Nevada,057,99092,243,172,6,178,1
2020-07-13,Orange,059,3164182,34291,25978,391,26369,423
2020-07-13,Placer,061,380077,1548,1096,3,1099,11
2020-07-13,Plumas,063,18699,22,14,0,14,0
2020-07-13,Riverside,065,2383286,34146,27136,32,27168,545
2020-07-13,Sacramento,067,1510023,8035,5747,9,5756,85
2020-07-13,San Benito,069,59416,471,343,0,343,2
2020-07-13,San Bernardino,071,2135413,29292,19610,40,19650,313
2020-07-13,San Diego,073,3302833,25344,20348,2,20350,422
2020-07-13,San Francisco,075,870044,5432,4534,3,4537,50
2020-07-13,San Joaquin,077,732212,9564,6927,4,6931,71
2020-07-13,San Luis Obispo,079,281455,1496,989,7,996,5
2020-07-13,San Mateo,081,765935,4890,4057,6,4063,108
2020-07-13,Santa Barbara,083,443738,5336,4441,45,4486,28
2020-07-13,Santa Clara,085,1922200,8821,6488,20,6508,164
2020-07-13,Santa Cruz,087,273765,818,574,6,580,3
2020-07-13,Shasta,089,179085,316,185,1,186,6
2020-07-13,Sierra,091,2930,1,1,0,1,0
2020-07-13,Siskiyou,093,43540,61,37,0,37,0
2020-07-13,Solano,095,438530,3065,2046,9,2055,23
2020-07-13,Sonoma,097,501317,2397,1818,6,1824,14
2020-07-13,Stanislaus,099,539301,7593,5324,9,5333,53
2020-07-13,Sutter,101,95872,486,379,0,379,2
2020-07-13,Tehama,103,63373,155,112,2,114,1
2020-07-13,Trinity,105,12862,21,2,5,7,0
2020-07-13,Tulare,107,460477,8020,5930,25,5955,147
2020-07-13,Tuolumne,109,53932,97,56,3,59,0
2020-07-13,Ventura,111,848112,6525,4800,22,4822,50
2020-07-13,Yolo,113,214977,1285,941,3,944,27
2020-07-13,Yuba,115,75493,246,194,0,194,1
2020-07-12,Alameda,001,1643700,9778,8056,11,8067,148
2020-07-12,Alpine,003,1148,2,1,0,1,0
2020-07-12,Amador,005,37829,55,40,0,40,0
2020-07-12,Butte,007,227075,626,341,11,352,4
2020-07-12,Calaveras,009,45235,87,62,0,62,0
2020-07-12,Colusa,011,21464,208,116,0,116,0
2020-07-12,Contra Costa,013,1133247,6480,4708,11,4719,88
2020-07-12,Del Norte,015,27424,63,59,0,59,0
2020-07-12,El Dorado,017,186661,514,290,5,295,0
2020-07-12,Fresno,019,978130,14948,8407,110,8517,95
2020-07-12,Glenn,021,27897,248,166,0,166,0
2020-07-12,Humboldt,023,135768,201,174,1,175,4
2020-07-12,Imperial,025,180216,9209,6999,5,7004,109
2020-07-12,Inyo,027,18085,39,35,1,36,1
2020-07-12,Kern,029,883053,16209,6662,47,6709,105
2020-07-12,Kings,031,150075,3450,2779,18,2797,34
2020-07-12,Lake,033,64148,157,114,0,114,1
2020-07-12,Lassen,035,31185,491,237,2,239,0
2020-07-12,Los Angeles,037,10098052,154650,133830,184,134014,3816
2020-07-12,Madera,039,155013,1695,1025,3,1028,4
2020-07-12,Marin,041,260295,4301,3358,5,3363,21
2020-07-12,Mariposa,043,17540,39,31,0,31,1
2020-07-12,Mendocino,045,87422,161,88,0,88,0
2020-07-12,Merced,047,269075,3232,1908,2,1910,12
2020-07-12,Modoc,049,8938,1,0,0,0,0
2020-07-12,Mono,051,14174,71,45,0,45,1
2020-07-12,Monterey,053,433212,3445,2521,9,2530,18
2020-07-12,Napa,055,140530,709,519,0,519,4
2020-07-12,Nevada,057,99092,233,166,6,172,1
2020-07-12,Orange,059,3164182,33415,25399,382,25781,422
2020-07-12,Placer,061,380077,1491,1058,3,1061,11
2020-07-12,Plumas,063,18699,21,14,0,14,0
2020-07-12,Riverside,065,2383286,33388,26404,31,26435,542
2020-07-12,Sacramento,067,1510023,7723,5515,7,5522,85
2020-07-12,San Benito,069,59416,456,324,0,324,2
2020-07-12,San Bernardino,071,2135413,28381,19042,36,19078,312
2020-07-12,San Diego,073,3302833,24714,19929,2,19931,422
2020-07-12,San Francisco,075,870044,5282,4535,3,4538,50
2020-07-12,San Joaquin,077,732212,9202,6703,4,6707,71
2020-07-12,San Luis Obispo,079,281455,1449,972,7,979,5
2020-07-12,San Mateo,081,765935,4772,3988,6,3994,108
2020-07-12,Santa Barbara,083,443738,5206,4353,44,4397,28
2020-07-12,Santa Clara,085,1922200,8583,6252,19,6271,164
2020-07-12,Santa Cruz,087,273765,776,573,5,578,3
2020-07-12,Shasta,089,179085,310,173,1,174,6
2020-07-12,Sierra,091,2930,1,1,0,1,0
2020-07-12,Siskiyou,093,43540,59,36,0,36,0
2020-07-12,Solano,095,438530,2940,2037,9,2046,23
2020-07-12,Sonoma,097,501317,2303,1743,6,1749,13
2020-07-12,Stanislaus,099,539301,7289,5177,9,5186,53
2020-07-12,Sutter,101,95872,468,362,0,362,2
2020-07-12,Tehama,103,63373,148,111,2,113,1
2020-07-12,Trinity,105,12862,21,2,5,7,0
2020-07-12,Tulare,107,460477,7765,5864,24,5888,146
2020-07-12,Tuolumne,109,53932,89,52,3,55,0
2020-07-12,Ventura,111,848112,6309,4724,21,4745,50
2020-07-12,Yolo,113,214977,1244,889,3,892,27
2020-07-12,Yuba,115,75493,235,188,0,188,1
2020-07-11,Alameda,001,1643700,9676,7845,11,7856,148
2020-07-11,Alpine,003,1148,2,1,0,1,0
2020-07-11,Amador,005,37829,51,37,0,37,0
2020-07-11,Butte,007,227075,610,325,11,336,4
2020-07-11,Calaveras,009,45235,84,62,0,62,0
2020-07-11,Colusa,011,21464,203,110,0,110,0
2020-07-11,Contra Costa,013,1133247,6364,4650,11,4661,87
2020-07-11,Del Norte,015,27424,63,59,0,59,0
2020-07-11,El Dorado,017,186661,503,283,5,288,0
2020-07-11,Fresno,019,978130,14688,8086,108,8194,95
2020-07-11,Glenn,021,27897,240,161,0,161,0
2020-07-11,Humboldt,023,135768,200,174,1,175,4
2020-07-11,Imperial,025,180216,9170,6884,5,6889,109
2020-07-11,Inyo,027,18085,39,35,1,36,1
2020-07-11,Kern,029,883053,15852,6509,46,6555,103
2020-07-11,Kings,031,150075,3423,2753,18,2771,33
2020-07-11,Lake,033,64148,156,110,0,110,1
2020-07-11,Lassen,035,31185,490,237,2,239,0
2020-07-11,Los Angeles,037,10098052,152932,130479,174,130653,3802
2020-07-11,Madera,039,155013,1654,988,3,991,4
2020-07-11,Marin,041,260295,4273,3191,5,3196,21
2020-07-11,Mariposa,043,17540,39,31,0,31,1
2020-07-11,Mendocino,045,87422,157,88,0,88,0
2020-07-11,Merced,047,269075,3151,1851,2,1853,12
2020-07-11,Modoc,049,8938,1,0,0,0,0
2020-07-11,Mono,051,14174,68,45,0,45,1
2020-07-11,Monterey,053,433212,3356,2376,8,2384,18
2020-07-11,Napa,055,140530,697,509,0,509,4
2020-07-11,Nevada,057,99092,224,163,5,168,1
2020-07-11,Orange,059,3164182,33038,24430,368,24798,422
2020-07-11,Placer,061,380077,1456,1029,3,1032,11
2020-07-11,Plumas,063,18699,21,12,0,12,0
2020-07-11,Riverside,065,2383286,32998,25994,31,26025,538
2020-07-11,Sacramento,067,1510023,7549,5367,7,5374,84
2020-07-11,San Benito,069,59416,441,314,0,314,2
2020-07-11,San Bernardino,071,2135413,27944,18907,34,18941,310
2020-07-11,San Diego,073,3302833,24322,19371,2,19373,422
2020-07-11,San Francisco,075,870044,5186,4430,2,4432,50
2020-07-11,San Joaquin,077,732212,9024,6518,4,6522,72
2020-07-11,San Luis Obispo,079,281455,1401,930,7,937,4
2020-07-11,San Mateo,081,765935,4704,3956,6,3962,108
2020-07-11,Santa Barbara,083,443738,5137,4283,43,4326,28
2020-07-11,Santa Clara,085,1922200,8424,5959,19,5978,164
2020-07-11,Santa Cruz,087,273765,745,571,5,576,3
2020-07-11,Shasta,089,179085,303,168,1,169,6
2020-07-11,Sierra,091,2930,1,1,0,1,0
2020-07-11,Siskiyou,093,43540,59,36,0,36,0
2020-07-11,Solano,095,438530,2899,2034,9,2043,23
2020-07-11,Sonoma,097,501317,2265,1690,6,1696,13
2020-07-11,Stanislaus,099,539301,7148,4911,9,4920,51
2020-07-11,Sutter,101,95872,452,352,0,352,2
2020-07-11,Tehama,103,63373,146,111,2,113,1
2020-07-11,Trinity,105,12862,21,2,5,7,0
2020-07-11,Tulare,107,460477,7659,5780,24,5804,149
2020-07-11,Tuolumne,109,53932,87,50,3,53,0
2020-07-11,Ventura,111,848112,6213,4545,20,4565,49
2020-07-11,Yolo,113,214977,1215,833,3,836,27
2020-07-11,Yuba,115,75493,225,175,0,175,1
2020-07-10,Alameda,001,1643700,9519,7551,11,7562,147
2020-07-10,Alpine,003,1148,2,1,0,1,0
2020-07-10,Amador,005,37829,47,37,0,37,0
2020-07-10,Butte,007,227075,599,318,11,329,4
2020-07-10,Calaveras,009,45235,84,61,0,61,0
2020-07-10,Colusa,011,21464,197,103,0,103,0
2020-07-10,Contra Costa,013,1133247,6222,4482,11,4493,86
2020-07-10,Del Norte,015,27424,63,57,0,57,0
2020-07-10,El Dorado,017,186661,485,266,5,271,0
2020-07-10,Fresno,019,978130,14356,7760,105,7865,93
2020-07-10,Glenn,021,27897,235,157,0,157,0
2020-07-10,Humboldt,023,135768,199,168,1,169,4
2020-07-10,Imperial,025,180216,9125,6878,4,6882,98
2020-07-10,Inyo,027,18085,39,35,1,36,1
2020-07-10,Kern,029,883053,15420,6344,45,6389,102
2020-07-10,Kings,031,150075,3387,2707,18,2725,33
2020-07-10,Lake,033,64148,149,104,0,104,1
2020-07-10,Lassen,035,31185,489,235,2,237,0
2020-07-10,Los Angeles,037,10098052,150512,127503,168,127671,3750
2020-07-10,Madera,039,155013,1608,914,3,917,4
2020-07-10,Marin,041,260295,4210,3101,5,3106,21
2020-07-10,Mariposa,043,17540,38,31,0,31,1
2020-07-10,Mendocino,045,87422,149,88,0,88,0
2020-07-10,Merced,047,269075,3072,1802,2,1804,12
2020-07-10,Modoc,049,8938,1,0,0,0,0
2020-07-10,Mono,051,14174,67,45,0,45,1
2020-07-10,Monterey,053,433212,3278,2285,8,2293,18
2020-07-10,Napa,055,140530,686,496,0,496,4
2020-07-10,Nevada,057,99092,219,161,5,166,1
2020-07-10,Orange,059,3164182,32451,23692,365,24057,416
2020-07-10,Placer,061,380077,1414,1002,3,1005,11
2020-07-10,Plumas,063,18699,19,12,0,12,0
2020-07-10,Riverside,065,2383286,32480,25481,31,25512,533
2020-07-10,Sacramento,067,1510023,7294,5181,7,5188,81
2020-07-10,San Benito,069,59416,432,302,0,302,2
2020-07-10,San Bernardino,071,2135413,27420,18242,31,18273,308
2020-07-10,San Diego,073,3302833,23938,18862,2,18864,420
2020-07-10,San Francisco,075,870044,5095,4305,2,4307,50
2020-07-10,San Joaquin,077,732212,8791,6225,4,6229,67
2020-07-10,San Luis Obispo,079,281455,1363,891,7,898,4
2020-07-10,San Mateo,081,765935,4639,3844,6,3850,107
2020-07-10,Santa Barbara,083,443738,5040,4177,42,4219,28
2020-07-10,Santa Clara,085,1922200,8200,5819,19,5838,164
2020-07-10,Santa Cruz,087,273765,717,540,5,545,3
2020-07-10,Shasta,089,179085,299,158,1,159,6
2020-07-10,Sierra,091,2930,1,1,0,1,0
2020-07-10,Siskiyou,093,43540,59,31,0,31,0
2020-07-10,Solano,095,438530,2852,1950,9,1959,23
2020-07-10,Sonoma,097,501317,2218,1606,5,1611,13
2020-07-10,Stanislaus,099,539301,6978,4781,9,4790,46
2020-07-10,Sutter,101,95872,445,338,0,338,2
2020-07-10,Tehama,103,63373,145,107,2,109,1
2020-07-10,Trinity,105,12862,21,2,5,7,0
2020-07-10,Tulare,107,460477,7522,5677,24,5701,150
2020-07-10,Tuolumne,109,53932,86,49,3,52,0
2020-07-10,Ventura,111,848112,6099,4416,20,4436,48
2020-07-10,Yolo,113,214977,1191,794,3,797,27
2020-07-10,Yuba,115,75493,211,164,0,164,1
2020-07-09,Alameda,001,1643700,9283,7433,11,7444,146
2020-07-09,Alpine,003,1148,2,1,0,1,0
2020-07-09,Amador,005,37829,44,36,0,36,0
2020-07-09,Butte,007,227075,567,295,11,306,4
2020-07-09,Calaveras,009,45235,83,59,0,59,0
2020-07-09,Colusa,011,21464,189,97,0,97,0
2020-07-09,Contra Costa,013,1133247,5978,4388,11,4399,86
2020-07-09,Del Norte,015,27424,63,57,0,57,0
2020-07-09,El Dorado,017,186661,460,255,4,259,0
2020-07-09,Fresno,019,978130,13902,7385,102,7487,90
2020-07-09,Glenn,021,27897,225,150,0,150,0
2020-07-09,Humboldt,023,135768,196,166,1,167,4
2020-07-09,Imperial,025,180216,9028,6778,4,6782,87
2020-07-09,Inyo,027,18085,37,35,1,36,1
2020-07-09,Kern,029,883053,14775,6100,43,6143,95
2020-07-09,Kings,031,150075,3323,2686,18,2704,33
2020-07-09,Lake,033,64148,146,99,0,99,1
2020-07-09,Lassen,035,31185,433,221,2,223,0
2020-07-09,Los Angeles,037,10098052,147250,125062,145,125207,3698
2020-07-09,Madera,039,155013,1531,850,3,853,4
2020-07-09,Marin,041,260295,4058,2975,4,2979,20
2020-07-09,Mariposa,043,17540,38,32,0,32,1
2020-07-09,Mendocino,045,87422,145,88,0,88,0
2020-07-09,Merced,047,269075,2939,1728,2,1730,11
2020-07-09,Modoc,049,8938,1,0,0,0,0
2020-07-09,Mono,051,14174,63,45,0,45,1
2020-07-09,Monterey,053,433212,3153,2223,8,2231,17
2020-07-09,Napa,055,140530,669,468,0,468,4
2020-07-09,Nevada,057,99092,213,156,5,161,1
2020-07-09,Orange,059,3164182,31481,22960,347,23307,407
2020-07-09,Placer,061,380077,1372,982,3,985,11
2020-07-09,Plumas,063,18699,19,12,0,12,0
2020-07-09,Riverside,065,2383286,31587,24980,30,25010,529
2020-07-09,Sacramento,067,1510023,6967,4950,7,4957,81
2020-07-09,San Benito,069,59416,416,295,0,295,2
2020-07-09,San Bernardino,071,2135413,26549,17339,25,17364,307
2020-07-09,San Diego,073,3302833,23346,18404,2,18406,415
2020-07-09,San Francisco,075,870044,4963,4143,2,4145,50
2020-07-09,San Joaquin,077,732212,8433,6004,4,6008,66
2020-07-09,San Luis Obispo,079,281455,1323,869,7,876,3
2020-07-09,San Mateo,081,765935,4513,3792,6,3798,106
2020-07-09,Santa Barbara,083,443738,4908,4068,42,4110,28
2020-07-09,Santa Clara,085,1922200,7943,5638,19,5657,164
2020-07-09,Santa Cruz,087,273765,690,526,5,531,3
2020-07-09,Shasta,089,179085,293,155,1,156,5
2020-07-09,Sierra,091,2930,1,1,0,1,0
2020-07-09,Siskiyou,093,43540,55,31,0,31,0
2020-07-09,Solano,095,438530,2754,1892,9,1901,23
2020-07-09,Sonoma,097,501317,2132,1584,5,1589,13
2020-07-09,Stanislaus,099,539301,6663,4633,8,4641,46
2020-07-09,Sutter,101,95872,428,321,0,321,2
2020-07-09,Tehama,103,63373,140,102,2,104,1
2020-07-09,Trinity,105,12862,21,2,5,7,0
2020-07-09,Tulare,107,460477,7303,5501,23,5524,146
2020-07-09,Tuolumne,109,53932,85,47,3,50,0
2020-07-09,Ventura,111,848112,5931,4278,20,4298,47
2020-07-09,Yolo,113,214977,1143,764,3,767,27
2020-07-09,Yuba,115,75493,194,152,0,152,1
2020-07-08,Alameda,001,1643700,8991,7335,11,7346,142
2020-07-08,Alpine,003,1148,2,1,0,1,0
2020-07-08,Amador,005,37829,41,35,0,35,0
2020-07-08,Butte,007,227075,530,281,11,292,3
2020-07-08,Calaveras,009,45235,78,58,0,58,0
2020-07-08,Colusa,011,21464,176,90,0,90,0
2020-07-08,Contra Costa,013,1133247,5732,4268,9,4277,84
2020-07-08,Del Norte,015,27424,61,57,0,57,0
2020-07-08,El Dorado,017,186661,438,248,4,252,0
2020-07-08,Fresno,019,978130,13486,7102,94,7196,86
2020-07-08,Glenn,021,27897,214,146,0,146,0
2020-07-08,Humboldt,023,135768,193,162,1,163,4
2020-07-08,Imperial,025,180216,8941,6727,4,6731,76
2020-07-08,Inyo,027,18085,37,35,1,36,1
2020-07-08,Kern,029,883053,14197,5873,41,5914,91
2020-07-08,Kings,031,150075,3263,2629,15,2644,33
2020-07-08,Lake,033,64148,139,97,0,97,1
2020-07-08,Lassen,035,31185,337,221,2,223,0
2020-07-08,Los Angeles,037,10098052,144047,123462,118,123580,3650
2020-07-08,Madera,039,155013,1461,828,3,831,4
2020-07-08,Marin,041,260295,3959,2756,4,2760,17
2020-07-08,Mariposa,043,17540,38,31,0,31,1
2020-07-08,Mendocino,045,87422,132,84,0,84,0
2020-07-08,Merced,047,269075,2819,1578,2,1580,11
2020-07-08,Modoc,049,8938,1,0,0,0,0
2020-07-08,Mono,051,14174,60,45,0,45,1
2020-07-08,Monterey,053,433212,3035,2182,7,2189,17
2020-07-08,Napa,055,140530,647,468,0,468,4
2020-07-08,Nevada,057,99092,204,156,5,161,1
2020-07-08,Orange,059,3164182,30530,22088,342,22430,378
2020-07-08,Placer,061,380077,1325,948,3,951,11
2020-07-08,Plumas,063,18699,19,12,0,12,0
2020-07-08,Riverside,065,2383286,30623,24042,29,24071,508
2020-07-08,Sacramento,067,1510023,6678,4799,7,4806,80
2020-07-08,San Benito,069,59416,400,282,0,282,2
2020-07-08,San Bernardino,071,2135413,25695,16510,21,16531,296
2020-07-08,San Diego,073,3302833,22776,17844,2,17846,406
2020-07-08,San Francisco,075,870044,4874,4093,2,4095,50
2020-07-08,San Joaquin,077,732212,8090,5759,4,5763,61
2020-07-08,San Luis Obispo,079,281455,1271,825,7,832,2
2020-07-08,San Mateo,081,765935,4392,3733,6,3739,106
2020-07-08,Santa Barbara,083,443738,4789,3985,42,4027,28
2020-07-08,Santa Clara,085,1922200,7710,5510,19,5529,164
2020-07-08,Santa Cruz,087,273765,657,509,4,513,3
2020-07-08,Shasta,089,179085,284,148,1,149,6
2020-07-08,Sierra,091,2930,1,1,0,1,0
2020-07-08,Siskiyou,093,43540,55,31,0,31,0
2020-07-08,Solano,095,438530,2638,1821,9,1830,23
2020-07-08,Sonoma,097,501317,2056,1495,5,1500,9
2020-07-08,Stanislaus,099,539301,6363,4344,8,4352,46
2020-07-08,Sutter,101,95872,403,298,0,298,2
2020-07-08,Tehama,103,63373,134,100,2,102,1
2020-07-08,Trinity,105,12862,20,2,5,7,0
2020-07-08,Tulare,107,460477,7111,5307,18,5325,138
2020-07-08,Tuolumne,109,53932,81,42,3,45,0
2020-07-08,Ventura,111,848112,5766,4139,20,4159,47
2020-07-08,Yolo,113,214977,1099,727,3,730,26
2020-07-08,Yuba,115,75493,181,145,0,145,1
2020-07-07,Alameda,001,1643700,8670,7097,10,7107,141
2020-07-07,Alpine,003,1148,2,1,0,1,0
2020-07-07,Amador,005,37829,41,33,0,33,0
2020-07-07,Butte,007,227075,487,269,11,280,3
2020-07-07,Calaveras,009,45235,76,58,0,58,0
2020-07-07,Colusa,011,21464,143,84,0,84,0
2020-07-07,Contra Costa,013,1133247,5496,4131,8,4139,84
2020-07-07,Del Norte,015,27424,61,57,0,57,0
2020-07-07,El Dorado,017,186661,418,244,4,248,0
2020-07-07,Fresno,019,978130,13033,6738,94,6832,84
2020-07-07,Glenn,021,27897,205,145,0,145,0
2020-07-07,Humboldt,023,135768,190,150,1,151,4
2020-07-07,Imperial,025,180216,8842,6678,4,6682,51
2020-07-07,Inyo,027,18085,36,32,1,33,1
2020-07-07,Kern,029,883053,13498,5645,37,5682,88
2020-07-07,Kings,031,150075,3200,2623,14,2637,33
2020-07-07,Lake,033,64148,129,94,0,94,1
2020-07-07,Lassen,035,31185,266,219,2,221,0
2020-07-07,Los Angeles,037,10098052,140474,121026,111,121137,3588
2020-07-07,Madera,039,155013,1417,794,3,797,4
2020-07-07,Marin,041,260295,3870,2627,4,2631,17
2020-07-07,Mariposa,043,17540,38,31,0,31,1
2020-07-07,Mendocino,045,87422,124,82,0,82,0
2020-07-07,Merced,047,269075,2645,1531,2,1533,10
2020-07-07,Modoc,049,8938,1,0,0,0,0
2020-07-07,Mono,051,14174,59,42,0,42,1
2020-07-07,Monterey,053,433212,2892,2166,7,2173,17
2020-07-07,Napa,055,140530,628,459,0,459,4
2020-07-07,Nevada,057,99092,198,150,5,155,1
2020-07-07,Orange,059,3164182,29519,21741,328,22069,373
2020-07-07,Placer,061,380077,1284,930,3,933,11
2020-07-07,Plumas,063,18699,17,12,0,12,0
2020-07-07,Riverside,065,2383286,29607,23279,29,23308,499
2020-07-07,Sacramento,067,1510023,6336,4592,7,4599,76
2020-07-07,San Benito,069,59416,382,274,0,274,2
2020-07-07,San Bernardino,071,2135413,24826,16004,19,16023,277
2020-07-07,San Diego,073,3302833,22057,17580,2,17582,399
2020-07-07,San Francisco,075,870044,4782,4045,1,4046,50
2020-07-07,San Joaquin,077,732212,7748,5547,4,5551,59
2020-07-07,San Luis Obispo,079,281455,1210,795,7,802,2
2020-07-07,San Mateo,081,765935,4277,3691,6,3697,106
2020-07-07,Santa Barbara,083,443738,4661,3866,41,3907,27
2020-07-07,Santa Clara,085,1922200,7441,5438,19,5457,164
2020-07-07,Santa Cruz,087,273765,623,502,3,505,2
2020-07-07,Shasta,089,179085,271,144,1,145,6
2020-07-07,Sierra,091,2930,1,1,0,1,0
2020-07-07,Siskiyou,093,43540,54,30,0,30,0
2020-07-07,Solano,095,438530,2527,1776,8,1784,22
2020-07-07,Sonoma,097,501317,1985,1473,5,1478,8
2020-07-07,Stanislaus,099,539301,6024,4101,8,4109,46
2020-07-07,Sutter,101,95872,377,273,0,273,2
2020-07-07,Tehama,103,63373,125,95,2,97,1
2020-07-07,Trinity,105,12862,20,2,5,7,0
2020-07-07,Tulare,107,460477,6931,5189,17,5206,137
2020-07-07,Tuolumne,109,53932,75,40,3,43,0
2020-07-07,Ventura,111,848112,5597,3992,18,4010,46
2020-07-07,Yolo,113,214977,1031,706,3,709,26
2020-07-07,Yuba,115,75493,161,138,0,138,1
2020-07-06,Alameda,001,1643700,8432,6970,10,6980,141
2020-07-06,Alpine,003,1148,1,1,0,1,0
2020-07-06,Amador,005,37829,39,33,0,33,0
2020-07-06,Butte,007,227075,431,257,11,268,2
2020-07-06,Calaveras,009,45235,73,45,0,45,0
2020-07-06,Colusa,011,21464,134,80,0,80,0
2020-07-06,Contra Costa,013,1133247,5266,3901,7,3908,83
2020-07-06,Del Norte,015,27424,60,57,0,57,0
2020-07-06,El Dorado,017,186661,403,232,3,235,0
2020-07-06,Fresno,019,978130,12565,6364,88,6452,82
2020-07-06,Glenn,021,27897,197,129,0,129,0
2020-07-06,Humboldt,023,135768,188,148,1,149,3
2020-07-06,Imperial,025,180216,8723,6443,4,6447,47
2020-07-06,Inyo,027,18085,36,32,1,33,1
2020-07-06,Kern,029,883053,12692,5491,37,5528,82
2020-07-06,Kings,031,150075,3149,2583,10,2593,33
2020-07-06,Lake,033,64148,122,93,0,93,1
2020-07-06,Lassen,035,31185,264,219,2,221,0
2020-07-06,Los Angeles,037,10098052,136871,116707,97,116804,3541
2020-07-06,Madera,039,155013,1347,734,3,737,4
2020-07-06,Marin,041,260295,3630,2136,4,2140,17
2020-07-06,Mariposa,043,17540,36,31,0,31,1
2020-07-06,Mendocino,045,87422,107,72,0,72,0
2020-07-06,Merced,047,269075,2494,1396,2,1398,10
2020-07-06,Modoc,049,8938,1,0,0,0,0
2020-07-06,Mono,051,14174,58,40,0,40,1
2020-07-06,Monterey,053,433212,2803,2078,7,2085,15
2020-07-06,Napa,055,140530,610,454,0,454,4
2020-07-06,Nevada,057,99092,192,146,5,151,1
2020-07-06,Orange,059,3164182,28458,20167,291,20458,372
2020-07-06,Placer,061,380077,1222,904,3,907,11
2020-07-06,Plumas,063,18699,17,11,0,11,0
2020-07-06,Riverside,065,2383286,28552,22485,28,22513,477
2020-07-06,Sacramento,067,1510023,5985,4420,7,4427,71
2020-07-06,San Benito,069,59416,367,264,0,264,2
2020-07-06,San Bernardino,071,2135413,23973,15346,16,15362,272
2020-07-06,San Diego,073,3302833,21325,17002,2,17004,387
2020-07-06,San Francisco,075,870044,4661,3861,1,3862,50
2020-07-06,San Joaquin,077,732212,7378,5104,4,5108,57
2020-07-06,San Luis Obispo,079,281455,1152,751,7,758,2
2020-07-06,San Mateo,081,765935,4185,3650,5,3655,106
2020-07-06,Santa Barbara,083,443738,4524,3763,40,3803,27
2020-07-06,Santa Clara,085,1922200,7170,5369,19,5388,165
2020-07-06,Santa Cruz,087,273765,601,466,2,468,2
2020-07-06,Shasta,089,179085,261,143,1,144,6
2020-07-06,Sierra,091,2930,1,1,0,1,0
2020-07-06,Siskiyou,093,43540,50,30,0,30,0
2020-07-06,Solano,095,438530,2394,1668,8,1676,22
2020-07-06,Sonoma,097,501317,1921,1369,5,1374,8
2020-07-06,Stanislaus,099,539301,5622,3983,8,3991,46
2020-07-06,Sutter,101,95872,350,250,0,250,2
2020-07-06,Tehama,103,63373,122,95,2,97,1
2020-07-06,Trinity,105,12862,19,2,5,7,0
2020-07-06,Tulare,107,460477,6726,5039,15,5054,136
2020-07-06,Tuolumne,109,53932,72,30,3,33,0
2020-07-06,Ventura,111,848112,5404,3912,18,3930,44
2020-07-06,Yolo,113,214977,975,685,3,688,26
2020-07-06,Yuba,115,75493,147,124,0,124,1
2020-07-05,Alameda,001,1643700,8180,6861,10,6871,141
2020-07-05,Alpine,003,1148,1,1,0,1,0
2020-07-05,Amador,005,37829,37,31,0,31,0
2020-07-05,Butte,007,227075,396,248,11,259,2
2020-07-05,Calaveras,009,45235,69,45,0,45,0
2020-07-05,Colusa,011,21464,124,79,0,79,0
2020-07-05,Contra Costa,013,1133247,5026,3665,6,3671,80
2020-07-05,Del Norte,015,27424,60,57,0,57,0
2020-07-05,El Dorado,017,186661,385,227,3,230,0
2020-07-05,Fresno,019,978130,11999,6186,87,6273,82
2020-07-05,Glenn,021,27897,194,129,0,129,0
2020-07-05,Humboldt,023,135768,184,147,1,148,3
2020-07-05,Imperial,025,180216,8589,6441,4,6445,47
2020-07-05,Inyo,027,18085,35,32,1,33,1
2020-07-05,Kern,029,883053,11984,5351,37,5388,82
2020-07-05,Kings,031,150075,3066,2546,9,2555,31
2020-07-05,Lake,033,64148,122,92,0,92,1
2020-07-05,Lassen,035,31185,258,219,2,221,0
2020-07-05,Los Angeles,037,10098052,133645,115133,91,115224,3495
2020-07-05,Madera,039,155013,1269,564,3,567,4
2020-07-05,Marin,041,260295,3447,2080,4,2084,17
2020-07-05,Mariposa,043,17540,36,31,0,31,1
2020-07-05,Mendocino,045,87422,104,72,0,72,0
2020-07-05,Merced,047,269075,2349,1340,2,1342,10
2020-07-05,Modoc,049,8938,1,0,0,0,0
2020-07-05,Mono,051,14174,54,39,0,39,1
2020-07-05,Monterey,053,433212,2700,1994,7,2001,15
2020-07-05,Napa,055,140530,580,450,0,450,4
2020-07-05,Nevada,057,99092,186,141,5,146,1
2020-07-05,Orange,059,3164182,27517,19430,278,19708,372
2020-07-05,Placer,061,380077,1165,855,3,858,11
2020-07-05,Plumas,063,18699,16,11,0,11,0
2020-07-05,Riverside,065,2383286,27696,21511,28,21539,474
2020-07-05,Sacramento,067,1510023,5670,4265,6,4271,71
2020-07-05,San Benito,069,59416,348,258,0,258,2
2020-07-05,San Bernardino,071,2135413,23095,15026,16,15042,270
2020-07-05,San Diego,073,3302833,20634,16728,2,16730,387
2020-07-05,San Francisco,075,870044,4544,3861,1,3862,50
2020-07-05,San Joaquin,077,732212,7059,5015,4,5019,57
2020-07-05,San Luis Obispo,079,281455,1073,730,7,737,2
2020-07-05,San Mateo,081,765935,4075,3575,5,3580,106
2020-07-05,Santa Barbara,083,443738,4377,3671,37,3708,27
2020-07-05,Santa Clara,085,1922200,6877,5237,19,5256,162
2020-07-05,Santa Cruz,087,273765,583,467,0,467,2
2020-07-05,Shasta,089,179085,255,138,1,139,6
2020-07-05,Sierra,091,2930,1,1,0,1,0
2020-07-05,Siskiyou,093,43540,46,30,0,30,0
2020-07-05,Solano,095,438530,2274,1547,8,1555,22
2020-07-05,Sonoma,097,501317,1840,1369,5,1374,8
2020-07-05,Stanislaus,099,539301,5291,3777,7,3784,45
2020-07-05,Sutter,101,95872,322,241,0,241,2
2020-07-05,Tehama,103,63373,120,95,2,97,1
2020-07-05,Trinity,105,12862,19,2,5,7,0
2020-07-05,Tulare,107,460477,6467,4981,13,4994,135
2020-07-05,Tuolumne,109,53932,67,30,3,33,0
2020-07-05,Ventura,111,848112,5201,3866,18,3884,44
2020-07-05,Yolo,113,214977,935,644,3,647,26
2020-07-05,Yuba,115,75493,137,115,0,115,1
2020-07-04,Alameda,001,1643700,8068,6737,10,6747,141
2020-07-04,Alpine,003,1148,1,1,0,1,0
2020-07-04,Amador,005,37829,36,31,0,31,0
2020-07-04,Butte,007,227075,378,224,11,235,2
2020-07-04,Calaveras,009,45235,69,45,0,45,0
2020-07-04,Colusa,011,21464,123,76,0,76,0
2020-07-04,Contra Costa,013,1133247,4878,3583,6,3589,80
2020-07-04,Del Norte,015,27424,60,50,0,50,0
2020-07-04,El Dorado,017,186661,366,211,3,214,0
2020-07-04,Fresno,019,978130,11682,5999,85,6084,82
2020-07-04,Glenn,021,27897,187,128,0,128,0
2020-07-04,Humboldt,023,135768,177,144,1,145,3
2020-07-04,Imperial,025,180216,8540,6441,4,6445,47
2020-07-04,Inyo,027,18085,35,32,1,33,1
2020-07-04,Kern,029,883053,11680,5231,37,5268,81
2020-07-04,Kings,031,150075,3023,2509,9,2518,31
2020-07-04,Lake,033,64148,115,86,0,86,1
2020-07-04,Lassen,035,31185,258,219,2,221,0
2020-07-04,Los Angeles,037,10098052,131828,107256,80,107336,3462
2020-07-04,Madera,039,155013,1223,568,3,571,4
2020-07-04,Marin,041,260295,3418,1962,4,1966,17
2020-07-04,Mariposa,043,17540,36,28,0,28,1
2020-07-04,Mendocino,045,87422,104,72,0,72,0
2020-07-04,Merced,047,269075,2247,1252,2,1254,10
2020-07-04,Modoc,049,8938,1,0,0,0,0
2020-07-04,Mono,051,14174,54,37,0,37,1
2020-07-04,Monterey,053,433212,2620,1878,7,1885,15
2020-07-04,Napa,055,140530,571,426,0,426,4
2020-07-04,Nevada,057,99092,183,125,5,130,1
2020-07-04,Orange,059,3164182,27083,19247,265,19512,372
2020-07-04,Placer,061,380077,1130,796,3,799,11
2020-07-04,Plumas,063,18699,16,11,0,11,0
2020-07-04,Riverside,065,2383286,27330,21508,28,21536,474
2020-07-04,Sacramento,067,1510023,5499,4039,6,4045,71
2020-07-04,San Benito,069,59416,335,255,0,255,2
2020-07-04,San Bernardino,071,2135413,22670,14636,14,14650,270
2020-07-04,San Diego,073,3302833,20174,16166,2,16168,387
2020-07-04,San Francisco,075,870044,4452,3861,1,3862,50
2020-07-04,San Joaquin,077,732212,6847,4807,4,4811,57
2020-07-04,San Luis Obispo,079,281455,1033,699,7,706,2
2020-07-04,San Mateo,081,765935,4012,3532,5,3537,106
2020-07-04,Santa Barbara,083,443738,4302,3520,35,3555,27
2020-07-04,Santa Clara,085,1922200,6685,5045,18,5063,161
2020-07-04,Santa Cruz,087,273765,573,466,0,466,2
2020-07-04,Shasta,089,179085,252,135,1,136,6
2020-07-04,Sierra,091,2930,1,1,0,1,0
2020-07-04,Siskiyou,093,43540,39,30,0,30,0
2020-07-04,Solano,095,438530,2238,1548,8,1556,22
2020-07-04,Sonoma,097,501317,1814,1370,5,1375,8
2020-07-04,Stanislaus,099,539301,5133,3572,7,3579,44
2020-07-04,Sutter,101,95872,303,225,0,225,2
2020-07-04,Tehama,103,63373,117,92,2,94,1
2020-07-04,Trinity,105,12862,19,2,5,7,0
2020-07-04,Tulare,107,460477,6355,4802,13,4815,135
2020-07-04,Tuolumne,109,53932,63,30,3,33,0
2020-07-04,Ventura,111,848112,5077,3687,18,3705,44
2020-07-04,Yolo,113,214977,910,615,3,618,26
2020-07-04,Yuba,115,75493,130,102,0,102,1
2020-07-03,Alameda,001,1643700,7947,6486,10,6496,141
2020-07-03,Alpine,003,1148,1,1,0,1,0
2020-07-03,Amador,005,37829,36,25,0,25,0
2020-07-03,Butte,007,227075,366,212,11,223,2
2020-07-03,Calaveras,009,45235,69,44,0,44,0
2020-07-03,Colusa,011,21464,117,70,0,70,0
2020-07-03,Contra Costa,013,1133247,4744,3447,6,3453,78
2020-07-03,Del Norte,015,27424,60,50,0,50,0
2020-07-03,El Dorado,017,186661,354,201,3,204,0
2020-07-03,Fresno,019,978130,11377,5783,83,5866,81
2020-07-03,Glenn,021,27897,182,122,0,122,0
2020-07-03,Humboldt,023,135768,173,143,1,144,3
2020-07-03,Imperial,025,180216,8492,6345,4,6349,47
2020-07-03,Inyo,027,18085,35,32,1,33,1
2020-07-03,Kern,029,883053,11419,5213,37,5250,81
2020-07-03,Kings,031,150075,2987,2492,9,2501,31
2020-07-03,Lake,033,64148,108,83,0,83,0
2020-07-03,Lassen,035,31185,258,219,2,221,0
2020-07-03,Los Angeles,037,10098052,130312,107236,76,107312,3461
2020-07-03,Madera,039,155013,1178,565,3,568,4
2020-07-03,Marin,041,260295,3390,1776,4,1780,17
2020-07-03,Mariposa,043,17540,36,28,0,28,1
2020-07-03,Mendocino,045,87422,103,72,0,72,0
2020-07-03,Merced,047,269075,2181,1188,2,1190,10
2020-07-03,Modoc,049,8938,1,0,0,0,0
2020-07-03,Mono,051,14174,54,37,0,37,1
2020-07-03,Monterey,053,433212,2550,1804,7,1811,15
2020-07-03,Napa,055,140530,553,388,0,388,4
2020-07-03,Nevada,057,99092,182,125,5,130,1
2020-07-03,Orange,059,3164182,26692,18819,257,19076,366
2020-07-03,Placer,061,380077,1103,745,3,748,11
2020-07-03,Plumas,063,18699,16,11,0,11,0
2020-07-03,Riverside,065,2383286,27024,21171,28,21199,472
2020-07-03,Sacramento,067,1510023,5365,3711,6,3717,71
2020-07-03,San Benito,069,59416,328,243,0,243,2
2020-07-03,San Bernardino,071,2135413,22282,14040,14,14054,269
2020-07-03,San Diego,073,3302833,19719,15698,2,15700,387
2020-07-03,San Francisco,075,870044,4406,3781,1,3782,50
2020-07-03,San Joaquin,077,732212,6708,4416,3,4419,56
2020-07-03,San Luis Obispo,079,281455,998,676,7,683,2
2020-07-03,San Mateo,081,765935,3955,3439,5,3444,106
2020-07-03,Santa Barbara,083,443738,4215,3406,34,3440,27
2020-07-03,Santa Clara,085,1922200,6573,4820,18,4838,161
2020-07-03,Santa Cruz,087,273765,559,436,0,436,2
2020-07-03,Shasta,089,179085,244,113,1,114,6
2020-07-03,Sierra,091,2930,1,1,0,1,0
2020-07-03,Siskiyou,093,43540,36,30,0,30,0
2020-07-03,Solano,095,438530,2194,1496,7,1503,22
2020-07-03,Sonoma,097,501317,1766,1282,5,1287,8
2020-07-03,Stanislaus,099,539301,5009,3021,7,3028,43
2020-07-03,Sutter,101,95872,293,205,0,205,2
2020-07-03,Tehama,103,63373,115,89,2,91,1
2020-07-03,Trinity,105,12862,19,2,5,7,0
2020-07-03,Tulare,107,460477,6240,4656,13,4669,134
2020-07-03,Tuolumne,109,53932,61,27,3,30,0
2020-07-03,Ventura,111,848112,4981,3536,18,3554,44
2020-07-03,Yolo,113,214977,876,586,3,589,25
2020-07-03,Yuba,115,75493,125,96,0,96,1
2020-07-02,Alameda,001,1643700,7821,6386,10,6396,139
2020-07-02,Alpine,003,1148,1,1,0,1,0
2020-07-02,Amador,005,37829,35,23,0,23,0
2020-07-02,Butte,007,227075,349,199,11,210,2
2020-07-02,Calaveras,009,45235,65,42,0,42,0
2020-07-02,Colusa,011,21464,109,60,0,60,0
2020-07-02,Contra Costa,013,1133247,4560,3347,6,3353,77
2020-07-02,Del Norte,015,27424,59,50,0,50,0
2020-07-02,El Dorado,017,186661,343,193,3,196,0
2020-07-02,Fresno,019,978130,10917,5402,82,5484,78
2020-07-02,Glenn,021,27897,176,114,0,114,0
2020-07-02,Humboldt,023,135768,169,138,1,139,3
2020-07-02,Imperial,025,180216,8391,6236,4,6240,47
2020-07-02,Inyo,027,18085,35,29,1,30,1
2020-07-02,Kern,029,883053,10884,5036,35,5071,78
2020-07-02,Kings,031,150075,2936,2419,9,2428,31
2020-07-02,Lake,033,64148,104,81,0,81,0
2020-07-02,Lassen,035,31185,256,218,2,220,0
2020-07-02,Los Angeles,037,10098052,128293,107144,53,107197,3458
2020-07-02,Madera,039,155013,1110,548,3,551,4
2020-07-02,Marin,041,260295,3304,1706,4,1710,17
2020-07-02,Mariposa,043,17540,35,28,0,28,1
2020-07-02,Mendocino,045,87422,99,71,0,71,0
2020-07-02,Merced,047,269075,2084,1122,2,1124,10
2020-07-02,Modoc,049,8938,1,0,0,0,0
2020-07-02,Mono,051,14174,54,37,0,37,1
2020-07-02,Monterey,053,433212,2490,1796,7,1803,15
2020-07-02,Napa,055,140530,536,352,0,352,4
2020-07-02,Nevada,057,99092,176,118,4,122,1
2020-07-02,Orange,059,3164182,25928,17056,244,17300,360
2020-07-02,Placer,061,380077,1079,740,3,743,11
2020-07-02,Plumas,063,18699,15,8,0,8,0
2020-07-02,Riverside,065,2383286,26451,20253,28,20281,458
2020-07-02,Sacramento,067,1510023,5138,3587,6,3593,70
2020-07-02,San Benito,069,59416,320,236,0,236,2
2020-07-02,San Bernardino,071,2135413,21747,13185,14,13199,260
2020-07-02,San Diego,073,3302833,19254,15208,2,15210,377
2020-07-02,San Francisco,075,870044,4311,3676,1,3677,50
2020-07-02,San Joaquin,077,732212,6361,4243,3,4246,56
2020-07-02,San Luis Obispo,079,281455,953,659,7,666,2
2020-07-02,San Mateo,081,765935,3875,3390,5,3395,107
2020-07-02,Santa Barbara,083,443738,4115,3385,32,3417,27
2020-07-02,Santa Clara,085,1922200,6447,4722,18,4740,160
2020-07-02,Santa Cruz,087,273765,536,414,0,414,2
2020-07-02,Shasta,089,179085,241,110,1,111,5
2020-07-02,Sierra,091,2930,1,1,0,1,0
2020-07-02,Siskiyou,093,43540,36,30,0,30,0
2020-07-02,Solano,095,438530,2111,1429,7,1436,21
2020-07-02,Sonoma,097,501317,1708,1244,5,1249,6
2020-07-02,Stanislaus,099,539301,4837,2850,7,2857,41
2020-07-02,Sutter,101,95872,282,195,0,195,2
2020-07-02,Tehama,103,63373,113,86,2,88,1
2020-07-02,Trinity,105,12862,19,2,5,7,0
2020-07-02,Tulare,107,460477,6073,4559,12,4571,132
2020-07-02,Tuolumne,109,53932,58,23,2,25,0
2020-07-02,Ventura,111,848112,4825,3394,18,3412,42
2020-07-02,Yolo,113,214977,844,554,3,557,24
2020-07-02,Yuba,115,75493,115,93,0,93,1
2020-07-01,Alameda,001,1643700,7599,6125,10,6135,137
2020-07-01,Alpine,003,1148,1,1,0,1,0
2020-07-01,Amador,005,37829,34,22,0,22,0
2020-07-01,Butte,007,227075,324,185,11,196,2
2020-07-01,Calaveras,009,45235,63,37,0,37,0
2020-07-01,Colusa,011,21464,103,53,0,53,0
2020-07-01,Contra Costa,013,1133247,4348,3259,6,3265,76
2020-07-01,Del Norte,015,27424,59,50,0,50,0
2020-07-01,El Dorado,017,186661,316,183,3,186,0
2020-07-01,Fresno,019,978130,10483,5111,79,5190,76
2020-07-01,Glenn,021,27897,170,110,0,110,0
2020-07-01,Humboldt,023,135768,164,134,0,134,3
2020-07-01,Imperial,025,180216,8294,6150,4,6154,46
2020-07-01,Inyo,027,18085,34,30,1,31,1
2020-07-01,Kern,029,883053,10251,4853,34,4887,78
2020-07-01,Kings,031,150075,2868,2360,9,2369,30
2020-07-01,Lake,033,64148,103,75,0,75,0
2020-07-01,Lassen,035,31185,255,217,2,219,0
2020-07-01,Los Angeles,037,10098052,125090,105325,44,105369,3408
2020-07-01,Madera,039,155013,1069,519,3,522,4
2020-07-01,Marin,041,260295,3147,1636,4,1640,17
2020-07-01,Mariposa,043,17540,35,29,0,29,1
2020-07-01,Mendocino,045,87422,95,70,0,70,0
2020-07-01,Merced,047,269075,1986,1052,2,1054,10
2020-07-01,Modoc,049,8938,1,0,0,0,0
2020-07-01,Mono,051,14174,51,37,0,37,1
2020-07-01,Monterey,053,433212,2382,1703,6,1709,15
2020-07-01,Napa,055,140530,513,347,0,347,4
2020-07-01,Nevada,057,99092,166,115,4,119,1
2020-07-01,Orange,059,3164182,25043,15662,223,15885,343
2020-07-01,Placer,061,380077,1032,713,3,716,11
2020-07-01,Plumas,063,18699,13,8,0,8,0
2020-07-01,Riverside,065,2383286,25609,19537,27,19564,457
2020-07-01,Sacramento,067,1510023,4883,3425,6,3431,64
2020-07-01,San Benito,069,59416,311,219,0,219,2
2020-07-01,San Bernardino,071,2135413,20852,12712,11,12723,253
2020-07-01,San Diego,073,3302833,18686,14624,2,14626,372
2020-07-01,San Francisco,075,870044,4218,3626,1,3627,50
2020-07-01,San Joaquin,077,732212,6003,3990,3,3993,54
2020-07-01,San Luis Obispo,079,281455,926,613,7,620,1
2020-07-01,San Mateo,081,765935,3813,3326,5,3331,84
2020-07-01,Santa Barbara,083,443738,3995,3268,31,3299,27
2020-07-01,Santa Clara,085,1922200,6259,4547,17,4564,159
2020-07-01,Santa Cruz,087,273765,512,398,0,398,2
2020-07-01,Shasta,089,179085,236,104,1,105,5
2020-07-01,Sierra,091,2930,1,1,0,1,0
2020-07-01,Siskiyou,093,43540,36,28,0,28,0
2020-07-01,Solano,095,438530,2022,1350,7,1357,21
2020-07-01,Sonoma,097,501317,1613,1178,5,1183,6
2020-07-01,Stanislaus,099,539301,4558,2619,7,2626,41
2020-07-01,Sutter,101,95872,269,188,0,188,2
2020-07-01,Tehama,103,63373,106,80,2,82,1
2020-07-01,Trinity,105,12862,19,2,4,6,0
2020-07-01,Tulare,107,460477,5895,4359,12,4371,128
2020-07-01,Tuolumne,109,53932,55,17,2,19,0
2020-07-01,Ventura,111,848112,4683,3224,16,3240,41
2020-07-01,Yolo,113,214977,793,526,3,529,24
2020-07-01,Yuba,115,75493,110,57,0,57,1
2020-06-30,Alameda,001,1643700,7350,5959,8,5967,137
2020-06-30,Alpine,003,1148,1,1,0,1,0
2020-06-30,Amador,005,37829,34,21,0,21,0
2020-06-30,Butte,007,227075,307,163,11,174,2
2020-06-30,Calaveras,009,45235,58,31,0,31,0
2020-06-30,Colusa,011,21464,94,33,0,33,0
2020-06-30,Contra Costa,013,1133247,4141,3140,6,3146,75
2020-06-30,Del Norte,015,27424,59,48,0,48,0
2020-06-30,El Dorado,017,186661,303,175,3,178,0
2020-06-30,Fresno,019,978130,10036,4826,74,4900,75
2020-06-30,Glenn,021,27897,165,96,0,96,0
2020-06-30,Humboldt,023,135768,160,132,0,132,3
2020-06-30,Imperial,025,180216,8195,5968,4,5972,45
2020-06-30,Inyo,027,18085,34,30,1,31,1
2020-06-30,Kern,029,883053,9604,4721,31,4752,75
2020-06-30,Kings,031,150075,2819,2315,6,2321,30
2020-06-30,Lake,033,64148,95,56,0,56,0
2020-06-30,Lassen,035,31185,248,215,2,217,0
2020-06-30,Los Angeles,037,10098052,121507,103640,41,103681,3378
2020-06-30,Madera,039,155013,1012,475,3,478,4
2020-06-30,Marin,041,260295,3076,1614,4,1618,17
2020-06-30,Mariposa,043,17540,34,27,0,27,1
2020-06-30,Mendocino,045,87422,90,65,0,65,0
2020-06-30,Merced,047,269075,1849,970,2,972,10
2020-06-30,Modoc,049,8938,1,0,0,0,0
2020-06-30,Mono,051,14174,49,36,0,36,1
2020-06-30,Monterey,053,433212,2285,1657,6,1663,15
2020-06-30,Napa,055,140530,488,342,0,342,4
2020-06-30,Nevada,057,99092,158,113,4,117,1
2020-06-30,Orange,059,3164182,24112,14354,213,14567,335
2020-06-30,Placer,061,380077,1005,667,3,670,11
2020-06-30,Plumas,063,18699,12,8,0,8,0
2020-06-30,Riverside,065,2383286,24892,18656,26,18682,449
2020-06-30,Sacramento,067,1510023,4594,3246,6,3252,64
2020-06-30,San Benito,069,59416,300,200,0,200,2
2020-06-30,San Bernardino,071,2135413,19870,12375,10,12385,249
2020-06-30,San Diego,073,3302833,17981,14150,2,14152,365
2020-06-30,San Francisco,075,870044,4113,3555,1,3556,50
2020-06-30,San Joaquin,077,732212,5628,3744,3,3747,52
2020-06-30,San Luis Obispo,079,281455,888,583,7,590,1
2020-06-30,San Mateo,081,765935,3735,3268,5,3273,84
2020-06-30,Santa Barbara,083,443738,3879,3102,31,3133,25
2020-06-30,Santa Clara,085,1922200,6057,4346,17,4363,157
2020-06-30,Santa Cruz,087,273765,486,379,0,379,2
2020-06-30,Shasta,089,179085,220,100,1,101,5
2020-06-30,Sierra,091,2930,1,1,0,1,0
2020-06-30,Siskiyou,093,43540,35,26,0,26,0
2020-06-30,Solano,095,438530,1930,1256,7,1263,21
2020-06-30,Sonoma,097,501317,1549,1122,5,1127,6
2020-06-30,Stanislaus,099,539301,4261,2578,7,2585,41
2020-06-30,Sutter,101,95872,246,168,0,168,2
2020-06-30,Tehama,103,63373,104,75,2,77,1
2020-06-30,Trinity,105,12862,19,2,4,6,0
2020-06-30,Tulare,107,460477,5686,4207,12,4219,117
2020-06-30,Tuolumne,109,53932,51,16,2,18,0
2020-06-30,Ventura,111,848112,4549,3030,16,3046,40
2020-06-30,Yolo,113,214977,755,515,3,518,24
2020-06-30,Yuba,115,75493,106,55,0,55,1
2020-06-29,Alameda,001,1643700,7141,5766,8,5774,135
2020-06-29,Alpine,003,1148,1,1,0,1,0
2020-06-29,Amador,005,37829,31,20,0,20,0
2020-06-29,Butte,007,227075,286,157,11,168,2
2020-06-29,Calaveras,009,45235,56,30,0,30,0
2020-06-29,Colusa,011,21464,89,17,0,17,0
2020-06-29,Contra Costa,013,1133247,3978,2976,5,2981,75
2020-06-29,Del Norte,015,27424,59,47,0,47,0
2020-06-29,El Dorado,017,186661,289,163,1,164,0
2020-06-29,Fresno,019,978130,9688,4531,72,4603,74
2020-06-29,Glenn,021,27897,156,77,0,77,0
2020-06-29,Humboldt,023,135768,159,128,0,128,3
2020-06-29,Imperial,025,180216,8064,5512,4,5516,45
2020-06-29,Inyo,027,18085,33,29,0,29,1
2020-06-29,Kern,029,883053,8941,4613,29,4642,73
2020-06-29,Kings,031,150075,2754,2280,6,2286,20
2020-06-29,Lake,033,64148,88,53,0,53,0
2020-06-29,Lassen,035,31185,240,77,2,79,0
2020-06-29,Los Angeles,037,10098052,118468,100846,35,100881,3337
2020-06-29,Madera,039,155013,955,422,3,425,4
2020-06-29,Marin,041,260295,3000,1517,4,1521,17
2020-06-29,Mariposa,043,17540,32,25,0,25,1
2020-06-29,Mendocino,045,87422,87,63,0,63,0
2020-06-29,Merced,047,269075,1743,848,2,850,10
2020-06-29,Modoc,049,8938,1,0,0,0,0
2020-06-29,Mono,051,14174,47,35,0,35,1
2020-06-29,Monterey,053,433212,2213,1614,6,1620,14
2020-06-29,Napa,055,140530,466,317,0,317,4
2020-06-29,Nevada,057,99092,155,107,3,110,1
2020-06-29,Orange,059,3164182,23122,13682,198,13880,324
2020-06-29,Placer,061,380077,969,628,3,631,11
2020-06-29,Plumas,063,18699,12,6,0,6,0
2020-06-29,Riverside,065,2383286,23858,17683,26,17709,432
2020-06-29,Sacramento,067,1510023,4307,2985,6,2991,62
2020-06-29,San Benito,069,59416,285,193,0,193,2
2020-06-29,San Bernardino,071,2135413,18908,11643,10,11653,245
2020-06-29,San Diego,073,3302833,17403,13834,2,13836,361
2020-06-29,San Francisco,075,870044,4036,3389,1,3390,50
2020-06-29,San Joaquin,077,732212,5270,3202,3,3205,52
2020-06-29,San Luis Obispo,079,281455,854,544,7,551,1
2020-06-29,San Mateo,081,765935,3681,3170,5,3175,84
2020-06-29,Santa Barbara,083,443738,3770,2933,30,2963,25
2020-06-29,Santa Clara,085,1922200,5886,4231,17,4248,157
2020-06-29,Santa Cruz,087,273765,468,348,0,348,2
2020-06-29,Shasta,089,179085,212,94,1,95,5
2020-06-29,Sierra,091,2930,1,1,0,1,0
2020-06-29,Siskiyou,093,43540,35,25,0,25,0
2020-06-29,Solano,095,438530,1828,1077,7,1084,21
2020-06-29,Sonoma,097,501317,1477,1103,5,1108,5
2020-06-29,Stanislaus,099,539301,4055,2400,6,2406,36
2020-06-29,Sutter,101,95872,224,152,0,152,2
2020-06-29,Tehama,103,63373,100,63,2,65,1
2020-06-29,Trinity,105,12862,18,2,4,6,0
2020-06-29,Tulare,107,460477,5531,3906,11,3917,117
2020-06-29,Tuolumne,109,53932,47,16,2,18,0
2020-06-29,Ventura,111,848112,4402,2794,16,2810,40
2020-06-29,Yolo,113,214977,722,483,3,486,24
2020-06-29,Yuba,115,75493,93,55,0,55,1
2020-06-28,Alameda,001,1643700,6882,5698,8,5706,135
2020-06-28,Alpine,003,1148,1,1,0,1,0
2020-06-28,Amador,005,37829,29,20,0,20,0
2020-06-28,Butte,007,227075,266,150,11,161,2
2020-06-28,Calaveras,009,45235,51,30,0,30,0
2020-06-28,Colusa,011,21464,74,17,0,17,0
2020-06-28,Contra Costa,013,1133247,3787,2803,4,2807,73
2020-06-28,Del Norte,015,27424,58,47,0,47,0
2020-06-28,El Dorado,017,186661,277,162,1,163,0
2020-06-28,Fresno,019,978130,9325,4365,72,4437,74
2020-06-28,Glenn,021,27897,148,77,0,77,0
2020-06-28,Humboldt,023,135768,156,127,0,127,3
2020-06-28,Imperial,025,180216,7875,5513,4,5517,45
2020-06-28,Inyo,027,18085,33,29,0,29,1
2020-06-28,Kern,029,883053,8390,4541,27,4568,72
2020-06-28,Kings,031,150075,2694,2234,6,2240,18
2020-06-28,Lake,033,64148,84,53,0,53,0
2020-06-28,Lassen,035,31185,240,77,2,79,0
2020-06-28,Los Angeles,037,10098052,115266,98003,31,98034,3316
2020-06-28,Madera,039,155013,907,424,3,427,4
2020-06-28,Marin,041,260295,2654,1473,4,1477,17
2020-06-28,Mariposa,043,17540,32,24,0,24,1
2020-06-28,Mendocino,045,87422,85,63,0,63,0
2020-06-28,Merced,047,269075,1630,814,2,816,10
2020-06-28,Modoc,049,8938,1,0,0,0,0
2020-06-28,Mono,051,14174,47,35,0,35,1
2020-06-28,Monterey,053,433212,2131,1560,6,1566,13
2020-06-28,Napa,055,140530,432,307,0,307,4
2020-06-28,Nevada,057,99092,144,102,3,105,1
2020-06-28,Orange,059,3164182,22148,13213,180,13393,324
2020-06-28,Placer,061,380077,930,618,3,621,11
2020-06-28,Plumas,063,18699,11,6,0,6,0
2020-06-28,Riverside,065,2383286,23030,16848,25,16873,432
2020-06-28,Sacramento,067,1510023,4079,2803,6,2809,63
2020-06-28,San Benito,069,59416,274,190,0,190,2
2020-06-28,San Bernardino,071,2135413,18155,11344,9,11353,245
2020-06-28,San Diego,073,3302833,16858,13333,2,13335,361
2020-06-28,San Francisco,075,870044,3958,3388,1,3389,50
2020-06-28,San Joaquin,077,732212,4933,3201,3,3204,52
2020-06-28,San Luis Obispo,079,281455,815,531,6,537,1
2020-06-28,San Mateo,081,765935,3604,3124,4,3128,84
2020-06-28,Santa Barbara,083,443738,3625,2872,30,2902,25
2020-06-28,Santa Clara,085,1922200,5724,4131,17,4148,156
2020-06-28,Santa Cruz,087,273765,445,349,0,349,2
2020-06-28,Shasta,089,179085,199,89,0,89,5
2020-06-28,Sierra,091,2930,1,1,0,1,0
2020-06-28,Siskiyou,093,43540,35,25,0,25,0
2020-06-28,Solano,095,438530,1753,1077,7,1084,21
2020-06-28,Sonoma,097,501317,1423,1084,5,1089,5
2020-06-28,Stanislaus,099,539301,3849,2376,6,2382,36
2020-06-28,Sutter,101,95872,198,145,0,145,2
2020-06-28,Tehama,103,63373,93,63,2,65,1
2020-06-28,Trinity,105,12862,17,2,4,6,0
2020-06-28,Tulare,107,460477,5363,3812,11,3823,117
2020-06-28,Tuolumne,109,53932,42,14,2,16,0
2020-06-28,Ventura,111,848112,4244,2650,16,2666,40
2020-06-28,Yolo,113,214977,687,468,3,471,24
2020-06-28,Yuba,115,75493,89,39,0,39,1
2020-06-27,Alameda,001,1643700,6786,5581,8,5589,135
2020-06-27,Alpine,003,1148,1,1,0,1,0
2020-06-27,Amador,005,37829,27,20,0,20,0
2020-06-27,Butte,007,227075,258,137,11,148,2
2020-06-27,Calaveras,009,45235,49,30,0,30,0
2020-06-27,Colusa,011,21464,68,17,0,17,0
2020-06-27,Contra Costa,013,1133247,3693,2717,3,2720,72
2020-06-27,Del Norte,015,27424,58,47,0,47,0
2020-06-27,El Dorado,017,186661,271,159,1,160,0
2020-06-27,Fresno,019,978130,9079,4238,72,4310,74
2020-06-27,Glenn,021,27897,144,77,0,77,0
2020-06-27,Humboldt,023,135768,154,127,0,127,3
2020-06-27,Imperial,025,180216,7814,5513,4,5517,45
2020-06-27,Inyo,027,18085,33,29,0,29,1
2020-06-27,Kern,029,883053,8127,4411,26,4437,70
2020-06-27,Kings,031,150075,2668,2187,6,2193,18
2020-06-27,Lake,033,64148,81,42,0,42,0
2020-06-27,Lassen,035,31185,240,33,2,35,0
2020-06-27,Los Angeles,037,10098052,113524,95341,28,95369,3291
2020-06-27,Madera,039,155013,864,427,2,429,4
2020-06-27,Marin,041,260295,2609,1423,4,1427,17
2020-06-27,Mariposa,043,17540,31,22,0,22,1
2020-06-27,Mendocino,045,87422,85,63,0,63,0
2020-06-27,Merced,047,269075,1572,807,1,808,10
2020-06-27,Modoc,049,8938,1,0,0,0,0
2020-06-27,Mono,051,14174,46,35,0,35,1
2020-06-27,Monterey,053,433212,2067,1455,6,1461,12
2020-06-27,Napa,055,140530,422,282,0,282,3
2020-06-27,Nevada,057,99092,140,102,2,104,1
2020-06-27,Orange,059,3164182,21637,12951,175,13126,320
2020-06-27,Placer,061,380077,909,584,3,587,10
2020-06-27,Plumas,063,18699,11,6,0,6,0
2020-06-27,Riverside,065,2383286,22641,16209,25,16234,432
2020-06-27,Sacramento,067,1510023,3962,2685,6,2691,63
2020-06-27,San Benito,069,59416,267,182,0,182,2
2020-06-27,San Bernardino,071,2135413,17777,11238,9,11247,243
2020-06-27,San Diego,073,3302833,16493,12836,2,12838,360
2020-06-27,San Francisco,075,870044,3903,3332,1,3333,49
2020-06-27,San Joaquin,077,732212,4767,2995,3,2998,52
2020-06-27,San Luis Obispo,079,281455,792,505,6,511,1
2020-06-27,San Mateo,081,765935,3547,3083,4,3087,83
2020-06-27,Santa Barbara,083,443738,3553,2799,30,2829,25
2020-06-27,Santa Clara,085,1922200,5618,4006,17,4023,157
2020-06-27,Santa Cruz,087,273765,438,347,0,347,2
2020-06-27,Shasta,089,179085,193,87,0,87,5
2020-06-27,Sierra,091,2930,1,1,0,1,0
2020-06-27,Siskiyou,093,43540,35,25,0,25,0
2020-06-27,Solano,095,438530,1720,1076,7,1083,21
2020-06-27,Sonoma,097,501317,1391,1004,5,1009,5
2020-06-27,Stanislaus,099,539301,3749,2164,6,2170,36
2020-06-27,Sutter,101,95872,191,141,0,141,2
2020-06-27,Tehama,103,63373,90,63,2,65,1
2020-06-27,Trinity,105,12862,17,2,4,6,0
2020-06-27,Tulare,107,460477,5267,3810,11,3821,117
2020-06-27,Tuolumne,109,53932,41,13,2,15,0
2020-06-27,Ventura,111,848112,4144,2471,16,2487,40
2020-06-27,Yolo,113,214977,663,432,3,435,24
2020-06-27,Yuba,115,75493,81,39,0,39,1
2020-06-26,Alameda,001,1643700,6700,5502,7,5509,132
2020-06-26,Alpine,003,1148,1,1,0,1,0
2020-06-26,Amador,005,37829,26,20,0,20,0
2020-06-26,Butte,007,227075,243,135,11,146,2
2020-06-26,Calaveras,009,45235,47,30,0,30,0
2020-06-26,Colusa,011,21464,63,17,0,17,0
2020-06-26,Contra Costa,013,1133247,3581,2676,3,2679,72
2020-06-26,Del Norte,015,27424,57,47,0,47,0
2020-06-26,El Dorado,017,186661,263,159,1,160,0
2020-06-26,Fresno,019,978130,8853,4166,72,4238,74
2020-06-26,Glenn,021,27897,137,71,0,71,0
2020-06-26,Humboldt,023,135768,152,126,0,126,3
2020-06-26,Imperial,025,180216,7751,5400,4,5404,44
2020-06-26,Inyo,027,18085,32,29,0,29,1
2020-06-26,Kern,029,883053,7797,4366,26,4392,70
2020-06-26,Kings,031,150075,2636,2176,5,2181,18
2020-06-26,Lake,033,64148,80,42,0,42,0
2020-06-26,Lassen,035,31185,239,30,2,32,0
2020-06-26,Los Angeles,037,10098052,111359,93328,28,93356,3275
2020-06-26,Madera,039,155013,832,409,2,411,4
2020-06-26,Marin,041,260295,2572,1406,4,1410,17
2020-06-26,Mariposa,043,17540,30,21,0,21,1
2020-06-26,Mendocino,045,87422,82,63,0,63,0
2020-06-26,Merced,047,269075,1526,797,1,798,10
2020-06-26,Modoc,049,8938,1,0,0,0,0
2020-06-26,Mono,051,14174,45,35,0,35,1
2020-06-26,Monterey,053,433212,2015,1449,6,1455,12
2020-06-26,Napa,055,140530,412,277,0,277,3
2020-06-26,Nevada,057,99092,136,101,1,102,1
2020-06-26,Orange,059,3164182,20961,12659,172,12831,320
2020-06-26,Placer,061,380077,880,584,3,587,10
2020-06-26,Plumas,063,18699,11,6,0,6,0
2020-06-26,Riverside,065,2383286,22178,15858,25,15883,430
2020-06-26,Sacramento,067,1510023,3797,2687,6,2693,63
2020-06-26,San Benito,069,59416,263,176,0,176,2
2020-06-26,San Bernardino,071,2135413,17401,11111,9,11120,243
2020-06-26,San Diego,073,3302833,16128,12402,2,12404,358
2020-06-26,San Francisco,075,870044,3848,3330,1,3331,49
2020-06-26,San Joaquin,077,732212,4553,2943,3,2946,52
2020-06-26,San Luis Obispo,079,281455,777,498,6,504,1
2020-06-26,San Mateo,081,765935,3495,3055,4,3059,83
2020-06-26,Santa Barbara,083,443738,3463,2784,28,2812,25
2020-06-26,Santa Clara,085,1922200,5517,3968,17,3985,156
2020-06-26,Santa Cruz,087,273765,431,344,0,344,2
2020-06-26,Shasta,089,179085,186,86,0,86,5
2020-06-26,Sierra,091,2930,1,1,0,1,0
2020-06-26,Siskiyou,093,43540,34,24,0,24,0
2020-06-26,Solano,095,438530,1678,1068,7,1075,21
2020-06-26,Sonoma,097,501317,1360,977,5,982,5
2020-06-26,Stanislaus,099,539301,3636,2157,6,2163,36
2020-06-26,Sutter,101,95872,184,138,0,138,2
2020-06-26,Tehama,103,63373,87,63,2,65,1
2020-06-26,Trinity,105,12862,17,2,4,6,0
2020-06-26,Tulare,107,460477,5178,3720,11,3731,117
2020-06-26,Tuolumne,109,53932,39,10,2,12,0
2020-06-26,Ventura,111,848112,4058,2444,16,2460,40
2020-06-26,Yolo,113,214977,640,418,3,421,24
2020-06-26,Yuba,115,75493,75,38,0,38,1
2020-06-25,Alameda,001,1643700,6511,5398,7,5405,130
2020-06-25,Alpine,003,1148,1,1,0,1,0
2020-06-25,Amador,005,37829,25,18,0,18,0
2020-06-25,Butte,007,227075,238,127,11,138,1
2020-06-25,Calaveras,009,45235,42,26,0,26,0
2020-06-25,Colusa,011,21464,53,14,0,14,0
2020-06-25,Contra Costa,013,1133247,3396,2591,3,2594,71
2020-06-25,Del Norte,015,27424,55,47,0,47,0
2020-06-25,El Dorado,017,186661,255,150,1,151,0
2020-06-25,Fresno,019,978130,8540,3938,71,4009,71
2020-06-25,Glenn,021,27897,132,59,0,59,0
2020-06-25,Humboldt,023,135768,151,121,0,121,3
2020-06-25,Imperial,025,180216,7622,5192,4,5196,44
2020-06-25,Inyo,027,18085,29,27,0,27,1
2020-06-25,Kern,029,883053,7373,4236,23,4259,69
2020-06-25,Kings,031,150075,2584,2110,5,2115,17
2020-06-25,Lake,033,64148,79,42,0,42,0
2020-06-25,Lassen,035,31185,233,13,2,15,0
2020-06-25,Los Angeles,037,10098052,108593,91524,28,91552,3239
2020-06-25,Madera,039,155013,788,380,2,382,4
2020-06-25,Marin,041,260295,2470,1321,4,1325,17
2020-06-25,Mariposa,043,17540,29,20,0,20,1
2020-06-25,Mendocino,045,87422,79,61,0,61,0
2020-06-25,Merced,047,269075,1439,747,1,748,10
2020-06-25,Modoc,049,8938,1,0,0,0,0
2020-06-25,Mono,051,14174,44,35,0,35,1
2020-06-25,Monterey,053,433212,1927,1426,5,1431,12
2020-06-25,Napa,055,140530,394,260,0,260,3
2020-06-25,Nevada,057,99092,128,92,1,93,1
2020-06-25,Orange,059,3164182,20040,12221,170,12391,311
2020-06-25,Placer,061,380077,826,574,3,577,10
2020-06-25,Plumas,063,18699,10,6,0,6,0
2020-06-25,Riverside,065,2383286,21423,15224,25,15249,427
2020-06-25,Sacramento,067,1510023,3574,2519,6,2525,62
2020-06-25,San Benito,069,59416,255,174,0,174,2
2020-06-25,San Bernardino,071,2135413,16649,10590,9,10599,242
2020-06-25,San Diego,073,3302833,15589,11963,2,11965,352
2020-06-25,San Francisco,075,870044,3782,3252,1,3253,48
2020-06-25,San Joaquin,077,732212,4281,2803,3,2806,50
2020-06-25,San Luis Obispo,079,281455,745,473,6,479,1
2020-06-25,San Mateo,081,765935,3427,2996,4,3000,82
2020-06-25,Santa Barbara,083,443738,3358,2622,27,2649,25
2020-06-25,Santa Clara,085,1922200,5368,3871,17,3888,156
2020-06-25,Santa Cruz,087,273765,419,335,0,335,2
2020-06-25,Shasta,089,179085,176,84,0,84,5
2020-06-25,Sierra,091,2930,1,1,0,1,0
2020-06-25,Siskiyou,093,43540,33,24,0,24,0
2020-06-25,Solano,095,438530,1625,1034,7,1041,21
2020-06-25,Sonoma,097,501317,1311,953,4,957,5
2020-06-25,Stanislaus,099,539301,3424,2130,6,2136,36
2020-06-25,Sutter,101,95872,172,126,0,126,2
2020-06-25,Tehama,103,63373,83,59,2,61,1
2020-06-25,Trinity,105,12862,17,2,4,6,0
2020-06-25,Tulare,107,460477,5047,3656,11,3667,117
2020-06-25,Tuolumne,109,53932,38,10,1,11,0
2020-06-25,Ventura,111,848112,3876,2346,15,2361,40
2020-06-25,Yolo,113,214977,611,397,3,400,24
2020-06-25,Yuba,115,75493,64,38,0,38,1
2020-06-24,Alameda,001,1643700,6349,5242,7,5249,123
2020-06-24,Alpine,003,1148,1,1,0,1,0
2020-06-24,Amador,005,37829,23,16,0,16,0
2020-06-24,Butte,007,227075,222,119,10,129,1
2020-06-24,Calaveras,009,45235,40,26,0,26,0
2020-06-24,Colusa,011,21464,44,11,0,11,0
2020-06-24,Contra Costa,013,1133247,3241,2520,3,2523,66
2020-06-24,Del Norte,015,27424,49,47,0,47,0
2020-06-24,El Dorado,017,186661,239,149,1,150,0
2020-06-24,Fresno,019,978130,8209,3765,71,3836,71
2020-06-24,Glenn,021,27897,124,54,0,54,0
2020-06-24,Humboldt,023,135768,151,117,0,117,3
2020-06-24,Imperial,025,180216,7504,5138,4,5142,38
2020-06-24,Inyo,027,18085,29,28,0,28,1
2020-06-24,Kern,029,883053,6980,4155,21,4176,67
2020-06-24,Kings,031,150075,2520,2063,5,2068,16
2020-06-24,Lake,033,64148,66,40,0,40,0
2020-06-24,Lassen,035,31185,232,9,2,11,0
2020-06-24,Los Angeles,037,10098052,105829,89566,28,89594,3186
2020-06-24,Madera,039,155013,766,373,2,375,4
2020-06-24,Marin,041,260295,2242,1261,4,1265,17
2020-06-24,Mariposa,043,17540,28,19,0,19,1
2020-06-24,Mendocino,045,87422,79,60,0,60,0
2020-06-24,Merced,047,269075,1353,696,1,697,8
2020-06-24,Modoc,049,8938,1,0,0,0,0
2020-06-24,Mono,051,14174,42,35,0,35,1
2020-06-24,Monterey,053,433212,1850,1407,5,1412,12
2020-06-24,Napa,055,140530,377,258,0,258,3
2020-06-24,Nevada,057,99092,122,92,1,93,1
2020-06-24,Orange,059,3164182,19043,11804,152,11956,303
2020-06-24,Placer,061,380077,787,548,3,551,10
2020-06-24,Plumas,063,18699,10,6,0,6,0
2020-06-24,Riverside,065,2383286,20576,14946,25,14971,410
2020-06-24,Sacramento,067,1510023,3370,2446,5,2451,62
2020-06-24,San Benito,069,59416,251,171,0,171,2
2020-06-24,San Bernardino,071,2135413,15835,10211,9,10220,239
2020-06-24,San Diego,073,3302833,15086,11628,2,11630,347
2020-06-24,San Francisco,075,870044,3719,3216,1,3217,48
2020-06-24,San Joaquin,077,732212,4060,2680,3,2683,49
2020-06-24,San Luis Obispo,079,281455,714,461,5,466,1
2020-06-24,San Mateo,081,765935,3370,2964,4,2968,82
2020-06-24,Santa Barbara,083,443738,3239,2569,25,2594,22
2020-06-24,Santa Clara,085,1922200,5237,3812,17,3829,155
2020-06-24,Santa Cruz,087,273765,407,329,0,329,2
2020-06-24,Shasta,089,179085,168,83,0,83,5
2020-06-24,Sierra,091,2930,1,1,0,1,0
2020-06-24,Siskiyou,093,43540,32,24,0,24,0
2020-06-24,Solano,095,438530,1535,979,6,985,21
2020-06-24,Sonoma,097,501317,1262,933,4,937,4
2020-06-24,Stanislaus,099,539301,3245,2039,6,2045,36
2020-06-24,Sutter,101,95872,159,118,0,118,2
2020-06-24,Tehama,103,63373,81,55,2,57,1
2020-06-24,Trinity,105,12862,16,2,3,5,0
2020-06-24,Tulare,107,460477,4892,3541,10,3551,116
2020-06-24,Tuolumne,109,53932,33,9,1,10,0
2020-06-24,Ventura,111,848112,3535,2314,15,2329,42
2020-06-24,Yolo,113,214977,576,376,3,379,24
2020-06-24,Yuba,115,75493,58,37,0,37,1
2020-06-23,Alameda,001,1643700,6168,5159,7,5166,121
2020-06-23,Alpine,003,1148,1,1,0,1,0
2020-06-23,Amador,005,37829,22,13,0,13,0
2020-06-23,Butte,007,227075,204,111,10,121,1
2020-06-23,Calaveras,009,45235,40,26,0,26,0
2020-06-23,Colusa,011,21464,40,7,0,7,0
2020-06-23,Contra Costa,013,1133247,3115,2453,3,2456,60
2020-06-23,Del Norte,015,27424,48,46,0,46,0
2020-06-23,El Dorado,017,186661,230,142,1,143,0
2020-06-23,Fresno,019,978130,7557,3569,69,3638,67
2020-06-23,Glenn,021,27897,120,47,0,47,0
2020-06-23,Humboldt,023,135768,151,110,0,110,3
2020-06-23,Imperial,025,180216,7341,5025,4,5029,38
2020-06-23,Inyo,027,18085,29,26,0,26,1
2020-06-23,Kern,029,883053,6613,4087,18,4105,64
2020-06-23,Kings,031,150075,2455,1727,5,1732,16
2020-06-23,Lake,033,64148,60,40,0,40,0
2020-06-23,Lassen,035,31185,228,9,2,11,0
2020-06-23,Los Angeles,037,10098052,102884,88433,27,88460,3152
2020-06-23,Madera,039,155013,727,369,2,371,4
2020-06-23,Marin,041,260295,1974,1139,4,1143,17
2020-06-23,Mariposa,043,17540,26,18,0,18,1
2020-06-23,Mendocino,045,87422,78,61,0,61,0
2020-06-23,Merced,047,269075,1255,656,1,657,8
2020-06-23,Modoc,049,8938,1,0,0,0,0
2020-06-23,Mono,051,14174,42,35,0,35,1
2020-06-23,Monterey,053,433212,1780,1346,5,1351,12
2020-06-23,Napa,055,140530,362,230,0,230,3
2020-06-23,Nevada,057,99092,116,81,1,82,1
2020-06-23,Orange,059,3164182,18074,11071,149,11220,278
2020-06-23,Placer,061,380077,761,525,3,528,10
2020-06-23,Plumas,063,18699,9,6,0,6,0
2020-06-23,Riverside,065,2383286,19557,14469,25,14494,406
2020-06-23,Sacramento,067,1510023,3191,2374,5,2379,62
2020-06-23,San Benito,069,59416,237,167,0,167,2
2020-06-23,San Bernardino,071,2135413,15054,9771,9,9780,229
2020-06-23,San Diego,073,3302833,14566,11296,2,11298,341
2020-06-23,San Francisco,075,870044,3645,3177,1,3178,48
2020-06-23,San Joaquin,077,732212,3801,2502,3,2505,48
2020-06-23,San Luis Obispo,079,281455,683,445,5,450,1
2020-06-23,San Mateo,081,765935,3305,2907,4,2911,81
2020-06-23,Santa Barbara,083,443738,3144,2498,25,2523,22
2020-06-23,Santa Clara,085,1922200,5091,3700,17,3717,155
2020-06-23,Santa Cruz,087,273765,397,313,0,313,2
2020-06-23,Shasta,089,179085,159,81,0,81,5
2020-06-23,Sierra,091,2930,1,1,0,1,0
2020-06-23,Siskiyou,093,43540,30,24,0,24,0
2020-06-23,Solano,095,438530,1478,941,5,946,21
2020-06-23,Sonoma,097,501317,1209,912,4,916,4
2020-06-23,Stanislaus,099,539301,3068,1850,6,1856,35
2020-06-23,Sutter,101,95872,149,112,0,112,2
2020-06-23,Tehama,103,63373,79,50,2,52,1
2020-06-23,Trinity,105,12862,16,2,3,5,0
2020-06-23,Tulare,107,460477,4770,3456,10,3466,111
2020-06-23,Tuolumne,109,53932,28,9,0,9,0
2020-06-23,Ventura,111,848112,3375,2209,14,2223,40
2020-06-23,Yolo,113,214977,550,350,0,350,24
2020-06-23,Yuba,115,75493,55,35,0,35,1
2020-06-22,Alameda,001,1643700,6017,4944,7,4951,121
2020-06-22,Alpine,003,1148,1,1,0,1,0
2020-06-22,Amador,005,37829,19,12,0,12,0
2020-06-22,Butte,007,227075,185,104,10,114,1
2020-06-22,Calaveras,009,45235,38,20,0,20,0
2020-06-22,Colusa,011,21464,37,7,0,7,0
2020-06-22,Contra Costa,013,1133247,2973,2363,3,2366,60
2020-06-22,Del Norte,015,27424,48,46,0,46,0
2020-06-22,El Dorado,017,186661,221,137,1,138,0
2020-06-22,Fresno,019,978130,7025,3425,69,3494,67
2020-06-22,Glenn,021,27897,111,40,0,40,0
2020-06-22,Humboldt,023,135768,148,110,0,110,3
2020-06-22,Imperial,025,180216,7184,4700,4,4704,38
2020-06-22,Inyo,027,18085,29,26,0,26,1
2020-06-22,Kern,029,883053,6261,3982,16,3998,60
2020-06-22,Kings,031,150075,2406,1513,5,1518,13
2020-06-22,Lake,033,64148,54,37,0,37,0
2020-06-22,Lassen,035,31185,118,7,2,9,0
2020-06-22,Los Angeles,037,10098052,99986,85925,26,85951,3117
2020-06-22,Madera,039,155013,702,333,2,335,4
2020-06-22,Marin,041,260295,1717,1029,4,1033,17
2020-06-22,Mariposa,043,17540,25,18,0,18,1
2020-06-22,Mendocino,045,87422,73,48,0,48,0
2020-06-22,Merced,047,269075,1166,619,1,620,8
2020-06-22,Modoc,049,8938,1,0,0,0,0
2020-06-22,Mono,051,14174,42,34,0,34,1
2020-06-22,Monterey,053,433212,1719,1293,5,1298,12
2020-06-22,Napa,055,140530,338,222,0,222,3
2020-06-22,Nevada,057,99092,111,79,1,80,1
2020-06-22,Orange,059,3164182,17142,10711,146,10857,275
2020-06-22,Placer,061,380077,735,512,3,515,9
2020-06-22,Plumas,063,18699,7,6,0,6,0
2020-06-22,Riverside,065,2383286,18585,13948,25,13973,403
2020-06-22,Sacramento,067,1510023,2974,2243,5,2248,62
2020-06-22,San Benito,069,59416,228,164,0,164,2
2020-06-22,San Bernardino,071,2135413,14281,9133,9,9142,229
2020-06-22,San Diego,073,3302833,14074,11098,2,11100,338
2020-06-22,San Francisco,075,870044,3552,3000,1,3001,47
2020-06-22,San Joaquin,077,732212,3553,2332,3,2335,48
2020-06-22,San Luis Obispo,079,281455,650,422,5,427,1
2020-06-22,San Mateo,081,765935,3232,2813,3,2816,81
2020-06-22,Santa Barbara,083,443738,3052,2447,25,2472,21
2020-06-22,Santa Clara,085,1922200,4928,3580,17,3597,155
2020-06-22,Santa Cruz,087,273765,384,290,0,290,3
2020-06-22,Shasta,089,179085,156,77,0,77,5
2020-06-22,Sierra,091,2930,1,1,0,1,0
2020-06-22,Siskiyou,093,43540,30,23,0,23,0
2020-06-22,Solano,095,438530,1400,784,4,788,21
2020-06-22,Sonoma,097,501317,1165,860,2,862,4
2020-06-22,Stanislaus,099,539301,2883,1784,6,1790,35
2020-06-22,Sutter,101,95872,140,100,0,100,2
2020-06-22,Tehama,103,63373,75,38,2,40,1
2020-06-22,Trinity,105,12862,16,2,3,5,0
2020-06-22,Tulare,107,460477,4633,3185,10,3195,111
2020-06-22,Tuolumne,109,53932,19,8,0,8,0
2020-06-22,Ventura,111,848112,3227,2065,14,2079,39
2020-06-22,Yolo,113,214977,524,333,0,333,24
2020-06-22,Yuba,115,75493,50,36,0,36,1
2020-06-21,Alameda,001,1643700,5822,4835,7,4842,121
2020-06-21,Alpine,003,1148,1,1,0,1,0
2020-06-21,Amador,005,37829,14,12,0,12,0
2020-06-21,Butte,007,227075,171,97,10,107,1
2020-06-21,Calaveras,009,45235,38,20,0,20,0
2020-06-21,Colusa,011,21464,29,7,0,7,0
2020-06-21,Contra Costa,013,1133247,2847,2282,3,2285,60
2020-06-21,Del Norte,015,27424,47,46,0,46,0
2020-06-21,El Dorado,017,186661,212,132,1,133,0
2020-06-21,Fresno,019,978130,6455,3296,67,3363,67
2020-06-21,Glenn,021,27897,102,40,0,40,0
2020-06-21,Humboldt,023,135768,143,108,0,108,3
2020-06-21,Imperial,025,180216,7001,4701,4,4705,38
2020-06-21,Inyo,027,18085,27,26,0,26,1
2020-06-21,Kern,029,883053,5969,3918,14,3932,60
2020-06-21,Kings,031,150075,2342,1334,5,1339,11
2020-06-21,Lake,033,64148,49,36,0,36,0
2020-06-21,Lassen,035,31185,25,7,2,9,0
2020-06-21,Los Angeles,037,10098052,97095,83383,25,83408,3101
2020-06-21,Madera,039,155013,668,319,2,321,4
2020-06-21,Marin,041,260295,1560,907,4,911,17
2020-06-21,Mariposa,043,17540,22,18,0,18,1
2020-06-21,Mendocino,045,87422,70,48,0,48,0
2020-06-21,Merced,047,269075,1071,577,1,578,8
2020-06-21,Modoc,049,8938,1,0,0,0,0
2020-06-21,Mono,051,14174,42,34,0,34,1
2020-06-21,Monterey,053,433212,1646,1227,5,1232,12
2020-06-21,Napa,055,140530,323,218,0,218,3
2020-06-21,Nevada,057,99092,108,79,1,80,1
2020-06-21,Orange,059,3164182,16309,10563,143,10706,275
2020-06-21,Placer,061,380077,695,498,3,501,9
2020-06-21,Plumas,063,18699,7,6,0,6,0
2020-06-21,Riverside,065,2383286,17879,13528,24,13552,402
2020-06-21,Sacramento,067,1510023,2773,2156,4,2160,62
2020-06-21,San Benito,069,59416,214,151,0,151,2
2020-06-21,San Bernardino,071,2135413,13507,8925,8,8933,229
2020-06-21,San Diego,073,3302833,13528,10796,2,10798,338
2020-06-21,San Francisco,075,870044,3446,3000,1,3001,47
2020-06-21,San Joaquin,077,732212,3317,2188,3,2191,48
2020-06-21,San Luis Obispo,079,281455,624,418,5,423,1
2020-06-21,San Mateo,081,765935,3174,2781,3,2784,81
2020-06-21,Santa Barbara,083,443738,2945,2430,24,2454,21
2020-06-21,Santa Clara,085,1922200,4791,3514,17,3531,154
2020-06-21,Santa Cruz,087,273765,374,290,0,290,3
2020-06-21,Shasta,089,179085,146,75,0,75,5
2020-06-21,Sierra,091,2930,1,1,0,1,0
2020-06-21,Siskiyou,093,43540,30,23,0,23,0
2020-06-21,Solano,095,438530,1300,783,4,787,21
2020-06-21,Sonoma,097,501317,1115,836,2,838,4
2020-06-21,Stanislaus,099,539301,2697,1688,6,1694,35
2020-06-21,Sutter,101,95872,132,96,0,96,2
2020-06-21,Tehama,103,63373,64,35,2,37,1
2020-06-21,Trinity,105,12862,15,2,3,5,0
2020-06-21,Tulare,107,460477,4464,3173,10,3183,111
2020-06-21,Tuolumne,109,53932,17,8,0,8,0
2020-06-21,Ventura,111,848112,3049,2021,14,2035,39
2020-06-21,Yolo,113,214977,492,323,0,323,24
2020-06-21,Yuba,115,75493,46,35,0,35,1
2020-06-20,Alameda,001,1643700,5760,4758,7,4765,119
2020-06-20,Alpine,003,1148,1,1,0,1,0
2020-06-20,Amador,005,37829,14,12,0,12,0
2020-06-20,Butte,007,227075,164,94,10,104,1
2020-06-20,Calaveras,009,45235,38,20,0,20,0
2020-06-20,Colusa,011,21464,26,7,0,7,0
2020-06-20,Contra Costa,013,1133247,2788,2231,3,2234,54
2020-06-20,Del Norte,015,27424,47,46,0,46,0
2020-06-20,El Dorado,017,186661,207,130,1,131,0
2020-06-20,Fresno,019,978130,6329,3222,64,3286,67
2020-06-20,Glenn,021,27897,97,40,0,40,0
2020-06-20,Humboldt,023,135768,143,108,0,108,3
2020-06-20,Imperial,025,180216,6920,4616,4,4620,37
2020-06-20,Inyo,027,18085,27,26,0,26,1
2020-06-20,Kern,029,883053,5804,3836,14,3850,59
2020-06-20,Kings,031,150075,2318,1331,5,1336,9
2020-06-20,Lake,033,64148,49,37,0,37,0
2020-06-20,Lassen,035,31185,24,7,2,9,0
2020-06-20,Los Angeles,037,10098052,95524,81604,24,81628,3093
2020-06-20,Madera,039,155013,635,321,2,323,4
2020-06-20,Marin,041,260295,1540,879,4,883,17
2020-06-20,Mariposa,043,17540,22,18,0,18,1
2020-06-20,Mendocino,045,87422,69,48,0,48,0
2020-06-20,Merced,047,269075,1031,566,1,567,8
2020-06-20,Modoc,049,8938,1,0,0,0,0
2020-06-20,Mono,051,14174,42,34,0,34,1
2020-06-20,Monterey,053,433212,1610,1181,5,1186,12
2020-06-20,Napa,055,140530,314,212,0,212,3
2020-06-20,Nevada,057,99092,105,73,1,74,1
2020-06-20,Orange,059,3164182,15959,10284,139,10423,273
2020-06-20,Placer,061,380077,670,483,3,486,9
2020-06-20,Plumas,063,18699,6,6,0,6,0
2020-06-20,Riverside,065,2383286,17579,13021,24,13045,402
2020-06-20,Sacramento,067,1510023,2702,2069,4,2073,63
2020-06-20,San Benito,069,59416,210,139,0,139,2
2020-06-20,San Bernardino,071,2135413,13144,8718,8,8726,229
2020-06-20,San Diego,073,3302833,13205,10486,2,10488,338
2020-06-20,San Francisco,075,870044,3402,2999,1,3000,47
2020-06-20,San Joaquin,077,732212,3235,2046,3,2049,48
2020-06-20,San Luis Obispo,079,281455,610,405,5,410,1
2020-06-20,San Mateo,081,765935,3126,2755,3,2758,81
2020-06-20,Santa Barbara,083,443738,2888,2358,23,2381,21
2020-06-20,Santa Clara,085,1922200,4717,3435,17,3452,154
2020-06-20,Santa Cruz,087,273765,372,287,0,287,3
2020-06-20,Shasta,089,179085,140,66,0,66,5
2020-06-20,Sierra,091,2930,1,1,0,1,0
2020-06-20,Siskiyou,093,43540,29,22,0,22,0
2020-06-20,Solano,095,438530,1276,784,4,788,21
2020-06-20,Sonoma,097,501317,1079,806,2,808,4
2020-06-20,Stanislaus,099,539301,2589,1598,6,1604,35
2020-06-20,Sutter,101,95872,130,89,0,89,2
2020-06-20,Tehama,103,63373,62,35,2,37,1
2020-06-20,Trinity,105,12862,15,2,3,5,0
2020-06-20,Tulare,107,460477,4391,3172,10,3182,111
2020-06-20,Tuolumne,109,53932,14,8,0,8,0
2020-06-20,Ventura,111,848112,2983,1946,14,1960,37
2020-06-20,Yolo,113,214977,476,309,0,309,24
2020-06-20,Yuba,115,75493,44,34,0,34,1
2020-06-19,Alameda,001,1643700,5688,4646,7,4653,119
2020-06-19,Alpine,003,1148,1,1,0,1,0
2020-06-19,Amador,005,37829,14,12,0,12,0
2020-06-19,Butte,007,227075,159,91,10,101,1
2020-06-19,Calaveras,009,45235,37,20,0,20,0
2020-06-19,Colusa,011,21464,24,7,0,7,0
2020-06-19,Contra Costa,013,1133247,2708,2106,3,2109,54
2020-06-19,Del Norte,015,27424,47,46,0,46,0
2020-06-19,El Dorado,017,186661,198,124,1,125,0
2020-06-19,Fresno,019,978130,6167,3109,63,3172,61
2020-06-19,Glenn,021,27897,91,40,0,40,0
2020-06-19,Humboldt,023,135768,141,106,0,106,3
2020-06-19,Imperial,025,180216,6828,4504,4,4508,36
2020-06-19,Inyo,027,18085,27,26,0,26,1
2020-06-19,Kern,029,883053,5581,3742,13,3755,57
2020-06-19,Kings,031,150075,2297,1285,5,1290,9
2020-06-19,Lake,033,64148,46,36,0,36,0
2020-06-19,Lassen,035,31185,23,7,2,9,0
2020-06-19,Los Angeles,037,10098052,93537,79572,23,79595,3047
2020-06-19,Madera,039,155013,616,300,2,302,4
2020-06-19,Marin,041,260295,1511,829,4,833,17
2020-06-19,Mariposa,043,17540,21,18,0,18,1
2020-06-19,Mendocino,045,87422,68,48,0,48,0
2020-06-19,Merced,047,269075,986,529,1,530,8
2020-06-19,Modoc,049,8938,1,0,0,0,0
2020-06-19,Mono,051,14174,42,34,0,34,1
2020-06-19,Monterey,053,433212,1581,1159,5,1164,12
2020-06-19,Napa,055,140530,304,209,0,209,3
2020-06-19,Nevada,057,99092,102,71,1,72,1
2020-06-19,Orange,059,3164182,15426,9972,132,10104,260
2020-06-19,Placer,061,380077,652,464,3,467,9
2020-06-19,Plumas,063,18699,6,5,0,5,0
2020-06-19,Riverside,065,2383286,17174,12710,24,12734,398
2020-06-19,Sacramento,067,1510023,2619,1976,4,1980,64
2020-06-19,San Benito,069,59416,209,136,0,136,2
2020-06-19,San Bernardino,071,2135413,12739,8454,7,8461,226
2020-06-19,San Diego,073,3302833,12842,10352,2,10354,332
2020-06-19,San Francisco,075,870044,3347,2968,1,2969,47
2020-06-19,San Joaquin,077,732212,3112,1969,3,1972,48
2020-06-19,San Luis Obispo,079,281455,594,392,5,397,1
2020-06-19,San Mateo,081,765935,3087,2713,3,2716,81
2020-06-19,Santa Barbara,083,443738,2815,2284,21,2305,21
2020-06-19,Santa Clara,085,1922200,4643,3376,17,3393,154
2020-06-19,Santa Cruz,087,273765,362,283,0,283,3
2020-06-19,Shasta,089,179085,137,58,0,58,5
2020-06-19,Sierra,091,2930,1,1,0,1,0
2020-06-19,Siskiyou,093,43540,29,21,0,21,0
2020-06-19,Solano,095,438530,1238,755,4,759,21
2020-06-19,Sonoma,097,501317,1052,803,2,805,4
2020-06-19,Stanislaus,099,539301,2479,1549,6,1555,35
2020-06-19,Sutter,101,95872,129,89,0,89,2
2020-06-19,Tehama,103,63373,61,35,2,37,1
2020-06-19,Trinity,105,12862,15,2,3,5,0
2020-06-19,Tulare,107,460477,4321,3053,10,3063,107
2020-06-19,Tuolumne,109,53932,13,8,0,8,0
2020-06-19,Ventura,111,848112,2899,1865,14,1879,37
2020-06-19,Yolo,113,214977,457,303,0,303,24
2020-06-19,Yuba,115,75493,43,33,0,33,1
2020-06-18,Alameda,001,1643700,5558,4589,7,4596,118
2020-06-18,Alpine,003,1148,1,1,0,1,0
2020-06-18,Amador,005,37829,13,12,0,12,0
2020-06-18,Butte,007,227075,154,88,10,98,1
2020-06-18,Calaveras,009,45235,37,20,0,20,0
2020-06-18,Colusa,011,21464,20,7,0,7,0
2020-06-18,Contra Costa,013,1133247,2601,2072,3,2075,53
2020-06-18,Del Norte,015,27424,47,46,0,46,0
2020-06-18,El Dorado,017,186661,194,121,1,122,0
2020-06-18,Fresno,019,978130,5901,2947,62,3009,57
2020-06-18,Glenn,021,27897,82,35,0,35,0
2020-06-18,Humboldt,023,135768,140,106,0,106,3
2020-06-18,Imperial,025,180216,6678,4366,4,4370,36
2020-06-18,Inyo,027,18085,26,25,0,25,1
2020-06-18,Kern,029,883053,5363,3634,13,3647,57
2020-06-18,Kings,031,150075,2238,1141,5,1146,8
2020-06-18,Lake,033,64148,45,36,0,36,0
2020-06-18,Lassen,035,31185,22,5,2,7,0
2020-06-18,Los Angeles,037,10098052,91268,78244,23,78267,3009
2020-06-18,Madera,039,155013,581,288,2,290,4
2020-06-18,Marin,041,260295,1448,819,4,823,17
2020-06-18,Mariposa,043,17540,19,18,0,18,1
2020-06-18,Mendocino,045,87422,64,45,0,45,0
2020-06-18,Merced,047,269075,934,486,1,487,7
2020-06-18,Modoc,049,8938,1,0,0,0,0
2020-06-18,Mono,051,14174,42,34,0,34,1
2020-06-18,Monterey,053,433212,1513,1127,5,1132,12
2020-06-18,Napa,055,140530,289,205,0,205,3
2020-06-18,Nevada,057,99092,98,68,1,69,1
2020-06-18,Orange,059,3164182,14771,9597,113,9710,255
2020-06-18,Placer,061,380077,629,457,3,460,9
2020-06-18,Plumas,063,18699,6,5,0,5,0
2020-06-18,Riverside,065,2383286,16558,12410,24,12434,392
2020-06-18,Sacramento,067,1510023,2503,1938,4,1942,63
2020-06-18,San Benito,069,59416,203,134,0,134,2
2020-06-18,San Bernardino,071,2135413,12098,8141,7,8148,226
2020-06-18,San Diego,073,3302833,12420,10094,2,10096,331
2020-06-18,San Francisco,075,870044,3298,2951,1,2952,47
2020-06-18,San Joaquin,077,732212,2960,1908,3,1911,47
2020-06-18,San Luis Obispo,079,281455,574,378,5,383,1
2020-06-18,San Mateo,081,765935,3048,2674,3,2677,78
2020-06-18,Santa Barbara,083,443738,2741,2201,21,2222,19
2020-06-18,Santa Clara,085,1922200,4540,3338,17,3355,152
2020-06-18,Santa Cruz,087,273765,345,275,0,275,3
2020-06-18,Shasta,089,179085,126,51,0,51,4
2020-06-18,Sierra,091,2930,1,1,0,1,0
2020-06-18,Siskiyou,093,43540,29,18,0,18,0
2020-06-18,Solano,095,438530,1200,735,4,739,21
2020-06-18,Sonoma,097,501317,1010,789,2,791,4
2020-06-18,Stanislaus,099,539301,2346,1495,6,1501,35
2020-06-18,Sutter,101,95872,125,85,0,85,2
2020-06-18,Tehama,103,63373,56,31,2,33,1
2020-06-18,Trinity,105,12862,15,2,3,5,0
2020-06-18,Tulare,107,460477,4198,3005,10,3015,107
2020-06-18,Tuolumne,109,53932,12,8,0,8,0
2020-06-18,Ventura,111,848112,2773,1781,14,1795,37
2020-06-18,Yolo,113,214977,424,294,0,294,24
2020-06-18,Yuba,115,75493,42,32,0,32,1
2020-06-17,Alameda,001,1643700,5435,4485,7,4492,117
2020-06-17,Alpine,003,1148,1,1,0,1,0
2020-06-17,Amador,005,37829,12,10,0,10,0
2020-06-17,Butte,007,227075,145,81,10,91,1
2020-06-17,Calaveras,009,45235,37,20,0,20,0
2020-06-17,Colusa,011,21464,19,7,0,7,0
2020-06-17,Contra Costa,013,1133247,2504,2020,3,2023,45
2020-06-17,Del Norte,015,27424,47,45,0,45,0
2020-06-17,El Dorado,017,186661,187,116,1,117,0
2020-06-17,Fresno,019,978130,5675,2801,60,2861,56
2020-06-17,Glenn,021,27897,75,31,0,31,0
2020-06-17,Humboldt,023,135768,138,105,0,105,3
2020-06-17,Imperial,025,180216,6505,4108,4,4112,36
2020-06-17,Inyo,027,18085,25,25,0,25,1
2020-06-17,Kern,029,883053,5162,3547,13,3560,56
2020-06-17,Kings,031,150075,2208,1097,5,1102,7
2020-06-17,Lake,033,64148,44,32,0,32,0
2020-06-17,Lassen,035,31185,18,5,2,7,0
2020-06-17,Los Angeles,037,10098052,88958,77166,22,77188,2973
2020-06-17,Madera,039,155013,559,258,2,260,4
2020-06-17,Marin,041,260295,1256,771,3,774,17
2020-06-17,Mariposa,043,17540,18,18,0,18,1
2020-06-17,Mendocino,045,87422,62,42,0,42,0
2020-06-17,Merced,047,269075,862,460,1,461,7
2020-06-17,Modoc,049,8938,1,0,0,0,0
2020-06-17,Mono,051,14174,42,34,0,34,1
2020-06-17,Monterey,053,433212,1461,1077,5,1082,12
2020-06-17,Napa,055,140530,274,202,0,202,3
2020-06-17,Nevada,057,99092,94,57,1,58,1
2020-06-17,Orange,059,3164182,14165,9278,107,9385,230
2020-06-17,Placer,061,380077,609,427,3,430,9
2020-06-17,Plumas,063,18699,6,5,0,5,0
2020-06-17,Riverside,065,2383286,15922,11859,24,11883,370
2020-06-17,Sacramento,067,1510023,2396,1889,4,1893,63
2020-06-17,San Benito,069,59416,198,116,0,116,2
2020-06-17,San Bernardino,071,2135413,11549,7670,7,7677,225
2020-06-17,San Diego,073,3302833,12041,9856,2,9858,327
2020-06-17,San Francisco,075,870044,3259,2906,1,2907,46
2020-06-17,San Joaquin,077,732212,2787,1825,3,1828,46
2020-06-17,San Luis Obispo,079,281455,555,362,5,367,1
2020-06-17,San Mateo,081,765935,3001,2649,3,2652,78
2020-06-17,Santa Barbara,083,443738,2668,2147,19,2166,19
2020-06-17,Santa Clara,085,1922200,4447,3264,16,3280,148
2020-06-17,Santa Cruz,087,273765,339,265,0,265,2
2020-06-17,Shasta,089,179085,124,51,0,51,4
2020-06-17,Sierra,091,2930,1,1,0,1,0
2020-06-17,Siskiyou,093,43540,28,16,0,16,0
2020-06-17,Solano,095,438530,1150,722,4,726,21
2020-06-17,Sonoma,097,501317,985,748,2,750,4
2020-06-17,Stanislaus,099,539301,2223,1387,6,1393,35
2020-06-17,Sutter,101,95872,119,79,0,79,2
2020-06-17,Tehama,103,63373,41,24,2,26,1
2020-06-17,Trinity,105,12862,14,2,3,5,0
2020-06-17,Tulare,107,460477,4088,2882,10,2892,106
2020-06-17,Tuolumne,109,53932,12,7,0,7,0
2020-06-17,Ventura,111,848112,2673,1729,14,1743,37
2020-06-17,Yolo,113,214977,404,277,0,277,24
2020-06-17,Yuba,115,75493,41,30,0,30,1
2020-06-16,Alameda,001,1643700,5317,4428,7,4435,113
2020-06-16,Alpine,003,1148,1,1,0,1,0
2020-06-16,Amador,005,37829,12,10,0,10,0
2020-06-16,Butte,007,227075,141,79,10,89,1
2020-06-16,Calaveras,009,45235,34,19,0,19,0
2020-06-16,Colusa,011,21464,16,7,0,7,0
2020-06-16,Contra Costa,013,1133247,2413,1971,2,1973,45
2020-06-16,Del Norte,015,27424,47,45,0,45,0
2020-06-16,El Dorado,017,186661,181,115,1,116,0
2020-06-16,Fresno,019,978130,5437,2731,58,2789,50
2020-06-16,Glenn,021,27897,71,30,0,30,0
2020-06-16,Humboldt,023,135768,135,105,0,105,3
2020-06-16,Imperial,025,180216,6346,3939,4,3943,36
2020-06-16,Inyo,027,18085,25,24,0,24,1
2020-06-16,Kern,029,883053,4939,3496,13,3509,55
2020-06-16,Kings,031,150075,2162,1044,5,1049,6
2020-06-16,Lake,033,64148,44,31,0,31,0
2020-06-16,Lassen,035,31185,15,5,2,7,0
2020-06-16,Los Angeles,037,10098052,86634,75051,22,75073,2942
2020-06-16,Madera,039,155013,533,239,2,241,3
2020-06-16,Marin,041,260295,1203,725,3,728,17
2020-06-16,Mariposa,043,17540,18,17,0,17,1
2020-06-16,Mendocino,045,87422,61,35,0,35,0
2020-06-16,Merced,047,269075,814,436,1,437,7
2020-06-16,Modoc,049,8938,1,0,0,0,0
2020-06-16,Mono,051,14174,42,34,0,34,1
2020-06-16,Monterey,053,433212,1413,1019,5,1024,12
2020-06-16,Napa,055,140530,259,196,0,196,3
2020-06-16,Nevada,057,99092,91,53,1,54,1
2020-06-16,Orange,059,3164182,13581,9163,101,9264,223
2020-06-16,Placer,061,380077,577,392,3,395,9
2020-06-16,Plumas,063,18699,6,5,0,5,0
2020-06-16,Riverside,065,2383286,15247,11638,24,11662,364
2020-06-16,Sacramento,067,1510023,2286,1825,4,1829,60
2020-06-16,San Benito,069,59416,190,110,0,110,2
2020-06-16,San Bernardino,071,2135413,11005,7463,7,7470,225
2020-06-16,San Diego,073,3302833,11679,9732,1,9733,323
2020-06-16,San Francisco,075,870044,3208,2893,1,2894,46
2020-06-16,San Joaquin,077,732212,2634,1718,3,1721,47
2020-06-16,San Luis Obispo,079,281455,531,343,5,348,1
2020-06-16,San Mateo,081,765935,2947,2618,3,2621,77
2020-06-16,Santa Barbara,083,443738,2601,2090,19,2109,16
2020-06-16,Santa Clara,085,1922200,4336,3228,15,3243,148
2020-06-16,Santa Cruz,087,273765,323,257,0,257,2
2020-06-16,Shasta,089,179085,115,51,0,51,4
2020-06-16,Sierra,091,2930,1,1,0,1,0
2020-06-16,Siskiyou,093,43540,27,15,0,15,0
2020-06-16,Solano,095,438530,1060,694,4,698,19
2020-06-16,Sonoma,097,501317,953,739,2,741,4
2020-06-16,Stanislaus,099,539301,2070,1278,6,1284,36
2020-06-16,Sutter,101,95872,112,73,0,73,2
2020-06-16,Tehama,103,63373,37,24,2,26,1
2020-06-16,Trinity,105,12862,14,2,3,5,0
2020-06-16,Tulare,107,460477,3969,2802,10,2812,96
2020-06-16,Tuolumne,109,53932,12,7,0,7,0
2020-06-16,Ventura,111,848112,2573,1676,14,1690,37
2020-06-16,Yolo,113,214977,381,262,0,262,24
2020-06-16,Yuba,115,75493,39,29,0,29,1
2020-06-15,Alameda,001,1643700,5191,4323,7,4330,112
2020-06-15,Alpine,003,1148,1,1,0,1,0
2020-06-15,Amador,005,37829,12,10,0,10,0
2020-06-15,Butte,007,227075,133,78,10,88,1
2020-06-15,Calaveras,009,45235,34,18,0,18,0
2020-06-15,Colusa,011,21464,14,7,0,7,0
2020-06-15,Contra Costa,013,1133247,2336,1918,2,1920,43
2020-06-15,Del Norte,015,27424,47,45,0,45,0
2020-06-15,El Dorado,017,186661,171,114,1,115,0
2020-06-15,Fresno,019,978130,5225,2616,57,2673,48
2020-06-15,Glenn,021,27897,66,21,0,21,0
2020-06-15,Humboldt,023,135768,133,105,0,105,3
2020-06-15,Imperial,025,180216,6171,3726,4,3730,36
2020-06-15,Inyo,027,18085,25,23,0,23,1
2020-06-15,Kern,029,883053,4716,3417,13,3430,55
2020-06-15,Kings,031,150075,2085,1022,5,1027,6
2020-06-15,Lake,033,64148,44,31,0,31,0
2020-06-15,Lassen,035,31185,15,5,2,7,0
2020-06-15,Los Angeles,037,10098052,84448,73705,22,73727,2908
2020-06-15,Madera,039,155013,511,203,2,205,3
2020-06-15,Marin,041,260295,1036,708,3,711,17
2020-06-15,Mariposa,043,17540,18,17,0,17,1
2020-06-15,Mendocino,045,87422,52,33,0,33,0
2020-06-15,Merced,047,269075,768,414,1,415,7
2020-06-15,Modoc,049,8938,1,0,0,0,0
2020-06-15,Mono,051,14174,42,34,0,34,1
2020-06-15,Monterey,053,433212,1347,998,5,1003,12
2020-06-15,Napa,055,140530,251,187,0,187,3
2020-06-15,Nevada,057,99092,85,52,1,53,1
2020-06-15,Orange,059,3164182,13013,8944,93,9037,212
2020-06-15,Placer,061,380077,555,386,3,389,9
2020-06-15,Plumas,063,18699,6,4,0,4,0
2020-06-15,Riverside,065,2383286,14629,11376,23,11399,364
2020-06-15,Sacramento,067,1510023,2170,1791,4,1795,60
2020-06-15,San Benito,069,59416,184,108,0,108,2
2020-06-15,San Bernardino,071,2135413,10502,7189,7,7196,224
2020-06-15,San Diego,073,3302833,11339,9612,1,9613,320
2020-06-15,San Francisco,075,870044,3164,2833,1,2834,45
2020-06-15,San Joaquin,077,732212,2498,1667,3,1670,43
2020-06-15,San Luis Obispo,079,281455,516,332,5,337,1
2020-06-15,San Mateo,081,765935,2900,2591,3,2594,75
2020-06-15,Santa Barbara,083,443738,2533,2054,19,2073,16
2020-06-15,Santa Clara,085,1922200,4236,3204,15,3219,148
2020-06-15,Santa Cruz,087,273765,312,254,0,254,2
2020-06-15,Shasta,089,179085,109,50,0,50,4
2020-06-15,Sierra,091,2930,1,1,0,1,0
2020-06-15,Siskiyou,093,43540,26,14,0,14,0
2020-06-15,Solano,095,438530,1000,638,4,642,19
2020-06-15,Sonoma,097,501317,924,726,2,728,4
2020-06-15,Stanislaus,099,539301,1953,1253,6,1259,35
2020-06-15,Sutter,101,95872,102,71,0,71,2
2020-06-15,Tehama,103,63373,37,17,2,19,1
2020-06-15,Trinity,105,12862,13,2,3,5,0
2020-06-15,Tulare,107,460477,3855,2662,10,2672,96
2020-06-15,Tuolumne,109,53932,11,7,0,7,0
2020-06-15,Ventura,111,848112,2492,1656,14,1670,37
2020-06-15,Yolo,113,214977,361,255,0,255,24
2020-06-15,Yuba,115,75493,39,28,0,28,1
2020-06-14,Alameda,001,1643700,5045,4271,7,4278,112
2020-06-14,Alpine,003,1148,1,1,0,1,0
2020-06-14,Amador,005,37829,12,10,0,10,0
2020-06-14,Butte,007,227075,125,78,10,88,1
2020-06-14,Calaveras,009,45235,33,18,0,18,0
2020-06-14,Colusa,011,21464,13,7,0,7,0
2020-06-14,Contra Costa,013,1133247,2268,1893,2,1895,43
2020-06-14,Del Norte,015,27424,47,45,0,45,0
2020-06-14,El Dorado,017,186661,167,110,1,111,0
2020-06-14,Fresno,019,978130,5040,2585,56,2641,48
2020-06-14,Glenn,021,27897,51,21,0,21,0
2020-06-14,Humboldt,023,135768,129,105,0,105,3
2020-06-14,Imperial,025,180216,5940,3730,4,3734,36
2020-06-14,Inyo,027,18085,24,23,0,23,1
2020-06-14,Kern,029,883053,4505,3328,13,3341,55
2020-06-14,Kings,031,150075,2034,1022,4,1026,6
2020-06-14,Lake,033,64148,41,31,0,31,0
2020-06-14,Lassen,035,31185,15,5,2,7,0
2020-06-14,Los Angeles,037,10098052,82120,72932,21,72953,2887
2020-06-14,Madera,039,155013,492,203,2,205,3
2020-06-14,Marin,041,260295,871,689,2,691,17
2020-06-14,Mariposa,043,17540,18,16,0,16,1
2020-06-14,Mendocino,045,87422,49,33,0,33,0
2020-06-14,Merced,047,269075,717,403,1,404,7
2020-06-14,Modoc,049,8938,1,0,0,0,0
2020-06-14,Mono,051,14174,42,34,0,34,1
2020-06-14,Monterey,053,433212,1286,949,5,954,12
2020-06-14,Napa,055,140530,229,181,0,181,3
2020-06-14,Nevada,057,99092,81,52,1,53,1
2020-06-14,Orange,059,3164182,12586,8744,89,8833,211
2020-06-14,Placer,061,380077,529,369,3,372,9
2020-06-14,Plumas,063,18699,5,4,0,4,0
2020-06-14,Riverside,065,2383286,14186,11218,23,11241,364
2020-06-14,Sacramento,067,1510023,2083,1750,4,1754,60
2020-06-14,San Benito,069,59416,173,104,0,104,2
2020-06-14,San Bernardino,071,2135413,9962,7015,7,7022,224
2020-06-14,San Diego,073,3302833,10964,9442,1,9443,319
2020-06-14,San Francisco,075,870044,3124,2834,1,2835,45
2020-06-14,San Joaquin,077,732212,2347,1603,3,1606,43
2020-06-14,San Luis Obispo,079,281455,501,330,5,335,1
2020-06-14,San Mateo,081,765935,2842,2571,3,2574,75
2020-06-14,Santa Barbara,083,443738,2456,2049,19,2068,17
2020-06-14,Santa Clara,085,1922200,4141,3178,15,3193,148
2020-06-14,Santa Cruz,087,273765,298,254,0,254,2
2020-06-14,Shasta,089,179085,103,48,0,48,4
2020-06-14,Sierra,091,2930,1,1,0,1,0
2020-06-14,Siskiyou,093,43540,25,13,0,13,0
2020-06-14,Solano,095,438530,951,638,4,642,19
2020-06-14,Sonoma,097,501317,896,724,2,726,4
2020-06-14,Stanislaus,099,539301,1805,1159,6,1165,35
2020-06-14,Sutter,101,95872,97,63,0,63,2
2020-06-14,Tehama,103,63373,34,17,2,19,1
2020-06-14,Trinity,105,12862,13,2,3,5,0
2020-06-14,Tulare,107,460477,3721,2646,10,2656,96
2020-06-14,Tuolumne,109,53932,11,7,0,7,0
2020-06-14,Ventura,111,848112,2393,1610,13,1623,37
2020-06-14,Yolo,113,214977,345,254,0,254,24
2020-06-14,Yuba,115,75493,38,28,0,28,1
2020-06-13,Alameda,001,1643700,4982,4196,7,4203,112
2020-06-13,Alpine,003,1148,1,1,0,1,0
2020-06-13,Amador,005,37829,11,10,0,10,0
2020-06-13,Butte,007,227075,116,72,10,82,1
2020-06-13,Calaveras,009,45235,31,18,0,18,0
2020-06-13,Colusa,011,21464,12,7,0,7,0
2020-06-13,Contra Costa,013,1133247,2232,1868,2,1870,43
2020-06-13,Del Norte,015,27424,47,45,0,45,0
2020-06-13,El Dorado,017,186661,163,110,1,111,0
2020-06-13,Fresno,019,978130,4942,2499,56,2555,48
2020-06-13,Glenn,021,27897,49,21,0,21,0
2020-06-13,Humboldt,023,135768,128,104,0,104,3
2020-06-13,Imperial,025,180216,5867,3646,4,3650,36
2020-06-13,Inyo,027,18085,24,23,0,23,1
2020-06-13,Kern,029,883053,4396,3239,13,3252,55
2020-06-13,Kings,031,150075,2014,1023,4,1027,6
2020-06-13,Lake,033,64148,40,29,0,29,0
2020-06-13,Lassen,035,31185,15,5,2,7,0
2020-06-13,Los Angeles,037,10098052,81079,71938,21,71959,2874
2020-06-13,Madera,039,155013,488,203,2,205,3
2020-06-13,Marin,041,260295,840,677,2,679,17
2020-06-13,Mariposa,043,17540,18,16,0,16,1
2020-06-13,Mendocino,045,87422,49,33,0,33,0
2020-06-13,Merced,047,269075,699,376,1,377,7
2020-06-13,Modoc,049,8938,1,0,0,0,0
2020-06-13,Mono,051,14174,42,35,0,35,1
2020-06-13,Monterey,053,433212,1248,900,5,905,11
2020-06-13,Napa,055,140530,226,171,0,171,3
2020-06-13,Nevada,057,99092,79,52,1,53,1
2020-06-13,Orange,059,3164182,12342,8581,86,8667,211
2020-06-13,Placer,061,380077,512,346,3,349,9
2020-06-13,Plumas,063,18699,5,4,0,4,0
2020-06-13,Riverside,065,2383286,13907,10931,23,10954,364
2020-06-13,Sacramento,067,1510023,2028,1713,4,1717,60
2020-06-13,San Benito,069,59416,166,99,0,99,2
2020-06-13,San Bernardino,071,2135413,9739,6885,7,6892,224
2020-06-13,San Diego,073,3302833,10792,9316,1,9317,319
2020-06-13,San Francisco,075,870044,3104,2834,1,2835,44
2020-06-13,San Joaquin,077,732212,2266,1461,3,1464,43
2020-06-13,San Luis Obispo,079,281455,490,326,5,331,1
2020-06-13,San Mateo,081,765935,2819,2551,3,2554,75
2020-06-13,Santa Barbara,083,443738,2398,1999,19,2018,15
2020-06-13,Santa Clara,085,1922200,4098,3141,15,3156,148
2020-06-13,Santa Cruz,087,273765,292,254,0,254,2
2020-06-13,Shasta,089,179085,101,48,0,48,4
2020-06-13,Sierra,091,2930,1,1,0,1,0
2020-06-13,Siskiyou,093,43540,25,13,0,13,0
2020-06-13,Solano,095,438530,923,637,4,641,19
2020-06-13,Sonoma,097,501317,881,711,2,713,4
2020-06-13,Stanislaus,099,539301,1748,1122,6,1128,33
2020-06-13,Sutter,101,95872,96,62,0,62,2
2020-06-13,Tehama,103,63373,33,17,2,19,1
2020-06-13,Trinity,105,12862,13,2,3,5,0
2020-06-13,Tulare,107,460477,3689,2626,10,2636,96
2020-06-13,Tuolumne,109,53932,10,7,0,7,0
2020-06-13,Ventura,111,848112,2347,1567,13,1580,37
2020-06-13,Yolo,113,214977,325,251,0,251,24
2020-06-13,Yuba,115,75493,38,28,0,28,1
2020-06-12,Alameda,001,1643700,4909,4167,7,4174,109
2020-06-12,Alpine,003,1148,1,1,0,1,0
2020-06-12,Amador,005,37829,11,10,0,10,0
2020-06-12,Butte,007,227075,112,71,9,80,1
2020-06-12,Calaveras,009,45235,28,18,0,18,0
2020-06-12,Colusa,011,21464,12,7,0,7,0
2020-06-12,Contra Costa,013,1133247,2195,1827,2,1829,43
2020-06-12,Del Norte,015,27424,47,45,0,45,0
2020-06-12,El Dorado,017,186661,163,110,1,111,0
2020-06-12,Fresno,019,978130,4804,2428,56,2484,47
2020-06-12,Glenn,021,27897,46,21,0,21,0
2020-06-12,Humboldt,023,135768,126,105,0,105,3
2020-06-12,Imperial,025,180216,5783,3543,4,3547,36
2020-06-12,Inyo,027,18085,24,23,0,23,1
2020-06-12,Kern,029,883053,4279,3152,13,3165,54
2020-06-12,Kings,031,150075,2001,987,4,991,6
2020-06-12,Lake,033,64148,39,29,0,29,0
2020-06-12,Lassen,035,31185,15,5,2,7,0
2020-06-12,Los Angeles,037,10098052,79674,70385,21,70406,2814
2020-06-12,Madera,039,155013,463,187,2,189,3
2020-06-12,Marin,041,260295,837,649,2,651,17
2020-06-12,Mariposa,043,17540,18,16,0,16,1
2020-06-12,Mendocino,045,87422,49,33,0,33,0
2020-06-12,Merced,047,269075,665,372,1,373,7
2020-06-12,Modoc,049,8938,1,0,0,0,0
2020-06-12,Mono,051,14174,39,35,0,35,1
2020-06-12,Monterey,053,433212,1207,864,4,868,11
2020-06-12,Napa,055,140530,223,162,0,162,3
2020-06-12,Nevada,057,99092,73,52,1,53,1
2020-06-12,Orange,059,3164182,12036,8440,85,8525,203
2020-06-12,Placer,061,380077,495,333,3,336,9
2020-06-12,Plumas,063,18699,5,4,0,4,0
2020-06-12,Riverside,065,2383286,13570,10616,23,10639,364
2020-06-12,Sacramento,067,1510023,1973,1702,4,1706,60
2020-06-12,San Benito,069,59416,159,96,0,96,2
2020-06-12,San Bernardino,071,2135413,9471,6707,7,6714,223
2020-06-12,San Diego,073,3302833,10622,9132,1,9133,313
2020-06-12,San Francisco,075,870044,3070,2823,1,2824,44
2020-06-12,San Joaquin,077,732212,2186,1406,3,1409,43
2020-06-12,San Luis Obispo,079,281455,474,321,5,326,1
2020-06-12,San Mateo,081,765935,2784,2533,3,2536,75
2020-06-12,Santa Barbara,083,443738,2344,1969,19,1988,14
2020-06-12,Santa Clara,085,1922200,4054,3099,15,3114,149
2020-06-12,Santa Cruz,087,273765,284,251,0,251,2
2020-06-12,Shasta,089,179085,94,48,0,48,5
2020-06-12,Sierra,091,2930,1,1,0,1,0
2020-06-12,Siskiyou,093,43540,25,13,0,13,0
2020-06-12,Solano,095,438530,909,620,4,624,19
2020-06-12,Sonoma,097,501317,862,696,2,698,4
2020-06-12,Stanislaus,099,539301,1689,1092,6,1098,33
2020-06-12,Sutter,101,95872,95,56,0,56,2
2020-06-12,Tehama,103,63373,32,13,2,15,1
2020-06-12,Trinity,105,12862,13,2,3,5,0
2020-06-12,Tulare,107,460477,3635,2552,10,2562,95
2020-06-12,Tuolumne,109,53932,10,7,0,7,0
2020-06-12,Ventura,111,848112,2295,1534,13,1547,35
2020-06-12,Yolo,113,214977,313,243,0,243,24
2020-06-12,Yuba,115,75493,36,27,0,27,1
2020-06-11,Alameda,001,1643700,4779,4073,6,4079,108
2020-06-11,Alpine,003,1148,1,1,0,1,0
2020-06-11,Amador,005,37829,10,10,0,10,0
2020-06-11,Butte,007,227075,106,72,9,81,1
2020-06-11,Calaveras,009,45235,27,16,0,16,0
2020-06-11,Colusa,011,21464,12,7,0,7,0
2020-06-11,Contra Costa,013,1133247,2142,1797,2,1799,43
2020-06-11,Del Norte,015,27424,47,45,0,45,0
2020-06-11,El Dorado,017,186661,155,109,1,110,0
2020-06-11,Fresno,019,978130,4651,2338,56,2394,45
2020-06-11,Glenn,021,27897,42,21,0,21,0
2020-06-11,Humboldt,023,135768,122,113,0,113,3
2020-06-11,Imperial,025,180216,5626,3463,4,3467,36
2020-06-11,Inyo,027,18085,22,23,0,23,1
2020-06-11,Kern,029,883053,4127,3047,11,3058,54
2020-06-11,Kings,031,150075,1968,963,4,967,6
2020-06-11,Lake,033,64148,39,28,0,28,0
2020-06-11,Lassen,035,31185,15,5,2,7,0
2020-06-11,Los Angeles,037,10098052,78009,68807,20,68827,2800
2020-06-11,Madera,039,155013,445,178,2,180,3
2020-06-11,Marin,041,260295,789,637,2,639,17
2020-06-11,Mariposa,043,17540,18,16,0,16,1
2020-06-11,Mendocino,045,87422,40,35,0,35,0
2020-06-11,Merced,047,269075,625,370,1,371,7
2020-06-11,Modoc,049,8938,1,0,0,0,0
2020-06-11,Mono,051,14174,39,35,0,35,1
2020-06-11,Monterey,053,433212,1160,813,4,817,11
2020-06-11,Napa,055,140530,214,162,0,162,3
2020-06-11,Nevada,057,99092,67,50,1,51,1
2020-06-11,Orange,059,3164182,11728,8304,84,8388,188
2020-06-11,Placer,061,380077,476,321,3,324,9
2020-06-11,Plumas,063,18699,5,4,0,4,0
2020-06-11,Riverside,065,2383286,13217,10014,23,10037,361
2020-06-11,Sacramento,067,1510023,1925,1669,4,1673,60
2020-06-11,San Benito,069,59416,153,94,0,94,2
2020-06-11,San Bernardino,071,2135413,9174,6509,7,6516,221
2020-06-11,San Diego,073,3302833,10392,9000,0,9000,308
2020-06-11,San Francisco,075,870044,3041,2766,1,2767,44
2020-06-11,San Joaquin,077,732212,2074,1351,3,1354,43
2020-06-11,San Luis Obispo,079,281455,460,307,5,312,1
2020-06-11,San Mateo,081,765935,2746,2499,3,2502,74
2020-06-11,Santa Barbara,083,443738,2283,1895,19,1914,14
2020-06-11,Santa Clara,085,1922200,3987,3049,15,3064,149
2020-06-11,Santa Cruz,087,273765,280,247,0,247,2
2020-06-11,Shasta,089,179085,87,47,0,47,5
2020-06-11,Sierra,091,2930,1,1,0,1,0
2020-06-11,Siskiyou,093,43540,25,14,0,14,0
2020-06-11,Solano,095,438530,883,616,4,620,19
2020-06-11,Sonoma,097,501317,840,682,2,684,4
2020-06-11,Stanislaus,099,539301,1598,1062,6,1068,30
2020-06-11,Sutter,101,95872,92,56,0,56,2
2020-06-11,Tehama,103,63373,27,10,2,12,1
2020-06-11,Trinity,105,12862,11,2,3,5,0
2020-06-11,Tulare,107,460477,3536,2473,10,2483,95
2020-06-11,Tuolumne,109,53932,10,7,0,7,0
2020-06-11,Ventura,111,848112,2218,1491,12,1503,34
2020-06-11,Yolo,113,214977,305,230,0,230,24
2020-06-11,Yuba,115,75493,36,27,0,27,1
2020-06-10,Alameda,001,1643700,4679,4027,6,4033,107
2020-06-10,Alpine,003,1148,1,1,0,1,0
2020-06-10,Amador,005,37829,10,10,0,10,0
2020-06-10,Butte,007,227075,102,71,9,80,1
2020-06-10,Calaveras,009,45235,27,16,0,16,0
2020-06-10,Colusa,011,21464,11,7,0,7,0
2020-06-10,Contra Costa,013,1133247,2098,1778,2,1780,43
2020-06-10,Del Norte,015,27424,47,45,0,45,0
2020-06-10,El Dorado,017,186661,152,109,1,110,0
2020-06-10,Fresno,019,978130,4474,2324,56,2380,45
2020-06-10,Glenn,021,27897,39,21,0,21,0
2020-06-10,Humboldt,023,135768,118,112,0,112,3
2020-06-10,Imperial,025,180216,5478,3454,4,3458,36
2020-06-10,Inyo,027,18085,22,23,0,23,1
2020-06-10,Kern,029,883053,4002,3000,10,3010,54
2020-06-10,Kings,031,150075,1922,952,3,955,6
2020-06-10,Lake,033,64148,39,28,0,28,0
2020-06-10,Lassen,035,31185,15,5,2,7,0
2020-06-10,Los Angeles,037,10098052,76487,67018,20,67038,2752
2020-06-10,Madera,039,155013,431,176,1,177,3
2020-06-10,Marin,041,260295,757,633,2,635,17
2020-06-10,Mariposa,043,17540,17,16,0,16,1
2020-06-10,Mendocino,045,87422,39,35,0,35,0
2020-06-10,Merced,047,269075,592,370,1,371,7
2020-06-10,Modoc,049,8938,1,0,0,0,0
2020-06-10,Mono,051,14174,39,35,0,35,1
2020-06-10,Monterey,053,433212,1106,791,4,795,11
2020-06-10,Napa,055,140530,211,159,0,159,3
2020-06-10,Nevada,057,99092,65,50,1,51,1
2020-06-10,Orange,059,3164182,11452,8222,80,8302,184
2020-06-10,Placer,061,380077,451,309,3,312,9
2020-06-10,Plumas,063,18699,5,4,0,4,0
2020-06-10,Riverside,065,2383286,12894,9857,23,9880,361
2020-06-10,Sacramento,067,1510023,1886,1643,2,1645,59
2020-06-10,San Benito,069,59416,144,94,0,94,2
2020-06-10,San Bernardino,071,2135413,8881,6438,7,6445,219
2020-06-10,San Diego,073,3302833,10228,8839,0,8839,305
2020-06-10,San Francisco,075,870044,3016,2774,1,2775,44
2020-06-10,San Joaquin,077,732212,1945,1282,3,1285,41
2020-06-10,San Luis Obispo,079,281455,440,306,5,311,1
2020-06-10,San Mateo,081,765935,2706,2492,3,2495,74
2020-06-10,Santa Barbara,083,443738,2227,1878,19,1897,13
2020-06-10,Santa Clara,085,1922200,3936,3032,15,3047,149
2020-06-10,Santa Cruz,087,273765,276,242,0,242,2
2020-06-10,Shasta,089,179085,82,45,0,45,5
2020-06-10,Sierra,091,2930,1,1,0,1,0
2020-06-10,Siskiyou,093,43540,25,14,0,14,0
2020-06-10,Solano,095,438530,847,608,4,612,19
2020-06-10,Sonoma,097,501317,822,673,2,675,4
2020-06-10,Stanislaus,099,539301,1508,1030,6,1036,29
2020-06-10,Sutter,101,95872,91,56,0,56,2
2020-06-10,Tehama,103,63373,25,10,2,12,1
2020-06-10,Trinity,105,12862,11,2,3,5,0
2020-06-10,Tulare,107,460477,3443,2455,10,2465,95
2020-06-10,Tuolumne,109,53932,10,7,0,7,0
2020-06-10,Ventura,111,848112,2172,1446,11,1457,34
2020-06-10,Yolo,113,214977,297,226,0,226,24
2020-06-10,Yuba,115,75493,35,27,0,27,1
2020-06-09,Alameda,001,1643700,4569,3963,6,3969,103
2020-06-09,Alpine,003,1148,1,1,0,1,0
2020-06-09,Amador,005,37829,10,10,0,10,0
2020-06-09,Butte,007,227075,101,70,8,78,1
2020-06-09,Calaveras,009,45235,27,16,0,16,0
2020-06-09,Colusa,011,21464,10,7,0,7,0
2020-06-09,Contra Costa,013,1133247,2057,1744,2,1746,42
2020-06-09,Del Norte,015,27424,47,45,0,45,0
2020-06-09,El Dorado,017,186661,142,108,1,109,0
2020-06-09,Fresno,019,978130,4322,2278,56,2334,43
2020-06-09,Glenn,021,27897,38,19,0,19,0
2020-06-09,Humboldt,023,135768,116,113,0,113,2
2020-06-09,Imperial,025,180216,5327,3067,4,3071,36
2020-06-09,Inyo,027,18085,22,22,0,22,1
2020-06-09,Kern,029,883053,3874,2920,10,2930,51
2020-06-09,Kings,031,150075,1890,934,3,937,6
2020-06-09,Lake,033,64148,39,28,0,28,0
2020-06-09,Lassen,035,31185,15,5,2,7,0
2020-06-09,Los Angeles,037,10098052,74827,65827,20,65847,2692
2020-06-09,Madera,039,155013,416,172,1,173,3
2020-06-09,Marin,041,260295,721,616,2,618,17
2020-06-09,Mariposa,043,17540,17,16,0,16,1
2020-06-09,Mendocino,045,87422,35,35,0,35,0
2020-06-09,Merced,047,269075,563,349,1,350,7
2020-06-09,Modoc,049,8938,1,0,0,0,0
2020-06-09,Mono,051,14174,39,35,0,35,1
2020-06-09,Monterey,053,433212,1065,772,4,776,11
2020-06-09,Napa,055,140530,201,156,0,156,3
2020-06-09,Nevada,057,99092,57,50,1,51,1
2020-06-09,Orange,059,3164182,11211,7991,78,8069,174
2020-06-09,Placer,061,380077,438,301,3,304,9
2020-06-09,Plumas,063,18699,5,4,0,4,0
2020-06-09,Riverside,065,2383286,12516,9511,23,9534,354
2020-06-09,Sacramento,067,1510023,1832,1625,2,1627,59
2020-06-09,San Benito,069,59416,138,95,0,95,2
2020-06-09,San Bernardino,071,2135413,8557,6268,6,6274,217
2020-06-09,San Diego,073,3302833,10043,8731,0,8731,301
2020-06-09,San Francisco,075,870044,2991,2749,1,2750,44
2020-06-09,San Joaquin,077,732212,1839,1240,3,1243,41
2020-06-09,San Luis Obispo,079,281455,427,301,4,305,1
2020-06-09,San Mateo,081,765935,2675,2463,3,2466,74
2020-06-09,Santa Barbara,083,443738,2171,1854,19,1873,13
2020-06-09,Santa Clara,085,1922200,3868,3006,14,3020,147
2020-06-09,Santa Cruz,087,273765,270,237,0,237,2
2020-06-09,Shasta,089,179085,78,44,0,44,4
2020-06-09,Sierra,091,2930,1,1,0,1,0
2020-06-09,Siskiyou,093,43540,20,10,0,10,0
2020-06-09,Solano,095,438530,812,596,4,600,18
2020-06-09,Sonoma,097,501317,799,661,2,663,4
2020-06-09,Stanislaus,099,539301,1407,993,6,999,25
2020-06-09,Sutter,101,95872,88,56,0,56,2
2020-06-09,Tehama,103,63373,25,9,2,11,1
2020-06-09,Trinity,105,12862,10,2,3,5,0
2020-06-09,Tulare,107,460477,3377,2393,10,2403,91
2020-06-09,Tuolumne,109,53932,10,8,0,8,0
2020-06-09,Ventura,111,848112,2106,1407,11,1418,34
2020-06-09,Yolo,113,214977,286,226,0,226,24
2020-06-09,Yuba,115,75493,34,27,0,27,1
2020-06-08,Alameda,001,1643700,4488,3937,6,3943,103
2020-06-08,Alpine,003,1148,1,1,0,1,0
2020-06-08,Amador,005,37829,10,10,0,10,0
2020-06-08,Butte,007,227075,97,68,8,76,1
2020-06-08,Calaveras,009,45235,27,16,0,16,0
2020-06-08,Colusa,011,21464,9,7,0,7,0
2020-06-08,Contra Costa,013,1133247,2014,1714,2,1716,41
2020-06-08,Del Norte,015,27424,47,45,0,45,0
2020-06-08,El Dorado,017,186661,138,107,1,108,0
2020-06-08,Fresno,019,978130,4198,2194,55,2249,42
2020-06-08,Glenn,021,27897,36,17,0,17,0
2020-06-08,Humboldt,023,135768,116,112,0,112,2
2020-06-08,Imperial,025,180216,5175,3051,4,3055,21
2020-06-08,Inyo,027,18085,22,22,0,22,1
2020-06-08,Kern,029,883053,3743,2853,9,2862,49
2020-06-08,Kings,031,150075,1814,892,3,895,6
2020-06-08,Lake,033,64148,39,28,0,28,0
2020-06-08,Lassen,035,31185,15,4,2,6,0
2020-06-08,Los Angeles,037,10098052,73364,64634,20,64654,2640
2020-06-08,Madera,039,155013,386,154,1,155,3
2020-06-08,Marin,041,260295,680,596,2,598,17
2020-06-08,Mariposa,043,17540,16,16,0,16,1
2020-06-08,Mendocino,045,87422,33,32,0,32,0
2020-06-08,Merced,047,269075,529,331,1,332,7
2020-06-08,Modoc,049,8938,1,0,0,0,0
2020-06-08,Mono,051,14174,39,35,0,35,1
2020-06-08,Monterey,053,433212,1014,751,3,754,10
2020-06-08,Napa,055,140530,185,151,0,151,3
2020-06-08,Nevada,057,99092,56,50,1,51,1
2020-06-08,Orange,059,3164182,10960,7786,76,7862,160
2020-06-08,Placer,061,380077,421,290,3,293,9
2020-06-08,Plumas,063,18699,5,4,0,4,0
2020-06-08,Riverside,065,2383286,12147,9246,23,9269,347
2020-06-08,Sacramento,067,1510023,1782,1591,2,1593,59
2020-06-08,San Benito,069,59416,131,93,0,93,2
2020-06-08,San Bernardino,071,2135413,8238,6122,6,6128,214
2020-06-08,San Diego,073,3302833,9886,8621,0,8621,296
2020-06-08,San Francisco,075,870044,2964,2715,1,2716,43
2020-06-08,San Joaquin,077,732212,1732,1198,3,1201,40
2020-06-08,San Luis Obispo,079,281455,421,300,4,304,1
2020-06-08,San Mateo,081,765935,2644,2431,2,2433,74
2020-06-08,Santa Barbara,083,443738,2116,1824,17,1841,13
2020-06-08,Santa Clara,085,1922200,3822,2971,14,2985,146
2020-06-08,Santa Cruz,087,273765,269,234,0,234,2
2020-06-08,Shasta,089,179085,74,43,0,43,4
2020-06-08,Sierra,091,2930,1,1,0,1,0
2020-06-08,Siskiyou,093,43540,20,8,0,8,0
2020-06-08,Solano,095,438530,785,560,4,564,19
2020-06-08,Sonoma,097,501317,783,654,2,656,4
2020-06-08,Stanislaus,099,539301,1325,956,6,962,28
2020-06-08,Sutter,101,95872,81,55,0,55,2
2020-06-08,Tehama,103,63373,19,8,2,10,1
2020-06-08,Trinity,105,12862,10,2,3,5,0
2020-06-08,Tulare,107,460477,3294,2301,10,2311,91
2020-06-08,Tuolumne,109,53932,9,8,0,8,0
2020-06-08,Ventura,111,848112,2048,1382,11,1393,30
2020-06-08,Yolo,113,214977,275,228,0,228,24
2020-06-08,Yuba,115,75493,32,27,0,27,1
2020-06-07,Alameda,001,1643700,4375,3866,6,3872,102
2020-06-07,Alpine,003,1148,1,1,0,1,0
2020-06-07,Amador,005,37829,10,10,0,10,0
2020-06-07,Butte,007,227075,95,64,6,70,1
2020-06-07,Calaveras,009,45235,25,16,0,16,0
2020-06-07,Colusa,011,21464,9,7,0,7,0
2020-06-07,Contra Costa,013,1133247,1963,1653,1,1654,38
2020-06-07,Del Norte,015,27424,45,45,0,45,0
2020-06-07,El Dorado,017,186661,138,104,1,105,0
2020-06-07,Fresno,019,978130,4068,2144,55,2199,41
2020-06-07,Glenn,021,27897,29,16,0,16,0
2020-06-07,Humboldt,023,135768,116,112,0,112,2
2020-06-07,Imperial,025,180216,5025,3048,4,3052,19
2020-06-07,Inyo,027,18085,22,21,0,21,1
2020-06-07,Kern,029,883053,3612,2771,9,2780,46
2020-06-07,Kings,031,150075,1765,882,3,885,6
2020-06-07,Lake,033,64148,36,28,0,28,0
2020-06-07,Lassen,035,31185,14,4,2,6,0
2020-06-07,Los Angeles,037,10098052,71659,63750,20,63770,2629
2020-06-07,Madera,039,155013,369,149,1,150,3
2020-06-07,Marin,041,260295,666,584,2,586,17
2020-06-07,Mariposa,043,17540,16,16,0,16,1
2020-06-07,Mendocino,045,87422,33,32,0,32,0
2020-06-07,Merced,047,269075,496,318,1,319,7
2020-06-07,Modoc,049,8938,1,0,0,0,0
2020-06-07,Mono,051,14174,39,35,0,35,1
2020-06-07,Monterey,053,433212,968,732,3,735,10
2020-06-07,Napa,055,140530,177,142,0,142,3
2020-06-07,Nevada,057,99092,55,50,1,51,1
2020-06-07,Orange,059,3164182,10703,7643,74,7717,158
2020-06-07,Placer,061,380077,400,273,2,275,9
2020-06-07,Plumas,063,18699,5,4,0,4,0
2020-06-07,Riverside,065,2383286,11851,9105,23,9128,344
2020-06-07,Sacramento,067,1510023,1734,1568,2,1570,59
2020-06-07,San Benito,069,59416,128,92,0,92,2
2020-06-07,San Bernardino,071,2135413,7952,6033,6,6039,214
2020-06-07,San Diego,073,3302833,9707,8478,0,8478,296
2020-06-07,San Francisco,075,870044,2920,2674,0,2674,43
2020-06-07,San Joaquin,077,732212,1631,1126,3,1129,37
2020-06-07,San Luis Obispo,079,281455,411,296,4,300,1
2020-06-07,San Mateo,081,765935,2617,2399,2,2401,73
2020-06-07,Santa Barbara,083,443738,2061,1818,17,1835,13
2020-06-07,Santa Clara,085,1922200,3770,2947,14,2961,146
2020-06-07,Santa Cruz,087,273765,261,230,0,230,2
2020-06-07,Shasta,089,179085,73,41,0,41,4
2020-06-07,Sierra,091,2930,1,1,0,1,0
2020-06-07,Siskiyou,093,43540,20,8,0,8,0
2020-06-07,Solano,095,438530,762,560,4,564,19
2020-06-07,Sonoma,097,501317,752,639,2,641,4
2020-06-07,Stanislaus,099,539301,1245,905,5,910,28
2020-06-07,Sutter,101,95872,73,55,0,55,2
2020-06-07,Tehama,103,63373,16,8,2,10,1
2020-06-07,Trinity,105,12862,8,2,3,5,0
2020-06-07,Tulare,107,460477,3172,2219,10,2229,90
2020-06-07,Tuolumne,109,53932,9,4,0,4,0
2020-06-07,Ventura,111,848112,1982,1337,11,1348,30
2020-06-07,Yolo,113,214977,265,224,0,224,24
2020-06-07,Yuba,115,75493,32,27,0,27,1
2020-06-06,Alameda,001,1643700,4330,3801,6,3807,102
2020-06-06,Alpine,003,1148,1,1,0,1,0
2020-06-06,Amador,005,37829,10,10,0,10,0
2020-06-06,Butte,007,227075,94,63,6,69,1
2020-06-06,Calaveras,009,45235,23,16,0,16,0
2020-06-06,Colusa,011,21464,9,7,0,7,0
2020-06-06,Contra Costa,013,1133247,1942,1619,1,1620,37
2020-06-06,Del Norte,015,27424,45,45,0,45,0
2020-06-06,El Dorado,017,186661,133,104,1,105,0
2020-06-06,Fresno,019,978130,4013,2117,55,2172,41
2020-06-06,Glenn,021,27897,27,16,0,16,0
2020-06-06,Humboldt,023,135768,116,112,0,112,2
2020-06-06,Imperial,025,180216,4949,3047,4,3051,19
2020-06-06,Inyo,027,18085,22,21,0,21,1
2020-06-06,Kern,029,883053,3541,2695,9,2704,46
2020-06-06,Kings,031,150075,1746,882,3,885,6
2020-06-06,Lake,033,64148,36,28,0,28,0
2020-06-06,Lassen,035,31185,14,4,2,6,0
2020-06-06,Los Angeles,037,10098052,70910,62269,20,62289,2607
2020-06-06,Madera,039,155013,360,149,1,150,3
2020-06-06,Marin,041,260295,661,556,2,558,17
2020-06-06,Mariposa,043,17540,16,16,0,16,1
2020-06-06,Mendocino,045,87422,33,32,0,32,0
2020-06-06,Merced,047,269075,495,315,1,316,7
2020-06-06,Modoc,049,8938,1,0,0,0,0
2020-06-06,Mono,051,14174,39,35,0,35,1
2020-06-06,Monterey,053,433212,944,679,3,682,10
2020-06-06,Napa,055,140530,171,136,0,136,3
2020-06-06,Nevada,057,99092,54,50,1,51,1
2020-06-06,Orange,059,3164182,10544,7576,73,7649,157
2020-06-06,Placer,061,380077,388,270,2,272,9
2020-06-06,Plumas,063,18699,5,4,0,4,0
2020-06-06,Riverside,065,2383286,11673,8935,23,8958,345
2020-06-06,Sacramento,067,1510023,1711,1533,2,1535,59
2020-06-06,San Benito,069,59416,118,92,0,92,2
2020-06-06,San Bernardino,071,2135413,7804,5946,6,5952,214
2020-06-06,San Diego,073,3302833,9586,8347,0,8347,296
2020-06-06,San Francisco,075,870044,2905,2674,0,2674,43
2020-06-06,San Joaquin,077,732212,1591,1076,3,1079,37
2020-06-06,San Luis Obispo,079,281455,405,295,4,299,1
2020-06-06,San Mateo,081,765935,2602,2342,2,2344,72
2020-06-06,Santa Barbara,083,443738,2022,1815,17,1832,13
2020-06-06,Santa Clara,085,1922200,3729,2934,14,2948,144
2020-06-06,Santa Cruz,087,273765,259,226,0,226,2
2020-06-06,Shasta,089,179085,73,40,0,40,4
2020-06-06,Sierra,091,2930,1,1,0,1,0
2020-06-06,Siskiyou,093,43540,18,8,0,8,0
2020-06-06,Solano,095,438530,747,560,4,564,19
2020-06-06,Sonoma,097,501317,740,622,2,624,4
2020-06-06,Stanislaus,099,539301,1211,858,5,863,27
2020-06-06,Sutter,101,95872,73,51,0,51,2
2020-06-06,Tehama,103,63373,15,8,2,10,1
2020-06-06,Trinity,105,12862,8,2,2,4,0
2020-06-06,Tulare,107,460477,3139,2213,10,2223,90
2020-06-06,Tuolumne,109,53932,9,4,0,4,0
2020-06-06,Ventura,111,848112,1958,1303,11,1314,30
2020-06-06,Yolo,113,214977,263,223,0,223,24
2020-06-06,Yuba,115,75493,32,27,0,27,1
2020-06-05,Alameda,001,1643700,4279,3734,6,3740,102
2020-06-05,Alpine,003,1148,1,1,0,1,0
2020-06-05,Amador,005,37829,10,10,0,10,0
2020-06-05,Butte,007,227075,91,61,6,67,1
2020-06-05,Calaveras,009,45235,22,16,0,16,0
2020-06-05,Colusa,011,21464,9,7,0,7,0
2020-06-05,Contra Costa,013,1133247,1927,1575,1,1576,37
2020-06-05,Del Norte,015,27424,45,45,0,45,0
2020-06-05,El Dorado,017,186661,131,101,1,102,0
2020-06-05,Fresno,019,978130,3949,2051,54,2105,38
2020-06-05,Glenn,021,27897,25,16,0,16,0
2020-06-05,Humboldt,023,135768,115,111,0,111,2
2020-06-05,Imperial,025,180216,4842,2778,4,2782,19
2020-06-05,Inyo,027,18085,22,21,0,21,1
2020-06-05,Kern,029,883053,3452,2624,9,2633,46
2020-06-05,Kings,031,150075,1731,865,3,868,6
2020-06-05,Lake,033,64148,35,28,0,28,0
2020-06-05,Lassen,035,31185,13,4,2,6,0
2020-06-05,Los Angeles,037,10098052,69761,60955,20,60975,2553
2020-06-05,Madera,039,155013,338,144,1,145,3
2020-06-05,Marin,041,260295,652,546,2,548,17
2020-06-05,Mariposa,043,17540,16,16,0,16,1
2020-06-05,Mendocino,045,87422,33,32,0,32,0
2020-06-05,Merced,047,269075,493,309,1,310,7
2020-06-05,Modoc,049,8938,1,0,0,0,0
2020-06-05,Mono,051,14174,39,35,0,35,1
2020-06-05,Monterey,053,433212,912,649,3,652,10
2020-06-05,Napa,055,140530,168,123,0,123,3
2020-06-05,Nevada,057,99092,54,50,1,51,1
2020-06-05,Orange,059,3164182,10349,7391,72,7463,153
2020-06-05,Placer,061,380077,378,265,2,267,9
2020-06-05,Plumas,063,18699,5,4,0,4,0
2020-06-05,Riverside,065,2383286,11414,8700,23,8723,345
2020-06-05,Sacramento,067,1510023,1689,1514,2,1516,59
2020-06-05,San Benito,069,59416,116,92,0,92,2
2020-06-05,San Bernardino,071,2135413,7622,5869,5,5874,212
2020-06-05,San Diego,073,3302833,9471,8182,0,8182,294
2020-06-05,San Francisco,075,870044,2887,2675,0,2675,43
2020-06-05,San Joaquin,077,732212,1512,1046,3,1049,36
2020-06-05,San Luis Obispo,079,281455,398,293,4,297,1
2020-06-05,San Mateo,081,765935,2577,2331,2,2333,72
2020-06-05,Santa Barbara,083,443738,1991,1795,17,1812,13
2020-06-05,Santa Clara,085,1922200,3694,2902,14,2916,144
2020-06-05,Santa Cruz,087,273765,256,222,0,222,2
2020-06-05,Shasta,089,179085,72,40,0,40,4
2020-06-05,Sierra,091,2930,1,1,0,1,0
2020-06-05,Siskiyou,093,43540,16,8,0,8,0
2020-06-05,Solano,095,438530,740,558,4,562,19
2020-06-05,Sonoma,097,501317,719,618,2,620,4
2020-06-05,Stanislaus,099,539301,1178,842,5,847,27
2020-06-05,Sutter,101,95872,73,49,0,49,2
2020-06-05,Tehama,103,63373,15,7,2,9,1
2020-06-05,Trinity,105,12862,8,1,2,3,0
2020-06-05,Tulare,107,460477,3090,2180,10,2190,90
2020-06-05,Tuolumne,109,53932,9,4,0,4,0
2020-06-05,Ventura,111,848112,1925,1274,11,1285,30
2020-06-05,Yolo,113,214977,262,216,0,216,24
2020-06-05,Yuba,115,75493,32,27,0,27,1
2020-06-04,Alameda,001,1643700,4180,3643,6,3649,99
2020-06-04,Alpine,003,1148,1,1,0,1,0
2020-06-04,Amador,005,37829,10,10,0,10,0
2020-06-04,Butte,007,227075,87,57,5,62,1
2020-06-04,Calaveras,009,45235,22,15,0,15,0
2020-06-04,Colusa,011,21464,9,7,0,7,0
2020-06-04,Contra Costa,013,1133247,1869,1551,1,1552,37
2020-06-04,Del Norte,015,27424,45,45,0,45,0
2020-06-04,El Dorado,017,186661,129,101,1,102,0
2020-06-04,Fresno,019,978130,3844,2007,53,2060,35
2020-06-04,Glenn,021,27897,22,16,0,16,0
2020-06-04,Humboldt,023,135768,115,109,0,109,2
2020-06-04,Imperial,025,180216,4660,2631,4,2635,19
2020-06-04,Inyo,027,18085,22,20,0,20,1
2020-06-04,Kern,029,883053,3336,2530,9,2539,46
2020-06-04,Kings,031,150075,1661,842,3,845,6
2020-06-04,Lake,033,64148,34,27,0,27,0
2020-06-04,Lassen,035,31185,11,4,2,6,0
2020-06-04,Los Angeles,037,10098052,68294,59596,20,59616,2515
2020-06-04,Madera,039,155013,330,127,1,128,3
2020-06-04,Marin,041,260295,630,533,2,535,14
2020-06-04,Mariposa,043,17540,16,16,0,16,1
2020-06-04,Mendocino,045,87422,33,29,0,29,0
2020-06-04,Merced,047,269075,473,304,1,305,7
2020-06-04,Modoc,049,8938,1,0,0,0,0
2020-06-04,Mono,051,14174,39,35,0,35,1
2020-06-04,Monterey,053,433212,877,621,2,623,10
2020-06-04,Napa,055,140530,164,117,0,117,3
2020-06-04,Nevada,057,99092,53,49,1,50,1
2020-06-04,Orange,059,3164182,10097,7192,71,7263,148
2020-06-04,Placer,061,380077,362,256,2,258,9
2020-06-04,Plumas,063,18699,4,4,0,4,0
2020-06-04,Riverside,065,2383286,11136,8473,23,8496,341
2020-06-04,Sacramento,067,1510023,1661,1492,2,1494,58
2020-06-04,San Benito,069,59416,114,88,0,88,2
2020-06-04,San Bernardino,071,2135413,7353,5726,5,5731,207
2020-06-04,San Diego,073,3302833,9308,7942,0,7942,288
2020-06-04,San Francisco,075,870044,2854,2636,0,2636,43
2020-06-04,San Joaquin,077,732212,1450,1016,3,1019,36
2020-06-04,San Luis Obispo,079,281455,387,288,4,292,1
2020-06-04,San Mateo,081,765935,2550,2284,2,2286,72
2020-06-04,Santa Barbara,083,443738,1960,1750,16,1766,13
2020-06-04,Santa Clara,085,1922200,3660,2871,14,2885,144
2020-06-04,Santa Cruz,087,273765,250,218,0,218,2
2020-06-04,Shasta,089,179085,66,40,0,40,4
2020-06-04,Sierra,091,2930,1,1,0,1,0
2020-06-04,Siskiyou,093,43540,15,8,0,8,0
2020-06-04,Solano,095,438530,723,551,4,555,19
2020-06-04,Sonoma,097,501317,700,591,1,592,4
2020-06-04,Stanislaus,099,539301,1102,806,5,811,28
2020-06-04,Sutter,101,95872,68,46,0,46,2
2020-06-04,Tehama,103,63373,14,6,1,7,1
2020-06-04,Trinity,105,12862,8,1,2,3,0
2020-06-04,Tulare,107,460477,2973,2086,10,2096,90
2020-06-04,Tuolumne,109,53932,8,4,0,4,0
2020-06-04,Ventura,111,848112,1881,1236,10,1246,30
2020-06-04,Yolo,113,214977,257,216,0,216,24
2020-06-04,Yuba,115,75493,31,27,0,27,1
2020-06-03,Alameda,001,1643700,4121,3589,5,3594,99
2020-06-03,Alpine,003,1148,1,1,0,1,0
2020-06-03,Amador,005,37829,10,10,0,10,0
2020-06-03,Butte,007,227075,85,53,5,58,1
2020-06-03,Calaveras,009,45235,21,15,0,15,0
2020-06-03,Colusa,011,21464,9,7,0,7,0
2020-06-03,Contra Costa,013,1133247,1821,1511,1,1512,37
2020-06-03,Del Norte,015,27424,45,39,0,39,0
2020-06-03,El Dorado,017,186661,126,90,1,91,0
2020-06-03,Fresno,019,978130,3745,1943,53,1996,35
2020-06-03,Glenn,021,27897,22,16,0,16,0
2020-06-03,Humboldt,023,135768,115,103,0,103,2
2020-06-03,Imperial,025,180216,4487,2540,4,2544,19
2020-06-03,Inyo,027,18085,22,20,0,20,1
2020-06-03,Kern,029,883053,3240,2452,8,2460,44
2020-06-03,Kings,031,150075,1596,744,3,747,6
2020-06-03,Lake,033,64148,32,26,0,26,0
2020-06-03,Lassen,035,31185,11,4,2,6,0
2020-06-03,Los Angeles,037,10098052,66682,58166,20,58186,2472
2020-06-03,Madera,039,155013,322,117,1,118,3
2020-06-03,Marin,041,260295,612,527,2,529,14
2020-06-03,Mariposa,043,17540,16,16,0,16,1
2020-06-03,Mendocino,045,87422,32,29,0,29,0
2020-06-03,Merced,047,269075,459,299,1,300,7
2020-06-03,Modoc,049,8938,1,0,0,0,0
2020-06-03,Mono,051,14174,39,35,0,35,1
2020-06-03,Monterey,053,433212,849,592,2,594,10
2020-06-03,Napa,055,140530,163,116,0,116,3
2020-06-03,Nevada,057,99092,52,43,1,44,1
2020-06-03,Orange,059,3164182,9871,6939,70,7009,145
2020-06-03,Placer,061,380077,342,243,2,245,9
2020-06-03,Plumas,063,18699,4,4,0,4,0
2020-06-03,Riverside,065,2383286,10862,8208,23,8231,335
2020-06-03,Sacramento,067,1510023,1632,1457,2,1459,58
2020-06-03,San Benito,069,59416,108,88,0,88,2
2020-06-03,San Bernardino,071,2135413,7130,5565,5,5570,203
2020-06-03,San Diego,073,3302833,9160,7800,0,7800,283
2020-06-03,San Francisco,075,870044,2823,2608,0,2608,43
2020-06-03,San Joaquin,077,732212,1386,1004,3,1007,35
2020-06-03,San Luis Obispo,079,281455,382,279,4,283,1
2020-06-03,San Mateo,081,765935,2522,2243,2,2245,71
2020-06-03,Santa Barbara,083,443738,1926,1722,15,1737,12
2020-06-03,Santa Clara,085,1922200,3618,2836,14,2850,144
2020-06-03,Santa Cruz,087,273765,244,217,0,217,2
2020-06-03,Shasta,089,179085,63,40,0,40,4
2020-06-03,Sierra,091,2930,1,1,0,1,0
2020-06-03,Siskiyou,093,43540,14,8,0,8,0
2020-06-03,Solano,095,438530,698,543,2,545,18
2020-06-03,Sonoma,097,501317,688,578,1,579,4
2020-06-03,Stanislaus,099,539301,1062,780,5,785,27
2020-06-03,Sutter,101,95872,60,45,0,45,2
2020-06-03,Tehama,103,63373,14,6,1,7,1
2020-06-03,Trinity,105,12862,8,1,2,3,0
2020-06-03,Tulare,107,460477,2904,2041,10,2051,88
2020-06-03,Tuolumne,109,53932,6,4,0,4,0
2020-06-03,Ventura,111,848112,1814,1202,10,1212,30
2020-06-03,Yolo,113,214977,253,213,0,213,24
2020-06-03,Yuba,115,75493,31,27,0,27,1
2020-06-02,Alameda,001,1643700,4045,3517,5,3522,99
2020-06-02,Alpine,003,1148,1,1,0,1,0
2020-06-02,Amador,005,37829,10,10,0,10,0
2020-06-02,Butte,007,227075,81,51,4,55,1
2020-06-02,Calaveras,009,45235,21,15,0,15,0
2020-06-02,Colusa,011,21464,9,7,0,7,0
2020-06-02,Contra Costa,013,1133247,1789,1505,1,1506,37
2020-06-02,Del Norte,015,27424,45,39,0,39,0
2020-06-02,El Dorado,017,186661,125,88,1,89,0
2020-06-02,Fresno,019,978130,3632,1917,53,1970,34
2020-06-02,Glenn,021,27897,21,16,0,16,0
2020-06-02,Humboldt,023,135768,115,101,0,101,2
2020-06-02,Imperial,025,180216,4294,2459,4,2463,19
2020-06-02,Inyo,027,18085,20,20,0,20,1
2020-06-02,Kern,029,883053,3141,2406,6,2412,41
2020-06-02,Kings,031,150075,1568,720,3,723,5
2020-06-02,Lake,033,64148,32,25,0,25,0
2020-06-02,Lassen,035,31185,10,4,2,6,0
2020-06-02,Los Angeles,037,10098052,65276,57144,20,57164,2430
2020-06-02,Madera,039,155013,301,110,1,111,2
2020-06-02,Marin,041,260295,585,509,2,511,14
2020-06-02,Mariposa,043,17540,16,16,0,16,1
2020-06-02,Mendocino,045,87422,32,29,0,29,0
2020-06-02,Merced,047,269075,443,297,1,298,6
2020-06-02,Modoc,049,8938,1,0,0,0,0
2020-06-02,Mono,051,14174,39,35,0,35,1
2020-06-02,Monterey,053,433212,819,582,2,584,10
2020-06-02,Napa,055,140530,154,116,0,116,3
2020-06-02,Nevada,057,99092,51,41,1,42,1
2020-06-02,Orange,059,3164182,9670,6790,69,6859,142
2020-06-02,Placer,061,380077,328,226,2,228,9
2020-06-02,Plumas,063,18699,4,4,0,4,0
2020-06-02,Riverside,065,2383286,10566,8091,22,8113,330
2020-06-02,Sacramento,067,1510023,1603,1428,2,1430,58
2020-06-02,San Benito,069,59416,107,86,0,86,2
2020-06-02,San Bernardino,071,2135413,6923,5438,5,5443,202
2020-06-02,San Diego,073,3302833,9014,7676,0,7676,276
2020-06-02,San Francisco,075,870044,2788,2554,0,2554,43
2020-06-02,San Joaquin,077,732212,1320,985,3,988,35
2020-06-02,San Luis Obispo,079,281455,377,275,4,279,1
2020-06-02,San Mateo,081,765935,2487,2203,2,2205,71
2020-06-02,Santa Barbara,083,443738,1886,1703,15,1718,12
2020-06-02,Santa Clara,085,1922200,3568,2819,14,2833,144
2020-06-02,Santa Cruz,087,273765,239,215,0,215,2
2020-06-02,Shasta,089,179085,62,38,0,38,4
2020-06-02,Sierra,091,2930,1,1,0,1,0
2020-06-02,Siskiyou,093,43540,13,8,0,8,0
2020-06-02,Solano,095,438530,683,537,1,538,18
2020-06-02,Sonoma,097,501317,677,571,1,572,4
2020-06-02,Stanislaus,099,539301,1003,772,5,777,27
2020-06-02,Sutter,101,95872,57,43,0,43,2
2020-06-02,Tehama,103,63373,14,6,1,7,1
2020-06-02,Trinity,105,12862,8,1,2,3,0
2020-06-02,Tulare,107,460477,2824,2012,10,2022,86
2020-06-02,Tuolumne,109,53932,6,4,0,4,0
2020-06-02,Ventura,111,848112,1761,1178,10,1188,30
2020-06-02,Yolo,113,214977,251,213,0,213,24
2020-06-02,Yuba,115,75493,31,27,0,27,1
2020-06-01,Alameda,001,1643700,3979,3460,5,3465,98
2020-06-01,Alpine,003,1148,1,1,0,1,0
2020-06-01,Amador,005,37829,10,10,0,10,0
2020-06-01,Butte,007,227075,80,50,3,53,1
2020-06-01,Calaveras,009,45235,21,15,0,15,0
2020-06-01,Colusa,011,21464,9,7,0,7,0
2020-06-01,Contra Costa,013,1133247,1753,1486,1,1487,37
2020-06-01,Del Norte,015,27424,45,38,0,38,0
2020-06-01,El Dorado,017,186661,123,88,1,89,0
2020-06-01,Fresno,019,978130,3537,1854,51,1905,33
2020-06-01,Glenn,021,27897,21,16,0,16,0
2020-06-01,Humboldt,023,135768,115,98,0,98,2
2020-06-01,Imperial,025,180216,4072,2366,4,2370,14
2020-06-01,Inyo,027,18085,20,20,0,20,1
2020-06-01,Kern,029,883053,3058,2366,6,2372,38
2020-06-01,Kings,031,150075,1300,703,3,706,4
2020-06-01,Lake,033,64148,32,22,0,22,0
2020-06-01,Lassen,035,31185,10,4,2,6,0
2020-06-01,Los Angeles,037,10098052,63806,55899,20,55919,2367
2020-06-01,Madera,039,155013,289,103,1,104,2
2020-06-01,Marin,041,260295,544,495,2,497,14
2020-06-01,Mariposa,043,17540,16,16,0,16,1
2020-06-01,Mendocino,045,87422,32,28,0,28,0
2020-06-01,Merced,047,269075,424,289,1,290,6
2020-06-01,Modoc,049,8938,1,0,0,0,0
2020-06-01,Mono,051,14174,39,35,0,35,1
2020-06-01,Monterey,053,433212,795,554,2,556,10
2020-06-01,Napa,055,140530,151,114,0,114,3
2020-06-01,Nevada,057,99092,51,41,1,42,1
2020-06-01,Orange,059,3164182,9473,6640,68,6708,135
2020-06-01,Placer,061,380077,316,218,2,220,9
2020-06-01,Plumas,063,18699,4,4,0,4,0
2020-06-01,Riverside,065,2383286,10114,7921,21,7942,322
2020-06-01,Sacramento,067,1510023,1564,1415,2,1417,58
2020-06-01,San Benito,069,59416,104,86,0,86,2
2020-06-01,San Bernardino,071,2135413,6717,5310,5,5315,202
2020-06-01,San Diego,073,3302833,8834,7556,0,7556,269
2020-06-01,San Francisco,075,870044,2751,2546,0,2546,43
2020-06-01,San Joaquin,077,732212,1255,957,3,960,35
2020-06-01,San Luis Obispo,079,281455,373,275,4,279,1
2020-06-01,San Mateo,081,765935,2457,2190,2,2192,71
2020-06-01,Santa Barbara,083,443738,1852,1671,14,1685,10
2020-06-01,Santa Clara,085,1922200,3530,2797,13,2810,142
2020-06-01,Santa Cruz,087,273765,235,215,0,215,2
2020-06-01,Shasta,089,179085,62,38,0,38,4
2020-06-01,Sierra,091,2930,1,1,0,1,0
2020-06-01,Siskiyou,093,43540,13,7,0,7,0
2020-06-01,Solano,095,438530,659,529,1,530,17
2020-06-01,Sonoma,097,501317,661,565,1,566,4
2020-06-01,Stanislaus,099,539301,966,758,5,763,27
2020-06-01,Sutter,101,95872,52,43,0,43,2
2020-06-01,Tehama,103,63373,11,5,1,6,1
2020-06-01,Trinity,105,12862,7,1,2,3,0
2020-06-01,Tulare,107,460477,2709,1976,10,1986,84
2020-06-01,Tuolumne,109,53932,5,4,0,4,0
2020-06-01,Ventura,111,848112,1708,1163,10,1173,29
2020-06-01,Yolo,113,214977,248,212,0,212,24
2020-06-01,Yuba,115,75493,30,26,0,26,1
2020-05-31,Alameda,001,1643700,3874,3362,5,3367,98
2020-05-31,Alpine,003,1148,1,1,0,1,0
2020-05-31,Amador,005,37829,10,10,0,10,0
2020-05-31,Butte,007,227075,78,51,3,54,0
2020-05-31,Calaveras,009,45235,18,15,0,15,0
2020-05-31,Colusa,011,21464,9,5,0,5,0
2020-05-31,Contra Costa,013,1133247,1719,1458,1,1459,37
2020-05-31,Del Norte,015,27424,45,37,0,37,0
2020-05-31,El Dorado,017,186661,119,88,1,89,0
2020-05-31,Fresno,019,978130,3372,1780,46,1826,31
2020-05-31,Glenn,021,27897,20,16,0,16,0
2020-05-31,Humboldt,023,135768,113,98,0,98,2
2020-05-31,Imperial,025,180216,3805,2197,4,2201,14
2020-05-31,Inyo,027,18085,20,20,0,20,1
2020-05-31,Kern,029,883053,2923,2300,6,2306,38
2020-05-31,Kings,031,150075,1263,703,3,706,3
2020-05-31,Lake,033,64148,32,19,0,19,0
2020-05-31,Lassen,035,31185,10,4,2,6,0
2020-05-31,Los Angeles,037,10098052,62515,54925,20,54945,2344
2020-05-31,Madera,039,155013,271,101,1,102,2
2020-05-31,Marin,041,260295,534,486,2,488,14
2020-05-31,Mariposa,043,17540,16,16,0,16,1
2020-05-31,Mendocino,045,87422,32,24,0,24,0
2020-05-31,Merced,047,269075,397,288,0,288,6
2020-05-31,Modoc,049,8938,0,0,0,0,0
2020-05-31,Mono,051,14174,39,34,0,34,1
2020-05-31,Monterey,053,433212,721,545,2,547,10
2020-05-31,Napa,055,140530,149,114,0,114,3
2020-05-31,Nevada,057,99092,50,41,1,42,1
2020-05-31,Orange,059,3164182,9263,6532,67,6599,135
2020-05-31,Placer,061,380077,294,215,2,217,9
2020-05-31,Plumas,063,18699,4,4,0,4,0
2020-05-31,Riverside,065,2383286,9858,7704,21,7725,321
2020-05-31,Sacramento,067,1510023,1533,1398,2,1400,57
2020-05-31,San Benito,069,59416,98,85,0,85,2
2020-05-31,San Bernardino,071,2135413,6449,5185,5,5190,198
2020-05-31,San Diego,073,3302833,8640,7483,0,7483,269
2020-05-31,San Francisco,075,870044,2715,2501,0,2501,43
2020-05-31,San Joaquin,077,732212,1190,888,3,891,34
2020-05-31,San Luis Obispo,079,281455,363,271,4,275,1
2020-05-31,San Mateo,081,765935,2411,2169,2,2171,71
2020-05-31,Santa Barbara,083,443738,1801,1662,13,1675,9
2020-05-31,Santa Clara,085,1922200,3486,2785,13,2798,142
2020-05-31,Santa Cruz,087,273765,232,210,0,210,2
2020-05-31,Shasta,089,179085,60,38,0,38,4
2020-05-31,Sierra,091,2930,1,1,0,1,0
2020-05-31,Siskiyou,093,43540,12,7,0,7,0
2020-05-31,Solano,095,438530,633,512,1,513,6
2020-05-31,Sonoma,097,501317,641,555,1,556,4
2020-05-31,Stanislaus,099,539301,912,738,5,743,27
2020-05-31,Sutter,101,95872,50,42,0,42,2
2020-05-31,Tehama,103,63373,10,4,1,5,1
2020-05-31,Trinity,105,12862,7,1,2,3,0
2020-05-31,Tulare,107,460477,2636,1884,10,1894,82
2020-05-31,Tuolumne,109,53932,5,4,0,4,0
2020-05-31,Ventura,111,848112,1647,1151,10,1161,30
2020-05-31,Yolo,113,214977,242,211,0,211,24
2020-05-31,Yuba,115,75493,30,26,0,26,1
2020-05-30,Alameda,001,1643700,3848,3304,5,3309,96
2020-05-30,Alpine,003,1148,1,1,0,1,0
2020-05-30,Amador,005,37829,10,10,0,10,0
2020-05-30,Butte,007,227075,77,44,3,47,0
2020-05-30,Calaveras,009,45235,17,15,0,15,0
2020-05-30,Colusa,011,21464,8,5,0,5,0
2020-05-30,Contra Costa,013,1133247,1703,1429,1,1430,37
2020-05-30,Del Norte,015,27424,45,37,0,37,0
2020-05-30,El Dorado,017,186661,118,86,1,87,0
2020-05-30,Fresno,019,978130,3311,1744,45,1789,31
2020-05-30,Glenn,021,27897,19,16,0,16,0
2020-05-30,Humboldt,023,135768,112,98,0,98,2
2020-05-30,Imperial,025,180216,3715,2091,4,2095,14
2020-05-30,Inyo,027,18085,20,20,0,20,1
2020-05-30,Kern,029,883053,2854,2217,6,2223,38
2020-05-30,Kings,031,150075,1249,703,3,706,3
2020-05-30,Lake,033,64148,31,18,0,18,0
2020-05-30,Lassen,035,31185,10,4,2,6,0
2020-05-30,Los Angeles,037,10098052,61978,53627,20,53647,2319
2020-05-30,Madera,039,155013,266,101,1,102,2
2020-05-30,Marin,041,260295,534,462,2,464,14
2020-05-30,Mariposa,043,17540,16,16,0,16,1
2020-05-30,Mendocino,045,87422,32,24,0,24,0
2020-05-30,Merced,047,269075,396,285,0,285,6
2020-05-30,Modoc,049,8938,0,0,0,0,0
2020-05-30,Mono,051,14174,39,34,0,34,1
2020-05-30,Monterey,053,433212,705,520,2,522,10
2020-05-30,Napa,055,140530,147,113,0,113,3
2020-05-30,Nevada,057,99092,50,41,1,42,1
2020-05-30,Orange,059,3164182,9106,6354,67,6421,134
2020-05-30,Placer,061,380077,286,199,1,200,9
2020-05-30,Plumas,063,18699,4,4,0,4,0
2020-05-30,Riverside,065,2383286,9714,7492,21,7513,316
2020-05-30,Sacramento,067,1510023,1522,1384,2,1386,57
2020-05-30,San Benito,069,59416,97,85,0,85,2
2020-05-30,San Bernardino,071,2135413,6340,5122,5,5127,198
2020-05-30,San Diego,073,3302833,8547,7387,0,7387,269
2020-05-30,San Francisco,075,870044,2690,2496,0,2496,41
2020-05-30,San Joaquin,077,732212,1152,888,3,891,34
2020-05-30,San Luis Obispo,079,281455,358,270,4,274,1
2020-05-30,San Mateo,081,765935,2387,2129,2,2131,71
2020-05-30,Santa Barbara,083,443738,1782,1660,13,1673,9
2020-05-30,Santa Clara,085,1922200,3470,2741,13,2754,141
2020-05-30,Santa Cruz,087,273765,232,206,0,206,2
2020-05-30,Shasta,089,179085,60,36,0,36,4
2020-05-30,Sierra,091,2930,1,1,0,1,0
2020-05-30,Siskiyou,093,43540,11,7,0,7,0
2020-05-30,Solano,095,438530,626,512,1,513,6
2020-05-30,Sonoma,097,501317,631,551,1,552,4
2020-05-30,Stanislaus,099,539301,895,712,5,717,27
2020-05-30,Sutter,101,95872,49,40,0,40,2
2020-05-30,Tehama,103,63373,10,4,1,5,1
2020-05-30,Trinity,105,12862,7,1,2,3,0
2020-05-30,Tulare,107,460477,2599,1879,10,1889,81
2020-05-30,Tuolumne,109,53932,5,4,0,4,0
2020-05-30,Ventura,111,848112,1630,1116,10,1126,30
2020-05-30,Yolo,113,214977,238,210,0,210,24
2020-05-30,Yuba,115,75493,30,25,0,25,1
2020-05-29,Alameda,001,1643700,3813,3209,5,3214,96
2020-05-29,Alpine,003,1148,1,1,0,1,0
2020-05-29,Amador,005,37829,10,10,0,10,0
2020-05-29,Butte,007,227075,72,41,3,44,0
2020-05-29,Calaveras,009,45235,17,15,0,15,0
2020-05-29,Colusa,011,21464,8,5,0,5,0
2020-05-29,Contra Costa,013,1133247,1687,1411,1,1412,37
2020-05-29,Del Norte,015,27424,45,37,0,37,0
2020-05-29,El Dorado,017,186661,117,85,1,86,0
2020-05-29,Fresno,019,978130,3261,1687,45,1732,31
2020-05-29,Glenn,021,27897,19,14,0,14,0
2020-05-29,Humboldt,023,135768,111,98,0,98,2
2020-05-29,Imperial,025,180216,3597,1607,4,1611,14
2020-05-29,Inyo,027,18085,20,20,0,20,1
2020-05-29,Kern,029,883053,2796,2128,6,2134,36
2020-05-29,Kings,031,150075,1238,693,3,696,3
2020-05-29,Lake,033,64148,30,17,0,17,0
2020-05-29,Lassen,035,31185,10,0,2,2,0
2020-05-29,Los Angeles,037,10098052,61021,51578,20,51598,2273
2020-05-29,Madera,039,155013,251,98,1,99,2
2020-05-29,Marin,041,260295,526,448,2,450,14
2020-05-29,Mariposa,043,17540,16,16,0,16,1
2020-05-29,Mendocino,045,87422,30,25,0,25,0
2020-05-29,Merced,047,269075,391,285,0,285,7
2020-05-29,Modoc,049,8938,0,0,0,0,0
2020-05-29,Mono,051,14174,38,34,0,34,1
2020-05-29,Monterey,053,433212,675,479,2,481,10
2020-05-29,Napa,055,140530,144,113,0,113,3
2020-05-29,Nevada,057,99092,50,41,1,42,1
2020-05-29,Orange,059,3164182,8920,6176,64,6240,133
2020-05-29,Placer,061,380077,264,199,1,200,9
2020-05-29,Plumas,063,18699,4,4,0,4,0
2020-05-29,Riverside,065,2383286,9528,7376,21,7397,313
2020-05-29,Sacramento,067,1510023,1499,1360,2,1362,57
2020-05-29,San Benito,069,59416,97,84,0,84,2
2020-05-29,San Bernardino,071,2135413,6232,4983,5,4988,196
2020-05-29,San Diego,073,3302833,8424,7242,0,7242,266
2020-05-29,San Francisco,075,870044,2666,2453,0,2453,41
2020-05-29,San Joaquin,077,732212,1115,855,3,858,34
2020-05-29,San Luis Obispo,079,281455,354,270,4,274,1
2020-05-29,San Mateo,081,765935,2371,2103,2,2105,71
2020-05-29,Santa Barbara,083,443738,1755,1656,13,1669,9
2020-05-29,Santa Clara,085,1922200,3442,2707,13,2720,141
2020-05-29,Santa Cruz,087,273765,229,203,0,203,2
2020-05-29,Shasta,089,179085,60,36,0,36,4
2020-05-29,Sierra,091,2930,1,1,0,1,0
2020-05-29,Siskiyou,093,43540,11,7,0,7,0
2020-05-29,Solano,095,438530,618,498,1,499,6
2020-05-29,Sonoma,097,501317,620,537,1,538,4
2020-05-29,Stanislaus,099,539301,865,698,5,703,27
2020-05-29,Sutter,101,95872,47,40,0,40,2
2020-05-29,Tehama,103,63373,9,4,1,5,1
2020-05-29,Trinity,105,12862,7,1,2,3,0
2020-05-29,Tulare,107,460477,2561,1852,10,1862,80
2020-05-29,Tuolumne,109,53932,5,4,0,4,0
2020-05-29,Ventura,111,848112,1606,1093,10,1103,29
2020-05-29,Yolo,113,214977,234,211,0,211,24
2020-05-29,Yuba,115,75493,29,25,0,25,1
2020-05-28,Alameda,001,1643700,3714,3083,5,3088,94
2020-05-28,Alpine,003,1148,1,1,0,1,0
2020-05-28,Amador,005,37829,10,10,0,10,0
2020-05-28,Butte,007,227075,71,40,3,43,0
2020-05-28,Calaveras,009,45235,16,15,0,15,0
2020-05-28,Colusa,011,21464,8,5,0,5,0
2020-05-28,Contra Costa,013,1133247,1648,1392,1,1393,37
2020-05-28,Del Norte,015,27424,45,37,0,37,0
2020-05-28,El Dorado,017,186661,114,82,1,83,0
2020-05-28,Fresno,019,978130,3180,1653,44,1697,31
2020-05-28,Glenn,021,27897,18,14,0,14,0
2020-05-28,Humboldt,023,135768,110,97,0,97,2
2020-05-28,Imperial,025,180216,3403,1430,4,1434,14
2020-05-28,Inyo,027,18085,20,20,0,20,1
2020-05-28,Kern,029,883053,2718,2069,6,2075,36
2020-05-28,Kings,031,150075,901,626,3,629,3
2020-05-28,Lake,033,64148,29,17,0,17,0
2020-05-28,Lassen,035,31185,10,0,2,2,0
2020-05-28,Los Angeles,037,10098052,59439,49861,20,49881,2222
2020-05-28,Madera,039,155013,233,93,1,94,2
2020-05-28,Marin,041,260295,501,443,2,445,14
2020-05-28,Mariposa,043,17540,16,16,0,16,1
2020-05-28,Mendocino,045,87422,28,24,0,24,0
2020-05-28,Merced,047,269075,382,283,0,283,7
2020-05-28,Modoc,049,8938,0,0,0,0,0
2020-05-28,Mono,051,14174,38,34,0,34,1
2020-05-28,Monterey,053,433212,643,471,2,473,10
2020-05-28,Napa,055,140530,141,113,0,113,3
2020-05-28,Nevada,057,99092,45,41,1,42,1
2020-05-28,Orange,059,3164182,8724,6045,64,6109,130
2020-05-28,Placer,061,380077,257,196,1,197,9
2020-05-28,Plumas,063,18699,4,4,0,4,0
2020-05-28,Riverside,065,2383286,9124,7240,20,7260,304
2020-05-28,Sacramento,067,1510023,1479,1339,2,1341,57
2020-05-28,San Benito,069,59416,96,82,0,82,2
2020-05-28,San Bernardino,071,2135413,6067,4831,5,4836,191
2020-05-28,San Diego,073,3302833,8267,7102,0,7102,260
2020-05-28,San Francisco,075,870044,2632,2417,0,2417,40
2020-05-28,San Joaquin,077,732212,1080,840,3,843,34
2020-05-28,San Luis Obispo,079,281455,351,267,4,271,1
2020-05-28,San Mateo,081,765935,2344,2070,2,2072,71
2020-05-28,Santa Barbara,083,443738,1727,1642,12,1654,9
2020-05-28,Santa Clara,085,1922200,3402,2698,13,2711,140
2020-05-28,Santa Cruz,087,273765,228,201,0,201,2
2020-05-28,Shasta,089,179085,58,36,0,36,4
2020-05-28,Sierra,091,2930,1,1,0,1,0
2020-05-28,Siskiyou,093,43540,9,6,0,6,0
2020-05-28,Solano,095,438530,601,489,1,490,6
2020-05-28,Sonoma,097,501317,598,529,1,530,4
2020-05-28,Stanislaus,099,539301,824,684,5,689,27
2020-05-28,Sutter,101,95872,47,40,0,40,2
2020-05-28,Tehama,103,63373,9,4,1,5,1
2020-05-28,Trinity,105,12862,6,1,2,3,0
2020-05-28,Tulare,107,460477,2525,1832,10,1842,79
2020-05-28,Tuolumne,109,53932,5,4,0,4,0
2020-05-28,Ventura,111,848112,1573,1083,10,1093,29
2020-05-28,Yolo,113,214977,231,206,0,206,22
2020-05-28,Yuba,115,75493,28,24,0,24,1
2020-05-27,Alameda,001,1643700,3631,3037,5,3042,94
2020-05-27,Alpine,003,1148,1,1,0,1,0
2020-05-27,Amador,005,37829,10,10,0,10,0
2020-05-27,Butte,007,227075,68,40,2,42,0
2020-05-27,Calaveras,009,45235,15,15,0,15,0
2020-05-27,Colusa,011,21464,8,5,0,5,0
2020-05-27,Contra Costa,013,1133247,1608,1373,1,1374,37
2020-05-27,Del Norte,015,27424,45,34,0,34,0
2020-05-27,El Dorado,017,186661,113,82,1,83,0
2020-05-27,Fresno,019,978130,3092,1620,44,1664,27
2020-05-27,Glenn,021,27897,18,14,0,14,0
2020-05-27,Humboldt,023,135768,110,86,0,86,2
2020-05-27,Imperial,025,180216,3223,1369,4,1373,14
2020-05-27,Inyo,027,18085,20,20,0,20,1
2020-05-27,Kern,029,883053,2653,1999,6,2005,37
2020-05-27,Kings,031,150075,874,586,3,589,3
2020-05-27,Lake,033,64148,29,13,0,13,0
2020-05-27,Lassen,035,31185,10,0,2,2,0
2020-05-27,Los Angeles,037,10098052,58064,48711,20,48731,2177
2020-05-27,Madera,039,155013,224,91,1,92,2
2020-05-27,Marin,041,260295,472,439,2,441,14
2020-05-27,Mariposa,043,17540,16,16,0,16,1
2020-05-27,Mendocino,045,87422,27,21,0,21,0
2020-05-27,Merced,047,269075,378,278,0,278,7
2020-05-27,Modoc,049,8938,0,0,0,0,0
2020-05-27,Mono,051,14174,38,34,0,34,1
2020-05-27,Monterey,053,433212,603,443,2,445,8
2020-05-27,Napa,055,140530,136,112,0,112,3
2020-05-27,Nevada,057,99092,44,41,1,42,1
2020-05-27,Orange,059,3164182,8569,5849,64,5913,121
2020-05-27,Placer,061,380077,238,196,0,196,9
2020-05-27,Plumas,063,18699,4,4,0,4,0
2020-05-27,Riverside,065,2383286,8745,7156,20,7176,299
2020-05-27,Sacramento,067,1510023,1451,1318,2,1320,50
2020-05-27,San Benito,069,59416,93,74,0,74,2
2020-05-27,San Bernardino,071,2135413,5883,4708,5,4713,183
2020-05-27,San Diego,073,3302833,8116,6985,0,6985,255
2020-05-27,San Francisco,075,870044,2603,2394,0,2394,40
2020-05-27,San Joaquin,077,732212,1039,825,3,828,34
2020-05-27,San Luis Obispo,079,281455,346,266,4,270,1
2020-05-27,San Mateo,081,765935,2304,2045,2,2047,71
2020-05-27,Santa Barbara,083,443738,1712,1629,12,1641,9
2020-05-27,Santa Clara,085,1922200,3369,2680,13,2693,140
2020-05-27,Santa Cruz,087,273765,224,202,0,202,2
2020-05-27,Shasta,089,179085,55,36,0,36,4
2020-05-27,Sierra,091,2930,1,1,0,1,0
2020-05-27,Siskiyou,093,43540,9,6,0,6,0
2020-05-27,Solano,095,438530,581,477,1,478,5
2020-05-27,Sonoma,097,501317,584,521,1,522,4
2020-05-27,Stanislaus,099,539301,799,675,5,680,27
2020-05-27,Sutter,101,95872,46,40,0,40,2
2020-05-27,Tehama,103,63373,9,3,1,4,1
2020-05-27,Trinity,105,12862,6,1,2,3,0
2020-05-27,Tulare,107,460477,2473,1817,10,1827,77
2020-05-27,Tuolumne,109,53932,5,4,0,4,0
2020-05-27,Ventura,111,848112,1548,1065,10,1075,28
2020-05-27,Yolo,113,214977,230,204,0,204,22
2020-05-27,Yuba,115,75493,28,24,0,24,1
2020-05-26,Alameda,001,1643700,3536,2956,5,2961,92
2020-05-26,Alpine,003,1148,1,1,0,1,0
2020-05-26,Amador,005,37829,10,10,0,10,0
2020-05-26,Butte,007,227075,66,37,1,38,0
2020-05-26,Calaveras,009,45235,15,13,0,13,0
2020-05-26,Colusa,011,21464,8,4,0,4,0
2020-05-26,Contra Costa,013,1133247,1572,1352,1,1353,37
2020-05-26,Del Norte,015,27424,44,30,0,30,0
2020-05-26,El Dorado,017,186661,109,79,1,80,0
2020-05-26,Fresno,019,978130,3005,1496,44,1540,22
2020-05-26,Glenn,021,27897,16,12,0,12,0
2020-05-26,Humboldt,023,135768,108,81,0,81,2
2020-05-26,Imperial,025,180216,3008,1369,4,1373,14
2020-05-26,Inyo,027,18085,20,20,0,20,1
2020-05-26,Kern,029,883053,2575,1890,6,1896,31
2020-05-26,Kings,031,150075,806,449,2,451,2
2020-05-26,Lake,033,64148,27,12,0,12,0
2020-05-26,Lassen,035,31185,9,0,2,2,0
2020-05-26,Los Angeles,037,10098052,56597,47760,20,47780,2121
2020-05-26,Madera,039,155013,209,83,1,84,2
2020-05-26,Marin,041,260295,460,424,2,426,14
2020-05-26,Mariposa,043,17540,16,16,0,16,1
2020-05-26,Mendocino,045,87422,25,20,0,20,0
2020-05-26,Merced,047,269075,363,266,0,266,7
2020-05-26,Modoc,049,8938,0,1,0,1,0
2020-05-26,Mono,051,14174,37,34,0,34,1
2020-05-26,Monterey,053,433212,575,424,1,425,8
2020-05-26,Napa,055,140530,131,109,0,109,3
2020-05-26,Nevada,057,99092,43,41,1,42,1
2020-05-26,Orange,059,3164182,8299,5651,63,5714,115
2020-05-26,Placer,061,380077,233,188,0,188,9
2020-05-26,Plumas,063,18699,4,4,0,4,0
2020-05-26,Riverside,065,2383286,8298,6917,20,6937,284
2020-05-26,Sacramento,067,1510023,1425,1298,2,1300,50
2020-05-26,San Benito,069,59416,88,69,0,69,2
2020-05-26,San Bernardino,071,2135413,5715,4430,5,4435,175
2020-05-26,San Diego,073,3302833,7973,6884,0,6884,249
2020-05-26,San Francisco,075,870044,2570,2363,0,2363,40
2020-05-26,San Joaquin,077,732212,992,760,3,763,33
2020-05-26,San Luis Obispo,079,281455,344,260,4,264,1
2020-05-26,San Mateo,081,765935,2266,1967,2,1969,71
2020-05-26,Santa Barbara,083,443738,1695,1590,11,1601,9
2020-05-26,Santa Clara,085,1922200,3337,2659,13,2672,139
2020-05-26,Santa Cruz,087,273765,222,197,0,197,2
2020-05-26,Shasta,089,179085,55,36,0,36,4
2020-05-26,Sierra,091,2930,1,1,0,1,0
2020-05-26,Siskiyou,093,43540,8,6,0,6,0
2020-05-26,Solano,095,438530,563,470,1,471,5
2020-05-26,Sonoma,097,501317,576,509,0,509,4
2020-05-26,Stanislaus,099,539301,779,663,5,668,27
2020-05-26,Sutter,101,95872,45,39,0,39,2
2020-05-26,Tehama,103,63373,8,2,1,3,1
2020-05-26,Trinity,105,12862,6,1,2,3,0
2020-05-26,Tulare,107,460477,2417,1768,10,1778,76
2020-05-26,Tuolumne,109,53932,5,2,0,2,0
2020-05-26,Ventura,111,848112,1511,1033,8,1041,27
2020-05-26,Yolo,113,214977,224,198,0,198,22
2020-05-26,Yuba,115,75493,27,24,0,24,1
2020-05-25,Alameda,001,1643700,3442,2900,5,2905,92
2020-05-25,Alpine,003,1148,1,1,0,1,0
2020-05-25,Amador,005,37829,10,10,0,10,0
2020-05-25,Butte,007,227075,63,37,1,38,0
2020-05-25,Calaveras,009,45235,15,13,0,13,0
2020-05-25,Colusa,011,21464,7,4,0,4,0
2020-05-25,Contra Costa,013,1133247,1540,1348,1,1349,37
2020-05-25,Del Norte,015,27424,44,20,0,20,0
2020-05-25,El Dorado,017,186661,101,78,1,79,0
2020-05-25,Fresno,019,978130,2901,1496,42,1538,22
2020-05-25,Glenn,021,27897,16,12,0,12,0
2020-05-25,Humboldt,023,135768,107,81,0,81,2
2020-05-25,Imperial,025,180216,2799,1369,4,1373,14
2020-05-25,Inyo,027,18085,19,20,0,20,1
2020-05-25,Kern,029,883053,2504,1890,6,1896,31
2020-05-25,Kings,031,150075,776,447,2,449,2
2020-05-25,Lake,033,64148,25,13,0,13,0
2020-05-25,Lassen,035,31185,9,0,2,2,0
2020-05-25,Los Angeles,037,10098052,54786,45952,19,45971,2094
2020-05-25,Madera,039,155013,196,83,1,84,2
2020-05-25,Marin,041,260295,442,415,2,417,14
2020-05-25,Mariposa,043,17540,16,15,0,15,1
2020-05-25,Mendocino,045,87422,22,19,0,19,0
2020-05-25,Merced,047,269075,356,262,0,262,6
2020-05-25,Modoc,049,8938,0,1,0,1,0
2020-05-25,Mono,051,14174,37,34,0,34,1
2020-05-25,Monterey,053,433212,545,418,1,419,8
2020-05-25,Napa,055,140530,131,107,0,107,3
2020-05-25,Nevada,057,99092,43,41,1,42,1
2020-05-25,Orange,059,3164182,8077,5601,62,5663,115
2020-05-25,Placer,061,380077,229,186,0,186,9
2020-05-25,Plumas,063,18699,4,4,0,4,0
2020-05-25,Riverside,065,2383286,8067,6900,20,6920,284
2020-05-25,Sacramento,067,1510023,1405,1290,1,1291,50
2020-05-25,San Benito,069,59416,87,70,0,70,2
2020-05-25,San Bernardino,071,2135413,5525,4393,4,4397,175
2020-05-25,San Diego,073,3302833,7797,6799,0,6799,249
2020-05-25,San Francisco,075,870044,2533,2358,0,2358,40
2020-05-25,San Joaquin,077,732212,966,760,3,763,33
2020-05-25,San Luis Obispo,079,281455,341,260,4,264,1
2020-05-25,San Mateo,081,765935,2229,1938,2,1940,71
2020-05-25,Santa Barbara,083,443738,1685,1590,11,1601,9
2020-05-25,Santa Clara,085,1922200,3304,2647,13,2660,139
2020-05-25,Santa Cruz,087,273765,220,191,0,191,2
2020-05-25,Shasta,089,179085,54,36,0,36,4
2020-05-25,Sierra,091,2930,1,1,0,1,0
2020-05-25,Siskiyou,093,43540,8,6,0,6,0
2020-05-25,Solano,095,438530,549,437,1,438,5
2020-05-25,Sonoma,097,501317,564,496,0,496,4
2020-05-25,Stanislaus,099,539301,749,651,5,656,27
2020-05-25,Sutter,101,95872,45,38,0,38,2
2020-05-25,Tehama,103,63373,7,2,1,3,1
2020-05-25,Trinity,105,12862,6,1,2,3,0
2020-05-25,Tulare,107,460477,2353,1747,10,1757,76
2020-05-25,Tuolumne,109,53932,5,2,0,2,0
2020-05-25,Ventura,111,848112,1470,1020,8,1028,27
2020-05-25,Yolo,113,214977,222,197,0,197,22
2020-05-25,Yuba,115,75493,26,24,0,24,1
2020-05-24,Alameda,001,1643700,3369,2830,5,2835,92
2020-05-24,Alpine,003,1148,1,1,0,1,0
2020-05-24,Amador,005,37829,10,9,0,9,0
2020-05-24,Butte,007,227075,61,35,1,36,0
2020-05-24,Calaveras,009,45235,15,13,0,13,0
2020-05-24,Colusa,011,21464,7,4,0,4,0
2020-05-24,Contra Costa,013,1133247,1512,1325,1,1326,37
2020-05-24,Del Norte,015,27424,43,16,0,16,0
2020-05-24,El Dorado,017,186661,100,76,1,77,0
2020-05-24,Fresno,019,978130,2834,1455,41,1496,22
2020-05-24,Glenn,021,27897,15,12,0,12,0
2020-05-24,Humboldt,023,135768,107,81,0,81,2
2020-05-24,Imperial,025,180216,2673,1369,4,1373,14
2020-05-24,Inyo,027,18085,19,20,0,20,1
2020-05-24,Kern,029,883053,2431,1861,5,1866,31
2020-05-24,Kings,031,150075,765,446,2,448,2
2020-05-24,Lake,033,64148,24,12,0,12,0
2020-05-24,Lassen,035,31185,8,0,2,2,0
2020-05-24,Los Angeles,037,10098052,53771,44954,19,44973,2085
2020-05-24,Madera,039,155013,190,83,1,84,2
2020-05-24,Marin,041,260295,440,401,2,403,14
2020-05-24,Mariposa,043,17540,16,15,0,15,1
2020-05-24,Mendocino,045,87422,21,19,0,19,0
2020-05-24,Merced,047,269075,355,258,0,258,6
2020-05-24,Modoc,049,8938,0,0,0,0,0
2020-05-24,Mono,051,14174,37,34,0,34,1
2020-05-24,Monterey,053,433212,517,405,1,406,8
2020-05-24,Napa,055,140530,129,104,0,104,3
2020-05-24,Nevada,057,99092,43,41,1,42,1
2020-05-24,Orange,059,3164182,7923,5439,61,5500,113
2020-05-24,Placer,061,380077,221,184,0,184,9
2020-05-24,Plumas,063,18699,4,4,0,4,0
2020-05-24,Riverside,065,2383286,7926,6571,20,6591,284
2020-05-24,Sacramento,067,1510023,1389,1283,1,1284,50
2020-05-24,San Benito,069,59416,86,67,0,67,2
2020-05-24,San Bernardino,071,2135413,5417,4262,4,4266,175
2020-05-24,San Diego,073,3302833,7654,6703,0,6703,249
2020-05-24,San Francisco,075,870044,2510,2318,0,2318,40
2020-05-24,San Joaquin,077,732212,947,760,3,763,33
2020-05-24,San Luis Obispo,079,281455,339,257,4,261,1
2020-05-24,San Mateo,081,765935,2194,1925,2,1927,71
2020-05-24,Santa Barbara,083,443738,1673,1573,11,1584,9
2020-05-24,Santa Clara,085,1922200,3284,2623,13,2636,139
2020-05-24,Santa Cruz,087,273765,217,185,0,185,2
2020-05-24,Shasta,089,179085,53,36,0,36,4
2020-05-24,Sierra,091,2930,1,1,0,1,0
2020-05-24,Siskiyou,093,43540,7,6,0,6,0
2020-05-24,Solano,095,438530,541,436,0,436,5
2020-05-24,Sonoma,097,501317,553,485,0,485,4
2020-05-24,Stanislaus,099,539301,729,634,5,639,27
2020-05-24,Sutter,101,95872,45,38,0,38,2
2020-05-24,Tehama,103,63373,5,2,1,3,1
2020-05-24,Trinity,105,12862,6,1,2,3,0
2020-05-24,Tulare,107,460477,2307,1684,10,1694,74
2020-05-24,Tuolumne,109,53932,5,2,0,2,0
2020-05-24,Ventura,111,848112,1458,982,8,990,27
2020-05-24,Yolo,113,214977,220,192,0,192,22
2020-05-24,Yuba,115,75493,26,24,0,24,1
2020-05-23,Alameda,001,1643700,3328,2783,5,2788,91
2020-05-23,Alpine,003,1148,1,1,0,1,0
2020-05-23,Amador,005,37829,10,9,0,9,0
2020-05-23,Butte,007,227075,60,34,1,35,0
2020-05-23,Calaveras,009,45235,15,13,0,13,0
2020-05-23,Colusa,011,21464,7,4,0,4,0
2020-05-23,Contra Costa,013,1133247,1501,1302,1,1303,36
2020-05-23,Del Norte,015,27424,43,10,0,10,0
2020-05-23,El Dorado,017,186661,100,74,1,75,0
2020-05-23,Fresno,019,978130,2814,1447,41,1488,21
2020-05-23,Glenn,021,27897,15,12,0,12,0
2020-05-23,Humboldt,023,135768,105,80,0,80,2
2020-05-23,Imperial,025,180216,2585,1283,4,1287,14
2020-05-23,Inyo,027,18085,19,20,0,20,1
2020-05-23,Kern,029,883053,2388,1806,5,1811,31
2020-05-23,Kings,031,150075,761,444,2,446,2
2020-05-23,Lake,033,64148,23,10,0,10,0
2020-05-23,Lassen,035,31185,8,0,2,2,0
2020-05-23,Los Angeles,037,10098052,53229,44029,19,44048,2069
2020-05-23,Madera,039,155013,186,83,1,84,2
2020-05-23,Marin,041,260295,440,393,1,394,14
2020-05-23,Mariposa,043,17540,16,15,0,15,1
2020-05-23,Mendocino,045,87422,21,13,0,13,0
2020-05-23,Merced,047,269075,352,247,0,247,6
2020-05-23,Modoc,049,8938,0,0,0,0,0
2020-05-23,Mono,051,14174,36,34,0,34,1
2020-05-23,Monterey,053,433212,503,397,1,398,8
2020-05-23,Napa,055,140530,125,101,0,101,3
2020-05-23,Nevada,057,99092,43,41,1,42,1
2020-05-23,Orange,059,3164182,7764,5313,60,5373,113
2020-05-23,Placer,061,380077,215,184,0,184,9
2020-05-23,Plumas,063,18699,4,4,0,4,0
2020-05-23,Riverside,065,2383286,7835,6460,20,6480,284
2020-05-23,Sacramento,067,1510023,1373,1275,1,1276,50
2020-05-23,San Benito,069,59416,81,67,0,67,2
2020-05-23,San Bernardino,071,2135413,5323,4172,4,4176,175
2020-05-23,San Diego,073,3302833,7563,6561,0,6561,249
2020-05-23,San Francisco,075,870044,2491,2312,0,2312,40
2020-05-23,San Joaquin,077,732212,932,759,3,762,33
2020-05-23,San Luis Obispo,079,281455,335,256,4,260,1
2020-05-23,San Mateo,081,765935,2166,1862,2,1864,71
2020-05-23,Santa Barbara,083,443738,1665,1566,11,1577,9
2020-05-23,Santa Clara,085,1922200,3270,2593,12,2605,139
2020-05-23,Santa Cruz,087,273765,215,177,0,177,2
2020-05-23,Shasta,089,179085,53,35,0,35,4
2020-05-23,Sierra,091,2930,1,1,0,1,0
2020-05-23,Siskiyou,093,43540,7,6,0,6,0
2020-05-23,Solano,095,438530,536,435,0,435,5
2020-05-23,Sonoma,097,501317,539,462,0,462,4
2020-05-23,Stanislaus,099,539301,721,625,5,630,27
2020-05-23,Sutter,101,95872,44,38,0,38,2
2020-05-23,Tehama,103,63373,5,2,1,3,1
2020-05-23,Trinity,105,12862,6,1,2,3,0
2020-05-23,Tulare,107,460477,2286,1682,10,1692,73
2020-05-23,Tuolumne,109,53932,5,2,0,2,0
2020-05-23,Ventura,111,848112,1438,961,8,969,27
2020-05-23,Yolo,113,214977,219,188,0,188,22
2020-05-23,Yuba,115,75493,26,24,0,24,1
2020-05-22,Alameda,001,1643700,3274,2722,5,2727,91
2020-05-22,Alpine,003,1148,1,1,0,1,0
2020-05-22,Amador,005,37829,10,9,0,9,0
2020-05-22,Butte,007,227075,58,34,1,35,0
2020-05-22,Calaveras,009,45235,15,13,0,13,0
2020-05-22,Colusa,011,21464,7,4,0,4,0
2020-05-22,Contra Costa,013,1133247,1489,1272,1,1273,36
2020-05-22,Del Norte,015,27424,41,9,0,9,0
2020-05-22,El Dorado,017,186661,97,74,1,75,0
2020-05-22,Fresno,019,978130,2755,1399,40,1439,20
2020-05-22,Glenn,021,27897,15,12,0,12,0
2020-05-22,Humboldt,023,135768,105,80,0,80,2
2020-05-22,Imperial,025,180216,2484,1214,4,1218,14
2020-05-22,Inyo,027,18085,19,20,0,20,1
2020-05-22,Kern,029,883053,2339,1749,5,1754,28
2020-05-22,Kings,031,150075,758,428,2,430,2
2020-05-22,Lake,033,64148,22,10,0,10,0
2020-05-22,Lassen,035,31185,6,0,2,2,0
2020-05-22,Los Angeles,037,10098052,52434,43025,19,43044,2027
2020-05-22,Madera,039,155013,182,82,1,83,2
2020-05-22,Marin,041,260295,436,372,1,373,14
2020-05-22,Mariposa,043,17540,16,15,0,15,1
2020-05-22,Mendocino,045,87422,20,13,0,13,0
2020-05-22,Merced,047,269075,352,233,0,233,6
2020-05-22,Modoc,049,8938,0,0,0,0,0
2020-05-22,Mono,051,14174,36,34,0,34,1
2020-05-22,Monterey,053,433212,492,372,1,373,8
2020-05-22,Napa,055,140530,123,97,0,97,3
2020-05-22,Nevada,057,99092,42,41,1,42,1
2020-05-22,Orange,059,3164182,7567,5144,58,5202,113
2020-05-22,Placer,061,380077,215,181,0,181,9
2020-05-22,Plumas,063,18699,4,4,0,4,0
2020-05-22,Riverside,065,2383286,7720,6351,20,6371,283
2020-05-22,Sacramento,067,1510023,1357,1262,1,1263,50
2020-05-22,San Benito,069,59416,80,64,0,64,2
2020-05-22,San Bernardino,071,2135413,5248,4107,4,4111,173
2020-05-22,San Diego,073,3302833,7477,6436,0,6436,242
2020-05-22,San Francisco,075,870044,2473,2251,0,2251,40
2020-05-22,San Joaquin,077,732212,919,747,3,750,33
2020-05-22,San Luis Obispo,079,281455,334,254,4,258,1
2020-05-22,San Mateo,081,765935,2147,1847,2,1849,71
2020-05-22,Santa Barbara,083,443738,1655,1554,11,1565,9
2020-05-22,Santa Clara,085,1922200,3250,2537,12,2549,139
2020-05-22,Santa Cruz,087,273765,212,171,0,171,2
2020-05-22,Shasta,089,179085,53,34,0,34,4
2020-05-22,Sierra,091,2930,1,0,0,0,0
2020-05-22,Siskiyou,093,43540,7,6,0,6,0
2020-05-22,Solano,095,438530,533,431,0,431,4
2020-05-22,Sonoma,097,501317,535,444,0,444,4
2020-05-22,Stanislaus,099,539301,711,616,5,621,27
2020-05-22,Sutter,101,95872,44,38,0,38,2
2020-05-22,Tehama,103,63373,5,2,0,2,1
2020-05-22,Trinity,105,12862,6,1,2,3,0
2020-05-22,Tulare,107,460477,2256,1662,10,1672,73
2020-05-22,Tuolumne,109,53932,5,2,0,2,0
2020-05-22,Ventura,111,848112,1420,937,8,945,27
2020-05-22,Yolo,113,214977,217,187,0,187,22
2020-05-22,Yuba,115,75493,26,24,0,24,1
2020-05-21,Alameda,001,1643700,3208,2606,5,2611,89
2020-05-21,Alpine,003,1148,1,1,0,1,0
2020-05-21,Amador,005,37829,10,9,0,9,0
2020-05-21,Butte,007,227075,57,31,1,32,0
2020-05-21,Calaveras,009,45235,15,13,0,13,0
2020-05-21,Colusa,011,21464,7,4,0,4,0
2020-05-21,Contra Costa,013,1133247,1453,1243,1,1244,36
2020-05-21,Del Norte,015,27424,38,9,0,9,0
2020-05-21,El Dorado,017,186661,95,67,1,68,0
2020-05-21,Fresno,019,978130,2664,1362,39,1401,20
2020-05-21,Glenn,021,27897,14,12,0,12,0
2020-05-21,Humboldt,023,135768,104,79,0,79,0
2020-05-21,Imperial,025,180216,2323,1096,4,1100,14
2020-05-21,Inyo,027,18085,19,20,0,20,1
2020-05-21,Kern,029,883053,2263,1684,4,1688,27
2020-05-21,Kings,031,150075,737,417,2,419,2
2020-05-21,Lake,033,64148,17,10,0,10,0
2020-05-21,Lassen,035,31185,6,0,2,2,0
2020-05-21,Los Angeles,037,10098052,51397,42063,19,42082,1996
2020-05-21,Madera,039,155013,179,82,1,83,2
2020-05-21,Marin,041,260295,425,359,1,360,14
2020-05-21,Mariposa,043,17540,16,15,0,15,1
2020-05-21,Mendocino,045,87422,20,12,0,12,0
2020-05-21,Merced,047,269075,341,226,0,226,6
2020-05-21,Modoc,049,8938,0,0,0,0,0
2020-05-21,Mono,051,14174,36,33,0,33,1
2020-05-21,Monterey,053,433212,481,363,1,364,8
2020-05-21,Napa,055,140530,121,96,0,96,3
2020-05-21,Nevada,057,99092,42,41,1,42,1
2020-05-21,Orange,059,3164182,7364,4975,58,5033,106
2020-05-21,Placer,061,380077,208,176,0,176,8
2020-05-21,Plumas,063,18699,4,4,0,4,0
2020-05-21,Riverside,065,2383286,7534,6245,20,6265,279
2020-05-21,Sacramento,067,1510023,1344,1258,1,1259,56
2020-05-21,San Benito,069,59416,77,61,0,61,2
2020-05-21,San Bernardino,071,2135413,5101,3950,4,3954,167
2020-05-21,San Diego,073,3302833,7341,6317,0,6317,241
2020-05-21,San Francisco,075,870044,2449,2248,0,2248,37
2020-05-21,San Joaquin,077,732212,883,730,3,733,33
2020-05-21,San Luis Obispo,079,281455,334,251,3,254,1
2020-05-21,San Mateo,081,765935,2111,1791,2,1793,74
2020-05-21,Santa Barbara,083,443738,1640,1541,11,1552,10
2020-05-21,Santa Clara,085,1922200,3227,2520,12,2532,138
2020-05-21,Santa Cruz,087,273765,204,164,0,164,3
2020-05-21,Shasta,089,179085,51,34,0,34,4
2020-05-21,Sierra,091,2930,1,0,0,0,0
2020-05-21,Siskiyou,093,43540,7,6,0,6,0
2020-05-21,Solano,095,438530,524,424,0,424,4
2020-05-21,Sonoma,097,501317,517,427,0,427,4
2020-05-21,Stanislaus,099,539301,700,602,5,607,27
2020-05-21,Sutter,101,95872,43,38,0,38,2
2020-05-21,Tehama,103,63373,4,2,0,2,1
2020-05-21,Trinity,105,12862,5,1,2,3,0
2020-05-21,Tulare,107,460477,2206,1606,8,1614,73
2020-05-21,Tuolumne,109,53932,3,2,0,2,0
2020-05-21,Ventura,111,848112,1371,907,8,915,30
2020-05-21,Yolo,113,214977,214,185,0,185,22
2020-05-21,Yuba,115,75493,26,24,0,24,1
2020-05-20,Alameda,001,1643700,3135,2554,5,2559,89
2020-05-20,Alpine,003,1148,1,1,0,1,0
2020-05-20,Amador,005,37829,10,9,0,9,0
2020-05-20,Butte,007,227075,54,30,1,31,0
2020-05-20,Calaveras,009,45235,15,13,0,13,0
2020-05-20,Colusa,011,21464,7,3,0,3,0
2020-05-20,Contra Costa,013,1133247,1423,1223,1,1224,33
2020-05-20,Del Norte,015,27424,31,9,0,9,0
2020-05-20,El Dorado,017,186661,94,67,1,68,0
2020-05-20,Fresno,019,978130,2591,1329,38,1367,17
2020-05-20,Glenn,021,27897,13,12,0,12,0
2020-05-20,Humboldt,023,135768,101,73,0,73,0
2020-05-20,Imperial,025,180216,2210,1047,4,1051,14
2020-05-20,Inyo,027,18085,19,20,0,20,1
2020-05-20,Kern,029,883053,2200,1639,3,1642,27
2020-05-20,Kings,031,150075,593,403,2,405,2
2020-05-20,Lake,033,64148,17,9,0,9,0
2020-05-20,Lassen,035,31185,5,0,2,2,0
2020-05-20,Los Angeles,037,10098052,50402,40932,19,40951,1955
2020-05-20,Madera,039,155013,177,82,1,83,2
2020-05-20,Marin,041,260295,398,348,1,349,14
2020-05-20,Mariposa,043,17540,16,15,0,15,1
2020-05-20,Mendocino,045,87422,20,12,0,12,0
2020-05-20,Merced,047,269075,334,225,0,225,6
2020-05-20,Modoc,049,8938,0,0,0,0,0
2020-05-20,Mono,051,14174,36,33,0,33,1
2020-05-20,Monterey,053,433212,467,356,1,357,8
2020-05-20,Napa,055,140530,114,93,0,93,3
2020-05-20,Nevada,057,99092,42,41,1,42,1
2020-05-20,Orange,059,3164182,7156,4866,56,4922,96
2020-05-20,Placer,061,380077,206,176,0,176,8
2020-05-20,Plumas,063,18699,4,4,0,4,0
2020-05-20,Riverside,065,2383286,7391,6090,20,6110,265
2020-05-20,Sacramento,067,1510023,1334,1244,1,1245,56
2020-05-20,San Benito,069,59416,76,61,0,61,2
2020-05-20,San Bernardino,071,2135413,4973,3771,4,3775,161
2020-05-20,San Diego,073,3302833,7224,6142,0,6142,230
2020-05-20,San Francisco,075,870044,2426,2199,0,2199,37
2020-05-20,San Joaquin,077,732212,847,713,3,716,33
2020-05-20,San Luis Obispo,079,281455,327,249,3,252,1
2020-05-20,San Mateo,081,765935,2058,1739,2,1741,74
2020-05-20,Santa Barbara,083,443738,1621,1524,11,1535,10
2020-05-20,Santa Clara,085,1922200,3206,2508,11,2519,138
2020-05-20,Santa Cruz,087,273765,201,163,0,163,3
2020-05-20,Shasta,089,179085,51,34,0,34,4
2020-05-20,Sierra,091,2930,1,0,0,0,0
2020-05-20,Siskiyou,093,43540,7,6,0,6,0
2020-05-20,Solano,095,438530,519,418,0,418,4
2020-05-20,Sonoma,097,501317,508,411,0,411,4
2020-05-20,Stanislaus,099,539301,684,584,4,588,25
2020-05-20,Sutter,101,95872,43,38,0,38,2
2020-05-20,Tehama,103,63373,4,2,0,2,1
2020-05-20,Trinity,105,12862,4,1,1,2,0
2020-05-20,Tulare,107,460477,2165,1585,8,1593,71
2020-05-20,Tuolumne,109,53932,3,2,0,2,0
2020-05-20,Ventura,111,848112,1335,879,8,887,29
2020-05-20,Yolo,113,214977,211,184,0,184,22
2020-05-20,Yuba,115,75493,26,23,0,23,1
2020-05-19,Alameda,001,1643700,3058,2493,3,2496,88
2020-05-19,Alpine,003,1148,1,1,0,1,0
2020-05-19,Amador,005,37829,10,9,0,9,0
2020-05-19,Butte,007,227075,52,25,1,26,0
2020-05-19,Calaveras,009,45235,15,13,0,13,0
2020-05-19,Colusa,011,21464,5,3,0,3,0
2020-05-19,Contra Costa,013,1133247,1399,1205,1,1206,33
2020-05-19,Del Norte,015,27424,28,8,0,8,0
2020-05-19,El Dorado,017,186661,91,67,0,67,0
2020-05-19,Fresno,019,978130,2477,1288,37,1325,15
2020-05-19,Glenn,021,27897,13,12,0,12,0
2020-05-19,Humboldt,023,135768,101,72,0,72,0
2020-05-19,Imperial,025,180216,2049,1012,4,1016,14
2020-05-19,Inyo,027,18085,19,20,0,20,1
2020-05-19,Kern,029,883053,2102,1601,3,1604,26
2020-05-19,Kings,031,150075,582,393,2,395,2
2020-05-19,Lake,033,64148,14,11,0,11,0
2020-05-19,Lassen,035,31185,5,0,2,2,0
2020-05-19,Los Angeles,037,10098052,49199,39670,19,39689,1906
2020-05-19,Madera,039,155013,173,80,1,81,2
2020-05-19,Marin,041,260295,374,340,1,341,14
2020-05-19,Mariposa,043,17540,16,15,0,15,1
2020-05-19,Mendocino,045,87422,20,12,0,12,0
2020-05-19,Merced,047,269075,326,222,0,222,5
2020-05-19,Modoc,049,8938,0,0,0,0,0
2020-05-19,Mono,051,14174,36,33,0,33,1
2020-05-19,Monterey,053,433212,455,350,1,351,8
2020-05-19,Napa,055,140530,113,93,0,93,3
2020-05-19,Nevada,057,99092,42,41,1,42,1
2020-05-19,Orange,059,3164182,6962,4746,54,4800,90
2020-05-19,Placer,061,380077,204,177,0,177,8
2020-05-19,Plumas,063,18699,4,5,0,5,0
2020-05-19,Riverside,065,2383286,7231,5963,19,5982,265
2020-05-19,Sacramento,067,1510023,1320,1239,1,1240,57
2020-05-19,San Benito,069,59416,74,59,0,59,2
2020-05-19,San Bernardino,071,2135413,4823,3656,4,3660,158
2020-05-19,San Diego,073,3302833,7080,6028,0,6028,222
2020-05-19,San Francisco,075,870044,2392,2186,0,2186,37
2020-05-19,San Joaquin,077,732212,825,705,3,708,33
2020-05-19,San Luis Obispo,079,281455,327,245,3,248,1
2020-05-19,San Mateo,081,765935,2017,1704,2,1706,71
2020-05-19,Santa Barbara,083,443738,1607,1521,11,1532,10
2020-05-19,Santa Clara,085,1922200,3156,2480,11,2491,138
2020-05-19,Santa Cruz,087,273765,190,161,0,161,3
2020-05-19,Shasta,089,179085,51,34,0,34,4
2020-05-19,Sierra,091,2930,0,0,0,0,0
2020-05-19,Siskiyou,093,43540,7,6,0,6,0
2020-05-19,Solano,095,438530,505,415,0,415,4
2020-05-19,Sonoma,097,501317,497,389,0,389,4
2020-05-19,Stanislaus,099,539301,670,582,4,586,25
2020-05-19,Sutter,101,95872,43,38,0,38,2
2020-05-19,Tehama,103,63373,4,2,0,2,1
2020-05-19,Trinity,105,12862,3,1,0,1,0
2020-05-19,Tulare,107,460477,2117,1551,8,1559,68
2020-05-19,Tuolumne,109,53932,3,2,0,2,0
2020-05-19,Ventura,111,848112,1294,861,7,868,28
2020-05-19,Yolo,113,214977,209,183,0,183,22
2020-05-19,Yuba,115,75493,26,23,0,23,1
2020-05-18,Alameda,001,1643700,2985,2442,3,2445,84
2020-05-18,Alpine,003,1148,1,1,0,1,0
2020-05-18,Amador,005,37829,10,8,0,8,0
2020-05-18,Butte,007,227075,50,24,1,25,0
2020-05-18,Calaveras,009,45235,15,13,0,13,0
2020-05-18,Colusa,011,21464,5,3,0,3,0
2020-05-18,Contra Costa,013,1133247,1368,1173,1,1174,33
2020-05-18,Del Norte,015,27424,23,8,0,8,0
2020-05-18,El Dorado,017,186661,89,67,0,67,0
2020-05-18,Fresno,019,978130,2399,1244,36,1280,14
2020-05-18,Glenn,021,27897,13,11,0,11,0
2020-05-18,Humboldt,023,135768,101,70,0,70,0
2020-05-18,Imperial,025,180216,1895,767,4,771,14
2020-05-18,Inyo,027,18085,19,20,0,20,1
2020-05-18,Kern,029,883053,2053,1566,3,1569,26
2020-05-18,Kings,031,150075,551,381,2,383,2
2020-05-18,Lake,033,64148,13,9,0,9,0
2020-05-18,Lassen,035,31185,5,0,2,2,0
2020-05-18,Los Angeles,037,10098052,48172,38477,19,38496,1825
2020-05-18,Madera,039,155013,167,74,1,75,2
2020-05-18,Marin,041,260295,361,329,1,330,14
2020-05-18,Mariposa,043,17540,16,15,0,15,1
2020-05-18,Mendocino,045,87422,15,12,0,12,0
2020-05-18,Merced,047,269075,317,217,0,217,5
2020-05-18,Modoc,049,8938,0,0,0,0,0
2020-05-18,Mono,051,14174,36,33,0,33,1
2020-05-18,Monterey,053,433212,444,345,1,346,8
2020-05-18,Napa,055,140530,109,92,0,92,3
2020-05-18,Nevada,057,99092,42,41,1,42,1
2020-05-18,Orange,059,3164182,6773,4558,52,4610,88
2020-05-18,Placer,061,380077,202,176,0,176,8
2020-05-18,Plumas,063,18699,4,5,0,5,0
2020-05-18,Riverside,065,2383286,7031,5873,18,5891,253
2020-05-18,Sacramento,067,1510023,1314,1233,0,1233,57
2020-05-18,San Benito,069,59416,72,59,0,59,2
2020-05-18,San Bernardino,071,2135413,4676,3558,4,3562,156
2020-05-18,San Diego,073,3302833,6947,5948,0,5948,211
2020-05-18,San Francisco,075,870044,2369,2183,0,2183,36
2020-05-18,San Joaquin,077,732212,813,697,3,700,33
2020-05-18,San Luis Obispo,079,281455,323,243,3,246,1
2020-05-18,San Mateo,081,765935,1979,1701,2,1703,68
2020-05-18,Santa Barbara,083,443738,1596,1501,11,1512,10
2020-05-18,Santa Clara,085,1922200,3123,2468,11,2479,137
2020-05-18,Santa Cruz,087,273765,188,160,0,160,3
2020-05-18,Shasta,089,179085,50,34,0,34,4
2020-05-18,Sierra,091,2930,0,0,0,0,0
2020-05-18,Siskiyou,093,43540,7,6,0,6,0
2020-05-18,Solano,095,438530,495,398,0,398,4
2020-05-18,Sonoma,097,501317,479,387,0,387,4
2020-05-18,Stanislaus,099,539301,658,572,4,576,25
2020-05-18,Sutter,101,95872,43,38,0,38,2
2020-05-18,Tehama,103,63373,4,2,0,2,1
2020-05-18,Trinity,105,12862,3,1,0,1,0
2020-05-18,Tulare,107,460477,2073,1491,8,1499,63
2020-05-18,Tuolumne,109,53932,3,2,0,2,0
2020-05-18,Ventura,111,848112,1271,850,6,856,27
2020-05-18,Yolo,113,214977,204,183,0,183,22
2020-05-18,Yuba,115,75493,26,23,0,23,1
2020-05-17,Alameda,001,1643700,2890,2389,3,2392,83
2020-05-17,Alpine,003,1148,1,1,0,1,0
2020-05-17,Amador,005,37829,10,8,0,8,0
2020-05-17,Butte,007,227075,49,23,1,24,0
2020-05-17,Calaveras,009,45235,15,13,0,13,0
2020-05-17,Colusa,011,21464,3,3,0,3,0
2020-05-17,Contra Costa,013,1133247,1329,1155,1,1156,33
2020-05-17,Del Norte,015,27424,23,7,0,7,0
2020-05-17,El Dorado,017,186661,89,65,0,65,0
2020-05-17,Fresno,019,978130,2293,1213,33,1246,14
2020-05-17,Glenn,021,27897,13,9,0,9,0
2020-05-17,Humboldt,023,135768,94,70,0,70,0
2020-05-17,Imperial,025,180216,1747,715,4,719,14
2020-05-17,Inyo,027,18085,19,20,0,20,1
2020-05-17,Kern,029,883053,1975,1546,3,1549,26
2020-05-17,Kings,031,150075,504,356,2,358,2
2020-05-17,Lake,033,64148,13,7,0,7,0
2020-05-17,Lassen,035,31185,5,0,2,2,0
2020-05-17,Los Angeles,037,10098052,46931,37996,19,38015,1807
2020-05-17,Madera,039,155013,165,69,1,70,2
2020-05-17,Marin,041,260295,350,315,1,316,14
2020-05-17,Mariposa,043,17540,15,15,0,15,1
2020-05-17,Mendocino,045,87422,14,10,0,10,0
2020-05-17,Merced,047,269075,306,214,0,214,5
2020-05-17,Modoc,049,8938,0,0,0,0,0
2020-05-17,Mono,051,14174,36,32,0,32,1
2020-05-17,Monterey,053,433212,424,342,1,343,8
2020-05-17,Napa,055,140530,105,89,0,89,3
2020-05-17,Nevada,057,99092,42,41,1,42,1
2020-05-17,Orange,059,3164182,6594,4466,51,4517,88
2020-05-17,Placer,061,380077,197,175,0,175,8
2020-05-17,Plumas,063,18699,4,4,0,4,0
2020-05-17,Riverside,065,2383286,6858,5776,18,5794,245
2020-05-17,Sacramento,067,1510023,1303,1224,0,1224,56
2020-05-17,San Benito,069,59416,71,59,0,59,2
2020-05-17,San Bernardino,071,2135413,4526,3467,4,3471,155
2020-05-17,San Diego,073,3302833,6815,5838,0,5838,209
2020-05-17,San Francisco,075,870044,2342,2132,0,2132,36
2020-05-17,San Joaquin,077,732212,783,688,3,691,32
2020-05-17,San Luis Obispo,079,281455,321,242,3,245,1
2020-05-17,San Mateo,081,765935,1942,1680,2,1682,68
2020-05-17,Santa Barbara,083,443738,1576,1457,11,1468,10
2020-05-17,Santa Clara,085,1922200,3086,2453,11,2464,135
2020-05-17,Santa Cruz,087,273765,177,155,0,155,3
2020-05-17,Shasta,089,179085,49,34,0,34,4
2020-05-17,Sierra,091,2930,0,0,0,0,0
2020-05-17,Siskiyou,093,43540,7,6,0,6,0
2020-05-17,Solano,095,438530,483,392,0,392,4
2020-05-17,Sonoma,097,501317,458,376,0,376,4
2020-05-17,Stanislaus,099,539301,647,566,4,570,25
2020-05-17,Sutter,101,95872,42,38,0,38,2
2020-05-17,Tehama,103,63373,3,2,0,2,1
2020-05-17,Trinity,105,12862,2,1,0,1,0
2020-05-17,Tulare,107,460477,1997,1430,7,1437,63
2020-05-17,Tuolumne,109,53932,3,2,0,2,0
2020-05-17,Ventura,111,848112,1226,838,6,844,27
2020-05-17,Yolo,113,214977,202,182,0,182,22
2020-05-17,Yuba,115,75493,26,21,0,21,1
2020-05-16,Alameda,001,1643700,2840,2327,3,2330,83
2020-05-16,Alpine,003,1148,1,1,0,1,0
2020-05-16,Amador,005,37829,10,8,0,8,0
2020-05-16,Butte,007,227075,44,22,1,23,0
2020-05-16,Calaveras,009,45235,15,13,0,13,0
2020-05-16,Colusa,011,21464,3,3,0,3,0
2020-05-16,Contra Costa,013,1133247,1311,1136,1,1137,33
2020-05-16,Del Norte,015,27424,19,4,0,4,0
2020-05-16,El Dorado,017,186661,89,65,0,65,0
2020-05-16,Fresno,019,978130,2236,1177,33,1210,14
2020-05-16,Glenn,021,27897,13,9,0,9,0
2020-05-16,Humboldt,023,135768,92,69,0,69,0
2020-05-16,Imperial,025,180216,1683,712,4,716,14
2020-05-16,Inyo,027,18085,19,20,0,20,1
2020-05-16,Kern,029,883053,1939,1509,3,1512,26
2020-05-16,Kings,031,150075,494,356,2,358,2
2020-05-16,Lake,033,64148,13,7,0,7,0
2020-05-16,Lassen,035,31185,4,0,2,2,0
2020-05-16,Los Angeles,037,10098052,46354,37352,19,37371,1778
2020-05-16,Madera,039,155013,163,70,1,71,2
2020-05-16,Marin,041,260295,346,297,1,298,14
2020-05-16,Mariposa,043,17540,15,15,0,15,1
2020-05-16,Mendocino,045,87422,14,10,0,10,0
2020-05-16,Merced,047,269075,304,201,0,201,5
2020-05-16,Modoc,049,8938,0,0,0,0,0
2020-05-16,Mono,051,14174,36,32,0,32,1
2020-05-16,Monterey,053,433212,409,329,1,330,8
2020-05-16,Napa,055,140530,105,86,0,86,3
2020-05-16,Nevada,057,99092,42,41,1,42,1
2020-05-16,Orange,059,3164182,6518,4396,50,4446,87
2020-05-16,Placer,061,380077,195,174,0,174,8
2020-05-16,Plumas,063,18699,4,4,0,4,0
2020-05-16,Riverside,065,2383286,6773,5633,18,5651,243
2020-05-16,Sacramento,067,1510023,1296,1209,0,1209,55
2020-05-16,San Benito,069,59416,66,58,0,58,2
2020-05-16,San Bernardino,071,2135413,4454,3362,4,3366,155
2020-05-16,San Diego,073,3302833,6729,5664,0,5664,209
2020-05-16,San Francisco,075,870044,2319,2094,0,2094,36
2020-05-16,San Joaquin,077,732212,775,668,3,671,32
2020-05-16,San Luis Obispo,079,281455,320,240,3,243,1
2020-05-16,San Mateo,081,765935,1927,1652,2,1654,68
2020-05-16,Santa Barbara,083,443738,1565,1422,10,1432,10
2020-05-16,Santa Clara,085,1922200,3068,2420,11,2431,135
2020-05-16,Santa Cruz,087,273765,174,154,0,154,3
2020-05-16,Shasta,089,179085,49,33,0,33,4
2020-05-16,Sierra,091,2930,0,0,0,0,0
2020-05-16,Siskiyou,093,43540,7,6,0,6,0
2020-05-16,Solano,095,438530,478,392,0,392,4
2020-05-16,Sonoma,097,501317,445,356,0,356,4
2020-05-16,Stanislaus,099,539301,638,546,4,550,24
2020-05-16,Sutter,101,95872,42,35,0,35,2
2020-05-16,Tehama,103,63373,3,2,0,2,1
2020-05-16,Trinity,105,12862,2,1,0,1,0
2020-05-16,Tulare,107,460477,1979,1426,7,1433,63
2020-05-16,Tuolumne,109,53932,3,2,0,2,0
2020-05-16,Ventura,111,848112,1200,813,6,819,25
2020-05-16,Yolo,113,214977,201,181,0,181,22
2020-05-16,Yuba,115,75493,26,21,0,21,1
2020-05-15,Alameda,001,1643700,2806,2289,3,2292,83
2020-05-15,Alpine,003,1148,1,1,0,1,0
2020-05-15,Amador,005,37829,10,8,0,8,0
2020-05-15,Butte,007,227075,42,22,1,23,0
2020-05-15,Calaveras,009,45235,14,13,0,13,0
2020-05-15,Colusa,011,21464,3,3,0,3,0
2020-05-15,Contra Costa,013,1133247,1293,1106,1,1107,33
2020-05-15,Del Norte,015,27424,14,4,0,4,0
2020-05-15,El Dorado,017,186661,89,64,0,64,0
2020-05-15,Fresno,019,978130,2169,1126,33,1159,14
2020-05-15,Glenn,021,27897,13,9,0,9,0
2020-05-15,Humboldt,023,135768,91,60,0,60,0
2020-05-15,Imperial,025,180216,1599,680,0,680,14
2020-05-15,Inyo,027,18085,19,20,0,20,1
2020-05-15,Kern,029,883053,1883,1472,3,1475,25
2020-05-15,Kings,031,150075,491,347,2,349,2
2020-05-15,Lake,033,64148,13,7,0,7,0
2020-05-15,Lassen,035,31185,4,0,2,2,0
2020-05-15,Los Angeles,037,10098052,45568,36317,19,36336,1734
2020-05-15,Madera,039,155013,162,71,1,72,2
2020-05-15,Marin,041,260295,338,295,1,296,14
2020-05-15,Mariposa,043,17540,15,15,0,15,1
2020-05-15,Mendocino,045,87422,14,10,0,10,0
2020-05-15,Merced,047,269075,301,191,0,191,5
2020-05-15,Modoc,049,8938,0,0,0,0,0
2020-05-15,Mono,051,14174,36,31,0,31,1
2020-05-15,Monterey,053,433212,403,321,1,322,8
2020-05-15,Napa,055,140530,105,83,0,83,3
2020-05-15,Nevada,057,99092,42,41,1,42,1
2020-05-15,Orange,059,3164182,6345,4281,50,4331,87
2020-05-15,Placer,061,380077,193,174,0,174,8
2020-05-15,Plumas,063,18699,4,4,0,4,0
2020-05-15,Riverside,065,2383286,6659,5496,18,5514,233
2020-05-15,Sacramento,067,1510023,1286,1203,0,1203,55
2020-05-15,San Benito,069,59416,63,57,0,57,2
2020-05-15,San Bernardino,071,2135413,4376,3225,4,3229,153
2020-05-15,San Diego,073,3302833,6622,5525,0,5525,208
2020-05-15,San Francisco,075,870044,2303,2062,0,2062,36
2020-05-15,San Joaquin,077,732212,769,656,3,659,32
2020-05-15,San Luis Obispo,079,281455,318,237,3,240,1
2020-05-15,San Mateo,081,765935,1905,1612,2,1614,68
2020-05-15,Santa Barbara,083,443738,1556,1409,9,1418,10
2020-05-15,Santa Clara,085,1922200,3025,2395,10,2405,135
2020-05-15,Santa Cruz,087,273765,173,146,0,146,3
2020-05-15,Shasta,089,179085,48,33,0,33,4
2020-05-15,Sierra,091,2930,0,0,0,0,0
2020-05-15,Siskiyou,093,43540,6,5,0,5,0
2020-05-15,Solano,095,438530,474,388,0,388,4
2020-05-15,Sonoma,097,501317,437,349,0,349,4
2020-05-15,Stanislaus,099,539301,631,540,4,544,23
2020-05-15,Sutter,101,95872,41,35,0,35,2
2020-05-15,Tehama,103,63373,3,1,0,1,1
2020-05-15,Trinity,105,12862,2,1,0,1,0
2020-05-15,Tulare,107,460477,1951,1356,7,1363,61
2020-05-15,Tuolumne,109,53932,3,2,0,2,0
2020-05-15,Ventura,111,848112,1182,789,5,794,25
2020-05-15,Yolo,113,214977,200,182,0,182,22
2020-05-15,Yuba,115,75493,26,21,0,21,1
2020-05-14,Alameda,001,1643700,2713,2255,3,2258,80
2020-05-14,Alpine,003,1148,1,1,0,1,0
2020-05-14,Amador,005,37829,10,8,0,8,0
2020-05-14,Butte,007,227075,40,22,1,23,0
2020-05-14,Calaveras,009,45235,14,13,0,13,0
2020-05-14,Colusa,011,21464,3,3,0,3,0
2020-05-14,Contra Costa,013,1133247,1267,1090,1,1091,32
2020-05-14,Del Norte,015,27424,14,4,0,4,0
2020-05-14,El Dorado,017,186661,80,59,0,59,0
2020-05-14,Fresno,019,978130,2109,1038,29,1067,12
2020-05-14,Glenn,021,27897,12,8,0,8,0
2020-05-14,Humboldt,023,135768,89,59,0,59,0
2020-05-14,Imperial,025,180216,1482,652,0,652,13
2020-05-14,Inyo,027,18085,19,20,0,20,1
2020-05-14,Kern,029,883053,1841,1430,3,1433,21
2020-05-14,Kings,031,150075,475,342,2,344,1
2020-05-14,Lake,033,64148,13,7,0,7,0
2020-05-14,Lassen,035,31185,4,0,2,2,0
2020-05-14,Los Angeles,037,10098052,44394,35427,19,35446,1693
2020-05-14,Madera,039,155013,153,69,1,70,2
2020-05-14,Marin,041,260295,320,283,1,284,14
2020-05-14,Mariposa,043,17540,15,15,0,15,0
2020-05-14,Mendocino,045,87422,13,10,0,10,0
2020-05-14,Merced,047,269075,290,182,0,182,3
2020-05-14,Modoc,049,8938,0,0,0,0,0
2020-05-14,Mono,051,14174,36,31,0,31,1
2020-05-14,Monterey,053,433212,393,317,1,318,7
2020-05-14,Napa,055,140530,103,83,0,83,3
2020-05-14,Nevada,057,99092,41,41,1,42,1
2020-05-14,Orange,059,3164182,6170,4163,48,4211,83
2020-05-14,Placer,061,380077,193,172,0,172,8
2020-05-14,Plumas,063,18699,4,4,0,4,0
2020-05-14,Riverside,065,2383286,6475,5339,18,5357,224
2020-05-14,Sacramento,067,1510023,1274,1181,0,1181,55
2020-05-14,San Benito,069,59416,61,56,0,56,2
2020-05-14,San Bernardino,071,2135413,4197,3149,4,3153,149
2020-05-14,San Diego,073,3302833,6487,5393,0,5393,200
2020-05-14,San Francisco,075,870044,2270,2029,0,2029,36
2020-05-14,San Joaquin,077,732212,754,643,3,646,31
2020-05-14,San Luis Obispo,079,281455,315,236,3,239,1
2020-05-14,San Mateo,081,765935,1873,1588,2,1590,67
2020-05-14,Santa Barbara,083,443738,1544,1395,9,1404,11
2020-05-14,Santa Clara,085,1922200,3002,2380,10,2390,134
2020-05-14,Santa Cruz,087,273765,171,145,0,145,3
2020-05-14,Shasta,089,179085,48,33,0,33,4
2020-05-14,Sierra,091,2930,0,0,0,0,0
2020-05-14,Siskiyou,093,43540,6,5,0,5,0
2020-05-14,Solano,095,438530,465,372,0,372,4
2020-05-14,Sonoma,097,501317,420,333,0,333,4
2020-05-14,Stanislaus,099,539301,612,533,4,537,23
2020-05-14,Sutter,101,95872,41,34,0,34,2
2020-05-14,Tehama,103,63373,3,1,0,1,1
2020-05-14,Trinity,105,12862,2,1,0,1,0
2020-05-14,Tulare,107,460477,1912,1317,7,1324,55
2020-05-14,Tuolumne,109,53932,3,2,0,2,0
2020-05-14,Ventura,111,848112,1151,760,5,765,25
2020-05-14,Yolo,113,214977,200,180,0,180,22
2020-05-14,Yuba,115,75493,26,21,0,21,1
2020-05-13,Alameda,001,1643700,2655,2181,3,2184,78
2020-05-13,Alpine,003,1148,1,1,0,1,0
2020-05-13,Amador,005,37829,10,8,0,8,0
2020-05-13,Butte,007,227075,40,21,1,22,0
2020-05-13,Calaveras,009,45235,14,13,0,13,0
2020-05-13,Colusa,011,21464,3,3,0,3,0
2020-05-13,Contra Costa,013,1133247,1245,1082,1,1083,32
2020-05-13,Del Norte,015,27424,13,4,0,4,0
2020-05-13,El Dorado,017,186661,79,58,0,58,0
2020-05-13,Fresno,019,978130,2011,993,29,1022,10
2020-05-13,Glenn,021,27897,11,6,0,6,0
2020-05-13,Humboldt,023,135768,83,58,0,58,0
2020-05-13,Imperial,025,180216,1412,610,0,610,11
2020-05-13,Inyo,027,18085,19,20,0,20,1
2020-05-13,Kern,029,883053,1795,1390,3,1393,19
2020-05-13,Kings,031,150075,461,314,2,316,1
2020-05-13,Lake,033,64148,13,7,0,7,0
2020-05-13,Lassen,035,31185,4,0,2,2,0
2020-05-13,Los Angeles,037,10098052,43085,34574,19,34593,1643
2020-05-13,Madera,039,155013,144,69,1,70,2
2020-05-13,Marin,041,260295,307,278,1,279,14
2020-05-13,Mariposa,043,17540,15,15,0,15,0
2020-05-13,Mendocino,045,87422,13,10,0,10,0
2020-05-13,Merced,047,269075,287,176,0,176,3
2020-05-13,Modoc,049,8938,0,0,0,0,0
2020-05-13,Mono,051,14174,35,31,0,31,1
2020-05-13,Monterey,053,433212,383,309,1,310,6
2020-05-13,Napa,055,140530,103,81,0,81,3
2020-05-13,Nevada,057,99092,41,41,1,42,1
2020-05-13,Orange,059,3164182,5924,4025,46,4071,79
2020-05-13,Placer,061,380077,192,170,0,170,8
2020-05-13,Plumas,063,18699,4,4,0,4,0
2020-05-13,Riverside,065,2383286,6352,5204,18,5222,216
2020-05-13,Sacramento,067,1510023,1259,1173,0,1173,53
2020-05-13,San Benito,069,59416,61,55,0,55,2
2020-05-13,San Bernardino,071,2135413,3940,3064,3,3067,140
2020-05-13,San Diego,073,3302833,6351,5280,0,5280,194
2020-05-13,San Francisco,075,870044,2242,2004,0,2004,35
2020-05-13,San Joaquin,077,732212,733,639,3,642,31
2020-05-13,San Luis Obispo,079,281455,313,231,3,234,1
2020-05-13,San Mateo,081,765935,1841,1550,2,1552,66
2020-05-13,Santa Barbara,083,443738,1533,1382,9,1391,10
2020-05-13,Santa Clara,085,1922200,2982,2370,10,2380,132
2020-05-13,Santa Cruz,087,273765,167,142,0,142,2
2020-05-13,Shasta,089,179085,48,32,0,32,4
2020-05-13,Sierra,091,2930,0,0,0,0,0
2020-05-13,Siskiyou,093,43540,6,5,0,5,0
2020-05-13,Solano,095,438530,452,368,0,368,4
2020-05-13,Sonoma,097,501317,410,330,0,330,4
2020-05-13,Stanislaus,099,539301,603,521,4,525,15
2020-05-13,Sutter,101,95872,41,33,0,33,2
2020-05-13,Tehama,103,63373,3,1,0,1,1
2020-05-13,Trinity,105,12862,2,2,0,2,0
2020-05-13,Tulare,107,460477,1879,1283,7,1290,54
2020-05-13,Tuolumne,109,53932,3,2,0,2,0
2020-05-13,Ventura,111,848112,1120,742,5,747,25
2020-05-13,Yolo,113,214977,198,178,0,178,22
2020-05-13,Yuba,115,75493,24,19,0,19,1
2020-05-12,Alameda,001,1643700,2591,2146,3,2149,74
2020-05-12,Alpine,003,1148,1,1,0,1,0
2020-05-12,Amador,005,37829,10,8,0,8,0
2020-05-12,Butte,007,227075,38,20,1,21,0
2020-05-12,Calaveras,009,45235,13,13,0,13,0
2020-05-12,Colusa,011,21464,3,3,0,3,0
2020-05-12,Contra Costa,013,1133247,1214,1067,1,1068,32
2020-05-12,Del Norte,015,27424,10,3,0,3,0
2020-05-12,El Dorado,017,186661,76,56,0,56,0
2020-05-12,Fresno,019,978130,1927,978,27,1005,9
2020-05-12,Glenn,021,27897,10,6,0,6,0
2020-05-12,Humboldt,023,135768,80,58,0,58,0
2020-05-12,Imperial,025,180216,1281,602,0,602,9
2020-05-12,Inyo,027,18085,19,20,0,20,1
2020-05-12,Kern,029,883053,1754,1363,3,1366,18
2020-05-12,Kings,031,150075,440,302,2,304,1
2020-05-12,Lake,033,64148,13,7,0,7,0
2020-05-12,Lassen,035,31185,4,0,2,2,0
2020-05-12,Los Angeles,037,10098052,42088,33281,18,33299,1601
2020-05-12,Madera,039,155013,138,69,1,70,2
2020-05-12,Marin,041,260295,302,274,1,275,14
2020-05-12,Mariposa,043,17540,15,15,0,15,0
2020-05-12,Mendocino,045,87422,13,10,0,10,0
2020-05-12,Merced,047,269075,276,175,0,175,3
2020-05-12,Modoc,049,8938,0,0,0,0,0
2020-05-12,Mono,051,14174,35,31,0,31,1
2020-05-12,Monterey,053,433212,376,298,1,299,6
2020-05-12,Napa,055,140530,101,80,0,80,3
2020-05-12,Nevada,057,99092,41,41,1,42,1
2020-05-12,Orange,059,3164182,5741,3843,44,3887,78
2020-05-12,Placer,061,380077,191,170,0,170,8
2020-05-12,Plumas,063,18699,4,4,0,4,0
2020-05-12,Riverside,065,2383286,6229,5134,18,5152,210
2020-05-12,Sacramento,067,1510023,1239,1166,0,1166,52
2020-05-12,San Benito,069,59416,61,55,0,55,2
2020-05-12,San Bernardino,071,2135413,3788,2997,3,3000,131
2020-05-12,San Diego,073,3302833,6207,3,0,3,0
2020-05-12,San Francisco,075,870044,2207,1981,0,1981,35
2020-05-12,San Joaquin,077,732212,718,625,3,628,30
2020-05-12,San Luis Obispo,079,281455,310,226,3,229,1
2020-05-12,San Mateo,081,765935,1815,1533,2,1535,66
2020-05-12,Santa Barbara,083,443738,1502,1377,9,1386,10
2020-05-12,Santa Clara,085,1922200,2952,2362,10,2372,131
2020-05-12,Santa Cruz,087,273765,165,141,0,141,2
2020-05-12,Shasta,089,179085,47,33,0,33,4
2020-05-12,Sierra,091,2930,0,0,0,0,0
2020-05-12,Siskiyou,093,43540,6,5,0,5,0
2020-05-12,Solano,095,438530,444,361,0,361,4
2020-05-12,Sonoma,097,501317,387,308,0,308,4
2020-05-12,Stanislaus,099,539301,596,515,4,519,15
2020-05-12,Sutter,101,95872,41,33,0,33,2
2020-05-12,Tehama,103,63373,3,1,0,1,1
2020-05-12,Trinity,105,12862,2,1,0,1,0
2020-05-12,Tulare,107,460477,1847,1261,7,1268,52
2020-05-12,Tuolumne,109,53932,3,2,0,2,0
2020-05-12,Ventura,111,848112,1064,718,5,723,20
2020-05-12,Yolo,113,214977,197,176,0,176,22
2020-05-12,Yuba,115,75493,24,19,0,19,1
2020-05-11,Alameda,001,1643700,2541,2103,3,2106,71
2020-05-11,Alpine,003,1148,1,1,0,1,0
2020-05-11,Amador,005,37829,10,8,0,8,0
2020-05-11,Butte,007,227075,37,19,1,20,0
2020-05-11,Calaveras,009,45235,13,13,0,13,0
2020-05-11,Colusa,011,21464,3,3,0,3,0
2020-05-11,Contra Costa,013,1133247,1200,1052,1,1053,32
2020-05-11,Del Norte,015,27424,8,3,0,3,0
2020-05-11,El Dorado,017,186661,76,55,0,55,0
2020-05-11,Fresno,019,978130,1835,937,26,963,8
2020-05-11,Glenn,021,27897,10,6,0,6,0
2020-05-11,Humboldt,023,135768,77,56,0,56,0
2020-05-11,Imperial,025,180216,1174,562,0,562,9
2020-05-11,Inyo,027,18085,19,20,0,20,1
2020-05-11,Kern,029,883053,1702,1331,3,1334,17
2020-05-11,Kings,031,150075,417,289,1,290,1
2020-05-11,Lake,033,64148,12,7,0,7,0
2020-05-11,Lassen,035,31185,4,0,2,2,0
2020-05-11,Los Angeles,037,10098052,40908,32279,18,32297,1553
2020-05-11,Madera,039,155013,129,68,1,69,2
2020-05-11,Marin,041,260295,293,271,1,272,14
2020-05-11,Mariposa,043,17540,15,15,0,15,0
2020-05-11,Mendocino,045,87422,13,10,0,10,0
2020-05-11,Merced,047,269075,261,158,0,158,3
2020-05-11,Modoc,049,8938,0,0,0,0,0
2020-05-11,Mono,051,14174,35,30,0,30,1
2020-05-11,Monterey,053,433212,373,286,1,287,6
2020-05-11,Napa,055,140530,95,79,0,79,2
2020-05-11,Nevada,057,99092,41,41,1,42,1
2020-05-11,Orange,059,3164182,5527,3699,38,3737,77
2020-05-11,Placer,061,380077,191,170,0,170,8
2020-05-11,Plumas,063,18699,4,4,0,4,0
2020-05-11,Riverside,065,2383286,6071,5082,17,5099,203
2020-05-11,Sacramento,067,1510023,1224,1160,0,1160,52
2020-05-11,San Benito,069,59416,59,52,0,52,2
2020-05-11,San Bernardino,071,2135413,3677,2945,3,2948,124
2020-05-11,San Diego,073,3302833,6054,5067,0,5067,175
2020-05-11,San Francisco,075,870044,2161,1974,0,1974,35
2020-05-11,San Joaquin,077,732212,708,620,3,623,30
2020-05-11,San Luis Obispo,079,281455,308,224,3,227,1
2020-05-11,San Mateo,081,765935,1789,1499,2,1501,66
2020-05-11,Santa Barbara,083,443738,1491,1372,8,1380,10
2020-05-11,Santa Clara,085,1922200,2935,2340,10,2350,129
2020-05-11,Santa Cruz,087,273765,162,140,0,140,2
2020-05-11,Shasta,089,179085,47,31,0,31,4
2020-05-11,Sierra,091,2930,0,0,0,0,0
2020-05-11,Siskiyou,093,43540,6,5,0,5,0
2020-05-11,Solano,095,438530,439,354,0,354,4
2020-05-11,Sonoma,097,501317,377,303,0,303,3
2020-05-11,Stanislaus,099,539301,586,507,4,511,14
2020-05-11,Sutter,101,95872,40,32,0,32,2
2020-05-11,Tehama,103,63373,3,1,0,1,1
2020-05-11,Trinity,105,12862,2,1,0,1,0
2020-05-11,Tulare,107,460477,1798,1203,7,1210,49
2020-05-11,Tuolumne,109,53932,3,2,0,2,0
2020-05-11,Ventura,111,848112,1003,698,4,702,19
2020-05-11,Yolo,113,214977,197,174,0,174,20
2020-05-11,Yuba,115,75493,24,18,0,18,1
2020-05-10,Alameda,001,1643700,2464,2047,3,2050,71
2020-05-10,Alpine,003,1148,1,1,0,1,0
2020-05-10,Amador,005,37829,10,8,0,8,0
2020-05-10,Butte,007,227075,32,18,1,19,0
2020-05-10,Calaveras,009,45235,13,13,0,13,0
2020-05-10,Colusa,011,21464,3,3,0,3,0
2020-05-10,Contra Costa,013,1133247,1186,1046,0,1046,31
2020-05-10,Del Norte,015,27424,7,3,0,3,0
2020-05-10,El Dorado,017,186661,76,55,0,55,0
2020-05-10,Fresno,019,978130,1750,894,26,920,8
2020-05-10,Glenn,021,27897,10,6,0,6,0
2020-05-10,Humboldt,023,135768,73,56,0,56,0
2020-05-10,Imperial,025,180216,1079,509,0,509,7
2020-05-10,Inyo,027,18085,19,20,0,20,1
2020-05-10,Kern,029,883053,1651,1300,2,1302,16
2020-05-10,Kings,031,150075,404,266,1,267,1
2020-05-10,Lake,033,64148,12,7,0,7,0
2020-05-10,Lassen,035,31185,4,0,2,2,0
2020-05-10,Los Angeles,037,10098052,39646,31711,18,31729,1514
2020-05-10,Madera,039,155013,127,65,1,66,2
2020-05-10,Marin,041,260295,285,267,1,268,14
2020-05-10,Mariposa,043,17540,15,15,0,15,0
2020-05-10,Mendocino,045,87422,12,10,0,10,0
2020-05-10,Merced,047,269075,246,154,0,154,3
2020-05-10,Modoc,049,8938,0,0,0,0,0
2020-05-10,Mono,051,14174,35,27,0,27,1
2020-05-10,Monterey,053,433212,359,282,1,283,6
2020-05-10,Napa,055,140530,89,79,0,79,2
2020-05-10,Nevada,057,99092,41,41,1,42,1
2020-05-10,Orange,059,3164182,5384,3627,38,3665,76
2020-05-10,Placer,061,380077,190,168,0,168,8
2020-05-10,Plumas,063,18699,4,4,0,4,0
2020-05-10,Riverside,065,2383286,5949,4951,17,4968,193
2020-05-10,Sacramento,067,1510023,1208,1152,0,1152,52
2020-05-10,San Benito,069,59416,59,52,0,52,2
2020-05-10,San Bernardino,071,2135413,3579,2910,3,2913,121
2020-05-10,San Diego,073,3302833,5902,4928,0,4928,175
2020-05-10,San Francisco,075,870044,2143,1953,0,1953,35
2020-05-10,San Joaquin,077,732212,693,611,3,614,29
2020-05-10,San Luis Obispo,079,281455,305,218,3,221,1
2020-05-10,San Mateo,081,765935,1767,1463,2,1465,65
2020-05-10,Santa Barbara,083,443738,1480,1323,8,1331,10
2020-05-10,Santa Clara,085,1922200,2908,2331,10,2341,129
2020-05-10,Santa Cruz,087,273765,161,139,0,139,2
2020-05-10,Shasta,089,179085,47,31,0,31,4
2020-05-10,Sierra,091,2930,0,0,0,0,0
2020-05-10,Siskiyou,093,43540,5,5,0,5,0
2020-05-10,Solano,095,438530,429,322,0,322,4
2020-05-10,Sonoma,097,501317,367,290,0,290,3
2020-05-10,Stanislaus,099,539301,579,498,4,502,14
2020-05-10,Sutter,101,95872,37,31,0,31,2
2020-05-10,Tehama,103,63373,3,1,0,1,1
2020-05-10,Trinity,105,12862,2,1,0,1,0
2020-05-10,Tulare,107,460477,1727,1143,7,1150,47
2020-05-10,Tuolumne,109,53932,3,2,0,2,0
2020-05-10,Ventura,111,848112,945,690,2,692,19
2020-05-10,Yolo,113,214977,197,173,0,173,20
2020-05-10,Yuba,115,75493,23,17,0,17,1
2020-05-09,Alameda,001,1643700,2421,2011,3,2014,71
2020-05-09,Alpine,003,1148,1,1,0,1,0
2020-05-09,Amador,005,37829,9,8,0,8,0
2020-05-09,Butte,007,227075,31,18,1,19,0
2020-05-09,Calaveras,009,45235,13,13,0,13,0
2020-05-09,Colusa,011,21464,3,3,0,3,0
2020-05-09,Contra Costa,013,1133247,1172,1039,0,1039,31
2020-05-09,Del Norte,015,27424,7,3,0,3,0
2020-05-09,El Dorado,017,186661,73,54,0,54,0
2020-05-09,Fresno,019,978130,1712,861,25,886,8
2020-05-09,Glenn,021,27897,9,6,0,6,0
2020-05-09,Humboldt,023,135768,71,55,0,55,0
2020-05-09,Imperial,025,180216,1023,474,0,474,7
2020-05-09,Inyo,027,18085,19,20,0,20,1
2020-05-09,Kern,029,883053,1615,1262,1,1263,15
2020-05-09,Kings,031,150075,399,264,1,265,1
2020-05-09,Lake,033,64148,12,7,0,7,0
2020-05-09,Lassen,035,31185,4,0,2,2,0
2020-05-09,Los Angeles,037,10098052,39023,31268,18,31286,1499
2020-05-09,Madera,039,155013,126,61,1,62,2
2020-05-09,Marin,041,260295,284,261,1,262,14
2020-05-09,Mariposa,043,17540,15,15,0,15,0
2020-05-09,Mendocino,045,87422,12,10,0,10,0
2020-05-09,Merced,047,269075,242,153,0,153,3
2020-05-09,Modoc,049,8938,0,0,0,0,0
2020-05-09,Mono,051,14174,35,27,0,27,1
2020-05-09,Monterey,053,433212,352,273,0,273,6
2020-05-09,Napa,055,140530,88,78,0,78,2
2020-05-09,Nevada,057,99092,41,41,1,42,1
2020-05-09,Orange,059,3164182,5301,3506,38,3544,75
2020-05-09,Placer,061,380077,189,168,0,168,8
2020-05-09,Plumas,063,18699,4,4,0,4,0
2020-05-09,Riverside,065,2383286,5854,4871,17,4888,183
2020-05-09,Sacramento,067,1510023,1204,1150,0,1150,52
2020-05-09,San Benito,069,59416,58,52,0,52,2
2020-05-09,San Bernardino,071,2135413,3523,2825,3,2828,121
2020-05-09,San Diego,073,3302833,5790,4778,0,4778,175
2020-05-09,San Francisco,075,870044,2128,1944,0,1944,34
2020-05-09,San Joaquin,077,732212,684,605,3,608,28
2020-05-09,San Luis Obispo,079,281455,301,213,3,216,1
2020-05-09,San Mateo,081,765935,1748,1453,2,1455,65
2020-05-09,Santa Barbara,083,443738,1472,1245,8,1253,10
2020-05-09,Santa Clara,085,1922200,2894,2317,10,2327,128
2020-05-09,Santa Cruz,087,273765,160,138,0,138,2
2020-05-09,Shasta,089,179085,47,31,0,31,4
2020-05-09,Sierra,091,2930,0,0,0,0,0
2020-05-09,Siskiyou,093,43540,5,5,0,5,0
2020-05-09,Solano,095,438530,423,321,0,321,4
2020-05-09,Sonoma,097,501317,363,288,0,288,3
2020-05-09,Stanislaus,099,539301,571,491,4,495,12
2020-05-09,Sutter,101,95872,37,31,0,31,2
2020-05-09,Tehama,103,63373,2,1,0,1,1
2020-05-09,Trinity,105,12862,2,1,0,1,0
2020-05-09,Tulare,107,460477,1699,1083,7,1090,47
2020-05-09,Tuolumne,109,53932,3,2,0,2,0
2020-05-09,Ventura,111,848112,924,679,2,681,19
2020-05-09,Yolo,113,214977,197,172,0,172,18
2020-05-09,Yuba,115,75493,23,17,0,17,1
2020-05-08,Alameda,001,1643700,2378,1955,3,1958,70
2020-05-08,Alpine,003,1148,1,1,0,1,0
2020-05-08,Amador,005,37829,9,8,0,8,0
2020-05-08,Butte,007,227075,31,18,1,19,0
2020-05-08,Calaveras,009,45235,13,13,0,13,0
2020-05-08,Colusa,011,21464,3,3,0,3,0
2020-05-08,Contra Costa,013,1133247,1160,1024,0,1024,29
2020-05-08,Del Norte,015,27424,7,3,0,3,0
2020-05-08,El Dorado,017,186661,72,54,0,54,0
2020-05-08,Fresno,019,978130,1670,838,23,861,8
2020-05-08,Glenn,021,27897,8,6,0,6,0
2020-05-08,Humboldt,023,135768,68,54,0,54,0
2020-05-08,Imperial,025,180216,978,467,0,467,7
2020-05-08,Inyo,027,18085,19,20,0,20,1
2020-05-08,Kern,029,883053,1584,1214,1,1215,13
2020-05-08,Kings,031,150075,390,236,1,237,1
2020-05-08,Lake,033,64148,12,7,0,7,0
2020-05-08,Lassen,035,31185,4,0,2,2,0
2020-05-08,Los Angeles,037,10098052,38291,30357,18,30375,1447
2020-05-08,Madera,039,155013,123,57,1,58,2
2020-05-08,Marin,041,260295,284,257,1,258,14
2020-05-08,Mariposa,043,17540,15,15,0,15,0
2020-05-08,Mendocino,045,87422,12,10,0,10,0
2020-05-08,Merced,047,269075,241,151,0,151,3
2020-05-08,Modoc,049,8938,0,0,0,0,0
2020-05-08,Mono,051,14174,32,27,0,27,1
2020-05-08,Monterey,053,433212,344,265,0,265,6
2020-05-08,Napa,055,140530,87,78,0,78,2
2020-05-08,Nevada,057,99092,41,41,1,42,1
2020-05-08,Orange,059,3164182,5154,3395,38,3433,72
2020-05-08,Placer,061,380077,187,166,0,166,8
2020-05-08,Plumas,063,18699,4,4,0,4,0
2020-05-08,Riverside,065,2383286,5754,4672,16,4688,181
2020-05-08,Sacramento,067,1510023,1199,1145,0,1145,51
2020-05-08,San Benito,069,59416,58,51,0,51,2
2020-05-08,San Bernardino,071,2135413,3475,2631,3,2634,119
2020-05-08,San Diego,073,3302833,5683,4664,0,4664,169
2020-05-08,San Francisco,075,870044,2110,1890,0,1890,33
2020-05-08,San Joaquin,077,732212,677,595,3,598,28
2020-05-08,San Luis Obispo,079,281455,298,210,3,213,1
2020-05-08,San Mateo,081,765935,1663,1423,2,1425,62
2020-05-08,Santa Barbara,083,443738,1463,1054,6,1060,8
2020-05-08,Santa Clara,085,1922200,2871,2285,10,2295,128
2020-05-08,Santa Cruz,087,273765,156,137,0,137,2
2020-05-08,Shasta,089,179085,47,31,0,31,4
2020-05-08,Sierra,091,2930,0,0,0,0,0
2020-05-08,Siskiyou,093,43540,5,5,0,5,0
2020-05-08,Solano,095,438530,418,314,0,314,4
2020-05-08,Sonoma,097,501317,358,285,0,285,3
2020-05-08,Stanislaus,099,539301,557,487,4,491,12
2020-05-08,Sutter,101,95872,37,30,0,30,2
2020-05-08,Tehama,103,63373,2,1,0,1,1
2020-05-08,Trinity,105,12862,2,0,0,0,0
2020-05-08,Tulare,107,460477,1654,1050,6,1056,43
2020-05-08,Tuolumne,109,53932,3,2,0,2,0
2020-05-08,Ventura,111,848112,906,665,2,667,19
2020-05-08,Yolo,113,214977,196,172,0,172,18
2020-05-08,Yuba,115,75493,22,16,0,16,1
2020-05-07,Alameda,001,1643700,2318,1914,3,1917,68
2020-05-07,Alpine,003,1148,1,1,0,1,0
2020-05-07,Amador,005,37829,9,8,0,8,0
2020-05-07,Butte,007,227075,31,19,1,20,0
2020-05-07,Calaveras,009,45235,13,13,0,13,0
2020-05-07,Colusa,011,21464,3,3,0,3,0
2020-05-07,Contra Costa,013,1133247,1146,1005,0,1005,29
2020-05-07,Del Norte,015,27424,6,3,0,3,0
2020-05-07,El Dorado,017,186661,71,54,0,54,0
2020-05-07,Fresno,019,978130,1584,812,22,834,8
2020-05-07,Glenn,021,27897,8,5,0,5,0
2020-05-07,Humboldt,023,135768,67,54,0,54,0
2020-05-07,Imperial,025,180216,915,442,0,442,6
2020-05-07,Inyo,027,18085,19,20,0,20,1
2020-05-07,Kern,029,883053,1540,1176,1,1177,13
2020-05-07,Kings,031,150075,367,219,1,220,1
2020-05-07,Lake,033,64148,11,7,0,7,0
2020-05-07,Lassen,035,31185,4,0,2,2,0
2020-05-07,Los Angeles,037,10098052,37170,29544,18,29562,1399
2020-05-07,Madera,039,155013,119,54,1,55,2
2020-05-07,Marin,041,260295,277,252,1,253,14
2020-05-07,Mariposa,043,17540,15,15,0,15,0
2020-05-07,Mendocino,045,87422,12,10,0,10,0
2020-05-07,Merced,047,269075,233,146,0,146,3
2020-05-07,Modoc,049,8938,0,0,0,0,0
2020-05-07,Mono,051,14174,32,26,0,26,1
2020-05-07,Monterey,053,433212,336,249,0,249,6
2020-05-07,Napa,055,140530,87,78,0,78,2
2020-05-07,Nevada,057,99092,41,41,1,42,1
2020-05-07,Orange,059,3164182,4969,3283,37,3320,69
2020-05-07,Placer,061,380077,187,165,0,165,8
2020-05-07,Plumas,063,18699,4,4,0,4,0
2020-05-07,Riverside,065,2383286,5638,4608,16,4624,170
2020-05-07,Sacramento,067,1510023,1193,1139,0,1139,50
2020-05-07,San Benito,069,59416,58,50,0,50,2
2020-05-07,San Bernardino,071,2135413,3383,2522,3,2525,115
2020-05-07,San Diego,073,3302833,5526,4431,0,4431,165
2020-05-07,San Francisco,075,870044,2079,1852,0,1852,33
2020-05-07,San Joaquin,077,732212,664,583,3,586,28
2020-05-07,San Luis Obispo,079,281455,287,209,3,212,1
2020-05-07,San Mateo,081,765935,1641,1398,2,1400,58
2020-05-07,Santa Barbara,083,443738,1436,720,5,725,8
2020-05-07,Santa Clara,085,1922200,2833,2281,10,2291,127
2020-05-07,Santa Cruz,087,273765,153,136,0,136,2
2020-05-07,Shasta,089,179085,46,31,0,31,4
2020-05-07,Sierra,091,2930,0,0,0,0,0
2020-05-07,Siskiyou,093,43540,5,5,0,5,0
2020-05-07,Solano,095,438530,412,307,0,307,4
2020-05-07,Sonoma,097,501317,346,282,0,282,3
2020-05-07,Stanislaus,099,539301,548,466,4,470,10
2020-05-07,Sutter,101,95872,37,29,0,29,2
2020-05-07,Tehama,103,63373,2,1,0,1,1
2020-05-07,Trinity,105,12862,2,0,0,0,0
2020-05-07,Tulare,107,460477,1586,1001,6,1007,41
2020-05-07,Tuolumne,109,53932,3,2,0,2,0
2020-05-07,Ventura,111,848112,882,647,1,648,19
2020-05-07,Yolo,113,214977,195,172,0,172,18
2020-05-07,Yuba,115,75493,22,16,0,16,1
2020-05-06,Alameda,001,1643700,2280,1864,3,1867,67
2020-05-06,Alpine,003,1148,1,1,0,1,0
2020-05-06,Amador,005,37829,9,8,0,8,0
2020-05-06,Butte,007,227075,30,19,1,20,0
2020-05-06,Calaveras,009,45235,13,13,0,13,0
2020-05-06,Colusa,011,21464,3,3,0,3,0
2020-05-06,Contra Costa,013,1133247,1125,990,0,990,29
2020-05-06,Del Norte,015,27424,6,3,0,3,0
2020-05-06,El Dorado,017,186661,69,53,0,53,0
2020-05-06,Fresno,019,978130,1521,773,20,793,8
2020-05-06,Glenn,021,27897,8,3,0,3,0
2020-05-06,Humboldt,023,135768,66,54,0,54,0
2020-05-06,Imperial,025,180216,847,399,0,399,6
2020-05-06,Inyo,027,18085,19,20,0,20,1
2020-05-06,Kern,029,883053,1484,1112,1,1113,12
2020-05-06,Kings,031,150075,349,208,1,209,1
2020-05-06,Lake,033,64148,11,7,0,7,0
2020-05-06,Lassen,035,31185,4,0,2,2,0
2020-05-06,Los Angeles,037,10098052,36164,28687,18,28705,1347
2020-05-06,Madera,039,155013,117,55,1,56,2
2020-05-06,Marin,041,260295,270,244,1,245,14
2020-05-06,Mariposa,043,17540,15,14,0,14,0
2020-05-06,Mendocino,045,87422,12,10,0,10,0
2020-05-06,Merced,047,269075,226,140,0,140,3
2020-05-06,Modoc,049,8938,0,0,0,0,0
2020-05-06,Mono,051,14174,32,26,0,26,1
2020-05-06,Monterey,053,433212,328,246,0,246,6
2020-05-06,Napa,055,140530,86,78,0,78,2
2020-05-06,Nevada,057,99092,41,41,1,42,1
2020-05-06,Orange,059,3164182,4785,3156,36,3192,66
2020-05-06,Placer,061,380077,184,164,0,164,8
2020-05-06,Plumas,063,18699,4,4,0,4,0
2020-05-06,Riverside,065,2383286,5494,4535,16,4551,163
2020-05-06,Sacramento,067,1510023,1187,1135,0,1135,49
2020-05-06,San Benito,069,59416,57,50,0,50,2
2020-05-06,San Bernardino,071,2135413,3261,2426,2,2428,110
2020-05-06,San Diego,073,3302833,5393,4321,0,4321,158
2020-05-06,San Francisco,075,870044,2054,1804,0,1804,32
2020-05-06,San Joaquin,077,732212,651,581,3,584,28
2020-05-06,San Luis Obispo,079,281455,284,207,3,210,1
2020-05-06,San Mateo,081,765935,1610,1348,2,1350,57
2020-05-06,Santa Barbara,083,443738,1395,565,4,569,8
2020-05-06,Santa Clara,085,1922200,2816,2270,9,2279,127
2020-05-06,Santa Cruz,087,273765,149,135,0,135,2
2020-05-06,Shasta,089,179085,45,31,0,31,4
2020-05-06,Sierra,091,2930,0,0,0,0,0
2020-05-06,Siskiyou,093,43540,5,5,0,5,0
2020-05-06,Solano,095,438530,402,300,0,300,4
2020-05-06,Sonoma,097,501317,330,269,0,269,3
2020-05-06,Stanislaus,099,539301,532,434,4,438,9
2020-05-06,Sutter,101,95872,37,29,0,29,2
2020-05-06,Tehama,103,63373,2,1,0,1,1
2020-05-06,Trinity,105,12862,2,0,0,0,0
2020-05-06,Tulare,107,460477,1538,963,6,969,40
2020-05-06,Tuolumne,109,53932,3,2,0,2,0
2020-05-06,Ventura,111,848112,855,619,1,620,19
2020-05-06,Yolo,113,214977,194,172,0,172,18
2020-05-06,Yuba,115,75493,22,15,0,15,1
2020-05-05,Alameda,001,1643700,2237,1819,3,1822,67
2020-05-05,Alpine,003,1148,1,1,0,1,0
2020-05-05,Amador,005,37829,9,8,0,8,0
2020-05-05,Butte,007,227075,29,19,1,20,0
2020-05-05,Calaveras,009,45235,13,13,0,13,0
2020-05-05,Colusa,011,21464,3,3,0,3,0
2020-05-05,Contra Costa,013,1133247,1107,976,0,976,29
2020-05-05,Del Norte,015,27424,6,3,0,3,0
2020-05-05,El Dorado,017,186661,67,54,0,54,0
2020-05-05,Fresno,019,978130,1448,726,18,744,8
2020-05-05,Glenn,021,27897,8,3,0,3,0
2020-05-05,Humboldt,023,135768,63,54,0,54,0
2020-05-05,Imperial,025,180216,792,389,0,389,6
2020-05-05,Inyo,027,18085,19,20,0,20,1
2020-05-05,Kern,029,883053,1432,1084,1,1085,11
2020-05-05,Kings,031,150075,331,187,1,188,1
2020-05-05,Lake,033,64148,10,7,0,7,0
2020-05-05,Lassen,035,31185,4,0,2,2,0
2020-05-05,Los Angeles,037,10098052,35092,27867,18,27885,1289
2020-05-05,Madera,039,155013,113,53,1,54,2
2020-05-05,Marin,041,260295,264,244,1,245,14
2020-05-05,Mariposa,043,17540,15,14,0,14,0
2020-05-05,Mendocino,045,87422,12,10,0,10,0
2020-05-05,Merced,047,269075,221,141,0,141,3
2020-05-05,Modoc,049,8938,0,0,0,0,0
2020-05-05,Mono,051,14174,32,25,0,25,1
2020-05-05,Monterey,053,433212,314,240,0,240,6
2020-05-05,Napa,055,140530,86,74,0,74,2
2020-05-05,Nevada,057,99092,41,41,1,42,1
2020-05-05,Orange,059,3164182,4661,3041,36,3077,63
2020-05-05,Placer,061,380077,184,162,0,162,8
2020-05-05,Plumas,063,18699,4,4,0,4,0
2020-05-05,Riverside,065,2383286,5384,4309,16,4325,161
2020-05-05,Sacramento,067,1510023,1180,1125,0,1125,48
2020-05-05,San Benito,069,59416,56,50,0,50,2
2020-05-05,San Bernardino,071,2135413,3168,2345,2,2347,104
2020-05-05,San Diego,073,3302833,5250,4162,0,4162,150
2020-05-05,San Francisco,075,870044,2019,1779,0,1779,31
2020-05-05,San Joaquin,077,732212,642,577,3,580,26
2020-05-05,San Luis Obispo,079,281455,282,203,3,206,1
2020-05-05,San Mateo,081,765935,1578,1335,2,1337,56
2020-05-05,Santa Barbara,083,443738,1174,541,4,545,7
2020-05-05,Santa Clara,085,1922200,2770,2249,8,2257,124
2020-05-05,Santa Cruz,087,273765,146,134,0,134,2
2020-05-05,Shasta,089,179085,44,31,0,31,4
2020-05-05,Sierra,091,2930,0,0,0,0,0
2020-05-05,Siskiyou,093,43540,5,5,0,5,0
2020-05-05,Solano,095,438530,386,299,0,299,4
2020-05-05,Sonoma,097,501317,327,263,0,263,3
2020-05-05,Stanislaus,099,539301,520,430,4,434,9
2020-05-05,Sutter,101,95872,36,29,0,29,2
2020-05-05,Tehama,103,63373,2,1,0,1,1
2020-05-05,Trinity,105,12862,2,0,0,0,0
2020-05-05,Tulare,107,460477,1440,869,6,875,40
2020-05-05,Tuolumne,109,53932,3,2,0,2,0
2020-05-05,Ventura,111,848112,831,607,1,608,19
2020-05-05,Yolo,113,214977,192,171,0,171,18
2020-05-05,Yuba,115,75493,22,15,0,15,1
2020-05-04,Alameda,001,1643700,2178,1762,2,1764,65
2020-05-04,Alpine,003,1148,1,1,0,1,0
2020-05-04,Amador,005,37829,8,8,0,8,0
2020-05-04,Butte,007,227075,28,16,1,17,0
2020-05-04,Calaveras,009,45235,13,13,0,13,0
2020-05-04,Colusa,011,21464,3,3,0,3,0
2020-05-04,Contra Costa,013,1133247,1089,949,0,949,28
2020-05-04,Del Norte,015,27424,5,3,0,3,0
2020-05-04,El Dorado,017,186661,66,51,0,51,0
2020-05-04,Fresno,019,978130,1378,680,17,697,8
2020-05-04,Glenn,021,27897,8,4,0,4,0
2020-05-04,Humboldt,023,135768,61,54,0,54,0
2020-05-04,Imperial,025,180216,740,351,0,351,6
2020-05-04,Inyo,027,18085,19,20,0,20,1
2020-05-04,Kern,029,883053,1390,1047,1,1048,8
2020-05-04,Kings,031,150075,314,153,1,154,1
2020-05-04,Lake,033,64148,9,7,0,7,0
2020-05-04,Lassen,035,31185,3,0,2,2,0
2020-05-04,Los Angeles,037,10098052,33793,26243,16,26259,1235
2020-05-04,Madera,039,155013,110,52,1,53,2
2020-05-04,Marin,041,260295,259,244,1,245,13
2020-05-04,Mariposa,043,17540,15,13,0,13,0
2020-05-04,Mendocino,045,87422,12,10,0,10,0
2020-05-04,Merced,047,269075,221,138,0,138,3
2020-05-04,Modoc,049,8938,0,0,0,0,0
2020-05-04,Mono,051,14174,32,25,0,25,1
2020-05-04,Monterey,053,433212,303,237,0,237,6
2020-05-04,Napa,055,140530,86,72,0,72,2
2020-05-04,Nevada,057,99092,41,41,1,42,1
2020-05-04,Orange,059,3164182,4523,2931,33,2964,57
2020-05-04,Placer,061,380077,182,162,0,162,8
2020-05-04,Plumas,063,18699,4,4,0,4,0
2020-05-04,Riverside,065,2383286,5290,4221,16,4237,147
2020-05-04,Sacramento,067,1510023,1170,1119,0,1119,44
2020-05-04,San Benito,069,59416,54,49,0,49,2
2020-05-04,San Bernardino,071,2135413,3028,2184,2,2186,99
2020-05-04,San Diego,073,3302833,5109,4022,0,4022,144
2020-05-04,San Francisco,075,870044,1981,1760,0,1760,31
2020-05-04,San Joaquin,077,732212,628,574,3,577,26
2020-05-04,San Luis Obispo,079,281455,279,202,3,205,1
2020-05-04,San Mateo,081,765935,1553,1313,2,1315,53
2020-05-04,Santa Barbara,083,443738,927,524,4,528,7
2020-05-04,Santa Clara,085,1922200,2755,2238,8,2246,119
2020-05-04,Santa Cruz,087,273765,145,133,0,133,2
2020-05-04,Shasta,089,179085,42,31,0,31,4
2020-05-04,Sierra,091,2930,0,0,0,0,0
2020-05-04,Siskiyou,093,43540,5,5,0,5,0
2020-05-04,Solano,095,438530,372,293,0,293,4
2020-05-04,Sonoma,097,501317,313,256,0,256,4
2020-05-04,Stanislaus,099,539301,514,422,4,426,8
2020-05-04,Sutter,101,95872,33,28,0,28,2
2020-05-04,Tehama,103,63373,2,1,0,1,1
2020-05-04,Trinity,105,12862,1,0,0,0,0
2020-05-04,Tulare,107,460477,1361,760,6,766,40
2020-05-04,Tuolumne,109,53932,3,3,0,3,0
2020-05-04,Ventura,111,848112,810,590,1,591,19
2020-05-04,Yolo,113,214977,191,171,0,171,18
2020-05-04,Yuba,115,75493,19,16,0,16,1
2020-05-03,Alameda,001,1643700,2121,1731,2,1733,64
2020-05-03,Alpine,003,1148,1,1,0,1,0
2020-05-03,Amador,005,37829,8,8,0,8,0
2020-05-03,Butte,007,227075,28,17,1,18,0
2020-05-03,Calaveras,009,45235,13,13,0,13,0
2020-05-03,Colusa,011,21464,3,3,0,3,0
2020-05-03,Contra Costa,013,1133247,1073,945,0,945,28
2020-05-03,Del Norte,015,27424,5,3,0,3,0
2020-05-03,El Dorado,017,186661,64,49,0,49,0
2020-05-03,Fresno,019,978130,1286,646,15,661,8
2020-05-03,Glenn,021,27897,7,5,0,5,0
2020-05-03,Humboldt,023,135768,60,54,0,54,0
2020-05-03,Imperial,025,180216,684,351,0,351,6
2020-05-03,Inyo,027,18085,19,20,0,20,1
2020-05-03,Kern,029,883053,1335,1025,1,1026,8
2020-05-03,Kings,031,150075,294,137,1,138,1
2020-05-03,Lake,033,64148,9,7,0,7,0
2020-05-03,Lassen,035,31185,3,0,2,2,0
2020-05-03,Los Angeles,037,10098052,32808,25708,16,25724,1210
2020-05-03,Madera,039,155013,103,46,1,47,2
2020-05-03,Marin,041,260295,254,243,1,244,13
2020-05-03,Mariposa,043,17540,15,13,0,13,0
2020-05-03,Mendocino,045,87422,12,10,0,10,0
2020-05-03,Merced,047,269075,213,134,0,134,3
2020-05-03,Modoc,049,8938,0,0,0,0,0
2020-05-03,Mono,051,14174,32,25,0,25,1
2020-05-03,Monterey,053,433212,294,235,0,235,6
2020-05-03,Napa,055,140530,86,72,0,72,2
2020-05-03,Nevada,057,99092,41,41,1,42,1
2020-05-03,Orange,059,3164182,4349,2859,32,2891,55
2020-05-03,Placer,061,380077,182,161,0,161,8
2020-05-03,Plumas,063,18699,4,4,0,4,0
2020-05-03,Riverside,065,2383286,5185,4034,16,4050,139
2020-05-03,Sacramento,067,1510023,1161,1109,0,1109,43
2020-05-03,San Benito,069,59416,54,49,0,49,2
2020-05-03,San Bernardino,071,2135413,2968,2123,2,2125,99
2020-05-03,San Diego,073,3302833,4972,3929,0,3929,142
2020-05-03,San Francisco,075,870044,1952,1692,0,1692,30
2020-05-03,San Joaquin,077,732212,621,570,3,573,26
2020-05-03,San Luis Obispo,079,281455,276,200,3,203,1
2020-05-03,San Mateo,081,765935,1525,1277,2,1279,53
2020-05-03,Santa Barbara,083,443738,568,512,4,516,7
2020-05-03,Santa Clara,085,1922200,2718,2235,8,2243,116
2020-05-03,Santa Cruz,087,273765,145,133,0,133,2
2020-05-03,Shasta,089,179085,40,31,0,31,4
2020-05-03,Sierra,091,2930,0,0,0,0,0
2020-05-03,Siskiyou,093,43540,5,5,0,5,0
2020-05-03,Solano,095,438530,362,266,0,266,4
2020-05-03,Sonoma,097,501317,304,254,0,254,4
2020-05-03,Stanislaus,099,539301,486,411,4,415,8
2020-05-03,Sutter,101,95872,31,28,0,28,2
2020-05-03,Tehama,103,63373,2,1,0,1,1
2020-05-03,Trinity,105,12862,1,0,0,0,0
2020-05-03,Tulare,107,460477,1282,736,6,742,40
2020-05-03,Tuolumne,109,53932,3,3,0,3,0
2020-05-03,Ventura,111,848112,776,583,1,584,19
2020-05-03,Yolo,113,214977,190,171,0,171,18
2020-05-03,Yuba,115,75493,19,16,0,16,1
2020-05-02,Alameda,001,1643700,2084,1678,2,1680,63
2020-05-02,Alpine,003,1148,1,1,0,1,0
2020-05-02,Amador,005,37829,8,8,0,8,0
2020-05-02,Butte,007,227075,28,17,1,18,0
2020-05-02,Calaveras,009,45235,13,13,0,13,0
2020-05-02,Colusa,011,21464,3,3,0,3,0
2020-05-02,Contra Costa,013,1133247,1055,929,0,929,28
2020-05-02,Del Norte,015,27424,5,3,0,3,0
2020-05-02,El Dorado,017,186661,64,47,0,47,0
2020-05-02,Fresno,019,978130,1260,629,14,643,8
2020-05-02,Glenn,021,27897,7,5,0,5,0
2020-05-02,Humboldt,023,135768,60,54,0,54,0
2020-05-02,Imperial,025,180216,657,345,0,345,6
2020-05-02,Inyo,027,18085,19,20,0,20,1
2020-05-02,Kern,029,883053,1309,1007,1,1008,8
2020-05-02,Kings,031,150075,291,120,1,121,1
2020-05-02,Lake,033,64148,9,7,0,7,0
2020-05-02,Lassen,035,31185,3,0,2,2,0
2020-05-02,Los Angeles,037,10098052,32278,24955,16,24971,1192
2020-05-02,Madera,039,155013,103,46,1,47,2
2020-05-02,Marin,041,260295,253,243,1,244,13
2020-05-02,Mariposa,043,17540,15,13,0,13,0
2020-05-02,Mendocino,045,87422,12,10,0,10,0
2020-05-02,Merced,047,269075,210,131,0,131,3
2020-05-02,Modoc,049,8938,0,0,0,0,0
2020-05-02,Mono,051,14174,32,25,0,25,1
2020-05-02,Monterey,053,433212,288,225,0,225,5
2020-05-02,Napa,055,140530,86,71,0,71,2
2020-05-02,Nevada,057,99092,41,41,1,42,1
2020-05-02,Orange,059,3164182,4235,2774,32,2806,52
2020-05-02,Placer,061,380077,180,150,0,150,8
2020-05-02,Plumas,063,18699,4,4,0,4,0
2020-05-02,Riverside,065,2383286,5119,3997,16,4013,137
2020-05-02,Sacramento,067,1510023,1158,1097,0,1097,43
2020-05-02,San Benito,069,59416,54,49,0,49,2
2020-05-02,San Bernardino,071,2135413,2929,2124,2,2126,99
2020-05-02,San Diego,073,3302833,4870,3844,0,3844,138
2020-05-02,San Francisco,075,870044,1929,1632,0,1632,29
2020-05-02,San Joaquin,077,732212,613,559,3,562,25
2020-05-02,San Luis Obispo,079,281455,270,193,3,196,1
2020-05-02,San Mateo,081,765935,1509,1272,2,1274,52
2020-05-02,Santa Barbara,083,443738,560,506,4,510,7
2020-05-02,Santa Clara,085,1922200,2708,2203,8,2211,115
2020-05-02,Santa Cruz,087,273765,144,131,0,131,2
2020-05-02,Shasta,089,179085,40,31,0,31,4
2020-05-02,Sierra,091,2930,0,0,0,0,0
2020-05-02,Siskiyou,093,43540,5,5,0,5,0
2020-05-02,Solano,095,438530,355,267,0,267,4
2020-05-02,Sonoma,097,501317,301,250,0,250,3
2020-05-02,Stanislaus,099,539301,478,388,4,392,8
2020-05-02,Sutter,101,95872,31,28,0,28,2
2020-05-02,Tehama,103,63373,2,1,0,1,1
2020-05-02,Trinity,105,12862,1,0,0,0,0
2020-05-02,Tulare,107,460477,1239,711,6,717,35
2020-05-02,Tuolumne,109,53932,3,3,0,3,0
2020-05-02,Ventura,111,848112,762,564,1,565,19
2020-05-02,Yolo,113,214977,190,169,0,169,17
2020-05-02,Yuba,115,75493,19,16,0,16,1
2020-05-01,Alameda,001,1643700,2047,1630,2,1632,63
2020-05-01,Alpine,003,1148,1,1,0,1,0
2020-05-01,Amador,005,37829,8,8,0,8,0
2020-05-01,Butte,007,227075,28,17,1,18,0
2020-05-01,Calaveras,009,45235,13,13,0,13,0
2020-05-01,Colusa,011,21464,3,3,0,3,0
2020-05-01,Contra Costa,013,1133247,1041,915,0,915,28
2020-05-01,Del Norte,015,27424,5,3,0,3,0
2020-05-01,El Dorado,017,186661,64,47,0,47,0
2020-05-01,Fresno,019,978130,1229,617,14,631,7
2020-05-01,Glenn,021,27897,7,4,0,4,0
2020-05-01,Humboldt,023,135768,60,54,0,54,0
2020-05-01,Imperial,025,180216,620,337,0,337,6
2020-05-01,Inyo,027,18085,19,20,0,20,1
2020-05-01,Kern,029,883053,1282,972,1,973,8
2020-05-01,Kings,031,150075,274,112,1,113,1
2020-05-01,Lake,033,64148,9,6,0,6,0
2020-05-01,Lassen,035,31185,3,0,2,2,0
2020-05-01,Los Angeles,037,10098052,31521,24306,16,24322,1155
2020-05-01,Madera,039,155013,99,46,1,47,2
2020-05-01,Marin,041,260295,253,242,1,243,13
2020-05-01,Mariposa,043,17540,15,10,0,10,0
2020-05-01,Mendocino,045,87422,12,11,0,11,0
2020-05-01,Merced,047,269075,207,131,0,131,3
2020-05-01,Modoc,049,8938,0,0,0,0,0
2020-05-01,Mono,051,14174,32,25,0,25,1
2020-05-01,Monterey,053,433212,284,222,0,222,5
2020-05-01,Napa,055,140530,86,69,0,69,2
2020-05-01,Nevada,057,99092,41,41,1,42,1
2020-05-01,Orange,059,3164182,4158,2660,30,2690,51
2020-05-01,Placer,061,380077,179,149,0,149,8
2020-05-01,Plumas,063,18699,4,4,0,4,0
2020-05-01,Riverside,065,2383286,5055,3893,16,3909,132
2020-05-01,Sacramento,067,1510023,1153,1081,0,1081,43
2020-05-01,San Benito,069,59416,54,49,0,49,2
2020-05-01,San Bernardino,071,2135413,2874,2084,2,2086,98
2020-05-01,San Diego,073,3302833,4779,3713,0,3713,134
2020-05-01,San Francisco,075,870044,1885,1552,0,1552,29
2020-05-01,San Joaquin,077,732212,609,554,3,557,25
2020-05-01,San Luis Obispo,079,281455,267,186,3,189,1
2020-05-01,San Mateo,081,765935,1487,1222,2,1224,52
2020-05-01,Santa Barbara,083,443738,554,499,3,502,7
2020-05-01,Santa Clara,085,1922200,2696,2176,8,2184,112
2020-05-01,Santa Cruz,087,273765,144,127,0,127,2
2020-05-01,Shasta,089,179085,40,31,0,31,4
2020-05-01,Sierra,091,2930,0,0,0,0,0
2020-05-01,Siskiyou,093,43540,5,5,0,5,0
2020-05-01,Solano,095,438530,347,266,0,266,4
2020-05-01,Sonoma,097,501317,298,242,0,242,3
2020-05-01,Stanislaus,099,539301,473,384,4,388,8
2020-05-01,Sutter,101,95872,31,28,0,28,2
2020-05-01,Tehama,103,63373,2,1,0,1,1
2020-05-01,Trinity,105,12862,1,0,0,0,0
2020-05-01,Tulare,107,460477,1195,685,6,691,32
2020-05-01,Tuolumne,109,53932,3,3,0,3,0
2020-05-01,Ventura,111,848112,749,556,1,557,18
2020-05-01,Yolo,113,214977,190,165,0,165,18
2020-05-01,Yuba,115,75493,19,16,0,16,1
2020-04-30,Alameda,001,1643700,1987,1599,2,1601,60
2020-04-30,Alpine,003,1148,1,1,0,1,0
2020-04-30,Amador,005,37829,8,8,0,8,0
2020-04-30,Butte,007,227075,28,16,1,17,0
2020-04-30,Calaveras,009,45235,13,13,0,13,0
2020-04-30,Colusa,011,21464,3,3,0,3,0
2020-04-30,Contra Costa,013,1133247,1019,900,0,900,25
2020-04-30,Del Norte,015,27424,4,3,0,3,0
2020-04-30,El Dorado,017,186661,64,44,0,44,0
2020-04-30,Fresno,019,978130,1163,562,11,573,7
2020-04-30,Glenn,021,27897,7,4,0,4,0
2020-04-30,Humboldt,023,135768,60,54,0,54,0
2020-04-30,Imperial,025,180216,574,322,0,322,6
2020-04-30,Inyo,027,18085,19,20,0,20,1
2020-04-30,Kern,029,883053,1250,941,1,942,8
2020-04-30,Kings,031,150075,262,87,1,88,1
2020-04-30,Lake,033,64148,9,6,0,6,0
2020-04-30,Lassen,035,31185,3,0,2,2,0
2020-04-30,Los Angeles,037,10098052,30514,23284,16,23300,1099
2020-04-30,Madera,039,155013,88,46,1,47,2
2020-04-30,Marin,041,260295,253,240,1,241,13
2020-04-30,Mariposa,043,17540,15,3,0,3,0
2020-04-30,Mendocino,045,87422,12,11,0,11,0
2020-04-30,Merced,047,269075,200,122,0,122,3
2020-04-30,Modoc,049,8938,0,0,0,0,0
2020-04-30,Mono,051,14174,31,25,0,25,1
2020-04-30,Monterey,053,433212,274,213,0,213,5
2020-04-30,Napa,055,140530,84,69,0,69,2
2020-04-30,Nevada,057,99092,41,41,1,42,1
2020-04-30,Orange,059,3164182,3935,2591,27,2618,46
2020-04-30,Placer,061,380077,178,148,0,148,8
2020-04-30,Plumas,063,18699,4,4,0,4,0
2020-04-30,Riverside,065,2383286,4955,3820,15,3835,124
2020-04-30,Sacramento,067,1510023,1147,1071,0,1071,43
2020-04-30,San Benito,069,59416,54,48,0,48,2
2020-04-30,San Bernardino,071,2135413,2672,2020,2,2022,96
2020-04-30,San Diego,073,3302833,4608,3566,0,3566,124
2020-04-30,San Francisco,075,870044,1851,1518,0,1518,26
2020-04-30,San Joaquin,077,732212,601,548,3,551,25
2020-04-30,San Luis Obispo,079,281455,264,182,3,185,1
2020-04-30,San Mateo,081,765935,1457,1194,2,1196,52
2020-04-30,Santa Barbara,083,443738,542,490,3,493,7
2020-04-30,Santa Clara,085,1922200,2656,2172,8,2180,111
2020-04-30,Santa Cruz,087,273765,143,126,0,126,2
2020-04-30,Shasta,089,179085,39,31,0,31,4
2020-04-30,Sierra,091,2930,0,0,0,0,0
2020-04-30,Siskiyou,093,43540,5,5,0,5,0
2020-04-30,Solano,095,438530,337,262,0,262,4
2020-04-30,Sonoma,097,501317,289,233,0,233,3
2020-04-30,Stanislaus,099,539301,466,378,4,382,7
2020-04-30,Sutter,101,95872,31,28,0,28,2
2020-04-30,Tehama,103,63373,1,1,0,1,1
2020-04-30,Trinity,105,12862,1,0,0,0,0
2020-04-30,Tulare,107,460477,1129,637,6,643,31
2020-04-30,Tuolumne,109,53932,3,3,0,3,0
2020-04-30,Ventura,111,848112,721,547,1,548,18
2020-04-30,Yolo,113,214977,189,164,0,164,16
2020-04-30,Yuba,115,75493,19,15,0,15,1
2020-04-29,Alameda,001,1643700,1929,1564,2,1566,60
2020-04-29,Alpine,003,1148,1,1,0,1,0
2020-04-29,Amador,005,37829,8,8,0,8,0
2020-04-29,Butte,007,227075,28,16,1,17,0
2020-04-29,Calaveras,009,45235,13,13,0,13,0
2020-04-29,Colusa,011,21464,3,3,0,3,0
2020-04-29,Contra Costa,013,1133247,1000,885,0,885,25
2020-04-29,Del Norte,015,27424,4,3,0,3,0
2020-04-29,El Dorado,017,186661,62,44,0,44,0
2020-04-29,Fresno,019,978130,1111,544,11,555,7
2020-04-29,Glenn,021,27897,7,4,0,4,0
2020-04-29,Humboldt,023,135768,60,53,0,53,0
2020-04-29,Imperial,025,180216,544,300,0,300,6
2020-04-29,Inyo,027,18085,19,20,0,20,1
2020-04-29,Kern,029,883053,1207,910,1,911,6
2020-04-29,Kings,031,150075,243,80,1,81,1
2020-04-29,Lake,033,64148,9,6,0,6,0
2020-04-29,Lassen,035,31185,3,0,2,2,0
2020-04-29,Los Angeles,037,10098052,29537,22560,15,22575,1043
2020-04-29,Madera,039,155013,86,45,1,46,2
2020-04-29,Marin,041,260295,250,234,1,235,13
2020-04-29,Mariposa,043,17540,15,1,0,1,0
2020-04-29,Mendocino,045,87422,12,11,0,11,0
2020-04-29,Merced,047,269075,193,116,0,116,3
2020-04-29,Modoc,049,8938,0,0,0,0,0
2020-04-29,Mono,051,14174,31,25,0,25,1
2020-04-29,Monterey,053,433212,266,204,0,204,5
2020-04-29,Napa,055,140530,82,68,0,68,2
2020-04-29,Nevada,057,99092,41,41,1,42,1
2020-04-29,Orange,059,3164182,3800,2421,26,2447,43
2020-04-29,Placer,061,380077,176,145,0,145,8
2020-04-29,Plumas,063,18699,4,4,0,4,0
2020-04-29,Riverside,065,2383286,4878,3700,15,3715,116
2020-04-29,Sacramento,067,1510023,1125,1055,0,1055,41
2020-04-29,San Benito,069,59416,54,48,0,48,2
2020-04-29,San Bernardino,071,2135413,2585,1975,1,1976,91
2020-04-29,San Diego,073,3302833,4466,3434,0,3434,120
2020-04-29,San Francisco,075,870044,1823,1489,0,1489,23
2020-04-29,San Joaquin,077,732212,593,540,3,543,25
2020-04-29,San Luis Obispo,079,281455,262,181,3,184,1
2020-04-29,San Mateo,081,765935,1431,1170,2,1172,50
2020-04-29,Santa Barbara,083,443738,529,477,3,480,7
2020-04-29,Santa Clara,085,1922200,2629,2147,8,2155,108
2020-04-29,Santa Cruz,087,273765,142,124,0,124,2
2020-04-29,Shasta,089,179085,38,31,0,31,4
2020-04-29,Sierra,091,2930,0,0,0,0,0
2020-04-29,Siskiyou,093,43540,5,5,0,5,0
2020-04-29,Solano,095,438530,313,252,0,252,3
2020-04-29,Sonoma,097,501317,281,230,0,230,2
2020-04-29,Stanislaus,099,539301,453,374,4,378,5
2020-04-29,Sutter,101,95872,31,28,0,28,2
2020-04-29,Tehama,103,63373,1,1,0,1,1
2020-04-29,Trinity,105,12862,1,0,0,0,0
2020-04-29,Tulare,107,460477,1056,615,5,620,30
2020-04-29,Tuolumne,109,53932,3,4,0,4,0
2020-04-29,Ventura,111,848112,697,530,1,531,18
2020-04-29,Yolo,113,214977,186,161,0,161,11
2020-04-29,Yuba,115,75493,19,15,0,15,1
2020-04-28,Alameda,001,1643700,1872,1525,2,1527,55
2020-04-28,Alpine,003,1148,1,1,0,1,0
2020-04-28,Amador,005,37829,8,8,0,8,0
2020-04-28,Butte,007,227075,28,16,1,17,0
2020-04-28,Calaveras,009,45235,13,13,0,13,0
2020-04-28,Colusa,011,21464,3,3,0,3,0
2020-04-28,Contra Costa,013,1133247,993,866,0,866,25
2020-04-28,Del Norte,015,27424,4,3,0,3,0
2020-04-28,El Dorado,017,186661,61,43,0,43,0
2020-04-28,Fresno,019,978130,1060,525,9,534,7
2020-04-28,Glenn,021,27897,5,4,0,4,0
2020-04-28,Humboldt,023,135768,59,53,0,53,0
2020-04-28,Imperial,025,180216,510,295,0,295,6
2020-04-28,Inyo,027,18085,19,20,0,20,1
2020-04-28,Kern,029,883053,1164,882,1,883,5
2020-04-28,Kings,031,150075,230,57,1,58,1
2020-04-28,Lake,033,64148,9,6,0,6,0
2020-04-28,Lassen,035,31185,3,0,2,2,0
2020-04-28,Los Angeles,037,10098052,28472,21029,15,21044,984
2020-04-28,Madera,039,155013,86,44,1,45,2
2020-04-28,Marin,041,260295,249,228,1,229,12
2020-04-28,Mariposa,043,17540,15,0,0,0,0
2020-04-28,Mendocino,045,87422,12,10,0,10,0
2020-04-28,Merced,047,269075,186,108,0,108,3
2020-04-28,Modoc,049,8938,0,0,0,0,0
2020-04-28,Mono,051,14174,31,25,0,25,1
2020-04-28,Monterey,053,433212,260,191,0,191,5
2020-04-28,Napa,055,140530,81,67,0,67,2
2020-04-28,Nevada,057,99092,41,41,1,42,1
2020-04-28,Orange,059,3164182,3637,2324,25,2349,42
2020-04-28,Placer,061,380077,166,143,0,143,8
2020-04-28,Plumas,063,18699,4,4,0,4,0
2020-04-28,Riverside,065,2383286,4783,3504,15,3519,113
2020-04-28,Sacramento,067,1510023,1110,1044,0,1044,41
2020-04-28,San Benito,069,59416,52,46,0,46,2
2020-04-28,San Bernardino,071,2135413,2508,1891,1,1892,89
2020-04-28,San Diego,073,3302833,4336,3316,0,3316,118
2020-04-28,San Francisco,075,870044,1788,1471,0,1471,23
2020-04-28,San Joaquin,077,732212,587,532,3,535,25
2020-04-28,San Luis Obispo,079,281455,255,172,3,175,1
2020-04-28,San Mateo,081,765935,1418,1129,2,1131,48
2020-04-28,Santa Barbara,083,443738,524,469,2,471,7
2020-04-28,Santa Clara,085,1922200,2595,2130,8,2138,106
2020-04-28,Santa Cruz,087,273765,142,123,0,123,2
2020-04-28,Shasta,089,179085,38,29,0,29,4
2020-04-28,Sierra,091,2930,0,0,0,0,0
2020-04-28,Siskiyou,093,43540,5,5,0,5,0
2020-04-28,Solano,095,438530,294,246,0,246,3
2020-04-28,Sonoma,097,501317,278,226,0,226,1
2020-04-28,Stanislaus,099,539301,437,330,4,334,5
2020-04-28,Sutter,101,95872,31,25,0,25,2
2020-04-28,Tehama,103,63373,1,1,0,1,1
2020-04-28,Trinity,105,12862,1,0,0,0,0
2020-04-28,Tulare,107,460477,960,579,5,584,30
2020-04-28,Tuolumne,109,53932,3,4,0,4,0
2020-04-28,Ventura,111,848112,677,517,1,518,17
2020-04-28,Yolo,113,214977,186,160,0,160,10
2020-04-28,Yuba,115,75493,19,15,0,15,1
2020-04-27,Alameda,001,1643700,1812,1494,2,1496,53
2020-04-27,Alpine,003,1148,1,1,0,1,0
2020-04-27,Amador,005,37829,8,8,0,8,0
2020-04-27,Butte,007,227075,27,16,1,17,0
2020-04-27,Calaveras,009,45235,13,13,0,13,0
2020-04-27,Colusa,011,21464,3,3,0,3,0
2020-04-27,Contra Costa,013,1133247,981,843,0,843,25
2020-04-27,Del Norte,015,27424,4,3,0,3,0
2020-04-27,El Dorado,017,186661,60,43,0,43,0
2020-04-27,Fresno,019,978130,957,504,8,512,7
2020-04-27,Glenn,021,27897,5,4,0,4,0
2020-04-27,Humboldt,023,135768,59,52,0,52,0
2020-04-27,Imperial,025,180216,480,290,0,290,6
2020-04-27,Inyo,027,18085,19,20,0,20,1
2020-04-27,Kern,029,883053,1125,865,1,866,4
2020-04-27,Kings,031,150075,207,48,1,49,1
2020-04-27,Lake,033,64148,8,6,0,6,0
2020-04-27,Lassen,035,31185,3,0,2,2,0
2020-04-27,Los Angeles,037,10098052,27453,20456,15,20471,931
2020-04-27,Madera,039,155013,84,42,1,43,2
2020-04-27,Marin,041,260295,244,227,1,228,12
2020-04-27,Mariposa,043,17540,14,0,0,0,0
2020-04-27,Mendocino,045,87422,12,10,0,10,0
2020-04-27,Merced,047,269075,183,108,0,108,3
2020-04-27,Modoc,049,8938,0,0,0,0,0
2020-04-27,Mono,051,14174,31,23,0,23,1
2020-04-27,Monterey,053,433212,253,185,0,185,4
2020-04-27,Napa,055,140530,77,64,0,64,2
2020-04-27,Nevada,057,99092,41,39,1,40,1
2020-04-27,Orange,059,3164182,3468,2198,25,2223,42
2020-04-27,Placer,061,380077,166,142,0,142,8
2020-04-27,Plumas,063,18699,4,4,0,4,0
2020-04-27,Riverside,065,2383286,4660,3381,15,3396,100
2020-04-27,Sacramento,067,1510023,1095,1035,0,1035,41
2020-04-27,San Benito,069,59416,50,45,0,45,2
2020-04-27,San Bernardino,071,2135413,2394,1742,1,1743,82
2020-04-27,San Diego,073,3302833,4210,3143,0,3143,113
2020-04-27,San Francisco,075,870044,1734,1453,0,1453,23
2020-04-27,San Joaquin,077,732212,581,522,3,525,25
2020-04-27,San Luis Obispo,079,281455,247,166,3,169,1
2020-04-27,San Mateo,081,765935,1396,1092,2,1094,46
2020-04-27,Santa Barbara,083,443738,516,466,2,468,7
2020-04-27,Santa Clara,085,1922200,2570,2104,7,2111,105
2020-04-27,Santa Cruz,087,273765,142,123,0,123,2
2020-04-27,Shasta,089,179085,38,29,0,29,4
2020-04-27,Sierra,091,2930,0,0,0,0,0
2020-04-27,Siskiyou,093,43540,5,5,0,5,0
2020-04-27,Solano,095,438530,294,222,0,222,3
2020-04-27,Sonoma,097,501317,269,220,0,220,1
2020-04-27,Stanislaus,099,539301,421,316,4,320,5
2020-04-27,Sutter,101,95872,29,26,0,26,2
2020-04-27,Tehama,103,63373,1,1,0,1,1
2020-04-27,Trinity,105,12862,1,0,0,0,0
2020-04-27,Tulare,107,460477,889,535,5,540,28
2020-04-27,Tuolumne,109,53932,3,3,0,3,0
2020-04-27,Ventura,111,848112,658,513,1,514,17
2020-04-27,Yolo,113,214977,183,160,0,160,9
2020-04-27,Yuba,115,75493,19,15,0,15,1
2020-04-26,Alameda,001,1643700,1751,1449,2,1451,52
2020-04-26,Alpine,003,1148,1,1,0,1,0
2020-04-26,Amador,005,37829,8,8,0,8,0
2020-04-26,Butte,007,227075,27,16,1,17,0
2020-04-26,Calaveras,009,45235,13,13,0,13,0
2020-04-26,Colusa,011,21464,3,3,0,3,0
2020-04-26,Contra Costa,013,1133247,965,830,0,830,25
2020-04-26,Del Norte,015,27424,3,3,0,3,0
2020-04-26,El Dorado,017,186661,58,41,0,41,0
2020-04-26,Fresno,019,978130,863,476,7,483,7
2020-04-26,Glenn,021,27897,5,4,0,4,0
2020-04-26,Humboldt,023,135768,59,53,0,53,0
2020-04-26,Imperial,025,180216,446,272,0,272,6
2020-04-26,Inyo,027,18085,19,20,0,20,1
2020-04-26,Kern,029,883053,1075,831,1,832,4
2020-04-26,Kings,031,150075,182,33,1,34,1
2020-04-26,Lake,033,64148,8,6,0,6,0
2020-04-26,Lassen,035,31185,3,0,2,2,0
2020-04-26,Los Angeles,037,10098052,26296,19570,15,19585,901
2020-04-26,Madera,039,155013,82,39,1,40,2
2020-04-26,Marin,041,260295,238,225,1,226,12
2020-04-26,Mariposa,043,17540,14,0,0,0,0
2020-04-26,Mendocino,045,87422,12,5,0,5,0
2020-04-26,Merced,047,269075,166,104,0,104,3
2020-04-26,Modoc,049,8938,0,0,0,0,0
2020-04-26,Mono,051,14174,31,23,0,23,1
2020-04-26,Monterey,053,433212,246,182,0,182,4
2020-04-26,Napa,055,140530,76,62,0,62,2
2020-04-26,Nevada,057,99092,41,37,1,38,1
2020-04-26,Orange,059,3164182,3303,2124,25,2149,40
2020-04-26,Placer,061,380077,165,141,0,141,8
2020-04-26,Plumas,063,18699,4,4,0,4,0
2020-04-26,Riverside,065,2383286,4517,3301,15,3316,95
2020-04-26,Sacramento,067,1510023,1086,1027,0,1027,41
2020-04-26,San Benito,069,59416,50,45,0,45,2
2020-04-26,San Bernardino,071,2135413,2298,1681,1,1682,82
2020-04-26,San Diego,073,3302833,4068,3045,0,3045,111
2020-04-26,San Francisco,075,870044,1695,1403,0,1403,23
2020-04-26,San Joaquin,077,732212,573,514,3,517,25
2020-04-26,San Luis Obispo,079,281455,244,165,3,168,1
2020-04-26,San Mateo,081,765935,1370,1070,2,1072,46
2020-04-26,Santa Barbara,083,443738,509,464,2,466,7
2020-04-26,Santa Clara,085,1922200,2547,2097,6,2103,102
2020-04-26,Santa Cruz,087,273765,142,116,0,116,2
2020-04-26,Shasta,089,179085,35,29,0,29,4
2020-04-26,Sierra,091,2930,0,0,0,0,0
2020-04-26,Siskiyou,093,43540,5,5,0,5,0
2020-04-26,Solano,095,438530,285,205,0,205,3
2020-04-26,Sonoma,097,501317,258,216,0,216,1
2020-04-26,Stanislaus,099,539301,406,294,4,298,4
2020-04-26,Sutter,101,95872,29,26,0,26,2
2020-04-26,Tehama,103,63373,1,1,0,1,1
2020-04-26,Trinity,105,12862,1,0,0,0,0
2020-04-26,Tulare,107,460477,830,497,5,502,28
2020-04-26,Tuolumne,109,53932,3,3,0,3,0
2020-04-26,Ventura,111,848112,640,509,1,510,17
2020-04-26,Yolo,113,214977,182,158,0,158,8
2020-04-26,Yuba,115,75493,18,15,0,15,1
2020-04-25,Alameda,001,1643700,1726,1396,2,1398,52
2020-04-25,Alpine,003,1148,1,1,0,1,0
2020-04-25,Amador,005,37829,8,8,0,8,0
2020-04-25,Butte,007,227075,26,16,1,17,0
2020-04-25,Calaveras,009,45235,13,12,0,12,0
2020-04-25,Colusa,011,21464,3,3,0,3,0
2020-04-25,Contra Costa,013,1133247,951,821,0,821,24
2020-04-25,Del Norte,015,27424,2,2,0,2,0
2020-04-25,El Dorado,017,186661,57,41,0,41,0
2020-04-25,Fresno,019,978130,831,459,6,465,7
2020-04-25,Glenn,021,27897,5,4,0,4,0
2020-04-25,Humboldt,023,135768,59,53,0,53,0
2020-04-25,Imperial,025,180216,429,232,0,232,6
2020-04-25,Inyo,027,18085,19,20,0,20,1
2020-04-25,Kern,029,883053,1044,802,1,803,4
2020-04-25,Kings,031,150075,170,33,1,34,1
2020-04-25,Lake,033,64148,6,6,0,6,0
2020-04-25,Lassen,035,31185,3,0,2,2,0
2020-04-25,Los Angeles,037,10098052,25662,19144,15,19159,881
2020-04-25,Madera,039,155013,79,39,1,40,2
2020-04-25,Marin,041,260295,238,215,1,216,12
2020-04-25,Mariposa,043,17540,14,0,0,0,0
2020-04-25,Mendocino,045,87422,11,5,0,5,0
2020-04-25,Merced,047,269075,166,103,0,103,3
2020-04-25,Modoc,049,8938,0,0,0,0,0
2020-04-25,Mono,051,14174,31,23,0,23,1
2020-04-25,Monterey,053,433212,244,173,0,173,4
2020-04-25,Napa,055,140530,76,60,0,60,2
2020-04-25,Nevada,057,99092,41,37,1,38,1
2020-04-25,Orange,059,3164182,3195,2047,25,2072,40
2020-04-25,Placer,061,380077,165,137,0,137,8
2020-04-25,Plumas,063,18699,4,4,0,4,0
2020-04-25,Riverside,065,2383286,4427,3037,15,3052,93
2020-04-25,Sacramento,067,1510023,1084,1015,0,1015,41
2020-04-25,San Benito,069,59416,50,45,0,45,2
2020-04-25,San Bernardino,071,2135413,2252,1675,1,1676,82
2020-04-25,San Diego,073,3302833,3967,2945,0,2945,111
2020-04-25,San Francisco,075,870044,1670,1341,0,1341,22
2020-04-25,San Joaquin,077,732212,566,497,3,500,24
2020-04-25,San Luis Obispo,079,281455,243,159,3,162,1
2020-04-25,San Mateo,081,765935,1352,1054,2,1056,46
2020-04-25,Santa Barbara,083,443738,502,457,2,459,7
2020-04-25,Santa Clara,085,1922200,2525,2045,5,2050,99
2020-04-25,Santa Cruz,087,273765,142,112,0,112,2
2020-04-25,Shasta,089,179085,35,29,0,29,4
2020-04-25,Sierra,091,2930,0,0,0,0,0
2020-04-25,Siskiyou,093,43540,5,5,0,5,0
2020-04-25,Solano,095,438530,281,203,0,203,3
2020-04-25,Sonoma,097,501317,254,199,0,199,1
2020-04-25,Stanislaus,099,539301,398,276,4,280,4
2020-04-25,Sutter,101,95872,29,24,0,24,2
2020-04-25,Tehama,103,63373,1,1,0,1,1
2020-04-25,Trinity,105,12862,0,0,0,0,0
2020-04-25,Tulare,107,460477,797,478,5,483,28
2020-04-25,Tuolumne,109,53932,3,2,0,2,0
2020-04-25,Ventura,111,848112,626,494,1,495,16
2020-04-25,Yolo,113,214977,182,157,0,157,8
2020-04-25,Yuba,115,75493,17,15,0,15,1
2020-04-24,Alameda,001,1643700,1695,1385,2,1387,50
2020-04-24,Alpine,003,1148,1,1,0,1,0
2020-04-24,Amador,005,37829,8,8,0,8,0
2020-04-24,Butte,007,227075,25,15,1,16,0
2020-04-24,Calaveras,009,45235,13,12,0,12,0
2020-04-24,Colusa,011,21464,3,3,0,3,0
2020-04-24,Contra Costa,013,1133247,942,806,0,806,23
2020-04-24,Del Norte,015,27424,2,2,0,2,0
2020-04-24,El Dorado,017,186661,56,41,0,41,0
2020-04-24,Fresno,019,978130,808,449,6,455,7
2020-04-24,Glenn,021,27897,5,4,0,4,0
2020-04-24,Humboldt,023,135768,59,53,0,53,0
2020-04-24,Imperial,025,180216,413,232,0,232,6
2020-04-24,Inyo,027,18085,19,20,0,20,0
2020-04-24,Kern,029,883053,1020,770,1,771,4
2020-04-24,Kings,031,150075,141,30,1,31,1
2020-04-24,Lake,033,64148,6,6,0,6,0
2020-04-24,Lassen,035,31185,3,0,2,2,0
2020-04-24,Los Angeles,037,10098052,24732,18553,15,18568,836
2020-04-24,Madera,039,155013,79,39,1,40,2
2020-04-24,Marin,041,260295,238,211,1,212,11
2020-04-24,Mariposa,043,17540,8,0,0,0,0
2020-04-24,Mendocino,045,87422,11,5,0,5,0
2020-04-24,Merced,047,269075,163,102,0,102,3
2020-04-24,Modoc,049,8938,0,0,0,0,0
2020-04-24,Mono,051,14174,30,23,0,23,1
2020-04-24,Monterey,053,433212,237,167,0,167,4
2020-04-24,Napa,055,140530,75,59,0,59,2
2020-04-24,Nevada,057,99092,41,36,1,37,1
2020-04-24,Orange,059,3164182,3088,1945,25,1970,39
2020-04-24,Placer,061,380077,163,137,0,137,8
2020-04-24,Plumas,063,18699,4,4,0,4,0
2020-04-24,Riverside,065,2383286,4346,3044,15,3059,87
2020-04-24,Sacramento,067,1510023,1078,1009,0,1009,41
2020-04-24,San Benito,069,59416,50,45,0,45,2
2020-04-24,San Bernardino,071,2135413,2217,1667,1,1668,80
2020-04-24,San Diego,073,3302833,3856,2828,0,2828,102
2020-04-24,San Francisco,075,870044,1612,1345,0,1345,22
2020-04-24,San Joaquin,077,732212,559,484,3,487,24
2020-04-24,San Luis Obispo,079,281455,240,151,3,154,1
2020-04-24,San Mateo,081,765935,1329,1004,2,1006,43
2020-04-24,Santa Barbara,083,443738,496,450,2,452,6
2020-04-24,Santa Clara,085,1922200,2483,2026,5,2031,98
2020-04-24,Santa Cruz,087,273765,138,111,0,111,2
2020-04-24,Shasta,089,179085,35,28,0,28,4
2020-04-24,Sierra,091,2930,0,0,0,0,0
2020-04-24,Siskiyou,093,43540,5,5,0,5,0
2020-04-24,Solano,095,438530,279,203,0,203,3
2020-04-24,Sonoma,097,501317,250,199,0,199,1
2020-04-24,Stanislaus,099,539301,395,273,4,277,4
2020-04-24,Sutter,101,95872,28,24,0,24,2
2020-04-24,Tehama,103,63373,1,1,0,1,1
2020-04-24,Trinity,105,12862,0,0,0,0,0
2020-04-24,Tulare,107,460477,769,459,5,464,27
2020-04-24,Tuolumne,109,53932,3,2,0,2,0
2020-04-24,Ventura,111,848112,616,489,1,490,16
2020-04-24,Yolo,113,214977,181,155,0,155,8
2020-04-24,Yuba,115,75493,16,15,0,15,1
2020-04-23,Alameda,001,1643700,1657,1336,2,1338,46
2020-04-23,Alpine,003,1148,1,1,0,1,0
2020-04-23,Amador,005,37829,8,8,0,8,0
2020-04-23,Butte,007,227075,25,15,1,16,0
2020-04-23,Calaveras,009,45235,13,12,0,12,0
2020-04-23,Colusa,011,21464,3,3,0,3,0
2020-04-23,Contra Costa,013,1133247,921,786,0,786,23
2020-04-23,Del Norte,015,27424,2,2,0,2,0
2020-04-23,El Dorado,017,186661,55,39,0,39,0
2020-04-23,Fresno,019,978130,770,426,6,432,7
2020-04-23,Glenn,021,27897,5,3,0,3,0
2020-04-23,Humboldt,023,135768,59,53,0,53,0
2020-04-23,Imperial,025,180216,392,181,0,181,4
2020-04-23,Inyo,027,18085,19,19,0,19,0
2020-04-23,Kern,029,883053,972,732,1,733,4
2020-04-23,Kings,031,150075,126,28,1,29,1
2020-04-23,Lake,033,64148,6,6,0,6,0
2020-04-23,Lassen,035,31185,3,0,2,2,0
2020-04-23,Los Angeles,037,10098052,23671,17548,14,17562,784
2020-04-23,Madera,039,155013,77,37,1,38,2
2020-04-23,Marin,041,260295,225,209,1,210,11
2020-04-23,Mariposa,043,17540,7,0,0,0,0
2020-04-23,Mendocino,045,87422,9,5,0,5,0
2020-04-23,Merced,047,269075,159,98,0,98,3
2020-04-23,Modoc,049,8938,0,0,0,0,0
2020-04-23,Mono,051,14174,30,23,0,23,1
2020-04-23,Monterey,053,433212,233,161,0,161,4
2020-04-23,Napa,055,140530,68,59,0,59,2
2020-04-23,Nevada,057,99092,41,36,1,37,1
2020-04-23,Orange,059,3164182,2910,1841,24,1865,37
2020-04-23,Placer,061,380077,160,136,0,136,8
2020-04-23,Plumas,063,18699,4,4,0,4,0
2020-04-23,Riverside,065,2383286,4232,2935,14,2949,78
2020-04-23,Sacramento,067,1510023,1066,978,0,978,41
2020-04-23,San Benito,069,59416,47,43,0,43,2
2020-04-23,San Bernardino,071,2135413,2152,1604,1,1605,79
2020-04-23,San Diego,073,3302833,3695,2645,0,2645,100
2020-04-23,San Francisco,075,870044,1587,1312,0,1312,21
2020-04-23,San Joaquin,077,732212,549,479,3,482,20
2020-04-23,San Luis Obispo,079,281455,236,146,3,149,1
2020-04-23,San Mateo,081,765935,1290,970,2,972,42
2020-04-23,Santa Barbara,083,443738,490,445,2,447,6
2020-04-23,Santa Clara,085,1922200,2448,1996,5,2001,95
2020-04-23,Santa Cruz,087,273765,137,110,0,110,2
2020-04-23,Shasta,089,179085,35,27,0,27,3
2020-04-23,Sierra,091,2930,0,0,0,0,0
2020-04-23,Siskiyou,093,43540,5,5,0,5,0
2020-04-23,Solano,095,438530,265,196,0,196,3
2020-04-23,Sonoma,097,501317,238,187,0,187,1
2020-04-23,Stanislaus,099,539301,391,254,4,258,4
2020-04-23,Sutter,101,95872,28,24,0,24,2
2020-04-23,Tehama,103,63373,1,1,0,1,1
2020-04-23,Trinity,105,12862,0,0,0,0,0
2020-04-23,Tulare,107,460477,740,440,5,445,25
2020-04-23,Tuolumne,109,53932,3,2,0,2,0
2020-04-23,Ventura,111,848112,602,479,1,480,16
2020-04-23,Yolo,113,214977,178,151,0,151,8
2020-04-23,Yuba,115,75493,16,15,0,15,1
2020-04-22,Alameda,001,1643700,1608,1275,2,1277,46
2020-04-22,Alpine,003,1148,1,1,0,1,0
2020-04-22,Amador,005,37829,8,7,0,7,0
2020-04-22,Butte,007,227075,24,15,1,16,0
2020-04-22,Calaveras,009,45235,13,12,0,12,0
2020-04-22,Colusa,011,21464,3,3,0,3,0
2020-04-22,Contra Costa,013,1133247,906,772,0,772,22
2020-04-22,Del Norte,015,27424,2,2,0,2,0
2020-04-22,El Dorado,017,186661,55,39,0,39,0
2020-04-22,Fresno,019,978130,730,388,6,394,7
2020-04-22,Glenn,021,27897,5,3,0,3,0
2020-04-22,Humboldt,023,135768,59,53,0,53,0
2020-04-22,Imperial,025,180216,381,170,0,170,3
2020-04-22,Inyo,027,18085,19,18,0,18,0
2020-04-22,Kern,029,883053,950,713,1,714,4
2020-04-22,Kings,031,150075,105,28,1,29,1
2020-04-22,Lake,033,64148,6,6,0,6,0
2020-04-22,Lassen,035,31185,3,0,2,2,0
2020-04-22,Los Angeles,037,10098052,22644,16400,14,16414,715
2020-04-22,Madera,039,155013,75,37,1,38,2
2020-04-22,Marin,041,260295,223,202,1,203,11
2020-04-22,Mariposa,043,17540,6,0,0,0,0
2020-04-22,Mendocino,045,87422,6,5,0,5,0
2020-04-22,Merced,047,269075,147,92,0,92,3
2020-04-22,Modoc,049,8938,0,0,0,0,0
2020-04-22,Mono,051,14174,29,23,0,23,1
2020-04-22,Monterey,053,433212,226,154,0,154,4
2020-04-22,Napa,055,140530,67,58,0,58,2
2020-04-22,Nevada,057,99092,41,36,1,37,1
2020-04-22,Orange,059,3164182,2816,1785,23,1808,36
2020-04-22,Placer,061,380077,158,133,0,133,8
2020-04-22,Plumas,063,18699,4,4,0,4,0
2020-04-22,Riverside,065,2383286,4128,2822,14,2836,76
2020-04-22,Sacramento,067,1510023,1061,959,0,959,36
2020-04-22,San Benito,069,59416,46,43,0,43,2
2020-04-22,San Bernardino,071,2135413,2089,1564,1,1565,74
2020-04-22,San Diego,073,3302833,3567,2493,0,2493,96
2020-04-22,San Francisco,075,870044,1550,1255,0,1255,21
2020-04-22,San Joaquin,077,732212,538,462,3,465,20
2020-04-22,San Luis Obispo,079,281455,227,142,3,145,1
2020-04-22,San Mateo,081,765935,1267,945,2,947,40
2020-04-22,Santa Barbara,083,443738,485,437,2,439,6
2020-04-22,Santa Clara,085,1922200,2432,1969,5,1974,95
2020-04-22,Santa Cruz,087,273765,133,106,0,106,2
2020-04-22,Shasta,089,179085,34,26,0,26,3
2020-04-22,Sierra,091,2930,0,0,0,0,0
2020-04-22,Siskiyou,093,43540,5,5,0,5,0
2020-04-22,Solano,095,438530,247,195,0,195,3
2020-04-22,Sonoma,097,501317,235,185,0,185,1
2020-04-22,Stanislaus,099,539301,334,247,4,251,4
2020-04-22,Sutter,101,95872,28,22,0,22,2
2020-04-22,Tehama,103,63373,1,1,0,1,1
2020-04-22,Trinity,105,12862,0,0,0,0,0
2020-04-22,Tulare,107,460477,706,425,5,430,23
2020-04-22,Tuolumne,109,53932,3,2,0,2,0
2020-04-22,Ventura,111,848112,591,465,1,466,15
2020-04-22,Yolo,113,214977,177,147,0,147,8
2020-04-22,Yuba,115,75493,16,15,0,15,1
2020-04-21,Alameda,001,1643700,1578,1234,2,1236,46
2020-04-21,Alpine,003,1148,1,1,0,1,0
2020-04-21,Amador,005,37829,8,7,0,7,0
2020-04-21,Butte,007,227075,23,15,1,16,0
2020-04-21,Calaveras,009,45235,12,12,0,12,0
2020-04-21,Colusa,011,21464,3,3,0,3,0
2020-04-21,Contra Costa,013,1133247,892,766,0,766,22
2020-04-21,Del Norte,015,27424,2,2,0,2,0
2020-04-21,El Dorado,017,186661,54,36,0,36,0
2020-04-21,Fresno,019,978130,696,372,6,378,7
2020-04-21,Glenn,021,27897,5,3,0,3,0
2020-04-21,Humboldt,023,135768,58,53,0,53,0
2020-04-21,Imperial,025,180216,361,165,0,165,2
2020-04-21,Inyo,027,18085,19,18,0,18,0
2020-04-21,Kern,029,883053,908,676,1,677,4
2020-04-21,Kings,031,150075,91,28,1,29,1
2020-04-21,Lake,033,64148,6,6,0,6,0
2020-04-21,Lassen,035,31185,3,0,2,2,0
2020-04-21,Los Angeles,037,10098052,21786,15096,14,15110,650
2020-04-21,Madera,039,155013,75,37,1,38,2
2020-04-21,Marin,041,260295,217,202,1,203,10
2020-04-21,Mariposa,043,17540,5,0,0,0,0
2020-04-21,Mendocino,045,87422,6,5,0,5,0
2020-04-21,Merced,047,269075,143,89,0,89,3
2020-04-21,Modoc,049,8938,0,0,0,0,0
2020-04-21,Mono,051,14174,29,23,0,23,1
2020-04-21,Monterey,053,433212,223,151,0,151,4
2020-04-21,Napa,055,140530,66,58,0,58,2
2020-04-21,Nevada,057,99092,41,36,1,37,1
2020-04-21,Orange,059,3164182,2693,1717,22,1739,36
2020-04-21,Placer,061,380077,156,133,0,133,8
2020-04-21,Plumas,063,18699,4,4,0,4,0
2020-04-21,Riverside,065,2383286,3996,2631,14,2645,68
2020-04-21,Sacramento,067,1510023,1051,941,0,941,33
2020-04-21,San Benito,069,59416,44,43,0,43,2
2020-04-21,San Bernardino,071,2135413,2029,1499,1,1500,71
2020-04-21,San Diego,073,3302833,3411,2436,0,2436,87
2020-04-21,San Francisco,075,870044,1520,1232,0,1232,20
2020-04-21,San Joaquin,077,732212,528,447,3,450,20
2020-04-21,San Luis Obispo,079,281455,219,134,3,137,1
2020-04-21,San Mateo,081,765935,1221,933,2,935,34
2020-04-21,Santa Barbara,083,443738,476,414,2,416,5
2020-04-21,Santa Clara,085,1922200,2382,1943,5,1948,91
2020-04-21,Santa Cruz,087,273765,131,104,0,104,2
2020-04-21,Shasta,089,179085,33,26,0,26,3
2020-04-21,Sierra,091,2930,0,0,0,0,0
2020-04-21,Siskiyou,093,43540,5,5,0,5,0
2020-04-21,Solano,095,438530,239,193,0,193,3
2020-04-21,Sonoma,097,501317,225,182,0,182,1
2020-04-21,Stanislaus,099,539301,315,235,4,239,4
2020-04-21,Sutter,101,95872,28,22,0,22,2
2020-04-21,Tehama,103,63373,1,1,0,1,1
2020-04-21,Trinity,105,12862,0,0,0,0,0
2020-04-21,Tulare,107,460477,669,410,5,415,23
2020-04-21,Tuolumne,109,53932,3,2,0,2,0
2020-04-21,Ventura,111,848112,579,455,1,456,14
2020-04-21,Yolo,113,214977,175,143,0,143,8
2020-04-21,Yuba,115,75493,16,15,0,15,1
2020-04-20,Alameda,001,1643700,1545,1181,2,1183,42
2020-04-20,Alpine,003,1148,1,1,0,1,0
2020-04-20,Amador,005,37829,8,7,0,7,0
2020-04-20,Butte,007,227075,23,15,1,16,0
2020-04-20,Calaveras,009,45235,12,12,0,12,0
2020-04-20,Colusa,011,21464,3,3,0,3,0
2020-04-20,Contra Costa,013,1133247,882,753,0,753,22
2020-04-20,Del Norte,015,27424,2,2,0,2,0
2020-04-20,El Dorado,017,186661,54,36,0,36,0
2020-04-20,Fresno,019,978130,678,356,6,362,7
2020-04-20,Glenn,021,27897,4,3,0,3,0
2020-04-20,Humboldt,023,135768,58,53,0,53,0
2020-04-20,Imperial,025,180216,342,149,0,149,2
2020-04-20,Inyo,027,18085,19,17,0,17,0
2020-04-20,Kern,029,883053,876,651,1,652,3
2020-04-20,Kings,031,150075,80,19,1,20,1
2020-04-20,Lake,033,64148,6,6,0,6,0
2020-04-20,Lassen,035,31185,3,0,2,2,0
2020-04-20,Los Angeles,037,10098052,20869,13787,14,13801,608
2020-04-20,Madera,039,155013,74,35,1,36,2
2020-04-20,Marin,041,260295,213,200,1,201,10
2020-04-20,Mariposa,043,17540,5,0,0,0,0
2020-04-20,Mendocino,045,87422,6,5,0,5,0
2020-04-20,Merced,047,269075,136,88,0,88,3
2020-04-20,Modoc,049,8938,0,0,0,0,0
2020-04-20,Mono,051,14174,29,23,0,23,1
2020-04-20,Monterey,053,433212,214,147,0,147,4
2020-04-20,Napa,055,140530,66,55,0,55,2
2020-04-20,Nevada,057,99092,41,34,1,35,1
2020-04-20,Orange,059,3164182,2609,1679,22,1701,33
2020-04-20,Placer,061,380077,155,132,0,132,8
2020-04-20,Plumas,063,18699,4,4,0,4,0
2020-04-20,Riverside,065,2383286,3871,2477,14,2491,61
2020-04-20,Sacramento,067,1510023,1041,924,0,924,32
2020-04-20,San Benito,069,59416,44,43,0,43,2
2020-04-20,San Bernardino,071,2135413,1942,1344,1,1345,63
2020-04-20,San Diego,073,3302833,3269,2327,0,2327,72
2020-04-20,San Francisco,075,870044,1488,1223,0,1223,19
2020-04-20,San Joaquin,077,732212,524,422,3,425,17
2020-04-20,San Luis Obispo,079,281455,205,132,3,135,1
2020-04-20,San Mateo,081,765935,1198,890,2,892,31
2020-04-20,Santa Barbara,083,443738,469,388,2,390,4
2020-04-20,Santa Clara,085,1922200,2351,1920,5,1925,84
2020-04-20,Santa Cruz,087,273765,129,102,0,102,2
2020-04-20,Shasta,089,179085,33,26,0,26,3
2020-04-20,Sierra,091,2930,0,0,0,0,0
2020-04-20,Siskiyou,093,43540,5,5,0,5,0
2020-04-20,Solano,095,438530,236,185,0,185,2
2020-04-20,Sonoma,097,501317,217,178,0,178,1
2020-04-20,Stanislaus,099,539301,301,228,4,232,3
2020-04-20,Sutter,101,95872,27,22,0,22,2
2020-04-20,Tehama,103,63373,1,1,0,1,1
2020-04-20,Trinity,105,12862,0,0,0,0,0
2020-04-20,Tulare,107,460477,659,401,5,406,20
2020-04-20,Tuolumne,109,53932,3,2,0,2,0
2020-04-20,Ventura,111,848112,565,426,1,427,13
2020-04-20,Yolo,113,214977,174,125,0,125,5
2020-04-20,Yuba,115,75493,16,15,0,15,1
2020-04-19,Alameda,001,1643700,1495,1134,2,1136,41
2020-04-19,Alpine,003,1148,1,1,0,1,0
2020-04-19,Amador,005,37829,7,7,0,7,0
2020-04-19,Butte,007,227075,22,15,1,16,0
2020-04-19,Calaveras,009,45235,12,12,0,12,0
2020-04-19,Colusa,011,21464,3,3,0,3,0
2020-04-19,Contra Costa,013,1133247,866,731,0,731,20
2020-04-19,Del Norte,015,27424,2,2,0,2,0
2020-04-19,El Dorado,017,186661,54,36,0,36,0
2020-04-19,Fresno,019,978130,642,326,6,332,7
2020-04-19,Glenn,021,27897,4,3,0,3,0
2020-04-19,Humboldt,023,135768,58,53,0,53,0
2020-04-19,Imperial,025,180216,316,144,0,144,2
2020-04-19,Inyo,027,18085,19,17,0,17,0
2020-04-19,Kern,029,883053,851,629,1,630,3
2020-04-19,Kings,031,150075,70,17,1,18,1
2020-04-19,Lake,033,64148,6,6,0,6,0
2020-04-19,Lassen,035,31185,3,0,2,2,0
2020-04-19,Los Angeles,037,10098052,19870,12299,14,12313,589
2020-04-19,Madera,039,155013,72,34,1,35,2
2020-04-19,Marin,041,260295,212,194,1,195,10
2020-04-19,Mariposa,043,17540,2,0,0,0,0
2020-04-19,Mendocino,045,87422,6,4,0,4,0
2020-04-19,Merced,047,269075,131,85,0,85,3
2020-04-19,Modoc,049,8938,0,0,0,0,0
2020-04-19,Mono,051,14174,29,23,0,23,1
2020-04-19,Monterey,053,433212,205,140,0,140,4
2020-04-19,Napa,055,140530,64,49,0,49,2
2020-04-19,Nevada,057,99092,40,34,1,35,1
2020-04-19,Orange,059,3164182,2512,1591,21,1612,32
2020-04-19,Placer,061,380077,154,131,0,131,8
2020-04-19,Plumas,063,18699,4,4,0,4,0
2020-04-19,Riverside,065,2383286,3728,2316,14,2330,56
2020-04-19,Sacramento,067,1510023,1014,912,0,912,32
2020-04-19,San Benito,069,59416,42,40,0,40,2
2020-04-19,San Bernardino,071,2135413,1879,1262,1,1263,58
2020-04-19,San Diego,073,3302833,3102,2270,0,2270,71
2020-04-19,San Francisco,075,870044,1455,1153,0,1153,19
2020-04-19,San Joaquin,077,732212,506,404,3,407,17
2020-04-19,San Luis Obispo,079,281455,200,132,3,135,1
2020-04-19,San Mateo,081,765935,1162,845,2,847,31
2020-04-19,Santa Barbara,083,443738,462,377,2,379,3
2020-04-19,Santa Clara,085,1922200,2306,1878,5,1883,81
2020-04-19,Santa Cruz,087,273765,126,98,0,98,2
2020-04-19,Shasta,089,179085,31,26,0,26,3
2020-04-19,Sierra,091,2930,0,0,0,0,0
2020-04-19,Siskiyou,093,43540,5,5,0,5,0
2020-04-19,Solano,095,438530,228,174,0,174,2
2020-04-19,Sonoma,097,501317,211,172,0,172,1
2020-04-19,Stanislaus,099,539301,293,221,4,225,3
2020-04-19,Sutter,101,95872,26,21,0,21,2
2020-04-19,Tehama,103,63373,1,1,0,1,1
2020-04-19,Trinity,105,12862,0,0,0,0,0
2020-04-19,Tulare,107,460477,613,391,5,396,17
2020-04-19,Tuolumne,109,53932,3,2,0,2,0
2020-04-19,Ventura,111,848112,557,418,1,419,13
2020-04-19,Yolo,113,214977,174,120,0,120,5
2020-04-19,Yuba,115,75493,16,15,0,15,1
2020-04-18,Alameda,001,1643700,1470,1085,2,1087,40
2020-04-18,Alpine,003,1148,1,1,0,1,0
2020-04-18,Amador,005,37829,7,7,0,7,0
2020-04-18,Butte,007,227075,21,15,1,16,0
2020-04-18,Calaveras,009,45235,12,12,0,12,0
2020-04-18,Colusa,011,21464,3,3,0,3,0
2020-04-18,Contra Costa,013,1133247,854,721,0,721,17
2020-04-18,Del Norte,015,27424,2,2,0,2,0
2020-04-18,El Dorado,017,186661,54,36,0,36,0
2020-04-18,Fresno,019,978130,622,319,6,325,7
2020-04-18,Glenn,021,27897,4,3,0,3,0
2020-04-18,Humboldt,023,135768,58,52,0,52,0
2020-04-18,Imperial,025,180216,307,137,0,137,2
2020-04-18,Inyo,027,18085,19,17,0,17,0
2020-04-18,Kern,029,883053,829,626,1,627,3
2020-04-18,Kings,031,150075,69,17,1,18,1
2020-04-18,Lake,033,64148,6,6,0,6,0
2020-04-18,Lassen,035,31185,3,0,2,2,0
2020-04-18,Los Angeles,037,10098052,19341,11984,14,11998,566
2020-04-18,Madera,039,155013,71,34,1,35,2
2020-04-18,Marin,041,260295,210,193,1,194,10
2020-04-18,Mariposa,043,17540,2,0,0,0,0
2020-04-18,Mendocino,045,87422,6,4,0,4,0
2020-04-18,Merced,047,269075,129,82,0,82,3
2020-04-18,Modoc,049,8938,0,0,0,0,0
2020-04-18,Mono,051,14174,29,22,0,22,1
2020-04-18,Monterey,053,433212,201,135,0,135,3
2020-04-18,Napa,055,140530,64,49,0,49,2
2020-04-18,Nevada,057,99092,39,34,1,35,1
2020-04-18,Orange,059,3164182,2448,1569,20,1589,32
2020-04-18,Placer,061,380077,152,130,0,130,8
2020-04-18,Plumas,063,18699,4,4,0,4,0
2020-04-18,Riverside,065,2383286,3653,2257,14,2271,56
2020-04-18,Sacramento,067,1510023,1002,901,0,901,32
2020-04-18,San Benito,069,59416,42,40,0,40,2
2020-04-18,San Bernardino,071,2135413,1834,1255,1,1256,58
2020-04-18,San Diego,073,3302833,3000,2215,0,2215,71
2020-04-18,San Francisco,075,870044,1416,1144,0,1144,19
2020-04-18,San Joaquin,077,732212,497,392,3,395,17
2020-04-18,San Luis Obispo,079,281455,196,129,3,132,1
2020-04-18,San Mateo,081,765935,1140,821,2,823,31
2020-04-18,Santa Barbara,083,443738,456,372,2,374,3
2020-04-18,Santa Clara,085,1922200,2273,1862,5,1867,79
2020-04-18,Santa Cruz,087,273765,124,96,0,96,2
2020-04-18,Shasta,089,179085,31,26,0,26,3
2020-04-18,Sierra,091,2930,0,0,0,0,0
2020-04-18,Siskiyou,093,43540,5,5,0,5,0
2020-04-18,Solano,095,438530,225,175,0,175,2
2020-04-18,Sonoma,097,501317,207,168,0,168,1
2020-04-18,Stanislaus,099,539301,285,216,4,220,3
2020-04-18,Sutter,101,95872,26,21,0,21,2
2020-04-18,Tehama,103,63373,1,1,0,1,1
2020-04-18,Trinity,105,12862,0,0,0,0,0
2020-04-18,Tulare,107,460477,602,385,5,390,17
2020-04-18,Tuolumne,109,53932,3,2,0,2,0
2020-04-18,Ventura,111,848112,549,416,1,417,13
2020-04-18,Yolo,113,214977,172,118,0,118,5
2020-04-18,Yuba,115,75493,16,14,0,14,1
2020-04-17,Alameda,001,1643700,1414,1043,1,1044,40
2020-04-17,Alpine,003,1148,1,1,0,1,0
2020-04-17,Amador,005,37829,7,7,0,7,0
2020-04-17,Butte,007,227075,21,15,1,16,0
2020-04-17,Calaveras,009,45235,12,11,0,11,0
2020-04-17,Colusa,011,21464,3,3,0,3,0
2020-04-17,Contra Costa,013,1133247,843,687,0,687,15
2020-04-17,Del Norte,015,27424,2,2,0,2,0
2020-04-17,El Dorado,017,186661,54,35,0,35,0
2020-04-17,Fresno,019,978130,600,315,6,321,7
2020-04-17,Glenn,021,27897,4,3,0,3,0
2020-04-17,Humboldt,023,135768,57,52,0,52,0
2020-04-17,Imperial,025,180216,298,135,0,135,2
2020-04-17,Inyo,027,18085,19,17,0,17,0
2020-04-17,Kern,029,883053,809,612,1,613,3
2020-04-17,Kings,031,150075,67,15,1,16,1
2020-04-17,Lake,033,64148,6,6,0,6,0
2020-04-17,Lassen,035,31185,3,0,2,2,0
2020-04-17,Los Angeles,037,10098052,18700,11354,14,11368,489
2020-04-17,Madera,039,155013,71,34,1,35,2
2020-04-17,Marin,041,260295,207,189,1,190,10
2020-04-17,Mariposa,043,17540,1,0,0,0,0
2020-04-17,Mendocino,045,87422,6,4,0,4,0
2020-04-17,Merced,047,269075,128,80,0,80,3
2020-04-17,Modoc,049,8938,0,0,0,0,0
2020-04-17,Mono,051,14174,29,22,0,22,1
2020-04-17,Monterey,053,433212,196,119,0,119,3
2020-04-17,Napa,055,140530,62,46,0,46,2
2020-04-17,Nevada,057,99092,38,34,1,35,1
2020-04-17,Orange,059,3164182,2397,1496,20,1516,31
2020-04-17,Placer,061,380077,152,130,0,130,8
2020-04-17,Plumas,063,18699,4,4,0,4,0
2020-04-17,Riverside,065,2383286,3526,2080,14,2094,50
2020-04-17,Sacramento,067,1510023,995,882,0,882,32
2020-04-17,San Benito,069,59416,42,38,0,38,2
2020-04-17,San Bernardino,071,2135413,1795,1229,1,1230,57
2020-04-17,San Diego,073,3302833,2910,2160,0,2160,70
2020-04-17,San Francisco,075,870044,1391,1090,0,1090,19
2020-04-17,San Joaquin,077,732212,486,356,3,359,17
2020-04-17,San Luis Obispo,079,281455,189,116,3,119,1
2020-04-17,San Mateo,081,765935,1124,768,2,770,31
2020-04-17,Santa Barbara,083,443738,451,349,2,351,3
2020-04-17,Santa Clara,085,1922200,2237,1834,5,1839,74
2020-04-17,Santa Cruz,087,273765,123,94,0,94,2
2020-04-17,Shasta,089,179085,31,26,0,26,3
2020-04-17,Sierra,091,2930,0,0,0,0,0
2020-04-17,Siskiyou,093,43540,5,5,0,5,0
2020-04-17,Solano,095,438530,224,173,0,173,2
2020-04-17,Sonoma,097,501317,204,167,0,167,1
2020-04-17,Stanislaus,099,539301,283,201,4,205,3
2020-04-17,Sutter,101,95872,26,20,0,20,2
2020-04-17,Tehama,103,63373,1,1,0,1,1
2020-04-17,Trinity,105,12862,0,0,0,0,0
2020-04-17,Tulare,107,460477,595,370,5,375,17
2020-04-17,Tuolumne,109,53932,3,2,0,2,0
2020-04-17,Ventura,111,848112,544,398,1,399,13
2020-04-17,Yolo,113,214977,171,117,0,117,5
2020-04-17,Yuba,115,75493,16,14,0,14,1
2020-04-16,Alameda,001,1643700,1380,981,1,982,39
2020-04-16,Alpine,003,1148,1,1,0,1,0
2020-04-16,Amador,005,37829,7,7,0,7,0
2020-04-16,Butte,007,227075,20,15,1,16,0
2020-04-16,Calaveras,009,45235,12,10,0,10,0
2020-04-16,Colusa,011,21464,3,3,0,3,0
2020-04-16,Contra Costa,013,1133247,829,675,0,675,14
2020-04-16,Del Norte,015,27424,2,2,0,2,0
2020-04-16,El Dorado,017,186661,53,34,0,34,0
2020-04-16,Fresno,019,978130,570,289,6,295,7
2020-04-16,Glenn,021,27897,4,3,0,3,0
2020-04-16,Humboldt,023,135768,57,47,0,47,0
2020-04-16,Imperial,025,180216,283,132,0,132,2
2020-04-16,Inyo,027,18085,17,17,0,17,0
2020-04-16,Kern,029,883053,782,587,1,588,3
2020-04-16,Kings,031,150075,63,12,1,13,1
2020-04-16,Lake,033,64148,6,6,0,6,0
2020-04-16,Lassen,035,31185,3,0,2,2,0
2020-04-16,Los Angeles,037,10098052,17808,10786,14,10800,447
2020-04-16,Madera,039,155013,69,34,1,35,2
2020-04-16,Marin,041,260295,203,170,1,171,10
2020-04-16,Mariposa,043,17540,1,1,0,1,0
2020-04-16,Mendocino,045,87422,6,4,0,4,0
2020-04-16,Merced,047,269075,122,76,0,76,3
2020-04-16,Modoc,049,8938,0,0,0,0,0
2020-04-16,Mono,051,14174,29,22,0,22,1
2020-04-16,Monterey,053,433212,193,116,0,116,3
2020-04-16,Napa,055,140530,59,44,0,44,2
2020-04-16,Nevada,057,99092,38,34,1,35,1
2020-04-16,Orange,059,3164182,2332,1439,19,1458,28
2020-04-16,Placer,061,380077,150,129,0,129,7
2020-04-16,Plumas,063,18699,4,4,0,4,0
2020-04-16,Riverside,065,2383286,3406,1913,14,1927,45
2020-04-16,Sacramento,067,1510023,987,865,0,865,32
2020-04-16,San Benito,069,59416,42,36,0,36,2
2020-04-16,San Bernardino,071,2135413,1714,1143,0,1143,54
2020-04-16,San Diego,073,3302833,2802,2089,0,2089,63
2020-04-16,San Francisco,075,870044,1347,1039,0,1039,16
2020-04-16,San Joaquin,077,732212,471,345,3,348,17
2020-04-16,San Luis Obispo,079,281455,185,113,3,116,1
2020-04-16,San Mateo,081,765935,1095,745,2,747,29
2020-04-16,Santa Barbara,083,443738,440,331,2,333,3
2020-04-16,Santa Clara,085,1922200,2200,1789,5,1794,70
2020-04-16,Santa Cruz,087,273765,121,90,0,90,2
2020-04-16,Shasta,089,179085,31,25,0,25,3
2020-04-16,Sierra,091,2930,0,0,0,0,0
2020-04-16,Siskiyou,093,43540,5,5,0,5,0
2020-04-16,Solano,095,438530,221,162,0,162,2
2020-04-16,Sonoma,097,501317,199,145,0,145,1
2020-04-16,Stanislaus,099,539301,280,185,4,189,3
2020-04-16,Sutter,101,95872,25,21,0,21,2
2020-04-16,Tehama,103,63373,1,1,0,1,1
2020-04-16,Trinity,105,12862,0,0,0,0,0
2020-04-16,Tulare,107,460477,578,305,5,310,16
2020-04-16,Tuolumne,109,53932,3,1,0,1,0
2020-04-16,Ventura,111,848112,532,384,1,385,13
2020-04-16,Yolo,113,214977,169,98,0,98,4
2020-04-16,Yuba,115,75493,15,14,0,14,1
2020-04-15,Alameda,001,1643700,1330,915,1,916,38
2020-04-15,Alpine,003,1148,1,1,0,1,0
2020-04-15,Amador,005,37829,7,7,0,7,0
2020-04-15,Butte,007,227075,20,14,1,15,0
2020-04-15,Calaveras,009,45235,11,9,0,9,0
2020-04-15,Colusa,011,21464,3,3,0,3,0
2020-04-15,Contra Costa,013,1133247,807,645,0,645,14
2020-04-15,Del Norte,015,27424,2,2,0,2,0
2020-04-15,El Dorado,017,186661,51,33,0,33,0
2020-04-15,Fresno,019,978130,544,264,6,270,7
2020-04-15,Glenn,021,27897,4,3,0,3,0
2020-04-15,Humboldt,023,135768,57,47,0,47,0
2020-04-15,Imperial,025,180216,257,115,0,115,2
2020-04-15,Inyo,027,18085,17,12,0,12,0
2020-04-15,Kern,029,883053,760,500,1,501,3
2020-04-15,Kings,031,150075,59,12,1,13,1
2020-04-15,Lake,033,64148,6,4,0,4,0
2020-04-15,Lassen,035,31185,3,0,2,2,0
2020-04-15,Los Angeles,037,10098052,16980,10416,14,10430,394
2020-04-15,Madera,039,155013,69,30,1,31,2
2020-04-15,Marin,041,260295,200,162,1,163,10
2020-04-15,Mariposa,043,17540,0,0,0,0,0
2020-04-15,Mendocino,045,87422,5,4,0,4,0
2020-04-15,Merced,047,269075,120,74,0,74,3
2020-04-15,Modoc,049,8938,0,0,0,0,0
2020-04-15,Mono,051,14174,29,22,0,22,1
2020-04-15,Monterey,053,433212,185,106,0,106,3
2020-04-15,Napa,055,140530,56,34,0,34,2
2020-04-15,Nevada,057,99092,37,34,1,35,1
2020-04-15,Orange,059,3164182,2229,1377,19,1396,24
2020-04-15,Placer,061,380077,149,123,0,123,6
2020-04-15,Plumas,063,18699,4,4,0,4,0
2020-04-15,Riverside,065,2383286,3211,1723,14,1737,42
2020-04-15,Sacramento,067,1510023,978,839,0,839,32
2020-04-15,San Benito,069,59416,42,34,0,34,2
2020-04-15,San Bernardino,071,2135413,1644,1063,0,1063,45
2020-04-15,San Diego,073,3302833,2714,2014,0,2014,60
2020-04-15,San Francisco,075,870044,1311,1006,0,1006,16
2020-04-15,San Joaquin,077,732212,463,329,3,332,17
2020-04-15,San Luis Obispo,079,281455,177,112,3,115,1
2020-04-15,San Mateo,081,765935,1046,707,2,709,28
2020-04-15,Santa Barbara,083,443738,424,317,2,319,2
2020-04-15,Santa Clara,085,1922200,2161,1692,5,1697,69
2020-04-15,Santa Cruz,087,273765,117,92,0,92,2
2020-04-15,Shasta,089,179085,31,25,0,25,3
2020-04-15,Sierra,091,2930,0,0,0,0,0
2020-04-15,Siskiyou,093,43540,5,5,0,5,0
2020-04-15,Solano,095,438530,216,153,0,153,2
2020-04-15,Sonoma,097,501317,197,140,0,140,1
2020-04-15,Stanislaus,099,539301,273,174,4,178,3
2020-04-15,Sutter,101,95872,25,19,0,19,2
2020-04-15,Tehama,103,63373,1,1,0,1,1
2020-04-15,Trinity,105,12862,0,0,0,0,0
2020-04-15,Tulare,107,460477,560,289,5,294,14
2020-04-15,Tuolumne,109,53932,3,1,0,1,0
2020-04-15,Ventura,111,848112,517,365,1,366,13
2020-04-15,Yolo,113,214977,162,93,0,93,3
2020-04-15,Yuba,115,75493,15,15,0,15,1
2020-04-14,Alameda,001,1643700,1285,843,1,844,30
2020-04-14,Alpine,003,1148,1,1,0,1,0
2020-04-14,Amador,005,37829,7,6,0,6,0
2020-04-14,Butte,007,227075,20,13,1,14,0
2020-04-14,Calaveras,009,45235,11,5,0,5,0
2020-04-14,Colusa,011,21464,3,3,0,3,0
2020-04-14,Contra Costa,013,1133247,795,617,0,617,12
2020-04-14,Del Norte,015,27424,2,2,0,2,0
2020-04-14,El Dorado,017,186661,51,30,0,30,0
2020-04-14,Fresno,019,978130,521,244,6,250,6
2020-04-14,Glenn,021,27897,4,3,0,3,0
2020-04-14,Humboldt,023,135768,57,44,0,44,0
2020-04-14,Imperial,025,180216,237,86,0,86,2
2020-04-14,Inyo,027,18085,17,12,0,12,0
2020-04-14,Kern,029,883053,736,453,1,454,3
2020-04-14,Kings,031,150075,58,12,1,13,1
2020-04-14,Lake,033,64148,6,3,0,3,0
2020-04-14,Lassen,035,31185,3,0,2,2,0
2020-04-14,Los Angeles,037,10098052,16085,9948,13,9961,357
2020-04-14,Madera,039,155013,68,29,1,30,2
2020-04-14,Marin,041,260295,196,147,1,148,9
2020-04-14,Mariposa,043,17540,0,0,0,0,0
2020-04-14,Mendocino,045,87422,5,4,0,4,0
2020-04-14,Merced,047,269075,113,61,0,61,3
2020-04-14,Modoc,049,8938,0,0,0,0,0
2020-04-14,Mono,051,14174,29,22,0,22,1
2020-04-14,Monterey,053,433212,180,98,0,98,3
2020-04-14,Napa,055,140530,56,33,0,33,2
2020-04-14,Nevada,057,99092,37,34,1,35,1
2020-04-14,Orange,059,3164182,2127,1362,19,1381,24
2020-04-14,Placer,061,380077,148,117,0,117,5
2020-04-14,Plumas,063,18699,4,3,0,3,0
2020-04-14,Riverside,065,2383286,3076,1467,14,1481,40
2020-04-14,Sacramento,067,1510023,969,737,0,737,29
2020-04-14,San Benito,069,59416,39,34,0,34,2
2020-04-14,San Bernardino,071,2135413,1589,933,0,933,37
2020-04-14,San Diego,073,3302833,2619,1932,0,1932,53
2020-04-14,San Francisco,075,870044,1257,968,0,968,14
2020-04-14,San Joaquin,077,732212,453,280,3,283,17
2020-04-14,San Luis Obispo,079,281455,174,109,3,112,1
2020-04-14,San Mateo,081,765935,1012,681,2,683,28
2020-04-14,Santa Barbara,083,443738,400,292,2,294,2
2020-04-14,Santa Clara,085,1922200,2128,1561,5,1566,63
2020-04-14,Santa Cruz,087,273765,109,84,0,84,2
2020-04-14,Shasta,089,179085,31,24,0,24,3
2020-04-14,Sierra,091,2930,0,0,0,0,0
2020-04-14,Siskiyou,093,43540,5,5,0,5,0
2020-04-14,Solano,095,438530,213,140,0,140,2
2020-04-14,Sonoma,097,501317,193,133,0,133,1
2020-04-14,Stanislaus,099,539301,260,136,4,140,3
2020-04-14,Sutter,101,95872,24,19,0,19,2
2020-04-14,Tehama,103,63373,1,1,0,1,1
2020-04-14,Trinity,105,12862,0,0,0,0,0
2020-04-14,Tulare,107,460477,536,228,5,233,12
2020-04-14,Tuolumne,109,53932,3,0,0,0,0
2020-04-14,Ventura,111,848112,504,328,1,329,11
2020-04-14,Yolo,113,214977,159,81,0,81,3
2020-04-14,Yuba,115,75493,14,14,0,14,1
2020-04-13,Alameda,001,1643700,1246,821,1,822,23
2020-04-13,Alpine,003,1148,1,1,0,1,0
2020-04-13,Amador,005,37829,7,6,0,6,0
2020-04-13,Butte,007,227075,19,13,1,14,0
2020-04-13,Calaveras,009,45235,10,5,0,5,0
2020-04-13,Colusa,011,21464,3,3,0,3,0
2020-04-13,Contra Costa,013,1133247,779,569,0,569,12
2020-04-13,Del Norte,015,27424,2,2,0,2,0
2020-04-13,El Dorado,017,186661,49,29,0,29,0
2020-04-13,Fresno,019,978130,499,205,5,210,4
2020-04-13,Glenn,021,27897,4,3,0,3,0
2020-04-13,Humboldt,023,135768,57,44,0,44,0
2020-04-13,Imperial,025,180216,219,82,0,82,2
2020-04-13,Inyo,027,18085,17,12,0,12,0
2020-04-13,Kern,029,883053,711,346,1,347,3
2020-04-13,Kings,031,150075,54,9,1,10,0
2020-04-13,Lake,033,64148,6,3,0,3,0
2020-04-13,Lassen,035,31185,3,0,2,2,0
2020-04-13,Los Angeles,037,10098052,15369,9367,13,9380,317
2020-04-13,Madera,039,155013,66,29,1,30,2
2020-04-13,Marin,041,260295,192,144,1,145,6
2020-04-13,Mariposa,043,17540,0,0,0,0,0
2020-04-13,Mendocino,045,87422,5,4,0,4,0
2020-04-13,Merced,047,269075,112,60,0,60,3
2020-04-13,Modoc,049,8938,0,0,0,0,0
2020-04-13,Mono,051,14174,29,21,0,21,1
2020-04-13,Monterey,053,433212,173,86,0,86,3
2020-04-13,Napa,055,140530,55,30,0,30,2
2020-04-13,Nevada,057,99092,37,24,1,25,1
2020-04-13,Orange,059,3164182,2054,1313,19,1332,21
2020-04-13,Placer,061,380077,147,116,0,116,5
2020-04-13,Plumas,063,18699,4,3,0,3,0
2020-04-13,Riverside,065,2383286,2935,1460,13,1473,35
2020-04-13,Sacramento,067,1510023,957,723,0,723,25
2020-04-13,San Benito,069,59416,38,33,0,33,2
2020-04-13,San Bernardino,071,2135413,1514,920,0,920,30
2020-04-13,San Diego,073,3302833,2536,1849,0,1849,47
2020-04-13,San Francisco,075,870044,1219,948,0,948,12
2020-04-13,San Joaquin,077,732212,438,255,3,258,16
2020-04-13,San Luis Obispo,079,281455,169,106,3,109,1
2020-04-13,San Mateo,081,765935,972,679,2,681,25
2020-04-13,Santa Barbara,083,443738,381,271,1,272,2
2020-04-13,Santa Clara,085,1922200,2082,1540,5,1545,58
2020-04-13,Santa Cruz,087,273765,103,82,0,82,1
2020-04-13,Shasta,089,179085,30,24,0,24,3
2020-04-13,Sierra,091,2930,0,0,0,0,0
2020-04-13,Siskiyou,093,43540,5,5,0,5,0
2020-04-13,Solano,095,438530,210,136,0,136,2
2020-04-13,Sonoma,097,501317,186,133,0,133,1
2020-04-13,Stanislaus,099,539301,254,130,4,134,1
2020-04-13,Sutter,101,95872,24,18,0,18,2
2020-04-13,Tehama,103,63373,1,1,0,1,0
2020-04-13,Trinity,105,12862,0,0,0,0,0
2020-04-13,Tulare,107,460477,500,185,5,190,11
2020-04-13,Tuolumne,109,53932,3,0,0,0,0
2020-04-13,Ventura,111,848112,483,309,0,309,9
2020-04-13,Yolo,113,214977,153,81,0,81,3
2020-04-13,Yuba,115,75493,14,13,0,13,1
2020-04-12,Alameda,001,1643700,1203,774,1,775,23
2020-04-12,Alpine,003,1148,1,1,0,1,0
2020-04-12,Amador,005,37829,7,6,0,6,0
2020-04-12,Butte,007,227075,19,13,1,14,0
2020-04-12,Calaveras,009,45235,10,5,0,5,0
2020-04-12,Colusa,011,21464,3,3,0,3,0
2020-04-12,Contra Costa,013,1133247,766,553,0,553,12
2020-04-12,Del Norte,015,27424,2,2,0,2,0
2020-04-12,El Dorado,017,186661,49,28,0,28,0
2020-04-12,Fresno,019,978130,470,205,5,210,4
2020-04-12,Glenn,021,27897,4,3,0,3,0
2020-04-12,Humboldt,023,135768,57,43,0,43,0
2020-04-12,Imperial,025,180216,196,78,0,78,2
2020-04-12,Inyo,027,18085,15,12,0,12,0
2020-04-12,Kern,029,883053,679,319,0,319,3
2020-04-12,Kings,031,150075,52,9,1,10,0
2020-04-12,Lake,033,64148,6,3,0,3,0
2020-04-12,Lassen,035,31185,3,0,2,2,0
2020-04-12,Los Angeles,037,10098052,14651,9133,13,9146,294
2020-04-12,Madera,039,155013,65,29,1,30,2
2020-04-12,Marin,041,260295,181,138,1,139,6
2020-04-12,Mariposa,043,17540,0,0,0,0,0
2020-04-12,Mendocino,045,87422,5,4,0,4,0
2020-04-12,Merced,047,269075,106,58,0,58,3
2020-04-12,Modoc,049,8938,0,0,0,0,0
2020-04-12,Mono,051,14174,29,20,0,20,1
2020-04-12,Monterey,053,433212,159,85,0,85,3
2020-04-12,Napa,055,140530,53,29,0,29,2
2020-04-12,Nevada,057,99092,37,24,1,25,1
2020-04-12,Orange,059,3164182,1994,1283,18,1301,21
2020-04-12,Placer,061,380077,146,114,0,114,4
2020-04-12,Plumas,063,18699,4,3,0,3,0
2020-04-12,Riverside,065,2383286,2753,1330,13,1343,34
2020-04-12,Sacramento,067,1510023,920,689,0,689,25
2020-04-12,San Benito,069,59416,36,33,0,33,2
2020-04-12,San Bernardino,071,2135413,1438,827,0,827,30
2020-04-12,San Diego,073,3302833,2446,1806,0,1806,45
2020-04-12,San Francisco,075,870044,1192,886,0,886,11
2020-04-12,San Joaquin,077,732212,420,246,3,249,15
2020-04-12,San Luis Obispo,079,281455,166,102,2,104,1
2020-04-12,San Mateo,081,765935,946,664,2,666,25
2020-04-12,Santa Barbara,083,443738,362,261,1,262,2
2020-04-12,Santa Clara,085,1922200,2054,1461,5,1466,53
2020-04-12,Santa Cruz,087,273765,102,80,0,80,1
2020-04-12,Shasta,089,179085,30,24,0,24,3
2020-04-12,Sierra,091,2930,0,0,0,0,0
2020-04-12,Siskiyou,093,43540,5,5,0,5,0
2020-04-12,Solano,095,438530,204,136,0,136,2
2020-04-12,Sonoma,097,501317,183,131,0,131,1
2020-04-12,Stanislaus,099,539301,246,117,4,121,1
2020-04-12,Sutter,101,95872,23,18,0,18,2
2020-04-12,Tehama,103,63373,1,1,0,1,0
2020-04-12,Trinity,105,12862,0,0,0,0,0
2020-04-12,Tulare,107,460477,488,166,5,171,11
2020-04-12,Tuolumne,109,53932,3,0,0,0,0
2020-04-12,Ventura,111,848112,473,306,0,306,9
2020-04-12,Yolo,113,214977,139,67,0,67,3
2020-04-12,Yuba,115,75493,14,13,0,13,1
2020-04-11,Alameda,001,1643700,1162,751,1,752,23
2020-04-11,Alpine,003,1148,1,1,0,1,0
2020-04-11,Amador,005,37829,7,6,0,6,0
2020-04-11,Butte,007,227075,19,13,1,14,0
2020-04-11,Calaveras,009,45235,10,5,0,5,0
2020-04-11,Colusa,011,21464,3,3,0,3,0
2020-04-11,Contra Costa,013,1133247,757,550,0,550,12
2020-04-11,Del Norte,015,27424,2,2,0,2,0
2020-04-11,El Dorado,017,186661,48,29,0,29,0
2020-04-11,Fresno,019,978130,460,201,5,206,4
2020-04-11,Glenn,021,27897,4,3,0,3,0
2020-04-11,Humboldt,023,135768,57,38,0,38,0
2020-04-11,Imperial,025,180216,186,78,0,78,2
2020-04-11,Inyo,027,18085,15,12,0,12,0
2020-04-11,Kern,029,883053,651,304,0,304,3
2020-04-11,Kings,031,150075,49,9,1,10,0
2020-04-11,Lake,033,64148,6,3,0,3,0
2020-04-11,Lassen,035,31185,3,0,2,2,0
2020-04-11,Los Angeles,037,10098052,14177,8823,13,8836,262
2020-04-11,Madera,039,155013,64,29,1,30,2
2020-04-11,Marin,041,260295,178,136,1,137,6
2020-04-11,Mariposa,043,17540,0,0,0,0,0
2020-04-11,Mendocino,045,87422,5,4,0,4,0
2020-04-11,Merced,047,269075,103,59,0,59,3
2020-04-11,Modoc,049,8938,0,0,0,0,0
2020-04-11,Mono,051,14174,29,20,0,20,1
2020-04-11,Monterey,053,433212,153,78,0,78,3
2020-04-11,Napa,055,140530,53,29,0,29,2
2020-04-11,Nevada,057,99092,37,24,1,25,1
2020-04-11,Orange,059,3164182,1932,1267,18,1285,21
2020-04-11,Placer,061,380077,146,113,0,113,4
2020-04-11,Plumas,063,18699,4,3,0,3,0
2020-04-11,Riverside,065,2383286,2674,1260,13,1273,33
2020-04-11,Sacramento,067,1510023,909,685,0,685,25
2020-04-11,San Benito,069,59416,36,33,0,33,2
2020-04-11,San Bernardino,071,2135413,1402,826,0,826,28
2020-04-11,San Diego,073,3302833,2380,1763,0,1763,45
2020-04-11,San Francisco,075,870044,1170,860,0,860,11
2020-04-11,San Joaquin,077,732212,415,244,3,247,15
2020-04-11,San Luis Obispo,079,281455,166,100,1,101,1
2020-04-11,San Mateo,081,765935,934,662,2,664,25
2020-04-11,Santa Barbara,083,443738,354,258,1,259,2
2020-04-11,Santa Clara,085,1922200,1995,1441,5,1446,51
2020-04-11,Santa Cruz,087,273765,102,79,0,79,1
2020-04-11,Shasta,089,179085,30,24,0,24,3
2020-04-11,Sierra,091,2930,0,0,0,0,0
2020-04-11,Siskiyou,093,43540,5,5,0,5,0
2020-04-11,Solano,095,438530,200,138,0,138,2
2020-04-11,Sonoma,097,501317,181,131,0,131,1
2020-04-11,Stanislaus,099,539301,238,119,3,122,1
2020-04-11,Sutter,101,95872,23,18,0,18,2
2020-04-11,Tehama,103,63373,1,1,0,1,0
2020-04-11,Trinity,105,12862,0,0,0,0,0
2020-04-11,Tulare,107,460477,466,168,5,173,10
2020-04-11,Tuolumne,109,53932,3,0,0,0,0
2020-04-11,Ventura,111,848112,463,304,0,304,9
2020-04-11,Yolo,113,214977,136,67,0,67,3
2020-04-11,Yuba,115,75493,14,13,0,13,1
2020-04-10,Alameda,001,1643700,1121,706,1,707,21
2020-04-10,Alpine,003,1148,1,1,0,1,0
2020-04-10,Amador,005,37829,7,5,0,5,0
2020-04-10,Butte,007,227075,19,13,1,14,0
2020-04-10,Calaveras,009,45235,10,5,0,5,0
2020-04-10,Colusa,011,21464,3,3,0,3,0
2020-04-10,Contra Costa,013,1133247,744,537,0,537,10
2020-04-10,Del Norte,015,27424,2,2,0,2,0
2020-04-10,El Dorado,017,186661,48,26,0,26,0
2020-04-10,Fresno,019,978130,453,186,4,190,3
2020-04-10,Glenn,021,27897,4,3,0,3,0
2020-04-10,Humboldt,023,135768,57,36,0,36,0
2020-04-10,Imperial,025,180216,179,70,0,70,2
2020-04-10,Inyo,027,18085,13,11,0,11,0
2020-04-10,Kern,029,883053,627,272,0,272,3
2020-04-10,Kings,031,150075,46,7,1,8,0
2020-04-10,Lake,033,64148,6,3,0,3,0
2020-04-10,Lassen,035,31185,3,0,2,2,0
2020-04-10,Los Angeles,037,10098052,13662,8384,12,8396,239
2020-04-10,Madera,039,155013,63,29,1,30,2
2020-04-10,Marin,041,260295,173,128,1,129,6
2020-04-10,Mariposa,043,17540,0,0,0,0,0
2020-04-10,Mendocino,045,87422,5,4,0,4,0
2020-04-10,Merced,047,269075,100,56,0,56,3
2020-04-10,Modoc,049,8938,0,0,0,0,0
2020-04-10,Mono,051,14174,29,20,0,20,1
2020-04-10,Monterey,053,433212,142,78,0,78,3
2020-04-10,Napa,055,140530,50,28,0,28,2
2020-04-10,Nevada,057,99092,37,23,1,24,1
2020-04-10,Orange,059,3164182,1885,1167,18,1185,21
2020-04-10,Placer,061,380077,145,112,0,112,4
2020-04-10,Plumas,063,18699,4,3,0,3,0
2020-04-10,Riverside,065,2383286,2608,1162,13,1175,30
2020-04-10,Sacramento,067,1510023,900,642,0,642,24
2020-04-10,San Benito,069,59416,36,32,0,32,2
2020-04-10,San Bernardino,071,2135413,1354,779,0,779,27
2020-04-10,San Diego,073,3302833,2320,1695,0,1695,44
2020-04-10,San Francisco,075,870044,1139,797,0,797,10
2020-04-10,San Joaquin,077,732212,403,234,3,237,14
2020-04-10,San Luis Obispo,079,281455,166,97,1,98,1
2020-04-10,San Mateo,081,765935,918,642,2,644,24
2020-04-10,Santa Barbara,083,443738,346,254,1,255,2
2020-04-10,Santa Clara,085,1922200,1943,1351,5,1356,50
2020-04-10,Santa Cruz,087,273765,101,75,0,75,1
2020-04-10,Shasta,089,179085,30,24,0,24,3
2020-04-10,Sierra,091,2930,0,0,0,0,0
2020-04-10,Siskiyou,093,43540,5,5,0,5,0
2020-04-10,Solano,095,438530,197,129,0,129,2
2020-04-10,Sonoma,097,501317,180,129,0,129,1
2020-04-10,Stanislaus,099,539301,231,101,3,104,0
2020-04-10,Sutter,101,95872,23,18,0,18,2
2020-04-10,Tehama,103,63373,1,1,0,1,0
2020-04-10,Trinity,105,12862,0,0,0,0,0
2020-04-10,Tulare,107,460477,424,163,5,168,10
2020-04-10,Tuolumne,109,53932,3,0,0,0,0
2020-04-10,Ventura,111,848112,454,290,0,290,9
2020-04-10,Yolo,113,214977,134,62,0,62,3
2020-04-10,Yuba,115,75493,14,13,0,13,1
2020-04-09,Alameda,001,1643700,1071,641,1,642,17
2020-04-09,Alpine,003,1148,1,1,0,1,0
2020-04-09,Amador,005,37829,7,2,0,2,0
2020-04-09,Butte,007,227075,19,12,1,13,0
2020-04-09,Calaveras,009,45235,10,5,0,5,0
2020-04-09,Colusa,011,21464,3,3,0,3,0
2020-04-09,Contra Costa,013,1133247,701,505,0,505,7
2020-04-09,Del Norte,015,27424,2,2,0,2,0
2020-04-09,El Dorado,017,186661,47,25,0,25,0
2020-04-09,Fresno,019,978130,428,165,4,169,3
2020-04-09,Glenn,021,27897,4,2,0,2,0
2020-04-09,Humboldt,023,135768,57,36,0,36,0
2020-04-09,Imperial,025,180216,158,67,0,67,2
2020-04-09,Inyo,027,18085,12,11,0,11,0
2020-04-09,Kern,029,883053,591,241,0,241,2
2020-04-09,Kings,031,150075,43,5,1,6,0
2020-04-09,Lake,033,64148,5,1,0,1,0
2020-04-09,Lassen,035,31185,3,0,2,2,0
2020-04-09,Los Angeles,037,10098052,13033,7919,12,7931,220
2020-04-09,Madera,039,155013,63,28,1,29,2
2020-04-09,Marin,041,260295,171,126,1,127,7
2020-04-09,Mariposa,043,17540,0,0,0,0,0
2020-04-09,Mendocino,045,87422,5,4,0,4,0
2020-04-09,Merced,047,269075,97,41,0,41,3
2020-04-09,Modoc,049,8938,0,0,0,0,0
2020-04-09,Mono,051,14174,29,19,0,19,1
2020-04-09,Monterey,053,433212,124,70,0,70,3
2020-04-09,Napa,055,140530,46,27,0,27,2
2020-04-09,Nevada,057,99092,36,23,1,24,1
2020-04-09,Orange,059,3164182,1811,1105,18,1123,19
2020-04-09,Placer,061,380077,144,107,0,107,4
2020-04-09,Plumas,063,18699,4,3,0,3,0
2020-04-09,Riverside,065,2383286,2465,1083,13,1096,29
2020-04-09,Sacramento,067,1510023,877,601,0,601,21
2020-04-09,San Benito,069,59416,36,32,0,32,2
2020-04-09,San Bernardino,071,2135413,1285,717,0,717,27
2020-04-09,San Diego,073,3302833,2224,1630,0,1630,40
2020-04-09,San Francisco,075,870044,1119,748,0,748,8
2020-04-09,San Joaquin,077,732212,382,223,3,226,14
2020-04-09,San Luis Obispo,079,281455,158,93,1,94,1
2020-04-09,San Mateo,081,765935,902,630,2,632,23
2020-04-09,Santa Barbara,083,443738,336,232,1,233,2
2020-04-09,Santa Clara,085,1922200,1873,1301,5,1306,49
2020-04-09,Santa Cruz,087,273765,101,73,0,73,1
2020-04-09,Shasta,089,179085,30,22,0,22,3
2020-04-09,Sierra,091,2930,0,0,0,0,0
2020-04-09,Siskiyou,093,43540,5,4,0,4,0
2020-04-09,Solano,095,438530,188,118,0,118,2
2020-04-09,Sonoma,097,501317,176,113,0,113,1
2020-04-09,Stanislaus,099,539301,219,93,3,96,0
2020-04-09,Sutter,101,95872,23,17,0,17,2
2020-04-09,Tehama,103,63373,1,1,0,1,0
2020-04-09,Trinity,105,12862,0,0,0,0,0
2020-04-09,Tulare,107,460477,395,147,5,152,9
2020-04-09,Tuolumne,109,53932,3,0,0,0,0
2020-04-09,Ventura,111,848112,435,273,0,273,9
2020-04-09,Yolo,113,214977,125,59,0,59,3
2020-04-09,Yuba,115,75493,14,13,0,13,0
2020-04-08,Alameda,001,1643700,1029,594,1,595,15
2020-04-08,Alpine,003,1148,1,1,0,1,0
2020-04-08,Amador,005,37829,7,2,0,2,0
2020-04-08,Butte,007,227075,18,11,1,12,0
2020-04-08,Calaveras,009,45235,10,5,0,5,0
2020-04-08,Colusa,011,21464,3,3,0,3,0
2020-04-08,Contra Costa,013,1133247,688,481,0,481,7
2020-04-08,Del Norte,015,27424,2,2,0,2,0
2020-04-08,El Dorado,017,186661,47,25,0,25,0
2020-04-08,Fresno,019,978130,408,151,4,155,3
2020-04-08,Glenn,021,27897,4,2,0,2,0
2020-04-08,Humboldt,023,135768,57,40,0,40,0
2020-04-08,Imperial,025,180216,147,59,0,59,2
2020-04-08,Inyo,027,18085,12,11,0,11,0
2020-04-08,Kern,029,883053,550,198,0,198,2
2020-04-08,Kings,031,150075,43,5,1,6,0
2020-04-08,Lake,033,64148,5,1,0,1,0
2020-04-08,Lassen,035,31185,3,0,2,2,0
2020-04-08,Los Angeles,037,10098052,12432,7505,12,7517,196
2020-04-08,Madera,039,155013,62,28,1,29,2
2020-04-08,Marin,041,260295,165,125,1,126,7
2020-04-08,Mariposa,043,17540,0,0,0,0,0
2020-04-08,Mendocino,045,87422,5,4,0,4,0
2020-04-08,Merced,047,269075,82,35,0,35,1
2020-04-08,Modoc,049,8938,0,0,0,0,0
2020-04-08,Mono,051,14174,29,19,0,19,1
2020-04-08,Monterey,053,433212,115,68,0,68,3
2020-04-08,Napa,055,140530,44,21,0,21,2
2020-04-08,Nevada,057,99092,36,21,1,22,1
2020-04-08,Orange,059,3164182,1748,1034,18,1052,19
2020-04-08,Placer,061,380077,144,102,0,102,4
2020-04-08,Plumas,063,18699,4,3,0,3,0
2020-04-08,Riverside,065,2383286,2308,974,13,987,28
2020-04-08,Sacramento,067,1510023,843,565,0,565,21
2020-04-08,San Benito,069,59416,36,31,0,31,2
2020-04-08,San Bernardino,071,2135413,1228,635,0,635,22
2020-04-08,San Diego,073,3302833,2150,1532,0,1532,36
2020-04-08,San Francisco,075,870044,1052,687,0,687,7
2020-04-08,San Joaquin,077,732212,365,211,3,214,12
2020-04-08,San Luis Obispo,079,281455,156,90,1,91,1
2020-04-08,San Mateo,081,765935,887,608,2,610,22
2020-04-08,Santa Barbara,083,443738,319,221,1,222,2
2020-04-08,Santa Clara,085,1922200,1828,1257,5,1262,47
2020-04-08,Santa Cruz,087,273765,100,69,0,69,1
2020-04-08,Shasta,089,179085,30,18,0,18,3
2020-04-08,Sierra,091,2930,0,0,0,0,0
2020-04-08,Siskiyou,093,43540,5,4,0,4,0
2020-04-08,Solano,095,438530,175,111,0,111,2
2020-04-08,Sonoma,097,501317,170,107,0,107,1
2020-04-08,Stanislaus,099,539301,203,86,3,89,0
2020-04-08,Sutter,101,95872,22,17,0,17,2
2020-04-08,Tehama,103,63373,1,1,0,1,0
2020-04-08,Trinity,105,12862,0,0,0,0,0
2020-04-08,Tulare,107,460477,364,145,5,150,6
2020-04-08,Tuolumne,109,53932,3,0,0,0,0
2020-04-08,Ventura,111,848112,426,263,0,263,7
2020-04-08,Yolo,113,214977,108,56,0,56,3
2020-04-08,Yuba,115,75493,14,10,0,10,0
2020-04-07,Alameda,001,1643700,994,560,1,561,14
2020-04-07,Alpine,003,1148,1,1,0,1,0
2020-04-07,Amador,005,37829,7,2,0,2,0
2020-04-07,Butte,007,227075,17,11,1,12,0
2020-04-07,Calaveras,009,45235,9,5,0,5,0
2020-04-07,Colusa,011,21464,3,2,0,2,0
2020-04-07,Contra Costa,013,1133247,668,471,0,471,7
2020-04-07,Del Norte,015,27424,2,2,0,2,0
2020-04-07,El Dorado,017,186661,46,22,0,22,0
2020-04-07,Fresno,019,978130,393,138,4,142,3
2020-04-07,Glenn,021,27897,4,2,0,2,0
2020-04-07,Humboldt,023,135768,56,40,0,40,0
2020-04-07,Imperial,025,180216,128,53,0,53,2
2020-04-07,Inyo,027,18085,12,11,0,11,0
2020-04-07,Kern,029,883053,507,134,0,134,2
2020-04-07,Kings,031,150075,40,5,1,6,0
2020-04-07,Lake,033,64148,4,1,0,1,0
2020-04-07,Lassen,035,31185,3,0,2,2,0
2020-04-07,Los Angeles,037,10098052,11783,6885,12,6897,170
2020-04-07,Madera,039,155013,60,28,0,28,2
2020-04-07,Marin,041,260295,163,122,1,123,7
2020-04-07,Mariposa,043,17540,0,0,0,0,0
2020-04-07,Mendocino,045,87422,5,4,0,4,0
2020-04-07,Merced,047,269075,67,27,0,27,1
2020-04-07,Modoc,049,8938,0,0,0,0,0
2020-04-07,Mono,051,14174,28,18,0,18,1
2020-04-07,Monterey,053,433212,107,63,0,63,2
2020-04-07,Napa,055,140530,42,18,0,18,2
2020-04-07,Nevada,057,99092,36,20,1,21,1
2020-04-07,Orange,059,3164182,1701,971,16,987,19
2020-04-07,Placer,061,380077,139,94,0,94,3
2020-04-07,Plumas,063,18699,4,3,0,3,0
2020-04-07,Riverside,065,2383286,2151,905,13,918,25
2020-04-07,Sacramento,067,1510023,813,513,0,513,18
2020-04-07,San Benito,069,59416,36,26,0,26,2
2020-04-07,San Bernardino,071,2135413,1161,554,0,554,19
2020-04-07,San Diego,073,3302833,2073,1456,0,1456,31
2020-04-07,San Francisco,075,870044,992,636,0,636,6
2020-04-07,San Joaquin,077,732212,347,198,3,201,12
2020-04-07,San Luis Obispo,079,281455,149,87,1,88,1
2020-04-07,San Mateo,081,765935,866,573,2,575,22
2020-04-07,Santa Barbara,083,443738,305,209,1,210,2
2020-04-07,Santa Clara,085,1922200,1759,1193,4,1197,46
2020-04-07,Santa Cruz,087,273765,100,67,0,67,1
2020-04-07,Shasta,089,179085,29,16,0,16,3
2020-04-07,Sierra,091,2930,0,0,0,0,0
2020-04-07,Siskiyou,093,43540,5,4,0,4,0
2020-04-07,Solano,095,438530,170,99,0,99,1
2020-04-07,Sonoma,097,501317,167,102,0,102,1
2020-04-07,Stanislaus,099,539301,186,83,3,86,0
2020-04-07,Sutter,101,95872,22,16,0,16,2
2020-04-07,Tehama,103,63373,1,1,0,1,0
2020-04-07,Trinity,105,12862,0,0,0,0,0
2020-04-07,Tulare,107,460477,335,144,5,149,5
2020-04-07,Tuolumne,109,53932,3,1,0,1,0
2020-04-07,Ventura,111,848112,409,247,0,247,6
2020-04-07,Yolo,113,214977,101,51,0,51,2
2020-04-07,Yuba,115,75493,14,10,0,10,0
2020-04-06,Alameda,001,1643700,964,527,1,528,13
2020-04-06,Alpine,003,1148,1,1,0,1,0
2020-04-06,Amador,005,37829,6,2,0,2,0
2020-04-06,Butte,007,227075,16,11,1,12,0
2020-04-06,Calaveras,009,45235,9,4,0,4,0
2020-04-06,Colusa,011,21464,3,1,0,1,0
2020-04-06,Contra Costa,013,1133247,643,447,0,447,7
2020-04-06,Del Norte,015,27424,2,2,0,2,0
2020-04-06,El Dorado,017,186661,44,23,0,23,0
2020-04-06,Fresno,019,978130,371,122,4,126,1
2020-04-06,Glenn,021,27897,4,2,0,2,0
2020-04-06,Humboldt,023,135768,55,37,0,37,0
2020-04-06,Imperial,025,180216,121,47,0,47,1
2020-04-06,Inyo,027,18085,11,11,0,11,0
2020-04-06,Kern,029,883053,470,117,0,117,2
2020-04-06,Kings,031,150075,40,3,1,4,0
2020-04-06,Lake,033,64148,4,1,0,1,0
2020-04-06,Lassen,035,31185,3,0,2,2,0
2020-04-06,Los Angeles,037,10098052,11048,6346,12,6358,145
2020-04-06,Madera,039,155013,58,29,0,29,2
2020-04-06,Marin,041,260295,160,119,1,120,7
2020-04-06,Mariposa,043,17540,0,0,0,0,0
2020-04-06,Mendocino,045,87422,5,4,0,4,0
2020-04-06,Merced,047,269075,60,25,0,25,1
2020-04-06,Modoc,049,8938,0,0,0,0,0
2020-04-06,Mono,051,14174,28,18,0,18,1
2020-04-06,Monterey,053,433212,102,62,0,62,2
2020-04-06,Napa,055,140530,42,18,0,18,2
2020-04-06,Nevada,057,99092,36,19,1,20,1
2020-04-06,Orange,059,3164182,1657,910,15,925,17
2020-04-06,Placer,061,380077,139,90,0,90,3
2020-04-06,Plumas,063,18699,4,2,0,2,0
2020-04-06,Riverside,065,2383286,2025,854,13,867,17
2020-04-06,Sacramento,067,1510023,783,448,0,448,15
2020-04-06,San Benito,069,59416,34,25,0,25,1
2020-04-06,San Bernardino,071,2135413,1102,550,0,550,13
2020-04-06,San Diego,073,3302833,1991,1406,0,1406,19
2020-04-06,San Francisco,075,870044,952,586,0,586,6
2020-04-06,San Joaquin,077,732212,332,191,3,194,10
2020-04-06,San Luis Obispo,079,281455,147,85,1,86,1
2020-04-06,San Mateo,081,765935,848,569,2,571,20
2020-04-06,Santa Barbara,083,443738,296,189,1,190,2
2020-04-06,Santa Clara,085,1922200,1706,1128,4,1132,43
2020-04-06,Santa Cruz,087,273765,98,65,0,65,1
2020-04-06,Shasta,089,179085,29,16,0,16,3
2020-04-06,Sierra,091,2930,0,0,0,0,0
2020-04-06,Siskiyou,093,43540,4,4,0,4,0
2020-04-06,Solano,095,438530,163,95,0,95,1
2020-04-06,Sonoma,097,501317,166,102,0,102,1
2020-04-06,Stanislaus,099,539301,170,72,3,75,0
2020-04-06,Sutter,101,95872,22,14,0,14,2
2020-04-06,Tehama,103,63373,1,1,0,1,0
2020-04-06,Trinity,105,12862,0,0,0,0,0
2020-04-06,Tulare,107,460477,319,126,5,131,5
2020-04-06,Tuolumne,109,53932,3,1,0,1,0
2020-04-06,Ventura,111,848112,391,234,0,234,6
2020-04-06,Yolo,113,214977,97,43,0,43,1
2020-04-06,Yuba,115,75493,14,8,0,8,0
2020-04-05,Alameda,001,1643700,922,475,1,476,12
2020-04-05,Alpine,003,1148,1,1,0,1,0
2020-04-05,Amador,005,37829,6,2,0,2,0
2020-04-05,Butte,007,227075,16,10,1,11,0
2020-04-05,Calaveras,009,45235,9,3,0,3,0
2020-04-05,Colusa,011,21464,3,1,0,1,0
2020-04-05,Contra Costa,013,1133247,626,415,0,415,6
2020-04-05,Del Norte,015,27424,2,1,0,1,0
2020-04-05,El Dorado,017,186661,42,19,0,19,0
2020-04-05,Fresno,019,978130,337,102,4,106,1
2020-04-05,Glenn,021,27897,4,2,0,2,0
2020-04-05,Humboldt,023,135768,55,29,0,29,0
2020-04-05,Imperial,025,180216,113,42,0,42,1
2020-04-05,Inyo,027,18085,11,10,0,10,0
2020-04-05,Kern,029,883053,415,109,0,109,2
2020-04-05,Kings,031,150075,39,4,1,5,0
2020-04-05,Lake,033,64148,4,0,0,0,0
2020-04-05,Lassen,035,31185,3,0,2,2,0
2020-04-05,Los Angeles,037,10098052,10477,5892,12,5904,130
2020-04-05,Madera,039,155013,57,27,0,27,2
2020-04-05,Marin,041,260295,160,113,1,114,6
2020-04-05,Mariposa,043,17540,0,0,0,0,0
2020-04-05,Mendocino,045,87422,5,4,0,4,0
2020-04-05,Merced,047,269075,53,16,0,16,0
2020-04-05,Modoc,049,8938,0,0,0,0,0
2020-04-05,Mono,051,14174,28,18,0,18,1
2020-04-05,Monterey,053,433212,95,61,0,61,2
2020-04-05,Napa,055,140530,40,15,0,15,2
2020-04-05,Nevada,057,99092,36,19,1,20,1
2020-04-05,Orange,059,3164182,1600,820,15,835,15
2020-04-05,Placer,061,380077,136,86,0,86,3
2020-04-05,Plumas,063,18699,3,2,0,2,0
2020-04-05,Riverside,065,2383286,1896,669,13,682,17
2020-04-05,Sacramento,067,1510023,752,393,0,393,11
2020-04-05,San Benito,069,59416,34,22,0,22,1
2020-04-05,San Bernardino,071,2135413,1029,375,0,375,13
2020-04-05,San Diego,073,3302833,1909,1328,0,1328,19
2020-04-05,San Francisco,075,870044,905,559,0,559,6
2020-04-05,San Joaquin,077,732212,317,179,3,182,10
2020-04-05,San Luis Obispo,079,281455,145,83,1,84,1
2020-04-05,San Mateo,081,765935,828,528,2,530,19
2020-04-05,Santa Barbara,083,443738,280,171,1,172,1
2020-04-05,Santa Clara,085,1922200,1659,1052,4,1056,42
2020-04-05,Santa Cruz,087,273765,98,59,0,59,1
2020-04-05,Shasta,089,179085,28,11,0,11,2
2020-04-05,Sierra,091,2930,0,0,0,0,0
2020-04-05,Siskiyou,093,43540,4,3,0,3,0
2020-04-05,Solano,095,438530,159,78,0,78,1
2020-04-05,Sonoma,097,501317,164,88,0,88,1
2020-04-05,Stanislaus,099,539301,156,51,3,54,0
2020-04-05,Sutter,101,95872,22,14,0,14,1
2020-04-05,Tehama,103,63373,1,1,0,1,0
2020-04-05,Trinity,105,12862,0,0,0,0,0
2020-04-05,Tulare,107,460477,282,81,5,86,4
2020-04-05,Tuolumne,109,53932,3,1,0,1,0
2020-04-05,Ventura,111,848112,377,196,0,196,6
2020-04-05,Yolo,113,214977,78,37,0,37,2
2020-04-05,Yuba,115,75493,14,7,0,7,0
2020-04-04,Alameda,001,1643700,899,468,1,469,12
2020-04-04,Alpine,003,1148,1,1,0,1,0
2020-04-04,Amador,005,37829,5,2,0,2,0
2020-04-04,Butte,007,227075,16,10,1,11,0
2020-04-04,Calaveras,009,45235,9,3,0,3,0
2020-04-04,Colusa,011,21464,3,1,0,1,0
2020-04-04,Contra Costa,013,1133247,618,382,0,382,5
2020-04-04,Del Norte,015,27424,2,1,0,1,0
2020-04-04,El Dorado,017,186661,42,19,0,19,0
2020-04-04,Fresno,019,978130,327,102,4,106,1
2020-04-04,Glenn,021,27897,4,2,0,2,0
2020-04-04,Humboldt,023,135768,55,29,0,29,0
2020-04-04,Imperial,025,180216,112,42,0,42,1
2020-04-04,Inyo,027,18085,11,10,0,10,0
2020-04-04,Kern,029,883053,385,103,0,103,2
2020-04-04,Kings,031,150075,39,3,1,4,0
2020-04-04,Lake,033,64148,4,0,0,0,0
2020-04-04,Lassen,035,31185,3,0,2,2,0
2020-04-04,Los Angeles,037,10098052,9857,5275,12,5287,117
2020-04-04,Madera,039,155013,55,27,0,27,2
2020-04-04,Marin,041,260295,158,111,0,111,6
2020-04-04,Mariposa,043,17540,0,0,0,0,0
2020-04-04,Mendocino,045,87422,5,4,0,4,0
2020-04-04,Merced,047,269075,49,11,0,11,0
2020-04-04,Modoc,049,8938,0,0,0,0,0
2020-04-04,Mono,051,14174,28,18,0,18,1
2020-04-04,Monterey,053,433212,91,61,0,61,2
2020-04-04,Napa,055,140530,40,15,0,15,2
2020-04-04,Nevada,057,99092,36,19,1,20,1
2020-04-04,Orange,059,3164182,1558,781,14,795,15
2020-04-04,Placer,061,380077,135,87,0,87,2
2020-04-04,Plumas,063,18699,3,2,0,2,0
2020-04-04,Riverside,065,2383286,1795,652,13,665,15
2020-04-04,Sacramento,067,1510023,734,393,0,393,11
2020-04-04,San Benito,069,59416,34,22,0,22,1
2020-04-04,San Bernardino,071,2135413,981,373,0,373,13
2020-04-04,San Diego,073,3302833,1861,1211,0,1211,18
2020-04-04,San Francisco,075,870044,867,537,0,537,6
2020-04-04,San Joaquin,077,732212,294,171,3,174,10
2020-04-04,San Luis Obispo,079,281455,145,82,1,83,0
2020-04-04,San Mateo,081,765935,816,520,2,522,17
2020-04-04,Santa Barbara,083,443738,271,167,1,168,1
2020-04-04,Santa Clara,085,1922200,1607,1045,4,1049,39
2020-04-04,Santa Cruz,087,273765,98,56,0,56,1
2020-04-04,Shasta,089,179085,27,11,0,11,2
2020-04-04,Sierra,091,2930,0,0,0,0,0
2020-04-04,Siskiyou,093,43540,4,3,0,3,0
2020-04-04,Solano,095,438530,154,79,0,79,1
2020-04-04,Sonoma,097,501317,161,88,0,88,1
2020-04-04,Stanislaus,099,539301,145,51,3,54,0
2020-04-04,Sutter,101,95872,22,14,0,14,1
2020-04-04,Tehama,103,63373,1,1,0,1,0
2020-04-04,Trinity,105,12862,0,0,0,0,0
2020-04-04,Tulare,107,460477,268,79,5,84,4
2020-04-04,Tuolumne,109,53932,3,1,0,1,0
2020-04-04,Ventura,111,848112,364,194,0,194,6
2020-04-04,Yolo,113,214977,76,40,0,40,2
2020-04-04,Yuba,115,75493,13,7,0,7,0
2020-04-03,Alameda,001,1643700,863,395,1,396,11
2020-04-03,Alpine,003,1148,1,1,0,1,0
2020-04-03,Amador,005,37829,5,2,0,2,0
2020-04-03,Butte,007,227075,16,8,1,9,0
2020-04-03,Calaveras,009,45235,9,3,0,3,0
2020-04-03,Colusa,011,21464,3,1,0,1,0
2020-04-03,Contra Costa,013,1133247,595,327,0,327,5
2020-04-03,Del Norte,015,27424,2,1,0,1,0
2020-04-03,El Dorado,017,186661,40,16,0,16,0
2020-04-03,Fresno,019,978130,315,98,4,102,1
2020-04-03,Glenn,021,27897,4,2,0,2,0
2020-04-03,Humboldt,023,135768,55,34,0,34,0
2020-04-03,Imperial,025,180216,103,35,0,35,0
2020-04-03,Inyo,027,18085,11,10,0,10,0
2020-04-03,Kern,029,883053,359,87,0,87,1
2020-04-03,Kings,031,150075,37,3,1,4,0
2020-04-03,Lake,033,64148,3,0,0,0,0
2020-04-03,Lassen,035,31185,3,0,2,2,0
2020-04-03,Los Angeles,037,10098052,9240,4566,12,4578,91
2020-04-03,Madera,039,155013,54,28,0,28,2
2020-04-03,Marin,041,260295,156,106,0,106,6
2020-04-03,Mariposa,043,17540,0,0,0,0,0
2020-04-03,Mendocino,045,87422,5,4,0,4,0
2020-04-03,Merced,047,269075,46,9,0,9,0
2020-04-03,Modoc,049,8938,0,0,0,0,0
2020-04-03,Mono,051,14174,28,18,0,18,1
2020-04-03,Monterey,053,433212,88,58,0,58,2
2020-04-03,Napa,055,140530,39,13,0,13,1
2020-04-03,Nevada,057,99092,36,19,1,20,1
2020-04-03,Orange,059,3164182,1519,713,14,727,13
2020-04-03,Placer,061,380077,131,76,0,76,2
2020-04-03,Plumas,063,18699,3,2,0,2,0
2020-04-03,Riverside,065,2383286,1715,540,13,553,14
2020-04-03,Sacramento,067,1510023,713,363,0,363,11
2020-04-03,San Benito,069,59416,34,22,0,22,1
2020-04-03,San Bernardino,071,2135413,936,356,0,356,11
2020-04-03,San Diego,073,3302833,1800,1114,0,1114,17
2020-04-03,San Francisco,075,870044,843,506,0,506,6
2020-04-03,San Joaquin,077,732212,282,162,3,165,10
2020-04-03,San Luis Obispo,079,281455,144,82,1,83,0
2020-04-03,San Mateo,081,765935,799,474,2,476,13
2020-04-03,Santa Barbara,083,443738,260,154,1,155,1
2020-04-03,Santa Clara,085,1922200,1571,983,4,987,39
2020-04-03,Santa Cruz,087,273765,98,52,0,52,1
2020-04-03,Shasta,089,179085,27,10,0,10,1
2020-04-03,Sierra,091,2930,0,0,0,0,0
2020-04-03,Siskiyou,093,43540,4,3,0,3,0
2020-04-03,Solano,095,438530,146,72,0,72,1
2020-04-03,Sonoma,097,501317,161,84,0,84,1
2020-04-03,Stanislaus,099,539301,139,48,3,51,0
2020-04-03,Sutter,101,95872,22,12,0,12,1
2020-04-03,Tehama,103,63373,1,1,0,1,0
2020-04-03,Trinity,105,12862,0,0,0,0,0
2020-04-03,Tulare,107,460477,254,73,5,78,3
2020-04-03,Tuolumne,109,53932,3,1,0,1,0
2020-04-03,Ventura,111,848112,354,186,0,186,6
2020-04-03,Yolo,113,214977,75,33,0,33,1
2020-04-03,Yuba,115,75493,13,6,0,6,0
2020-04-02,Alameda,001,1643700,812,345,1,346,10
2020-04-02,Alpine,003,1148,1,1,0,1,0
2020-04-02,Amador,005,37829,5,2,0,2,0
2020-04-02,Butte,007,227075,16,7,0,7,0
2020-04-02,Calaveras,009,45235,7,3,0,3,0
2020-04-02,Colusa,011,21464,3,1,0,1,0
2020-04-02,Contra Costa,013,1133247,565,297,0,297,3
2020-04-02,Del Norte,015,27424,2,0,0,0,0
2020-04-02,El Dorado,017,186661,38,16,0,16,0
2020-04-02,Fresno,019,978130,299,92,4,96,0
2020-04-02,Glenn,021,27897,3,2,0,2,0
2020-04-02,Humboldt,023,135768,51,23,0,23,0
2020-04-02,Imperial,025,180216,99,24,0,24,0
2020-04-02,Inyo,027,18085,10,8,0,8,0
2020-04-02,Kern,029,883053,332,74,0,74,0
2020-04-02,Kings,031,150075,37,3,1,4,0
2020-04-02,Lake,033,64148,3,0,0,0,0
2020-04-02,Lassen,035,31185,3,0,2,2,0
2020-04-02,Los Angeles,037,10098052,8405,4040,12,4052,79
2020-04-02,Madera,039,155013,52,25,0,25,1
2020-04-02,Marin,041,260295,150,102,0,102,1
2020-04-02,Mariposa,043,17540,0,0,0,0,0
2020-04-02,Mendocino,045,87422,5,4,0,4,0
2020-04-02,Merced,047,269075,41,9,0,9,0
2020-04-02,Modoc,049,8938,0,0,0,0,0
2020-04-02,Mono,051,14174,28,16,0,16,1
2020-04-02,Monterey,053,433212,86,50,0,50,2
2020-04-02,Napa,055,140530,39,13,0,13,0
2020-04-02,Nevada,057,99092,35,17,1,18,0
2020-04-02,Orange,059,3164182,1467,640,13,653,12
2020-04-02,Placer,061,380077,130,72,0,72,2
2020-04-02,Plumas,063,18699,3,1,0,1,0
2020-04-02,Riverside,065,2383286,1598,438,13,451,13
2020-04-02,Sacramento,067,1510023,695,322,0,322,9
2020-04-02,San Benito,069,59416,32,18,0,18,1
2020-04-02,San Bernardino,071,2135413,881,335,0,335,8
2020-04-02,San Diego,073,3302833,1733,968,0,968,16
2020-04-02,San Francisco,075,870044,817,473,0,473,6
2020-04-02,San Joaquin,077,732212,263,148,3,151,9
2020-04-02,San Luis Obispo,079,281455,139,79,1,80,0
2020-04-02,San Mateo,081,765935,778,423,2,425,13
2020-04-02,Santa Barbara,083,443738,249,125,1,126,1
2020-04-02,Santa Clara,085,1922200,1520,908,4,912,38
2020-04-02,Santa Cruz,087,273765,96,49,0,49,1
2020-04-02,Shasta,089,179085,26,7,0,7,1
2020-04-02,Sierra,091,2930,0,0,0,0,0
2020-04-02,Siskiyou,093,43540,4,3,0,3,0
2020-04-02,Solano,095,438530,136,65,0,65,0
2020-04-02,Sonoma,097,501317,157,76,0,76,1
2020-04-02,Stanislaus,099,539301,128,40,3,43,0
2020-04-02,Sutter,101,95872,21,10,0,10,1
2020-04-02,Tehama,103,63373,1,1,0,1,0
2020-04-02,Trinity,105,12862,0,0,0,0,0
2020-04-02,Tulare,107,460477,220,64,5,69,1
2020-04-02,Tuolumne,109,53932,3,1,0,1,0
2020-04-02,Ventura,111,848112,336,178,0,178,5
2020-04-02,Yolo,113,214977,73,29,0,29,1
2020-04-02,Yuba,115,75493,10,5,0,5,0
2020-04-01,Alameda,001,1643700,785,287,1,288,8
2020-04-01,Alpine,003,1148,1,1,0,1,0
2020-04-01,Amador,005,37829,5,1,0,1,0
2020-04-01,Butte,007,227075,16,6,0,6,0
2020-04-01,Calaveras,009,45235,6,3,0,3,0
2020-04-01,Colusa,011,21464,3,1,0,1,0
2020-04-01,Contra Costa,013,1133247,522,267,0,267,3
2020-04-01,Del Norte,015,27424,2,0,0,0,0
2020-04-01,El Dorado,017,186661,37,14,0,14,0
2020-04-01,Fresno,019,978130,277,75,3,78,0
2020-04-01,Glenn,021,27897,3,2,0,2,0
2020-04-01,Humboldt,023,135768,51,19,0,19,0
2020-04-01,Imperial,025,180216,93,25,0,25,0
2020-04-01,Inyo,027,18085,10,8,0,8,0
2020-04-01,Kern,029,883053,305,53,0,53,0
2020-04-01,Kings,031,150075,35,3,1,4,0
2020-04-01,Lake,033,64148,3,0,0,0,0
2020-04-01,Lassen,035,31185,3,0,2,2,0
2020-04-01,Los Angeles,037,10098052,7753,3502,12,3514,66
2020-04-01,Madera,039,155013,50,17,0,17,1
2020-04-01,Marin,041,260295,146,87,0,87,1
2020-04-01,Mariposa,043,17540,0,0,0,0,0
2020-04-01,Mendocino,045,87422,5,4,0,4,0
2020-04-01,Merced,047,269075,38,7,0,7,0
2020-04-01,Modoc,049,8938,0,0,0,0,0
2020-04-01,Mono,051,14174,28,12,0,12,1
2020-04-01,Monterey,053,433212,85,47,0,47,2
2020-04-01,Napa,055,140530,36,11,0,11,0
2020-04-01,Nevada,057,99092,35,15,1,16,0
2020-04-01,Orange,059,3164182,1415,579,13,592,11
2020-04-01,Placer,061,380077,128,52,0,52,2
2020-04-01,Plumas,063,18699,3,1,0,1,0
2020-04-01,Riverside,065,2383286,1430,306,12,318,11
2020-04-01,Sacramento,067,1510023,662,299,0,299,8
2020-04-01,San Benito,069,59416,29,14,0,14,1
2020-04-01,San Bernardino,071,2135413,832,245,0,245,5
2020-04-01,San Diego,073,3302833,1663,851,0,851,11
2020-04-01,San Francisco,075,870044,789,432,0,432,6
2020-04-01,San Joaquin,077,732212,251,132,3,135,8
2020-04-01,San Luis Obispo,079,281455,133,69,1,70,0
2020-04-01,San Mateo,081,765935,760,354,2,356,13
2020-04-01,Santa Barbara,083,443738,236,103,1,104,0
2020-04-01,Santa Clara,085,1922200,1478,805,4,809,33
2020-04-01,Santa Cruz,087,273765,91,44,0,44,1
2020-04-01,Shasta,089,179085,25,5,0,5,1
2020-04-01,Sierra,091,2930,0,0,0,0,0
2020-04-01,Siskiyou,093,43540,4,3,0,3,0
2020-04-01,Solano,095,438530,131,57,0,57,0
2020-04-01,Sonoma,097,501317,153,60,0,60,1
2020-04-01,Stanislaus,099,539301,117,29,3,32,0
2020-04-01,Sutter,101,95872,21,9,0,9,1
2020-04-01,Tehama,103,63373,1,0,0,0,0
2020-04-01,Trinity,105,12862,0,0,0,0,0
2020-04-01,Tulare,107,460477,182,43,5,48,1
2020-04-01,Tuolumne,109,53932,3,1,0,1,0
2020-04-01,Ventura,111,848112,323,154,0,154,5
2020-04-01,Yolo,113,214977,68,22,0,22,1
2020-04-01,Yuba,115,75493,9,5,0,5,0
2020-03-31,Alameda,001,1643700,718,269,1,270,7
2020-03-31,Alpine,003,1148,1,1,0,1,0
2020-03-31,Amador,005,37829,5,1,0,1,0
2020-03-31,Butte,007,227075,16,6,0,6,0
2020-03-31,Calaveras,009,45235,6,3,0,3,0
2020-03-31,Colusa,011,21464,3,1,0,1,0
2020-03-31,Contra Costa,013,1133247,497,246,0,246,3
2020-03-31,Del Norte,015,27424,1,0,0,0,0
2020-03-31,El Dorado,017,186661,33,14,0,14,0
2020-03-31,Fresno,019,978130,252,59,3,62,0
2020-03-31,Glenn,021,27897,3,2,0,2,0
2020-03-31,Humboldt,023,135768,51,18,0,18,0
2020-03-31,Imperial,025,180216,88,17,0,17,0
2020-03-31,Inyo,027,18085,10,8,0,8,0
2020-03-31,Kern,029,883053,281,47,0,47,0
2020-03-31,Kings,031,150075,33,2,1,3,0
2020-03-31,Lake,033,64148,1,0,0,0,0
2020-03-31,Lassen,035,31185,3,0,2,2,0
2020-03-31,Los Angeles,037,10098052,7089,3001,12,3013,53
2020-03-31,Madera,039,155013,49,17,0,17,1
2020-03-31,Marin,041,260295,137,85,0,85,1
2020-03-31,Mariposa,043,17540,0,0,0,0,0
2020-03-31,Mendocino,045,87422,5,4,0,4,0
2020-03-31,Merced,047,269075,33,6,0,6,0
2020-03-31,Modoc,049,8938,0,0,0,0,0
2020-03-31,Mono,051,14174,26,12,0,12,0
2020-03-31,Monterey,053,433212,83,43,0,43,2
2020-03-31,Napa,055,140530,35,9,0,9,0
2020-03-31,Nevada,057,99092,35,15,1,16,0
2020-03-31,Orange,059,3164182,1345,506,13,519,7
2020-03-31,Placer,061,380077,121,49,0,49,2
2020-03-31,Plumas,063,18699,1,0,0,0,0
2020-03-31,Riverside,065,2383286,1284,284,12,296,8
2020-03-31,Sacramento,067,1510023,610,271,0,271,8
2020-03-31,San Benito,069,59416,29,14,0,14,1
2020-03-31,San Bernardino,071,2135413,747,193,0,193,5
2020-03-31,San Diego,073,3302833,1581,736,0,736,9
2020-03-31,San Francisco,075,870044,754,404,0,404,5
2020-03-31,San Joaquin,077,732212,235,122,3,125,7
2020-03-31,San Luis Obispo,079,281455,129,67,1,68,0
2020-03-31,San Mateo,081,765935,741,297,2,299,12
2020-03-31,Santa Barbara,083,443738,221,89,1,90,0
2020-03-31,Santa Clara,085,1922200,1428,777,4,781,30
2020-03-31,Santa Cruz,087,273765,84,40,0,40,1
2020-03-31,Shasta,089,179085,22,5,0,5,1
2020-03-31,Sierra,091,2930,0,0,0,0,0
2020-03-31,Siskiyou,093,43540,4,3,0,3,0
2020-03-31,Solano,095,438530,117,56,0,56,0
2020-03-31,Sonoma,097,501317,148,58,0,58,1
2020-03-31,Stanislaus,099,539301,102,28,3,31,0
2020-03-31,Sutter,101,95872,21,8,0,8,0
2020-03-31,Tehama,103,63373,1,0,0,0,0
2020-03-31,Trinity,105,12862,0,0,0,0,0
2020-03-31,Tulare,107,460477,159,42,4,46,1
2020-03-31,Tuolumne,109,53932,3,1,0,1,0
2020-03-31,Ventura,111,848112,312,143,0,143,4
2020-03-31,Yolo,113,214977,61,21,0,21,1
2020-03-31,Yuba,115,75493,9,5,0,5,0
2020-03-30,Alameda,001,1643700,678,250,1,251,7
2020-03-30,Alpine,003,1148,1,1,0,1,0
2020-03-30,Amador,005,37829,5,1,0,1,0
2020-03-30,Butte,007,227075,14,5,0,5,0
2020-03-30,Calaveras,009,45235,6,3,0,3,0
2020-03-30,Colusa,011,21464,3,1,0,1,0
2020-03-30,Contra Costa,013,1133247,471,212,0,212,3
2020-03-30,Del Norte,015,27424,0,0,0,0,0
2020-03-30,El Dorado,017,186661,33,11,0,11,0
2020-03-30,Fresno,019,978130,227,46,3,49,0
2020-03-30,Glenn,021,27897,3,2,0,2,0
2020-03-30,Humboldt,023,135768,49,11,0,11,0
2020-03-30,Imperial,025,180216,85,9,0,9,0
2020-03-30,Inyo,027,18085,10,5,0,5,0
2020-03-30,Kern,029,883053,248,30,0,30,0
2020-03-30,Kings,031,150075,33,1,1,2,0
2020-03-30,Lake,033,64148,1,0,0,0,0
2020-03-30,Lassen,035,31185,3,0,1,1,0
2020-03-30,Los Angeles,037,10098052,6429,2467,12,2479,44
2020-03-30,Madera,039,155013,48,14,0,14,1
2020-03-30,Marin,041,260295,130,78,0,78,0
2020-03-30,Mariposa,043,17540,0,0,0,0,0
2020-03-30,Mendocino,045,87422,5,2,0,2,0
2020-03-30,Merced,047,269075,29,6,0,6,0
2020-03-30,Modoc,049,8938,0,0,0,0,0
2020-03-30,Mono,051,14174,26,11,0,11,0
2020-03-30,Monterey,053,433212,78,41,0,41,1
2020-03-30,Napa,055,140530,34,9,0,9,0
2020-03-30,Nevada,057,99092,34,14,1,15,0
2020-03-30,Orange,059,3164182,1280,418,13,431,5
2020-03-30,Placer,061,380077,118,44,0,44,2
2020-03-30,Plumas,063,18699,1,0,0,0,0
2020-03-30,Riverside,065,2383286,1203,204,12,216,7
2020-03-30,Sacramento,067,1510023,586,238,0,238,8
2020-03-30,San Benito,069,59416,29,11,0,11,1
2020-03-30,San Bernardino,071,2135413,703,145,0,145,4
2020-03-30,San Diego,073,3302833,1511,605,0,605,7
2020-03-30,San Francisco,075,870044,714,368,0,368,5
2020-03-30,San Joaquin,077,732212,228,112,3,115,5
2020-03-30,San Luis Obispo,079,281455,126,62,1,63,0
2020-03-30,San Mateo,081,765935,717,257,2,259,11
2020-03-30,Santa Barbara,083,443738,212,79,1,80,0
2020-03-30,Santa Clara,085,1922200,1397,745,3,748,31
2020-03-30,Santa Cruz,087,273765,81,36,0,36,1
2020-03-30,Shasta,089,179085,21,4,0,4,1
2020-03-30,Sierra,091,2930,0,0,0,0,0
2020-03-30,Siskiyou,093,43540,4,2,0,2,0
2020-03-30,Solano,095,438530,111,50,0,50,0
2020-03-30,Sonoma,097,501317,145,57,0,57,1
2020-03-30,Stanislaus,099,539301,95,28,3,31,0
2020-03-30,Sutter,101,95872,20,6,0,6,0
2020-03-30,Tehama,103,63373,1,0,0,0,0
2020-03-30,Trinity,105,12862,0,0,0,0,0
2020-03-30,Tulare,107,460477,147,40,3,43,1
2020-03-30,Tuolumne,109,53932,3,1,0,1,0
2020-03-30,Ventura,111,848112,301,118,0,118,2
2020-03-30,Yolo,113,214977,58,17,0,17,1
2020-03-30,Yuba,115,75493,8,5,0,5,0
2020-03-29,Alameda,001,1643700,644,207,1,208,6
2020-03-29,Alpine,003,1148,1,0,0,0,0
2020-03-29,Amador,005,37829,5,1,0,1,0
2020-03-29,Butte,007,227075,14,4,0,4,0
2020-03-29,Calaveras,009,45235,6,2,0,2,0
2020-03-29,Colusa,011,21464,3,1,0,1,0
2020-03-29,Contra Costa,013,1133247,441,187,0,187,3
2020-03-29,Del Norte,015,27424,0,0,0,0,0
2020-03-29,El Dorado,017,186661,32,9,0,9,0
2020-03-29,Fresno,019,978130,203,31,3,34,0
2020-03-29,Glenn,021,27897,2,1,0,1,0
2020-03-29,Humboldt,023,135768,46,9,0,9,0
2020-03-29,Imperial,025,180216,79,9,0,9,0
2020-03-29,Inyo,027,18085,9,0,0,0,0
2020-03-29,Kern,029,883053,230,20,0,20,0
2020-03-29,Kings,031,150075,30,1,1,2,0
2020-03-29,Lake,033,64148,0,0,0,0,0
2020-03-29,Lassen,035,31185,3,0,1,1,0
2020-03-29,Los Angeles,037,10098052,5782,2119,11,2130,37
2020-03-29,Madera,039,155013,43,11,0,11,1
2020-03-29,Marin,041,260295,125,60,0,60,0
2020-03-29,Mariposa,043,17540,0,0,0,0,0
2020-03-29,Mendocino,045,87422,5,2,0,2,0
2020-03-29,Merced,047,269075,28,4,0,4,0
2020-03-29,Modoc,049,8938,0,0,0,0,0
2020-03-29,Mono,051,14174,26,8,0,8,0
2020-03-29,Monterey,053,433212,73,36,0,36,1
2020-03-29,Napa,055,140530,32,5,0,5,0
2020-03-29,Nevada,057,99092,32,13,1,14,0
2020-03-29,Orange,059,3164182,1207,343,13,356,2
2020-03-29,Placer,061,380077,117,35,0,35,2
2020-03-29,Plumas,063,18699,1,0,0,0,0
2020-03-29,Riverside,065,2383286,1079,122,12,134,7
2020-03-29,Sacramento,067,1510023,546,217,0,217,7
2020-03-29,San Benito,069,59416,28,10,0,10,1
2020-03-29,San Bernardino,071,2135413,651,94,0,94,2
2020-03-29,San Diego,073,3302833,1439,521,0,521,7
2020-03-29,San Francisco,075,870044,670,333,0,333,5
2020-03-29,San Joaquin,077,732212,219,86,3,89,4
2020-03-29,San Luis Obispo,079,281455,119,55,0,55,0
2020-03-29,San Mateo,081,765935,692,234,2,236,12
2020-03-29,Santa Barbara,083,443738,204,52,1,53,0
2020-03-29,Santa Clara,085,1922200,1340,591,3,594,30
2020-03-29,Santa Cruz,087,273765,81,33,0,33,1
2020-03-29,Shasta,089,179085,20,4,0,4,1
2020-03-29,Sierra,091,2930,0,0,0,0,0
2020-03-29,Siskiyou,093,43540,4,2,0,2,0
2020-03-29,Solano,095,438530,103,48,0,48,0
2020-03-29,Sonoma,097,501317,143,35,0,35,1
2020-03-29,Stanislaus,099,539301,90,19,3,22,0
2020-03-29,Sutter,101,95872,17,6,0,6,0
2020-03-29,Tehama,103,63373,1,0,0,0,0
2020-03-29,Trinity,105,12862,0,0,0,0,0
2020-03-29,Tulare,107,460477,122,24,3,27,1
2020-03-29,Tuolumne,109,53932,2,1,0,1,0
2020-03-29,Ventura,111,848112,274,92,0,92,2
2020-03-29,Yolo,113,214977,53,13,0,13,1
2020-03-29,Yuba,115,75493,8,3,0,3,0
2020-03-28,Alameda,001,1643700,617,410,1,411,12
2020-03-28,Alpine,003,1148,1,0,0,0,0
2020-03-28,Amador,005,37829,5,2,0,2,0
2020-03-28,Butte,007,227075,14,8,0,8,0
2020-03-28,Calaveras,009,45235,6,4,0,4,0
2020-03-28,Colusa,011,21464,3,2,0,2,0
2020-03-28,Contra Costa,013,1133247,418,350,0,350,4
2020-03-28,Del Norte,015,27424,0,0,0,0,0
2020-03-28,El Dorado,017,186661,31,18,0,18,0
2020-03-28,Fresno,019,978130,193,62,3,65,0
2020-03-28,Glenn,021,27897,2,2,0,2,0
2020-03-28,Humboldt,023,135768,46,18,0,18,0
2020-03-28,Imperial,025,180216,74,18,0,18,0
2020-03-28,Inyo,027,18085,9,0,0,0,0
2020-03-28,Kern,029,883053,213,40,0,40,0
2020-03-28,Kings,031,150075,29,2,1,3,0
2020-03-28,Lake,033,64148,0,0,0,0,0
2020-03-28,Lassen,035,31185,3,0,1,1,0
2020-03-28,Los Angeles,037,10098052,5397,3600,10,3610,64
2020-03-28,Madera,039,155013,43,22,0,22,2
2020-03-28,Marin,041,260295,120,116,0,116,0
2020-03-28,Mariposa,043,17540,0,0,0,0,0
2020-03-28,Mendocino,045,87422,5,4,0,4,0
2020-03-28,Merced,047,269075,27,8,0,8,0
2020-03-28,Modoc,049,8938,0,0,0,0,0
2020-03-28,Mono,051,14174,24,12,0,12,0
2020-03-28,Monterey,053,433212,72,64,0,64,2
2020-03-28,Napa,055,140530,27,10,0,10,0
2020-03-28,Nevada,057,99092,32,22,1,23,0
2020-03-28,Orange,059,3164182,1171,656,13,669,4
2020-03-28,Placer,061,380077,112,70,0,70,2
2020-03-28,Plumas,063,18699,1,0,0,0,0
2020-03-28,Riverside,065,2383286,1011,242,12,254,14
2020-03-28,Sacramento,067,1510023,528,406,0,406,14
2020-03-28,San Benito,069,59416,28,20,0,20,2
2020-03-28,San Bernardino,071,2135413,603,162,0,162,4
2020-03-28,San Diego,073,3302833,1380,980,0,980,14
2020-03-28,San Francisco,075,870044,646,600,0,600,6
2020-03-28,San Joaquin,077,732212,212,166,3,169,8
2020-03-28,San Luis Obispo,079,281455,117,104,0,104,0
2020-03-28,San Mateo,081,765935,672,462,2,464,17
2020-03-28,Santa Barbara,083,443738,194,98,1,99,0
2020-03-28,Santa Clara,085,1922200,1321,1174,3,1177,54
2020-03-28,Santa Cruz,087,273765,80,62,0,62,0
2020-03-28,Shasta,089,179085,20,8,0,8,2
2020-03-28,Sierra,091,2930,0,0,0,0,0
2020-03-28,Siskiyou,093,43540,4,4,0,4,0
2020-03-28,Solano,095,438530,99,96,0,96,0
2020-03-28,Sonoma,097,501317,141,70,0,70,2
2020-03-28,Stanislaus,099,539301,85,34,3,37,0
2020-03-28,Sutter,101,95872,17,6,0,6,0
2020-03-28,Tehama,103,63373,1,0,0,0,0
2020-03-28,Trinity,105,12862,0,0,0,0,0
2020-03-28,Tulare,107,460477,114,46,3,49,0
2020-03-28,Tuolumne,109,53932,2,2,0,2,0
2020-03-28,Ventura,111,848112,270,178,0,178,4
2020-03-28,Yolo,113,214977,52,26,0,26,2
2020-03-28,Yuba,115,75493,8,6,0,6,0
2020-03-27,Alameda,001,1643700,598,185,1,186,4
2020-03-27,Alpine,003,1148,1,0,0,0,0
2020-03-27,Amador,005,37829,4,1,0,1,0
2020-03-27,Butte,007,227075,12,4,0,4,0
2020-03-27,Calaveras,009,45235,6,2,0,2,0
2020-03-27,Colusa,011,21464,3,0,0,0,0
2020-03-27,Contra Costa,013,1133247,397,161,0,161,2
2020-03-27,Del Norte,015,27424,0,0,0,0,0
2020-03-27,El Dorado,017,186661,29,9,0,9,0
2020-03-27,Fresno,019,978130,181,29,2,31,0
2020-03-27,Glenn,021,27897,2,0,0,0,0
2020-03-27,Humboldt,023,135768,42,9,0,9,0
2020-03-27,Imperial,025,180216,69,9,0,9,0
2020-03-27,Inyo,027,18085,9,0,0,0,0
2020-03-27,Kern,029,883053,200,20,0,20,0
2020-03-27,Kings,031,150075,28,0,1,1,0
2020-03-27,Lake,033,64148,0,0,0,0,0
2020-03-27,Lassen,035,31185,3,0,1,1,0
2020-03-27,Los Angeles,037,10098052,4987,1474,10,1484,26
2020-03-27,Madera,039,155013,41,10,0,10,1
2020-03-27,Marin,041,260295,115,58,0,58,0
2020-03-27,Mariposa,043,17540,0,0,0,0,0
2020-03-27,Mendocino,045,87422,5,2,0,2,0
2020-03-27,Merced,047,269075,26,3,0,3,0
2020-03-27,Modoc,049,8938,0,0,0,0,0
2020-03-27,Mono,051,14174,24,6,0,6,0
2020-03-27,Monterey,053,433212,69,26,0,26,1
2020-03-27,Napa,055,140530,27,5,0,5,0
2020-03-27,Nevada,057,99092,32,6,1,7,0
2020-03-27,Orange,059,3164182,1121,299,13,312,2
2020-03-27,Placer,061,380077,109,33,0,33,1
2020-03-27,Plumas,063,18699,0,0,0,0,0
2020-03-27,Riverside,065,2383286,955,121,12,133,7
2020-03-27,Sacramento,067,1510023,505,163,0,163,6
2020-03-27,San Benito,069,59416,27,9,0,9,1
2020-03-27,San Bernardino,071,2135413,513,77,0,77,2
2020-03-27,San Diego,073,3302833,1323,419,0,419,5
2020-03-27,San Francisco,075,870044,621,285,0,285,2
2020-03-27,San Joaquin,077,732212,201,73,3,76,3
2020-03-27,San Luis Obispo,079,281455,115,46,0,46,0
2020-03-27,San Mateo,081,765935,646,213,2,215,7
2020-03-27,Santa Barbara,083,443738,180,37,1,38,0
2020-03-27,Santa Clara,085,1922200,1283,557,3,560,25
2020-03-27,Santa Cruz,087,273765,79,31,0,31,0
2020-03-27,Shasta,089,179085,17,3,0,3,1
2020-03-27,Sierra,091,2930,0,0,0,0,0
2020-03-27,Siskiyou,093,43540,4,2,0,2,0
2020-03-27,Solano,095,438530,93,48,0,48,0
2020-03-27,Sonoma,097,501317,133,35,0,35,1
2020-03-27,Stanislaus,099,539301,83,16,3,19,0
2020-03-27,Sutter,101,95872,16,2,0,2,0
2020-03-27,Tehama,103,63373,1,0,0,0,0
2020-03-27,Trinity,105,12862,0,0,0,0,0
2020-03-27,Tulare,107,460477,106,15,3,18,0
2020-03-27,Tuolumne,109,53932,2,1,0,1,0
2020-03-27,Ventura,111,848112,261,80,0,80,2
2020-03-27,Yolo,113,214977,51,13,0,13,1
2020-03-27,Yuba,115,75493,7,3,0,3,0
2020-03-26,Alameda,001,1643700,558,172,1,173,4
2020-03-26,Alpine,003,1148,1,0,0,0,0
2020-03-26,Amador,005,37829,4,1,0,1,0
2020-03-26,Butte,007,227075,12,4,0,4,0
2020-03-26,Calaveras,009,45235,6,2,0,2,0
2020-03-26,Colusa,011,21464,3,0,0,0,0
2020-03-26,Contra Costa,013,1133247,386,147,0,147,2
2020-03-26,Del Norte,015,27424,0,0,0,0,0
2020-03-26,El Dorado,017,186661,27,7,0,7,0
2020-03-26,Fresno,019,978130,172,25,2,27,0
2020-03-26,Glenn,021,27897,2,0,0,0,0
2020-03-26,Humboldt,023,135768,38,8,0,8,0
2020-03-26,Imperial,025,180216,65,8,0,8,0
2020-03-26,Inyo,027,18085,8,0,0,0,0
2020-03-26,Kern,029,883053,184,20,0,20,0
2020-03-26,Kings,031,150075,28,0,1,1,0
2020-03-26,Lake,033,64148,0,0,0,0,0
2020-03-26,Lassen,035,31185,3,0,1,1,0
2020-03-26,Los Angeles,037,10098052,4579,1075,10,1085,19
2020-03-26,Madera,039,155013,39,8,0,8,0
2020-03-26,Marin,041,260295,106,56,0,56,0
2020-03-26,Mariposa,043,17540,0,0,0,0,0
2020-03-26,Mendocino,045,87422,4,1,0,1,0
2020-03-26,Merced,047,269075,23,1,0,1,0
2020-03-26,Modoc,049,8938,0,0,0,0,0
2020-03-26,Mono,051,14174,23,5,0,5,0
2020-03-26,Monterey,053,433212,66,25,0,25,1
2020-03-26,Napa,055,140530,26,5,0,5,0
2020-03-26,Nevada,057,99092,32,7,1,8,0
2020-03-26,Orange,059,3164182,1059,279,11,290,1
2020-03-26,Placer,061,380077,106,34,0,34,1
2020-03-26,Plumas,063,18699,0,0,0,0,0
2020-03-26,Riverside,065,2383286,884,118,12,130,7
2020-03-26,Sacramento,067,1510023,472,147,0,147,5
2020-03-26,San Benito,069,59416,27,8,0,8,1
2020-03-26,San Bernardino,071,2135413,447,57,0,57,1
2020-03-26,San Diego,073,3302833,1256,299,0,299,2
2020-03-26,San Francisco,075,870044,594,261,0,261,1
2020-03-26,San Joaquin,077,732212,190,69,3,72,3
2020-03-26,San Luis Obispo,079,281455,110,38,0,38,0
2020-03-26,San Mateo,081,765935,612,122,2,124,5
2020-03-26,Santa Barbara,083,443738,167,33,1,34,0
2020-03-26,Santa Clara,085,1922200,1238,487,2,489,20
2020-03-26,Santa Cruz,087,273765,75,30,0,30,0
2020-03-26,Shasta,089,179085,17,3,0,3,1
2020-03-26,Sierra,091,2930,0,0,0,0,0
2020-03-26,Siskiyou,093,43540,4,2,0,2,0
2020-03-26,Solano,095,438530,85,41,0,41,0
2020-03-26,Sonoma,097,501317,128,33,0,33,1
2020-03-26,Stanislaus,099,539301,81,15,3,18,0
2020-03-26,Sutter,101,95872,12,2,0,2,0
2020-03-26,Tehama,103,63373,1,0,0,0,0
2020-03-26,Trinity,105,12862,0,0,0,0,0
2020-03-26,Tulare,107,460477,97,15,3,18,0
2020-03-26,Tuolumne,109,53932,2,0,0,0,0
2020-03-26,Ventura,111,848112,245,70,0,70,1
2020-03-26,Yolo,113,214977,47,13,0,13,1
2020-03-26,Yuba,115,75493,7,3,0,3,0
2020-03-25,Alameda,001,1643700,537,134,1,135,3
2020-03-25,Alpine,003,1148,1,0,0,0,0
2020-03-25,Amador,005,37829,4,1,0,1,0
2020-03-25,Butte,007,227075,12,4,0,4,0
2020-03-25,Calaveras,009,45235,6,2,0,2,0
2020-03-25,Colusa,011,21464,2,0,0,0,0
2020-03-25,Contra Costa,013,1133247,372,131,0,131,1
2020-03-25,Del Norte,015,27424,0,0,0,0,0
2020-03-25,El Dorado,017,186661,27,5,0,5,0
2020-03-25,Fresno,019,978130,152,21,2,23,0
2020-03-25,Glenn,021,27897,2,0,0,0,0
2020-03-25,Humboldt,023,135768,35,3,0,3,0
2020-03-25,Imperial,025,180216,57,8,0,8,0
2020-03-25,Inyo,027,18085,5,0,0,0,0
2020-03-25,Kern,029,883053,164,13,0,13,0
2020-03-25,Kings,031,150075,26,0,1,1,0
2020-03-25,Lake,033,64148,0,0,0,0,0
2020-03-25,Lassen,035,31185,3,0,1,1,0
2020-03-25,Los Angeles,037,10098052,4180,725,10,735,10
2020-03-25,Madera,039,155013,37,6,0,6,0
2020-03-25,Marin,041,260295,100,47,0,47,0
2020-03-25,Mariposa,043,17540,0,0,0,0,0
2020-03-25,Mendocino,045,87422,3,1,0,1,0
2020-03-25,Merced,047,269075,19,0,0,0,0
2020-03-25,Modoc,049,8938,0,0,0,0,0
2020-03-25,Mono,051,14174,22,4,0,4,0
2020-03-25,Monterey,053,433212,63,23,0,23,1
2020-03-25,Napa,055,140530,26,5,0,5,0
2020-03-25,Nevada,057,99092,31,5,1,6,0
2020-03-25,Orange,059,3164182,1001,214,9,223,1
2020-03-25,Placer,061,380077,100,30,0,30,1
2020-03-25,Plumas,063,18699,0,1,0,1,0
2020-03-25,Riverside,065,2383286,813,87,12,99,5
2020-03-25,Sacramento,067,1510023,446,114,0,114,5
2020-03-25,San Benito,069,59416,26,4,0,4,1
2020-03-25,San Bernardino,071,2135413,408,46,0,46,1
2020-03-25,San Diego,073,3302833,1194,238,0,238,2
2020-03-25,San Francisco,075,870044,553,212,0,212,1
2020-03-25,San Joaquin,077,732212,177,64,3,67,2
2020-03-25,San Luis Obispo,079,281455,105,35,0,35,0
2020-03-25,San Mateo,081,765935,577,111,2,113,5
2020-03-25,Santa Barbara,083,443738,157,25,1,26,0
2020-03-25,Santa Clara,085,1922200,1194,452,2,454,20
2020-03-25,Santa Cruz,087,273765,72,26,0,26,0
2020-03-25,Shasta,089,179085,16,3,0,3,1
2020-03-25,Sierra,091,2930,0,0,0,0,0
2020-03-25,Siskiyou,093,43540,4,2,0,2,0
2020-03-25,Solano,095,438530,80,39,0,39,0
2020-03-25,Sonoma,097,501317,123,31,0,31,1
2020-03-25,Stanislaus,099,539301,74,14,3,17,0
2020-03-25,Sutter,101,95872,9,1,0,1,0
2020-03-25,Tehama,103,63373,1,0,0,0,0
2020-03-25,Trinity,105,12862,0,0,0,0,0
2020-03-25,Tulare,107,460477,87,11,3,14,0
2020-03-25,Tuolumne,109,53932,2,0,0,0,0
2020-03-25,Ventura,111,848112,229,53,0,53,1
2020-03-25,Yolo,113,214977,45,9,0,9,1
2020-03-25,Yuba,115,75493,7,2,0,2,0
2020-03-24,Alameda,001,1643700,504,96,1,97,2
2020-03-24,Alpine,003,1148,1,0,0,0,0
2020-03-24,Amador,005,37829,2,1,0,1,0
2020-03-24,Butte,007,227075,11,3,0,3,0
2020-03-24,Calaveras,009,45235,5,2,0,2,0
2020-03-24,Colusa,011,21464,2,0,0,0,0
2020-03-24,Contra Costa,013,1133247,359,108,0,108,1
2020-03-24,Del Norte,015,27424,0,0,0,0,0
2020-03-24,El Dorado,017,186661,27,3,0,3,0
2020-03-24,Fresno,019,978130,133,18,2,20,0
2020-03-24,Glenn,021,27897,2,0,0,0,0
2020-03-24,Humboldt,023,135768,33,2,0,2,0
2020-03-24,Imperial,025,180216,54,3,0,3,0
2020-03-24,Inyo,027,18085,5,0,0,0,0
2020-03-24,Kern,029,883053,144,5,0,5,0
2020-03-24,Kings,031,150075,25,0,1,1,0
2020-03-24,Lake,033,64148,0,0,0,0,0
2020-03-24,Lassen,035,31185,3,0,1,1,0
2020-03-24,Los Angeles,037,10098052,3727,633,10,643,7
2020-03-24,Madera,039,155013,36,6,0,6,0
2020-03-24,Marin,041,260295,89,44,0,44,0
2020-03-24,Mariposa,043,17540,0,0,0,0,0
2020-03-24,Mendocino,045,87422,3,1,0,1,0
2020-03-24,Merced,047,269075,17,0,0,0,0
2020-03-24,Modoc,049,8938,0,0,0,0,0
2020-03-24,Mono,051,14174,21,1,0,1,0
2020-03-24,Monterey,053,433212,59,23,0,23,1
2020-03-24,Napa,055,140530,23,2,0,2,0
2020-03-24,Nevada,057,99092,30,4,1,5,0
2020-03-24,Orange,059,3164182,939,166,9,175,0
2020-03-24,Placer,061,380077,93,22,0,22,1
2020-03-24,Plumas,063,18699,0,1,0,1,0
2020-03-24,Riverside,065,2383286,746,56,12,68,5
2020-03-24,Sacramento,067,1510023,426,93,0,93,4
2020-03-24,San Benito,069,59416,25,4,0,4,1
2020-03-24,San Bernardino,071,2135413,364,27,0,27,0
2020-03-24,San Diego,073,3302833,1127,231,0,231,2
2020-03-24,San Francisco,075,870044,521,181,0,181,1
2020-03-24,San Joaquin,077,732212,166,52,3,55,2
2020-03-24,San Luis Obispo,079,281455,102,32,0,32,0
2020-03-24,San Mateo,081,765935,536,100,2,102,2
2020-03-24,Santa Barbara,083,443738,151,20,1,21,0
2020-03-24,Santa Clara,085,1922200,1125,389,2,391,17
2020-03-24,Santa Cruz,087,273765,67,22,0,22,0
2020-03-24,Shasta,089,179085,15,3,0,3,0
2020-03-24,Sierra,091,2930,0,0,0,0,0
2020-03-24,Siskiyou,093,43540,4,2,0,2,0
2020-03-24,Solano,095,438530,78,34,0,34,0
2020-03-24,Sonoma,097,501317,116,27,0,27,1
2020-03-24,Stanislaus,099,539301,65,13,3,16,0
2020-03-24,Sutter,101,95872,9,0,0,0,0
2020-03-24,Tehama,103,63373,1,0,0,0,0
2020-03-24,Trinity,105,12862,0,0,0,0,0
2020-03-24,Tulare,107,460477,77,10,3,13,0
2020-03-24,Tuolumne,109,53932,2,0,0,0,0
2020-03-24,Ventura,111,848112,213,44,0,44,1
2020-03-24,Yolo,113,214977,41,8,0,8,0
2020-03-24,Yuba,115,75493,7,2,0,2,0
2020-03-23,Alameda,001,1643700,473,88,1,89,1
2020-03-23,Alpine,003,1148,1,0,0,0,0
2020-03-23,Amador,005,37829,2,1,0,1,0
2020-03-23,Butte,007,227075,11,2,0,2,0
2020-03-23,Calaveras,009,45235,5,2,0,2,0
2020-03-23,Colusa,011,21464,1,0,0,0,0
2020-03-23,Contra Costa,013,1133247,339,91,0,91,2
2020-03-23,Del Norte,015,27424,0,0,0,0,0
2020-03-23,El Dorado,017,186661,26,3,0,3,0
2020-03-23,Fresno,019,978130,123,10,2,12,0
2020-03-23,Glenn,021,27897,2,0,0,0,0
2020-03-23,Humboldt,023,135768,31,2,0,2,0
2020-03-23,Imperial,025,180216,50,2,0,2,0
2020-03-23,Inyo,027,18085,3,0,0,0,0
2020-03-23,Kern,029,883053,130,5,0,5,0
2020-03-23,Kings,031,150075,25,0,1,1,0
2020-03-23,Lake,033,64148,0,0,0,0,0
2020-03-23,Lassen,035,31185,3,0,1,1,0
2020-03-23,Los Angeles,037,10098052,3417,389,10,399,4
2020-03-23,Madera,039,155013,36,4,0,4,0
2020-03-23,Marin,041,260295,84,30,0,30,0
2020-03-23,Mariposa,043,17540,0,0,0,0,0
2020-03-23,Mendocino,045,87422,3,1,0,1,0
2020-03-23,Merced,047,269075,11,0,0,0,0
2020-03-23,Modoc,049,8938,0,0,0,0,0
2020-03-23,Mono,051,14174,19,1,0,1,0
2020-03-23,Monterey,053,433212,54,14,0,14,1
2020-03-23,Napa,055,140530,21,1,0,1,0
2020-03-23,Nevada,057,99092,27,2,1,3,0
2020-03-23,Orange,059,3164182,884,138,7,145,0
2020-03-23,Placer,061,380077,90,19,0,19,1
2020-03-23,Plumas,063,18699,0,0,0,0,0
2020-03-23,Riverside,065,2383286,703,39,12,51,5
2020-03-23,Sacramento,067,1510023,393,87,0,87,4
2020-03-23,San Benito,069,59416,24,4,0,4,1
2020-03-23,San Bernardino,071,2135413,334,17,0,17,0
2020-03-23,San Diego,073,3302833,1068,178,0,178,1
2020-03-23,San Francisco,075,870044,492,152,0,152,0
2020-03-23,San Joaquin,077,732212,154,37,3,40,2
2020-03-23,San Luis Obispo,079,281455,96,23,0,23,0
2020-03-23,San Mateo,081,765935,497,88,2,90,1
2020-03-23,Santa Barbara,083,443738,133,18,1,19,0
2020-03-23,Santa Clara,085,1922200,1076,336,2,338,13
2020-03-23,Santa Cruz,087,273765,65,21,0,21,0
2020-03-23,Shasta,089,179085,13,2,0,2,0
2020-03-23,Sierra,091,2930,0,0,0,0,0
2020-03-23,Siskiyou,093,43540,4,2,0,2,0
2020-03-23,Solano,095,438530,74,33,0,33,0
2020-03-23,Sonoma,097,501317,104,19,0,19,1
2020-03-23,Stanislaus,099,539301,57,10,3,13,0
2020-03-23,Sutter,101,95872,9,0,0,0,0
2020-03-23,Tehama,103,63373,1,0,0,0,0
2020-03-23,Trinity,105,12862,0,0,0,0,0
2020-03-23,Tulare,107,460477,68,9,3,12,0
2020-03-23,Tuolumne,109,53932,2,0,0,0,0
2020-03-23,Ventura,111,848112,196,30,0,30,0
2020-03-23,Yolo,113,214977,40,8,0,8,0
2020-03-23,Yuba,115,75493,7,2,0,2,0
2020-03-22,Alameda,001,1643700,434,72,1,73,1
2020-03-22,Alpine,003,1148,1,0,0,0,0
2020-03-22,Amador,005,37829,2,1,0,1,0
2020-03-22,Butte,007,227075,8,1,0,1,0
2020-03-22,Calaveras,009,45235,4,2,0,2,0
2020-03-22,Colusa,011,21464,1,0,0,0,0
2020-03-22,Contra Costa,013,1133247,312,79,0,79,1
2020-03-22,Del Norte,015,27424,0,0,0,0,0
2020-03-22,El Dorado,017,186661,24,1,0,1,0
2020-03-22,Fresno,019,978130,103,8,2,10,0
2020-03-22,Glenn,021,27897,2,0,0,0,0
2020-03-22,Humboldt,023,135768,28,1,0,1,0
2020-03-22,Imperial,025,180216,48,2,0,2,0
2020-03-22,Inyo,027,18085,1,0,0,0,0
2020-03-22,Kern,029,883053,114,3,0,3,0
2020-03-22,Kings,031,150075,22,0,1,1,0
2020-03-22,Lake,033,64148,0,0,0,0,0
2020-03-22,Lassen,035,31185,3,0,1,1,0
2020-03-22,Los Angeles,037,10098052,3091,384,10,394,3
2020-03-22,Madera,039,155013,33,4,0,4,0
2020-03-22,Marin,041,260295,74,30,0,30,0
2020-03-22,Mariposa,043,17540,0,0,0,0,0
2020-03-22,Mendocino,045,87422,3,1,0,1,0
2020-03-22,Merced,047,269075,7,0,0,0,0
2020-03-22,Modoc,049,8938,0,0,0,0,0
2020-03-22,Mono,051,14174,14,1,0,1,0
2020-03-22,Monterey,053,433212,51,14,0,14,1
2020-03-22,Napa,055,140530,17,1,0,1,0
2020-03-22,Nevada,057,99092,23,2,1,3,0
2020-03-22,Orange,059,3164182,811,102,4,106,0
2020-03-22,Placer,061,380077,88,18,0,18,1
2020-03-22,Plumas,063,18699,0,0,0,0,0
2020-03-22,Riverside,065,2383286,613,26,8,34,5
2020-03-22,Sacramento,067,1510023,361,82,0,82,4
2020-03-22,San Benito,069,59416,19,4,0,4,1
2020-03-22,San Bernardino,071,2135413,290,16,0,16,0
2020-03-22,San Diego,073,3302833,980,161,0,161,0
2020-03-22,San Francisco,075,870044,455,134,0,134,0
2020-03-22,San Joaquin,077,732212,140,30,3,33,2
2020-03-22,San Luis Obispo,079,281455,89,19,0,19,0
2020-03-22,San Mateo,081,765935,464,82,2,84,1
2020-03-22,Santa Barbara,083,443738,119,16,1,17,0
2020-03-22,Santa Clara,085,1922200,1012,284,2,286,13
2020-03-22,Santa Cruz,087,273765,64,19,0,19,0
2020-03-22,Shasta,089,179085,13,1,0,1,0
2020-03-22,Sierra,091,2930,0,0,0,0,0
2020-03-22,Siskiyou,093,43540,4,2,0,2,0
2020-03-22,Solano,095,438530,65,30,0,30,0
2020-03-22,Sonoma,097,501317,99,18,0,18,1
2020-03-22,Stanislaus,099,539301,51,8,3,11,0
2020-03-22,Sutter,101,95872,8,0,0,0,0
2020-03-22,Tehama,103,63373,0,0,0,0,0
2020-03-22,Trinity,105,12862,0,0,0,0,0
2020-03-22,Tulare,107,460477,62,5,3,8,0
2020-03-22,Tuolumne,109,53932,2,0,0,0,0
2020-03-22,Ventura,111,848112,174,26,0,26,0
2020-03-22,Yolo,113,214977,34,6,0,6,0
2020-03-22,Yuba,115,75493,7,2,0,2,0
2020-03-21,Alameda,001,1643700,410,62,1,63,0
2020-03-21,Alpine,003,1148,1,0,0,0,0
2020-03-21,Amador,005,37829,2,1,0,1,0
2020-03-21,Butte,007,227075,7,1,0,1,0
2020-03-21,Calaveras,009,45235,4,2,0,2,0
2020-03-21,Colusa,011,21464,1,0,0,0,0
2020-03-21,Contra Costa,013,1133247,301,62,0,62,1
2020-03-21,Del Norte,015,27424,0,0,0,0,0
2020-03-21,El Dorado,017,186661,21,1,0,1,0
2020-03-21,Fresno,019,978130,99,8,2,10,0
2020-03-21,Glenn,021,27897,2,0,0,0,0
2020-03-21,Humboldt,023,135768,25,1,0,1,0
2020-03-21,Imperial,025,180216,44,2,0,2,0
2020-03-21,Inyo,027,18085,1,0,0,0,0
2020-03-21,Kern,029,883053,108,3,0,3,0
2020-03-21,Kings,031,150075,22,0,1,1,0
2020-03-21,Lake,033,64148,0,0,0,0,0
2020-03-21,Lassen,035,31185,3,0,1,1,0
2020-03-21,Los Angeles,037,10098052,2818,322,10,332,2
2020-03-21,Madera,039,155013,33,4,0,4,0
2020-03-21,Marin,041,260295,69,30,0,30,0
2020-03-21,Mariposa,043,17540,0,0,0,0,0
2020-03-21,Mendocino,045,87422,3,1,0,1,0
2020-03-21,Merced,047,269075,6,0,0,0,0
2020-03-21,Modoc,049,8938,0,0,0,0,0
2020-03-21,Mono,051,14174,14,1,0,1,0
2020-03-21,Monterey,053,433212,48,8,0,8,1
2020-03-21,Napa,055,140530,17,0,0,0,0
2020-03-21,Nevada,057,99092,23,2,1,3,0
2020-03-21,Orange,059,3164182,762,85,4,89,0
2020-03-21,Placer,061,380077,78,11,0,11,1
2020-03-21,Plumas,063,18699,0,0,0,0,0
2020-03-21,Riverside,065,2383286,566,20,8,28,3
2020-03-21,Sacramento,067,1510023,334,66,0,66,3
2020-03-21,San Benito,069,59416,17,4,0,4,1
2020-03-21,San Bernardino,071,2135413,270,13,0,13,0
2020-03-21,San Diego,073,3302833,903,121,0,121,0
2020-03-21,San Francisco,075,870044,419,106,0,106,0
2020-03-21,San Joaquin,077,732212,131,26,3,29,2
2020-03-21,San Luis Obispo,079,281455,84,16,0,16,0
2020-03-21,San Mateo,081,765935,426,78,2,80,1
2020-03-21,Santa Barbara,083,443738,109,8,1,9,0
2020-03-21,Santa Clara,085,1922200,950,269,2,271,10
2020-03-21,Santa Cruz,087,273765,62,17,0,17,0
2020-03-21,Shasta,089,179085,12,1,0,1,0
2020-03-21,Sierra,091,2930,0,0,0,0,0
2020-03-21,Siskiyou,093,43540,4,0,0,0,0
2020-03-21,Solano,095,438530,63,30,0,30,0
2020-03-21,Sonoma,097,501317,98,15,0,15,1
2020-03-21,Stanislaus,099,539301,45,7,3,10,0
2020-03-21,Sutter,101,95872,7,0,0,0,0
2020-03-21,Tehama,103,63373,0,0,0,0,0
2020-03-21,Trinity,105,12862,0,0,0,0,0
2020-03-21,Tulare,107,460477,54,5,3,8,0
2020-03-21,Tuolumne,109,53932,2,0,0,0,0
2020-03-21,Ventura,111,848112,166,22,0,22,0
2020-03-21,Yolo,113,214977,34,6,0,6,0
2020-03-21,Yuba,115,75493,7,1,0,1,0
2020-03-20,Alameda,001,1643700,389,42,1,43,0
2020-03-20,Alpine,003,1148,1,0,0,0,0
2020-03-20,Amador,005,37829,1,0,0,0,0
2020-03-20,Butte,007,227075,7,0,0,0,0
2020-03-20,Calaveras,009,45235,4,2,0,2,0
2020-03-20,Colusa,011,21464,1,0,0,0,0
2020-03-20,Contra Costa,013,1133247,271,52,0,52,1
2020-03-20,Del Norte,015,27424,0,0,0,0,0
2020-03-20,El Dorado,017,186661,20,1,0,1,0
2020-03-20,Fresno,019,978130,96,7,2,9,0
2020-03-20,Glenn,021,27897,1,0,0,0,0
2020-03-20,Humboldt,023,135768,25,1,0,1,0
2020-03-20,Imperial,025,180216,43,2,0,2,0
2020-03-20,Inyo,027,18085,0,0,0,0,0
2020-03-20,Kern,029,883053,93,3,0,3,0
2020-03-20,Kings,031,150075,21,0,1,1,0
2020-03-20,Lake,033,64148,0,0,0,0,0
2020-03-20,Lassen,035,31185,3,0,1,1,0
2020-03-20,Los Angeles,037,10098052,2590,267,9,276,1
2020-03-20,Madera,039,155013,32,4,0,4,0
2020-03-20,Marin,041,260295,66,30,0,30,0
2020-03-20,Mariposa,043,17540,0,0,0,0,0
2020-03-20,Mendocino,045,87422,3,1,0,1,0
2020-03-20,Merced,047,269075,6,0,0,0,0
2020-03-20,Modoc,049,8938,0,0,0,0,0
2020-03-20,Mono,051,14174,14,0,0,0,0
2020-03-20,Monterey,053,433212,47,4,0,4,0
2020-03-20,Napa,055,140530,16,0,0,0,0
2020-03-20,Nevada,057,99092,20,2,1,3,0
2020-03-20,Orange,059,3164182,715,71,4,75,2
2020-03-20,Placer,061,380077,72,9,0,9,1
2020-03-20,Plumas,063,18699,0,0,0,0,0
2020-03-20,Riverside,065,2383286,507,19,8,27,3
2020-03-20,Sacramento,067,1510023,313,56,0,56,4
2020-03-20,San Benito,069,59416,17,4,0,4,1
2020-03-20,San Bernardino,071,2135413,243,9,0,9,0
2020-03-20,San Diego,073,3302833,851,98,0,98,0
2020-03-20,San Francisco,075,870044,387,87,0,87,0
2020-03-20,San Joaquin,077,732212,116,18,3,21,2
2020-03-20,San Luis Obispo,079,281455,80,11,0,11,0
2020-03-20,San Mateo,081,765935,396,71,2,73,1
2020-03-20,Santa Barbara,083,443738,97,7,1,8,0
2020-03-20,Santa Clara,085,1922200,914,246,2,248,8
2020-03-20,Santa Cruz,087,273765,60,13,0,13,0
2020-03-20,Shasta,089,179085,11,1,0,1,0
2020-03-20,Sierra,091,2930,0,0,0,0,0
2020-03-20,Siskiyou,093,43540,4,0,0,0,0
2020-03-20,Solano,095,438530,59,29,0,29,0
2020-03-20,Sonoma,097,501317,90,7,0,7,0
2020-03-20,Stanislaus,099,539301,39,7,3,10,0
2020-03-20,Sutter,101,95872,7,0,0,0,0
2020-03-20,Tehama,103,63373,0,0,0,0,0
2020-03-20,Trinity,105,12862,0,0,0,0,0
2020-03-20,Tulare,107,460477,50,4,3,7,0
2020-03-20,Tuolumne,109,53932,2,0,0,0,0
2020-03-20,Ventura,111,848112,156,18,0,18,0
2020-03-20,Yolo,113,214977,32,5,0,5,0
2020-03-20,Yuba,115,75493,6,0,0,0,0
2020-03-19,Alameda,001,1643700,353,36,1,37,0
2020-03-19,Alpine,003,1148,1,0,0,0,0
2020-03-19,Amador,005,37829,1,0,0,0,0
2020-03-19,Butte,007,227075,5,0,0,0,0
2020-03-19,Calaveras,009,45235,4,2,0,2,0
2020-03-19,Colusa,011,21464,0,0,0,0,0
2020-03-19,Contra Costa,013,1133247,255,46,0,46,0
2020-03-19,Del Norte,015,27424,0,0,0,0,0
2020-03-19,El Dorado,017,186661,18,0,0,0,0
2020-03-19,Fresno,019,978130,87,6,2,8,0
2020-03-19,Glenn,021,27897,1,0,0,0,0
2020-03-19,Humboldt,023,135768,23,1,0,1,0
2020-03-19,Imperial,025,180216,36,2,0,2,0
2020-03-19,Inyo,027,18085,0,0,0,0,0
2020-03-19,Kern,029,883053,81,3,0,3,0
2020-03-19,Kings,031,150075,17,0,1,1,0
2020-03-19,Lake,033,64148,0,0,0,0,0
2020-03-19,Lassen,035,31185,2,0,1,1,0
2020-03-19,Los Angeles,037,10098052,2301,233,9,242,0
2020-03-19,Madera,039,155013,31,3,0,3,0
2020-03-19,Marin,041,260295,63,19,0,19,0
2020-03-19,Mariposa,043,17540,0,0,0,0,0
2020-03-19,Mendocino,045,87422,2,1,0,1,0
2020-03-19,Merced,047,269075,5,0,0,0,0
2020-03-19,Modoc,049,8938,0,0,0,0,0
2020-03-19,Mono,051,14174,12,0,0,0,0
2020-03-19,Monterey,053,433212,39,3,0,3,0
2020-03-19,Napa,055,140530,14,0,0,0,0
2020-03-19,Nevada,057,99092,18,2,1,3,0
2020-03-19,Orange,059,3164182,634,59,4,63,0
2020-03-19,Placer,061,380077,64,8,0,8,1
2020-03-19,Plumas,063,18699,0,0,0,0,0
2020-03-19,Riverside,065,2383286,396,14,6,20,3
2020-03-19,Sacramento,067,1510023,280,52,0,52,3
2020-03-19,San Benito,069,59416,14,3,0,3,0
2020-03-19,San Bernardino,071,2135413,213,7,0,7,0
2020-03-19,San Diego,073,3302833,768,68,0,68,0
2020-03-19,San Francisco,075,870044,351,80,0,80,0
2020-03-19,San Joaquin,077,732212,102,15,3,18,2
2020-03-19,San Luis Obispo,079,281455,77,6,0,6,0
2020-03-19,San Mateo,081,765935,361,58,2,60,1
2020-03-19,Santa Barbara,083,443738,85,5,0,5,0
2020-03-19,Santa Clara,085,1922200,847,183,2,185,8
2020-03-19,Santa Cruz,087,273765,57,13,0,13,0
2020-03-19,Shasta,089,179085,10,1,0,1,0
2020-03-19,Sierra,091,2930,0,0,0,0,0
2020-03-19,Siskiyou,093,43540,3,0,0,0,0
2020-03-19,Solano,095,438530,55,26,0,26,0
2020-03-19,Sonoma,097,501317,87,8,0,8,0
2020-03-19,Stanislaus,099,539301,38,7,3,10,0
2020-03-19,Sutter,101,95872,7,0,0,0,0
2020-03-19,Tehama,103,63373,0,0,0,0,0
2020-03-19,Trinity,105,12862,0,0,0,0,0
2020-03-19,Tulare,107,460477,44,3,3,6,0
2020-03-19,Tuolumne,109,53932,2,0,0,0,0
2020-03-19,Ventura,111,848112,134,15,0,15,0
2020-03-19,Yolo,113,214977,28,5,0,5,0
2020-03-19,Yuba,115,75493,5,0,0,0,0
2020-03-18,Alameda,001,1643700,325,29,1,30,0
2020-03-18,Alpine,003,1148,1,0,0,0,0
2020-03-18,Amador,005,37829,1,0,0,0,0
2020-03-18,Butte,007,227075,4,0,0,0,0
2020-03-18,Calaveras,009,45235,4,2,0,2,0
2020-03-18,Colusa,011,21464,0,0,0,0,0
2020-03-18,Contra Costa,013,1133247,233,44,0,44,0
2020-03-18,Del Norte,015,27424,0,0,0,0,0
2020-03-18,El Dorado,017,186661,17,0,0,0,0
2020-03-18,Fresno,019,978130,78,3,1,4,0
2020-03-18,Glenn,021,27897,1,0,0,0,0
2020-03-18,Humboldt,023,135768,19,1,0,1,0
2020-03-18,Imperial,025,180216,30,2,0,2,0
2020-03-18,Inyo,027,18085,0,0,0,0,0
2020-03-18,Kern,029,883053,66,1,0,1,0
2020-03-18,Kings,031,150075,15,0,1,1,0
2020-03-18,Lake,033,64148,0,0,0,0,0
2020-03-18,Lassen,035,31185,1,0,1,1,0
2020-03-18,Los Angeles,037,10098052,2056,47,9,56,0
2020-03-18,Madera,039,155013,30,2,0,2,0
2020-03-18,Marin,041,260295,58,10,0,10,0
2020-03-18,Mariposa,043,17540,0,0,0,0,0
2020-03-18,Mendocino,045,87422,2,0,0,0,0
2020-03-18,Merced,047,269075,5,0,0,0,0
2020-03-18,Modoc,049,8938,0,0,0,0,0
2020-03-18,Mono,051,14174,11,0,0,0,0
2020-03-18,Monterey,053,433212,31,1,0,1,0
2020-03-18,Napa,055,140530,11,0,0,0,0
2020-03-18,Nevada,057,99092,16,2,1,3,0
2020-03-18,Orange,059,3164182,576,38,4,42,0
2020-03-18,Placer,061,380077,57,8,0,8,1
2020-03-18,Plumas,063,18699,0,0,0,0,0
2020-03-18,Riverside,065,2383286,333,11,5,16,2
2020-03-18,Sacramento,067,1510023,257,46,0,46,3
2020-03-18,San Benito,069,59416,13,3,0,3,0
2020-03-18,San Bernardino,071,2135413,191,3,0,3,0
2020-03-18,San Diego,073,3302833,683,40,0,40,0
2020-03-18,San Francisco,075,870044,332,65,0,65,0
2020-03-18,San Joaquin,077,732212,90,14,3,17,2
2020-03-18,San Luis Obispo,079,281455,70,5,0,5,0
2020-03-18,San Mateo,081,765935,340,57,2,59,1
2020-03-18,Santa Barbara,083,443738,77,2,0,2,0
2020-03-18,Santa Clara,085,1922200,796,151,2,153,6
2020-03-18,Santa Cruz,087,273765,55,11,0,11,0
2020-03-18,Shasta,089,179085,9,1,0,1,0
2020-03-18,Sierra,091,2930,0,0,0,0,0
2020-03-18,Siskiyou,093,43540,3,0,0,0,0
2020-03-18,Solano,095,438530,51,26,0,26,0
2020-03-18,Sonoma,097,501317,78,6,0,6,0
2020-03-18,Stanislaus,099,539301,34,5,2,7,0
2020-03-18,Sutter,101,95872,5,0,0,0,0
2020-03-18,Tehama,103,63373,0,0,0,0,0
2020-03-18,Trinity,105,12862,0,0,0,0,0
2020-03-18,Tulare,107,460477,34,3,3,6,0
2020-03-18,Tuolumne,109,53932,2,0,0,0,0
2020-03-18,Ventura,111,848112,115,11,0,11,0
2020-03-18,Yolo,113,214977,25,4,0,4,0
2020-03-18,Yuba,115,75493,4,0,0,0,0
2020-03-17,Alameda,001,1643700,293,19,0,19,0
2020-03-17,Alpine,003,1148,0,0,0,0,0
2020-03-17,Amador,005,37829,1,0,0,0,0
2020-03-17,Butte,007,227075,4,0,0,0,0
2020-03-17,Calaveras,009,45235,4,2,0,2,0
2020-03-17,Colusa,011,21464,0,0,0,0,0
2020-03-17,Contra Costa,013,1133247,211,37,0,37,0
2020-03-17,Del Norte,015,27424,0,0,0,0,0
2020-03-17,El Dorado,017,186661,16,0,0,0,0
2020-03-17,Fresno,019,978130,68,2,1,3,0
2020-03-17,Glenn,021,27897,1,0,0,0,0
2020-03-17,Humboldt,023,135768,17,1,0,1,0
2020-03-17,Imperial,025,180216,24,2,0,2,0
2020-03-17,Inyo,027,18085,0,0,0,0,0
2020-03-17,Kern,029,883053,52,0,0,0,0
2020-03-17,Kings,031,150075,12,0,1,1,0
2020-03-17,Lake,033,64148,0,0,0,0,0
2020-03-17,Lassen,035,31185,1,0,1,1,0
2020-03-17,Los Angeles,037,10098052,1851,41,9,50,0
2020-03-17,Madera,039,155013,22,2,0,2,0
2020-03-17,Marin,041,260295,51,4,0,4,0
2020-03-17,Mariposa,043,17540,0,0,0,0,0
2020-03-17,Mendocino,045,87422,2,0,0,0,0
2020-03-17,Merced,047,269075,5,0,0,0,0
2020-03-17,Modoc,049,8938,0,0,0,0,0
2020-03-17,Mono,051,14174,9,0,0,0,0
2020-03-17,Monterey,053,433212,29,0,0,0,0
2020-03-17,Napa,055,140530,8,0,0,0,0
2020-03-17,Nevada,057,99092,15,1,1,2,0
2020-03-17,Orange,059,3164182,498,24,3,27,0
2020-03-17,Placer,061,380077,47,7,0,7,1
2020-03-17,Plumas,063,18699,0,0,0,0,0
2020-03-17,Riverside,065,2383286,271,11,5,16,0
2020-03-17,Sacramento,067,1510023,237,36,0,36,1
2020-03-17,San Benito,069,59416,12,2,0,2,0
2020-03-17,San Bernardino,071,2135413,163,2,0,2,0
2020-03-17,San Diego,073,3302833,616,17,0,17,0
2020-03-17,San Francisco,075,870044,305,46,0,46,0
2020-03-17,San Joaquin,077,732212,84,11,3,14,0
2020-03-17,San Luis Obispo,079,281455,62,1,0,1,0
2020-03-17,San Mateo,081,765935,308,46,2,48,1
2020-03-17,Santa Barbara,083,443738,65,0,0,0,0
2020-03-17,Santa Clara,085,1922200,738,121,2,123,4
2020-03-17,Santa Cruz,087,273765,52,10,0,10,0
2020-03-17,Shasta,089,179085,5,1,0,1,0
2020-03-17,Sierra,091,2930,0,0,0,0,0
2020-03-17,Siskiyou,093,43540,3,0,0,0,0
2020-03-17,Solano,095,438530,48,27,0,27,0
2020-03-17,Sonoma,097,501317,70,4,0,4,0
2020-03-17,Stanislaus,099,539301,31,4,2,6,0
2020-03-17,Sutter,101,95872,5,0,0,0,0
2020-03-17,Tehama,103,63373,0,0,0,0,0
2020-03-17,Trinity,105,12862,0,0,0,0,0
2020-03-17,Tulare,107,460477,29,2,3,5,0
2020-03-17,Tuolumne,109,53932,2,0,0,0,0
2020-03-17,Ventura,111,848112,98,7,0,7,0
2020-03-17,Yolo,113,214977,21,2,0,2,0
2020-03-17,Yuba,115,75493,4,0,0,0,0
2020-03-16,Alameda,001,1643700,264,17,0,17,0
2020-03-16,Alpine,003,1148,0,0,0,0,0
2020-03-16,Amador,005,37829,1,0,0,0,0
2020-03-16,Butte,007,227075,3,0,0,0,0
2020-03-16,Calaveras,009,45235,4,2,0,2,0
2020-03-16,Colusa,011,21464,0,0,0,0,0
2020-03-16,Contra Costa,013,1133247,187,36,0,36,0
2020-03-16,Del Norte,015,27424,0,0,0,0,0
2020-03-16,El Dorado,017,186661,15,0,0,0,0
2020-03-16,Fresno,019,978130,53,2,1,3,0
2020-03-16,Glenn,021,27897,0,0,0,0,0
2020-03-16,Humboldt,023,135768,13,1,0,1,0
2020-03-16,Imperial,025,180216,19,2,0,2,0
2020-03-16,Inyo,027,18085,0,0,0,0,0
2020-03-16,Kern,029,883053,43,0,0,0,0
2020-03-16,Kings,031,150075,11,0,1,1,0
2020-03-16,Lake,033,64148,0,0,0,0,0
2020-03-16,Lassen,035,31185,1,0,0,0,0
2020-03-16,Los Angeles,037,10098052,1613,43,9,52,0
2020-03-16,Madera,039,155013,21,2,0,2,0
2020-03-16,Marin,041,260295,48,4,0,4,0
2020-03-16,Mariposa,043,17540,0,0,0,0,0
2020-03-16,Mendocino,045,87422,2,0,0,0,0
2020-03-16,Merced,047,269075,5,0,0,0,0
2020-03-16,Modoc,049,8938,0,0,0,0,0
2020-03-16,Mono,051,14174,7,0,0,0,0
2020-03-16,Monterey,053,433212,28,0,0,0,0
2020-03-16,Napa,055,140530,7,0,0,0,0
2020-03-16,Nevada,057,99092,11,1,1,2,0
2020-03-16,Orange,059,3164182,415,18,3,21,0
2020-03-16,Placer,061,380077,39,7,0,7,1
2020-03-16,Plumas,063,18699,0,0,0,0,0
2020-03-16,Riverside,065,2383286,235,10,5,15,0
2020-03-16,Sacramento,067,1510023,210,34,0,34,1
2020-03-16,San Benito,069,59416,8,2,0,2,0
2020-03-16,San Bernardino,071,2135413,143,1,0,1,0
2020-03-16,San Diego,073,3302833,525,17,0,17,0
2020-03-16,San Francisco,075,870044,267,40,0,40,0
2020-03-16,San Joaquin,077,732212,74,9,3,12,0
2020-03-16,San Luis Obispo,079,281455,55,1,0,1,0
2020-03-16,San Mateo,081,765935,269,42,2,44,1
2020-03-16,Santa Barbara,083,443738,55,0,0,0,0
2020-03-16,Santa Clara,085,1922200,658,115,1,116,2
2020-03-16,Santa Cruz,087,273765,45,9,0,9,0
2020-03-16,Shasta,089,179085,5,1,0,1,0
2020-03-16,Sierra,091,2930,0,0,0,0,0
2020-03-16,Siskiyou,093,43540,2,0,0,0,0
2020-03-16,Solano,095,438530,43,27,0,27,0
2020-03-16,Sonoma,097,501317,62,4,0,4,0
2020-03-16,Stanislaus,099,539301,27,2,2,4,0
2020-03-16,Sutter,101,95872,3,0,0,0,0
2020-03-16,Tehama,103,63373,0,0,0,0,0
2020-03-16,Trinity,105,12862,0,0,0,0,0
2020-03-16,Tulare,107,460477,25,2,3,5,0
2020-03-16,Tuolumne,109,53932,2,0,0,0,0
2020-03-16,Ventura,111,848112,88,7,0,7,0
2020-03-16,Yolo,113,214977,19,2,0,2,0
2020-03-16,Yuba,115,75493,3,0,0,0,0
2020-03-15,Alameda,001,1643700,216,17,0,17,0
2020-03-15,Alpine,003,1148,0,0,0,0,0
2020-03-15,Amador,005,37829,1,0,0,0,0
2020-03-15,Butte,007,227075,3,0,0,0,0
2020-03-15,Calaveras,009,45235,2,2,0,2,0
2020-03-15,Colusa,011,21464,0,0,0,0,0
2020-03-15,Contra Costa,013,1133247,162,34,0,34,0
2020-03-15,Del Norte,015,27424,0,0,0,0,0
2020-03-15,El Dorado,017,186661,14,0,0,0,0
2020-03-15,Fresno,019,978130,33,1,1,2,0
2020-03-15,Glenn,021,27897,0,0,0,0,0
2020-03-15,Humboldt,023,135768,11,1,0,1,0
2020-03-15,Imperial,025,180216,14,2,0,2,0
2020-03-15,Inyo,027,18085,0,0,0,0,0
2020-03-15,Kern,029,883053,37,0,0,0,0
2020-03-15,Kings,031,150075,11,0,1,1,0
2020-03-15,Lake,033,64148,0,0,0,0,0
2020-03-15,Lassen,035,31185,1,0,0,0,0
2020-03-15,Los Angeles,037,10098052,1366,41,9,50,0
2020-03-15,Madera,039,155013,20,2,0,2,0
2020-03-15,Marin,041,260295,41,3,0,3,0
2020-03-15,Mariposa,043,17540,0,0,0,0,0
2020-03-15,Mendocino,045,87422,2,0,0,0,0
2020-03-15,Merced,047,269075,3,0,0,0,0
2020-03-15,Modoc,049,8938,0,0,0,0,0
2020-03-15,Mono,051,14174,6,0,0,0,0
2020-03-15,Monterey,053,433212,21,0,0,0,0
2020-03-15,Napa,055,140530,7,0,0,0,0
2020-03-15,Nevada,057,99092,11,0,1,1,0
2020-03-15,Orange,059,3164182,347,16,1,17,0
2020-03-15,Placer,061,380077,33,7,0,7,1
2020-03-15,Plumas,063,18699,0,0,0,0,0
2020-03-15,Riverside,065,2383286,183,10,5,15,0
2020-03-15,Sacramento,067,1510023,174,30,0,30,1
2020-03-15,San Benito,069,59416,8,2,0,2,0
2020-03-15,San Bernardino,071,2135413,121,0,0,0,0
2020-03-15,San Diego,073,3302833,438,16,0,16,0
2020-03-15,San Francisco,075,870044,209,31,0,31,0
2020-03-15,San Joaquin,077,732212,63,6,3,9,0
2020-03-15,San Luis Obispo,079,281455,45,1,0,1,0
2020-03-15,San Mateo,081,765935,235,29,1,30,1
2020-03-15,Santa Barbara,083,443738,46,0,0,0,0
2020-03-15,Santa Clara,085,1922200,586,79,1,80,2
2020-03-15,Santa Cruz,087,273765,38,8,0,8,0
2020-03-15,Shasta,089,179085,5,1,0,1,0
2020-03-15,Sierra,091,2930,0,0,0,0,0
2020-03-15,Siskiyou,093,43540,2,0,0,0,0
2020-03-15,Solano,095,438530,42,26,0,26,0
2020-03-15,Sonoma,097,501317,53,4,0,4,0
2020-03-15,Stanislaus,099,539301,26,2,2,4,0
2020-03-15,Sutter,101,95872,2,0,0,0,0
2020-03-15,Tehama,103,63373,0,0,0,0,0
2020-03-15,Trinity,105,12862,0,0,0,0,0
2020-03-15,Tulare,107,460477,19,2,3,5,0
2020-03-15,Tuolumne,109,53932,1,0,0,0,0
2020-03-15,Ventura,111,848112,77,5,0,5,0
2020-03-15,Yolo,113,214977,15,2,0,2,0
2020-03-15,Yuba,115,75493,2,0,0,0,0
2020-03-14,Alameda,001,1643700,197,11,0,11,0
2020-03-14,Alpine,003,1148,0,0,0,0,0
2020-03-14,Amador,005,37829,1,0,0,0,0
2020-03-14,Butte,007,227075,2,0,0,0,0
2020-03-14,Calaveras,009,45235,2,2,0,2,0
2020-03-14,Colusa,011,21464,0,0,0,0,0
2020-03-14,Contra Costa,013,1133247,140,30,0,30,0
2020-03-14,Del Norte,015,27424,0,0,0,0,0
2020-03-14,El Dorado,017,186661,12,0,0,0,0
2020-03-14,Fresno,019,978130,25,1,1,2,0
2020-03-14,Glenn,021,27897,0,0,0,0,0
2020-03-14,Humboldt,023,135768,7,1,0,1,0
2020-03-14,Imperial,025,180216,10,2,0,2,0
2020-03-14,Inyo,027,18085,0,0,0,0,0
2020-03-14,Kern,029,883053,32,0,0,0,0
2020-03-14,Kings,031,150075,11,0,1,1,0
2020-03-14,Lake,033,64148,0,0,0,0,0
2020-03-14,Lassen,035,31185,1,0,0,0,0
2020-03-14,Los Angeles,037,10098052,1186,35,9,44,0
2020-03-14,Madera,039,155013,19,2,0,2,0
2020-03-14,Marin,041,260295,37,3,0,3,0
2020-03-14,Mariposa,043,17540,0,0,0,0,0
2020-03-14,Mendocino,045,87422,2,0,0,0,0
2020-03-14,Merced,047,269075,3,0,0,0,0
2020-03-14,Modoc,049,8938,0,0,0,0,0
2020-03-14,Mono,051,14174,5,0,0,0,0
2020-03-14,Monterey,053,433212,15,0,0,0,0
2020-03-14,Napa,055,140530,5,0,0,0,0
2020-03-14,Nevada,057,99092,8,0,1,1,0
2020-03-14,Orange,059,3164182,308,14,0,14,0
2020-03-14,Placer,061,380077,29,6,0,6,1
2020-03-14,Plumas,063,18699,0,0,0,0,0
2020-03-14,Riverside,065,2383286,163,10,5,15,0
2020-03-14,Sacramento,067,1510023,152,31,0,31,1
2020-03-14,San Benito,069,59416,8,2,0,2,0
2020-03-14,San Bernardino,071,2135413,102,0,0,0,0
2020-03-14,San Diego,073,3302833,363,10,0,10,0
2020-03-14,San Francisco,075,870044,188,29,0,29,0
2020-03-14,San Joaquin,077,732212,54,6,3,9,0
2020-03-14,San Luis Obispo,079,281455,40,0,0,0,0
2020-03-14,San Mateo,081,765935,212,27,1,28,0
2020-03-14,Santa Barbara,083,443738,37,0,0,0,0
2020-03-14,Santa Clara,085,1922200,531,62,1,63,2
2020-03-14,Santa Cruz,087,273765,33,8,0,8,0
2020-03-14,Shasta,089,179085,5,1,0,1,0
2020-03-14,Sierra,091,2930,0,0,0,0,0
2020-03-14,Siskiyou,093,43540,1,0,0,0,0
2020-03-14,Solano,095,438530,40,26,0,26,0
2020-03-14,Sonoma,097,501317,40,2,0,2,0
2020-03-14,Stanislaus,099,539301,22,2,2,4,0
2020-03-14,Sutter,101,95872,2,0,0,0,0
2020-03-14,Tehama,103,63373,0,0,0,0,0
2020-03-14,Trinity,105,12862,0,0,0,0,0
2020-03-14,Tulare,107,460477,17,2,2,4,0
2020-03-14,Tuolumne,109,53932,1,0,0,0,0
2020-03-14,Ventura,111,848112,68,5,0,5,0
2020-03-14,Yolo,113,214977,15,2,0,2,0
2020-03-14,Yuba,115,75493,1,0,0,0,0
2020-03-13,Alameda,001,1643700,178,12,0,12,0
2020-03-13,Alpine,003,1148,0,0,0,0,0
2020-03-13,Amador,005,37829,1,0,0,0,0
2020-03-13,Butte,007,227075,0,0,0,0,0
2020-03-13,Calaveras,009,45235,2,2,0,2,0
2020-03-13,Colusa,011,21464,0,0,0,0,0
2020-03-13,Contra Costa,013,1133247,126,22,0,22,0
2020-03-13,Del Norte,015,27424,0,0,0,0,0
2020-03-13,El Dorado,017,186661,11,0,0,0,0
2020-03-13,Fresno,019,978130,20,1,1,2,0
2020-03-13,Glenn,021,27897,0,0,0,0,0
2020-03-13,Humboldt,023,135768,7,1,0,1,0
2020-03-13,Imperial,025,180216,9,2,0,2,0
2020-03-13,Inyo,027,18085,0,0,0,0,0
2020-03-13,Kern,029,883053,27,0,0,0,0
2020-03-13,Kings,031,150075,10,0,1,1,0
2020-03-13,Lake,033,64148,0,0,0,0,0
2020-03-13,Lassen,035,31185,1,0,0,0,0
2020-03-13,Los Angeles,037,10098052,1031,30,7,37,0
2020-03-13,Madera,039,155013,18,1,0,1,0
2020-03-13,Marin,041,260295,34,3,0,3,0
2020-03-13,Mariposa,043,17540,0,0,0,0,0
2020-03-13,Mendocino,045,87422,2,0,0,0,0
2020-03-13,Merced,047,269075,2,0,0,0,0
2020-03-13,Modoc,049,8938,0,0,0,0,0
2020-03-13,Mono,051,14174,3,0,0,0,0
2020-03-13,Monterey,053,433212,10,0,0,0,0
2020-03-13,Napa,055,140530,3,0,0,0,0
2020-03-13,Nevada,057,99092,7,0,1,1,0
2020-03-13,Orange,059,3164182,268,10,0,10,0
2020-03-13,Placer,061,380077,27,6,0,6,1
2020-03-13,Plumas,063,18699,0,0,0,0,0
2020-03-13,Riverside,065,2383286,133,5,4,9,0
2020-03-13,Sacramento,067,1510023,130,18,0,18,1
2020-03-13,San Benito,069,59416,6,2,0,2,0
2020-03-13,San Bernardino,071,2135413,96,0,0,0,0
2020-03-13,San Diego,073,3302833,313,8,0,8,0
2020-03-13,San Francisco,075,870044,174,28,0,28,0
2020-03-13,San Joaquin,077,732212,50,6,3,9,0
2020-03-13,San Luis Obispo,079,281455,33,0,0,0,0
2020-03-13,San Mateo,081,765935,191,24,1,25,0
2020-03-13,Santa Barbara,083,443738,33,0,0,0,0
2020-03-13,Santa Clara,085,1922200,469,59,1,60,1
2020-03-13,Santa Cruz,087,273765,32,7,0,7,0
2020-03-13,Shasta,089,179085,3,1,0,1,0
2020-03-13,Sierra,091,2930,0,0,0,0,0
2020-03-13,Siskiyou,093,43540,0,0,0,0,0
2020-03-13,Solano,095,438530,39,26,0,26,0
2020-03-13,Sonoma,097,501317,39,2,0,2,0
2020-03-13,Stanislaus,099,539301,17,2,2,4,0
2020-03-13,Sutter,101,95872,2,0,0,0,0
2020-03-13,Tehama,103,63373,0,0,0,0,0
2020-03-13,Trinity,105,12862,0,0,0,0,0
2020-03-13,Tulare,107,460477,14,2,2,4,0
2020-03-13,Tuolumne,109,53932,1,0,0,0,0
2020-03-13,Ventura,111,848112,54,5,0,5,0
2020-03-13,Yolo,113,214977,14,1,0,1,0
2020-03-13,Yuba,115,75493,1,0,0,0,0
2020-03-12,Alameda,001,1643700,152,9,0,9,0
2020-03-12,Alpine,003,1148,0,0,0,0,0
2020-03-12,Amador,005,37829,1,0,0,0,0
2020-03-12,Butte,007,227075,0,0,0,0,0
2020-03-12,Calaveras,009,45235,2,2,0,2,0
2020-03-12,Colusa,011,21464,0,0,0,0,0
2020-03-12,Contra Costa,013,1133247,109,18,0,18,0
2020-03-12,Del Norte,015,27424,0,0,0,0,0
2020-03-12,El Dorado,017,186661,9,0,0,0,0
2020-03-12,Fresno,019,978130,12,1,1,2,0
2020-03-12,Glenn,021,27897,0,0,0,0,0
2020-03-12,Humboldt,023,135768,6,1,0,1,0
2020-03-12,Imperial,025,180216,8,2,0,2,0
2020-03-12,Inyo,027,18085,0,0,0,0,0
2020-03-12,Kern,029,883053,18,0,0,0,0
2020-03-12,Kings,031,150075,7,0,1,1,0
2020-03-12,Lake,033,64148,0,0,0,0,0
2020-03-12,Lassen,035,31185,1,0,0,0,0
2020-03-12,Los Angeles,037,10098052,868,30,7,37,0
2020-03-12,Madera,039,155013,15,1,0,1,0
2020-03-12,Marin,041,260295,24,1,0,1,0
2020-03-12,Mariposa,043,17540,0,0,0,0,0
2020-03-12,Mendocino,045,87422,2,0,0,0,0
2020-03-12,Merced,047,269075,2,0,0,0,0
2020-03-12,Modoc,049,8938,0,0,0,0,0
2020-03-12,Mono,051,14174,3,0,0,0,0
2020-03-12,Monterey,053,433212,8,0,0,0,0
2020-03-12,Napa,055,140530,3,0,0,0,0
2020-03-12,Nevada,057,99092,4,0,1,1,0
2020-03-12,Orange,059,3164182,231,7,0,7,0
2020-03-12,Placer,061,380077,23,6,0,6,1
2020-03-12,Plumas,063,18699,0,0,0,0,0
2020-03-12,Riverside,065,2383286,107,5,2,7,0
2020-03-12,Sacramento,067,1510023,106,17,0,17,1
2020-03-12,San Benito,069,59416,5,2,0,2,0
2020-03-12,San Bernardino,071,2135413,80,0,0,0,0
2020-03-12,San Diego,073,3302833,258,9,0,9,0
2020-03-12,San Francisco,075,870044,149,20,0,20,0
2020-03-12,San Joaquin,077,732212,44,3,3,6,1
2020-03-12,San Luis Obispo,079,281455,26,0,0,0,0
2020-03-12,San Mateo,081,765935,157,21,1,22,0
2020-03-12,Santa Barbara,083,443738,22,0,0,0,0
2020-03-12,Santa Clara,085,1922200,411,51,1,52,1
2020-03-12,Santa Cruz,087,273765,29,5,0,5,0
2020-03-12,Shasta,089,179085,2,1,0,1,0
2020-03-12,Sierra,091,2930,0,0,0,0,0
2020-03-12,Siskiyou,093,43540,0,0,0,0,0
2020-03-12,Solano,095,438530,34,26,0,26,0
2020-03-12,Sonoma,097,501317,34,2,0,2,0
2020-03-12,Stanislaus,099,539301,15,2,2,4,0
2020-03-12,Sutter,101,95872,0,0,0,0,0
2020-03-12,Tehama,103,63373,0,0,0,0,0
2020-03-12,Trinity,105,12862,0,0,0,0,0
2020-03-12,Tulare,107,460477,12,1,1,2,0
2020-03-12,Tuolumne,109,53932,1,0,0,0,0
2020-03-12,Ventura,111,848112,45,3,0,3,0
2020-03-12,Yolo,113,214977,13,1,0,1,0
2020-03-12,Yuba,115,75493,1,0,0,0,0
2020-03-11,Alameda,001,1643700,120,5,0,5,0
2020-03-11,Alpine,003,1148,0,0,0,0,0
2020-03-11,Amador,005,37829,1,0,0,0,0
2020-03-11,Butte,007,227075,0,0,0,0,0
2020-03-11,Calaveras,009,45235,2,2,0,2,0
2020-03-11,Colusa,011,21464,0,0,0,0,0
2020-03-11,Contra Costa,013,1133247,94,16,0,16,0
2020-03-11,Del Norte,015,27424,0,0,0,0,0
2020-03-11,El Dorado,017,186661,8,0,0,0,0
2020-03-11,Fresno,019,978130,9,1,1,2,0
2020-03-11,Glenn,021,27897,0,0,0,0,0
2020-03-11,Humboldt,023,135768,6,1,0,1,0
2020-03-11,Imperial,025,180216,6,0,0,0,0
2020-03-11,Inyo,027,18085,0,0,0,0,0
2020-03-11,Kern,029,883053,16,0,0,0,0
2020-03-11,Kings,031,150075,5,0,1,1,0
2020-03-11,Lake,033,64148,0,0,0,0,0
2020-03-11,Lassen,035,31185,1,0,0,0,0
2020-03-11,Los Angeles,037,10098052,700,21,7,28,0
2020-03-11,Madera,039,155013,12,1,0,1,0
2020-03-11,Marin,041,260295,17,1,0,1,0
2020-03-11,Mariposa,043,17540,0,0,0,0,0
2020-03-11,Mendocino,045,87422,1,0,0,0,0
2020-03-11,Merced,047,269075,2,0,0,0,0
2020-03-11,Modoc,049,8938,0,0,0,0,0
2020-03-11,Mono,051,14174,3,0,0,0,0
2020-03-11,Monterey,053,433212,7,0,0,0,0
2020-03-11,Napa,055,140530,2,0,0,0,0
2020-03-11,Nevada,057,99092,4,0,1,1,0
2020-03-11,Orange,059,3164182,202,6,0,6,0
2020-03-11,Placer,061,380077,18,6,0,6,1
2020-03-11,Plumas,063,18699,0,0,0,0,0
2020-03-11,Riverside,065,2383286,81,4,1,5,0
2020-03-11,Sacramento,067,1510023,88,9,0,9,1
2020-03-11,San Benito,069,59416,5,2,0,2,0
2020-03-11,San Bernardino,071,2135413,73,0,0,0,0
2020-03-11,San Diego,073,3302833,208,4,0,4,0
2020-03-11,San Francisco,075,870044,124,17,0,17,0
2020-03-11,San Joaquin,077,732212,33,1,3,4,0
2020-03-11,San Luis Obispo,079,281455,23,0,0,0,0
2020-03-11,San Mateo,081,765935,139,16,0,16,0
2020-03-11,Santa Barbara,083,443738,13,0,0,0,0
2020-03-11,Santa Clara,085,1922200,370,48,1,49,1
2020-03-11,Santa Cruz,087,273765,26,2,0,2,0
2020-03-11,Shasta,089,179085,2,1,0,1,0
2020-03-11,Sierra,091,2930,0,0,0,0,0
2020-03-11,Siskiyou,093,43540,0,0,0,0,0
2020-03-11,Solano,095,438530,29,26,0,26,0
2020-03-11,Sonoma,097,501317,30,2,0,2,0
2020-03-11,Stanislaus,099,539301,15,2,2,4,0
2020-03-11,Sutter,101,95872,0,0,0,0,0
2020-03-11,Tehama,103,63373,0,0,0,0,0
2020-03-11,Trinity,105,12862,0,0,0,0,0
2020-03-11,Tulare,107,460477,10,0,1,1,0
2020-03-11,Tuolumne,109,53932,1,0,0,0,0
2020-03-11,Ventura,111,848112,37,3,0,3,0
2020-03-11,Yolo,113,214977,9,1,0,1,0
2020-03-11,Yuba,115,75493,1,0,0,0,0
2020-03-10,Alameda,001,1643700,99,4,0,4,0
2020-03-10,Alpine,003,1148,0,0,0,0,0
2020-03-10,Amador,005,37829,1,0,0,0,0
2020-03-10,Butte,007,227075,0,0,0,0,0
2020-03-10,Calaveras,009,45235,2,2,0,2,0
2020-03-10,Colusa,011,21464,0,0,0,0,0
2020-03-10,Contra Costa,013,1133247,84,11,0,11,0
2020-03-10,Del Norte,015,27424,0,0,0,0,0
2020-03-10,El Dorado,017,186661,7,0,0,0,0
2020-03-10,Fresno,019,978130,7,1,1,2,0
2020-03-10,Glenn,021,27897,0,0,0,0,0
2020-03-10,Humboldt,023,135768,6,1,0,1,0
2020-03-10,Imperial,025,180216,5,0,0,0,0
2020-03-10,Inyo,027,18085,0,0,0,0,0
2020-03-10,Kern,029,883053,11,0,0,0,0
2020-03-10,Kings,031,150075,5,0,1,1,0
2020-03-10,Lake,033,64148,0,0,0,0,0
2020-03-10,Lassen,035,31185,1,0,0,0,0
2020-03-10,Los Angeles,037,10098052,564,20,7,27,0
2020-03-10,Madera,039,155013,7,1,0,1,0
2020-03-10,Marin,041,260295,16,1,0,1,0
2020-03-10,Mariposa,043,17540,0,0,0,0,0
2020-03-10,Mendocino,045,87422,0,0,0,0,0
2020-03-10,Merced,047,269075,2,0,0,0,0
2020-03-10,Modoc,049,8938,0,0,0,0,0
2020-03-10,Mono,051,14174,3,0,0,0,0
2020-03-10,Monterey,053,433212,5,0,0,0,0
2020-03-10,Napa,055,140530,2,0,0,0,0
2020-03-10,Nevada,057,99092,3,0,1,1,0
2020-03-10,Orange,059,3164182,182,5,0,5,1
2020-03-10,Placer,061,380077,14,7,0,7,1
2020-03-10,Plumas,063,18699,0,0,0,0,0
2020-03-10,Riverside,065,2383286,59,4,1,5,0
2020-03-10,Sacramento,067,1510023,79,8,0,8,0
2020-03-10,San Benito,069,59416,5,2,0,2,0
2020-03-10,San Bernardino,071,2135413,65,0,0,0,0
2020-03-10,San Diego,073,3302833,165,3,0,3,0
2020-03-10,San Francisco,075,870044,92,16,0,16,0
2020-03-10,San Joaquin,077,732212,30,1,3,4,0
2020-03-10,San Luis Obispo,079,281455,15,0,0,0,0
2020-03-10,San Mateo,081,765935,123,11,0,11,0
2020-03-10,Santa Barbara,083,443738,10,0,0,0,0
2020-03-10,Santa Clara,085,1922200,322,45,1,46,1
2020-03-10,Santa Cruz,087,273765,22,2,0,2,0
2020-03-10,Shasta,089,179085,2,1,0,1,0
2020-03-10,Sierra,091,2930,0,0,0,0,0
2020-03-10,Siskiyou,093,43540,0,0,0,0,0
2020-03-10,Solano,095,438530,27,26,0,26,0
2020-03-10,Sonoma,097,501317,27,2,0,2,0
2020-03-10,Stanislaus,099,539301,11,0,2,2,0
2020-03-10,Sutter,101,95872,0,0,0,0,0
2020-03-10,Tehama,103,63373,0,0,0,0,0
2020-03-10,Trinity,105,12862,0,0,0,0,0
2020-03-10,Tulare,107,460477,9,0,1,1,0
2020-03-10,Tuolumne,109,53932,1,0,0,0,0
2020-03-10,Ventura,111,848112,29,1,0,1,0
2020-03-10,Yolo,113,214977,6,2,0,2,0
2020-03-10,Yuba,115,75493,1,0,0,0,0
2020-03-09,Alameda,001,1643700,71,4,0,4,0
2020-03-09,Alpine,003,1148,0,0,0,0,0
2020-03-09,Amador,005,37829,0,0,0,0,0
2020-03-09,Butte,007,227075,0,0,0,0,0
2020-03-09,Calaveras,009,45235,2,0,0,0,0
2020-03-09,Colusa,011,21464,0,0,0,0,0
2020-03-09,Contra Costa,013,1133247,72,9,0,9,0
2020-03-09,Del Norte,015,27424,0,0,0,0,0
2020-03-09,El Dorado,017,186661,5,0,0,0,0
2020-03-09,Fresno,019,978130,7,1,1,2,0
2020-03-09,Glenn,021,27897,0,0,0,0,0
2020-03-09,Humboldt,023,135768,5,1,0,1,0
2020-03-09,Imperial,025,180216,5,0,0,0,0
2020-03-09,Inyo,027,18085,0,0,0,0,0
2020-03-09,Kern,029,883053,8,0,0,0,0
2020-03-09,Kings,031,150075,4,0,1,1,0
2020-03-09,Lake,033,64148,0,0,0,0,0
2020-03-09,Lassen,035,31185,1,0,0,0,0
2020-03-09,Los Angeles,037,10098052,461,17,6,23,0
2020-03-09,Madera,039,155013,7,1,0,1,0
2020-03-09,Marin,041,260295,15,1,0,1,0
2020-03-09,Mariposa,043,17540,0,0,0,0,0
2020-03-09,Mendocino,045,87422,0,0,0,0,0
2020-03-09,Merced,047,269075,2,0,0,0,0
2020-03-09,Modoc,049,8938,0,0,0,0,0
2020-03-09,Mono,051,14174,3,0,0,0,0
2020-03-09,Monterey,053,433212,3,0,0,0,0
2020-03-09,Napa,055,140530,2,0,0,0,0
2020-03-09,Nevada,057,99092,2,0,1,1,0
2020-03-09,Orange,059,3164182,154,4,0,4,0
2020-03-09,Placer,061,380077,12,7,0,7,1
2020-03-09,Plumas,063,18699,0,0,0,0,0
2020-03-09,Riverside,065,2383286,49,4,1,5,0
2020-03-09,Sacramento,067,1510023,75,8,0,8,0
2020-03-09,San Benito,069,59416,3,2,0,2,0
2020-03-09,San Bernardino,071,2135413,54,0,0,0,0
2020-03-09,San Diego,073,3302833,126,2,0,2,0
2020-03-09,San Francisco,075,870044,72,14,0,14,0
2020-03-09,San Joaquin,077,732212,21,0,3,3,0
2020-03-09,San Luis Obispo,079,281455,15,0,0,0,0
2020-03-09,San Mateo,081,765935,109,6,0,6,0
2020-03-09,Santa Barbara,083,443738,8,0,0,0,0
2020-03-09,Santa Clara,085,1922200,278,42,1,43,1
2020-03-09,Santa Cruz,087,273765,19,2,0,2,0
2020-03-09,Shasta,089,179085,2,1,0,1,0
2020-03-09,Sierra,091,2930,0,0,0,0,0
2020-03-09,Siskiyou,093,43540,0,0,0,0,0
2020-03-09,Solano,095,438530,25,26,0,26,0
2020-03-09,Sonoma,097,501317,22,2,0,2,0
2020-03-09,Stanislaus,099,539301,11,0,2,2,0
2020-03-09,Sutter,101,95872,0,0,0,0,0
2020-03-09,Tehama,103,63373,0,0,0,0,0
2020-03-09,Trinity,105,12862,0,0,0,0,0
2020-03-09,Tulare,107,460477,9,0,1,1,0
2020-03-09,Tuolumne,109,53932,1,0,0,0,0
2020-03-09,Ventura,111,848112,25,1,0,1,0
2020-03-09,Yolo,113,214977,5,2,0,2,0
2020-03-09,Yuba,115,75493,0,0,0,0,0
2020-03-08,Alameda,001,1643700,46,4,0,4,0
2020-03-08,Alpine,003,1148,0,0,0,0,0
2020-03-08,Amador,005,37829,0,0,0,0,0
2020-03-08,Butte,007,227075,0,0,0,0,0
2020-03-08,Calaveras,009,45235,2,0,0,0,0
2020-03-08,Colusa,011,21464,0,0,0,0,0
2020-03-08,Contra Costa,013,1133247,58,9,0,9,0
2020-03-08,Del Norte,015,27424,0,0,0,0,0
2020-03-08,El Dorado,017,186661,5,0,0,0,0
2020-03-08,Fresno,019,978130,5,1,1,2,0
2020-03-08,Glenn,021,27897,0,0,0,0,0
2020-03-08,Humboldt,023,135768,5,1,0,1,0
2020-03-08,Imperial,025,180216,5,0,0,0,0
2020-03-08,Inyo,027,18085,0,0,0,0,0
2020-03-08,Kern,029,883053,8,0,0,0,0
2020-03-08,Kings,031,150075,3,0,1,1,0
2020-03-08,Lake,033,64148,0,0,0,0,0
2020-03-08,Lassen,035,31185,0,0,0,0,0
2020-03-08,Los Angeles,037,10098052,368,14,6,20,0
2020-03-08,Madera,039,155013,7,1,0,1,0
2020-03-08,Marin,041,260295,13,1,0,1,0
2020-03-08,Mariposa,043,17540,0,0,0,0,0
2020-03-08,Mendocino,045,87422,0,0,0,0,0
2020-03-08,Merced,047,269075,2,0,0,0,0
2020-03-08,Modoc,049,8938,0,0,0,0,0
2020-03-08,Mono,051,14174,3,0,0,0,0
2020-03-08,Monterey,053,433212,3,0,0,0,0
2020-03-08,Napa,055,140530,2,0,0,0,0
2020-03-08,Nevada,057,99092,1,0,1,1,0
2020-03-08,Orange,059,3164182,129,4,0,4,0
2020-03-08,Placer,061,380077,11,7,0,7,1
2020-03-08,Plumas,063,18699,0,0,0,0,0
2020-03-08,Riverside,065,2383286,41,1,1,2,0
2020-03-08,Sacramento,067,1510023,65,5,0,5,0
2020-03-08,San Benito,069,59416,3,2,0,2,0
2020-03-08,San Bernardino,071,2135413,43,0,0,0,0
2020-03-08,San Diego,073,3302833,92,2,0,2,0
2020-03-08,San Francisco,075,870044,53,9,0,9,0
2020-03-08,San Joaquin,077,732212,18,0,3,3,0
2020-03-08,San Luis Obispo,079,281455,9,0,0,0,0
2020-03-08,San Mateo,081,765935,96,4,0,4,0
2020-03-08,Santa Barbara,083,443738,5,0,0,0,0
2020-03-08,Santa Clara,085,1922200,236,36,1,37,0
2020-03-08,Santa Cruz,087,273765,17,1,0,1,0
2020-03-08,Shasta,089,179085,2,0,0,0,0
2020-03-08,Sierra,091,2930,0,0,0,0,0
2020-03-08,Siskiyou,093,43540,0,0,0,0,0
2020-03-08,Solano,095,438530,24,26,0,26,0
2020-03-08,Sonoma,097,501317,17,2,0,2,0
2020-03-08,Stanislaus,099,539301,10,0,2,2,0
2020-03-08,Sutter,101,95872,0,0,0,0,0
2020-03-08,Tehama,103,63373,0,0,0,0,0
2020-03-08,Trinity,105,12862,0,0,0,0,0
2020-03-08,Tulare,107,460477,9,0,0,0,0
2020-03-08,Tuolumne,109,53932,1,0,0,0,0
2020-03-08,Ventura,111,848112,21,1,0,1,0
2020-03-08,Yolo,113,214977,2,2,0,2,0
2020-03-08,Yuba,115,75493,0,0,0,0,0
2020-03-07,Alameda,001,1643700,41,3,0,3,0
2020-03-07,Alpine,003,1148,0,0,0,0,0
2020-03-07,Amador,005,37829,0,0,0,0,0
2020-03-07,Butte,007,227075,0,0,0,0,0
2020-03-07,Calaveras,009,45235,2,0,0,0,0
2020-03-07,Colusa,011,21464,0,0,0,0,0
2020-03-07,Contra Costa,013,1133247,55,4,0,4,0
2020-03-07,Del Norte,015,27424,0,0,0,0,0
2020-03-07,El Dorado,017,186661,4,0,0,0,0
2020-03-07,Fresno,019,978130,4,1,1,2,0
2020-03-07,Glenn,021,27897,0,0,0,0,0
2020-03-07,Humboldt,023,135768,5,1,0,1,0
2020-03-07,Imperial,025,180216,4,0,0,0,0
2020-03-07,Inyo,027,18085,0,0,0,0,0
2020-03-07,Kern,029,883053,7,0,0,0,0
2020-03-07,Kings,031,150075,3,0,1,1,0
2020-03-07,Lake,033,64148,0,0,0,0,0
2020-03-07,Lassen,035,31185,0,0,0,0,0
2020-03-07,Los Angeles,037,10098052,318,14,6,20,0
2020-03-07,Madera,039,155013,6,1,0,1,0
2020-03-07,Marin,041,260295,11,0,0,0,0
2020-03-07,Mariposa,043,17540,0,0,0,0,0
2020-03-07,Mendocino,045,87422,0,0,0,0,0
2020-03-07,Merced,047,269075,2,0,0,0,0
2020-03-07,Modoc,049,8938,0,0,0,0,0
2020-03-07,Mono,051,14174,3,0,0,0,0
2020-03-07,Monterey,053,433212,3,0,0,0,0
2020-03-07,Napa,055,140530,1,0,0,0,0
2020-03-07,Nevada,057,99092,1,0,1,1,0
2020-03-07,Orange,059,3164182,121,4,0,4,0
2020-03-07,Placer,061,380077,11,6,0,6,1
2020-03-07,Plumas,063,18699,0,0,0,0,0
2020-03-07,Riverside,065,2383286,31,0,1,1,0
2020-03-07,Sacramento,067,1510023,52,4,0,4,0
2020-03-07,San Benito,069,59416,3,2,0,2,0
2020-03-07,San Bernardino,071,2135413,41,0,0,0,0
2020-03-07,San Diego,073,3302833,74,2,0,2,0
2020-03-07,San Francisco,075,870044,47,9,0,9,0
2020-03-07,San Joaquin,077,732212,16,0,3,3,0
2020-03-07,San Luis Obispo,079,281455,6,0,0,0,0
2020-03-07,San Mateo,081,765935,86,1,0,1,0
2020-03-07,Santa Barbara,083,443738,5,0,0,0,0
2020-03-07,Santa Clara,085,1922200,206,31,1,32,0
2020-03-07,Santa Cruz,087,273765,17,1,0,1,0
2020-03-07,Shasta,089,179085,2,0,0,0,0
2020-03-07,Sierra,091,2930,0,0,0,0,0
2020-03-07,Siskiyou,093,43540,0,0,0,0,0
2020-03-07,Solano,095,438530,23,25,0,25,0
2020-03-07,Sonoma,097,501317,13,2,0,2,0
2020-03-07,Stanislaus,099,539301,9,0,2,2,0
2020-03-07,Sutter,101,95872,0,0,0,0,0
2020-03-07,Tehama,103,63373,0,0,0,0,0
2020-03-07,Trinity,105,12862,0,0,0,0,0
2020-03-07,Tulare,107,460477,6,0,0,0,0
2020-03-07,Tuolumne,109,53932,1,0,0,0,0
2020-03-07,Ventura,111,848112,18,1,0,1,0
2020-03-07,Yolo,113,214977,2,2,0,2,0
2020-03-07,Yuba,115,75493,0,0,0,0,0
2020-03-06,Alameda,001,1643700,39,3,0,3,0
2020-03-06,Alpine,003,1148,0,0,0,0,0
2020-03-06,Amador,005,37829,0,0,0,0,0
2020-03-06,Butte,007,227075,0,0,0,0,0
2020-03-06,Calaveras,009,45235,2,0,0,0,0
2020-03-06,Colusa,011,21464,0,0,0,0,0
2020-03-06,Contra Costa,013,1133247,46,4,0,4,0
2020-03-06,Del Norte,015,27424,0,0,0,0,0
2020-03-06,El Dorado,017,186661,3,0,0,0,0
2020-03-06,Fresno,019,978130,3,0,1,1,0
2020-03-06,Glenn,021,27897,0,0,0,0,0
2020-03-06,Humboldt,023,135768,4,1,0,1,0
2020-03-06,Imperial,025,180216,3,0,0,0,0
2020-03-06,Inyo,027,18085,0,0,0,0,0
2020-03-06,Kern,029,883053,6,0,0,0,0
2020-03-06,Kings,031,150075,3,0,1,1,0
2020-03-06,Lake,033,64148,0,0,0,0,0
2020-03-06,Lassen,035,31185,0,0,0,0,0
2020-03-06,Los Angeles,037,10098052,275,13,6,19,0
2020-03-06,Madera,039,155013,5,0,0,0,0
2020-03-06,Marin,041,260295,10,0,0,0,0
2020-03-06,Mariposa,043,17540,0,0,0,0,0
2020-03-06,Mendocino,045,87422,0,0,0,0,0
2020-03-06,Merced,047,269075,2,0,0,0,0
2020-03-06,Modoc,049,8938,0,0,0,0,0
2020-03-06,Mono,051,14174,1,0,0,0,0
2020-03-06,Monterey,053,433212,3,0,0,0,0
2020-03-06,Napa,055,140530,1,0,0,0,0
2020-03-06,Nevada,057,99092,1,0,1,1,0
2020-03-06,Orange,059,3164182,95,4,0,4,0
2020-03-06,Placer,061,380077,10,5,0,5,1
2020-03-06,Plumas,063,18699,0,0,0,0,0
2020-03-06,Riverside,065,2383286,30,0,1,1,0
2020-03-06,Sacramento,067,1510023,43,2,0,2,0
2020-03-06,San Benito,069,59416,3,2,0,2,0
2020-03-06,San Bernardino,071,2135413,39,0,0,0,0
2020-03-06,San Diego,073,3302833,61,2,0,2,0
2020-03-06,San Francisco,075,870044,41,2,0,2,0
2020-03-06,San Joaquin,077,732212,13,0,3,3,0
2020-03-06,San Luis Obispo,079,281455,4,0,0,0,0
2020-03-06,San Mateo,081,765935,78,1,0,1,0
2020-03-06,Santa Barbara,083,443738,3,0,0,0,0
2020-03-06,Santa Clara,085,1922200,188,20,1,21,0
2020-03-06,Santa Cruz,087,273765,15,0,0,0,0
2020-03-06,Shasta,089,179085,2,0,0,0,0
2020-03-06,Sierra,091,2930,0,0,0,0,0
2020-03-06,Siskiyou,093,43540,0,0,0,0,0
2020-03-06,Solano,095,438530,22,25,0,25,0
2020-03-06,Sonoma,097,501317,13,2,0,2,0
2020-03-06,Stanislaus,099,539301,5,0,2,2,0
2020-03-06,Sutter,101,95872,0,0,0,0,0
2020-03-06,Tehama,103,63373,0,0,0,0,0
2020-03-06,Trinity,105,12862,0,0,0,0,0
2020-03-06,Tulare,107,460477,6,0,0,0,0
2020-03-06,Tuolumne,109,53932,1,0,0,0,0
2020-03-06,Ventura,111,848112,15,1,0,1,0
2020-03-06,Yolo,113,214977,2,1,0,1,0
2020-03-06,Yuba,115,75493,0,0,0,0,0
2020-03-05,Alameda,001,1643700,34,2,0,2,0
2020-03-05,Alpine,003,1148,0,0,0,0,0
2020-03-05,Amador,005,37829,0,0,0,0,0
2020-03-05,Butte,007,227075,0,0,0,0,0
2020-03-05,Calaveras,009,45235,2,0,0,0,0
2020-03-05,Colusa,011,21464,0,0,0,0,0
2020-03-05,Contra Costa,013,1133247,39,1,0,1,0
2020-03-05,Del Norte,015,27424,0,0,0,0,0
2020-03-05,El Dorado,017,186661,1,0,0,0,0
2020-03-05,Fresno,019,978130,3,0,1,1,0
2020-03-05,Glenn,021,27897,0,0,0,0,0
2020-03-05,Humboldt,023,135768,4,1,0,1,0
2020-03-05,Imperial,025,180216,2,0,0,0,0
2020-03-05,Inyo,027,18085,0,0,0,0,0
2020-03-05,Kern,029,883053,6,0,0,0,0
2020-03-05,Kings,031,150075,3,0,1,1,0
2020-03-05,Lake,033,64148,0,0,0,0,0
2020-03-05,Lassen,035,31185,0,0,0,0,0
2020-03-05,Los Angeles,037,10098052,228,11,6,17,0
2020-03-05,Madera,039,155013,5,0,0,0,0
2020-03-05,Marin,041,260295,10,0,0,0,0
2020-03-05,Mariposa,043,17540,0,0,0,0,0
2020-03-05,Mendocino,045,87422,0,0,0,0,0
2020-03-05,Merced,047,269075,2,0,0,0,0
2020-03-05,Modoc,049,8938,0,0,0,0,0
2020-03-05,Mono,051,14174,1,0,0,0,0
2020-03-05,Monterey,053,433212,3,0,0,0,0
2020-03-05,Napa,055,140530,1,0,0,0,0
2020-03-05,Nevada,057,99092,0,0,1,1,0
2020-03-05,Orange,059,3164182,80,3,0,3,0
2020-03-05,Placer,061,380077,10,2,0,2,1
2020-03-05,Plumas,063,18699,0,0,0,0,0
2020-03-05,Riverside,065,2383286,27,0,1,1,0
2020-03-05,Sacramento,067,1510023,37,2,0,2,0
2020-03-05,San Benito,069,59416,1,2,0,2,0
2020-03-05,San Bernardino,071,2135413,34,0,0,0,0
2020-03-05,San Diego,073,3302833,54,2,0,2,0
2020-03-05,San Francisco,075,870044,31,2,0,2,0
2020-03-05,San Joaquin,077,732212,10,0,3,3,0
2020-03-05,San Luis Obispo,079,281455,4,0,0,0,0
2020-03-05,San Mateo,081,765935,65,1,0,1,0
2020-03-05,Santa Barbara,083,443738,2,0,0,0,0
2020-03-05,Santa Clara,085,1922200,164,14,1,15,0
2020-03-05,Santa Cruz,087,273765,13,0,0,0,0
2020-03-05,Shasta,089,179085,2,0,0,0,0
2020-03-05,Sierra,091,2930,0,0,0,0,0
2020-03-05,Siskiyou,093,43540,0,0,0,0,0
2020-03-05,Solano,095,438530,22,24,0,24,0
2020-03-05,Sonoma,097,501317,12,2,0,2,0
2020-03-05,Stanislaus,099,539301,4,0,2,2,0
2020-03-05,Sutter,101,95872,0,0,0,0,0
2020-03-05,Tehama,103,63373,0,0,0,0,0
2020-03-05,Trinity,105,12862,0,0,0,0,0
2020-03-05,Tulare,107,460477,6,0,0,0,0
2020-03-05,Tuolumne,109,53932,1,0,0,0,0
2020-03-05,Ventura,111,848112,13,0,0,0,0
2020-03-05,Yolo,113,214977,2,0,0,0,0
2020-03-05,Yuba,115,75493,0,0,0,0,0
2020-03-04,Alameda,001,1643700,30,2,0,2,0
2020-03-04,Alpine,003,1148,0,0,0,0,0
2020-03-04,Amador,005,37829,0,0,0,0,0
2020-03-04,Butte,007,227075,0,0,0,0,0
2020-03-04,Calaveras,009,45235,0,0,0,0,0
2020-03-04,Colusa,011,21464,0,0,0,0,0
2020-03-04,Contra Costa,013,1133247,34,1,0,1,0
2020-03-04,Del Norte,015,27424,0,0,0,0,0
2020-03-04,El Dorado,017,186661,1,0,0,0,0
2020-03-04,Fresno,019,978130,3,0,1,1,0
2020-03-04,Glenn,021,27897,0,0,0,0,0
2020-03-04,Humboldt,023,135768,1,1,0,1,0
2020-03-04,Imperial,025,180216,2,0,0,0,0
2020-03-04,Inyo,027,18085,0,0,0,0,0
2020-03-04,Kern,029,883053,6,0,0,0,0
2020-03-04,Kings,031,150075,3,0,1,1,0
2020-03-04,Lake,033,64148,0,0,0,0,0
2020-03-04,Lassen,035,31185,0,0,0,0,0
2020-03-04,Los Angeles,037,10098052,192,7,6,13,0
2020-03-04,Madera,039,155013,5,0,0,0,0
2020-03-04,Marin,041,260295,10,0,0,0,0
2020-03-04,Mariposa,043,17540,0,0,0,0,0
2020-03-04,Mendocino,045,87422,0,0,0,0,0
2020-03-04,Merced,047,269075,2,0,0,0,0
2020-03-04,Modoc,049,8938,0,0,0,0,0
2020-03-04,Mono,051,14174,1,0,0,0,0
2020-03-04,Monterey,053,433212,3,0,0,0,0
2020-03-04,Napa,055,140530,1,0,0,0,0
2020-03-04,Nevada,057,99092,0,0,1,1,0
2020-03-04,Orange,059,3164182,77,3,0,3,0
2020-03-04,Placer,061,380077,9,2,0,2,1
2020-03-04,Plumas,063,18699,0,0,0,0,0
2020-03-04,Riverside,065,2383286,23,0,1,1,0
2020-03-04,Sacramento,067,1510023,32,1,0,1,0
2020-03-04,San Benito,069,59416,1,2,0,2,0
2020-03-04,San Bernardino,071,2135413,31,0,0,0,0
2020-03-04,San Diego,073,3302833,41,2,0,2,0
2020-03-04,San Francisco,075,870044,26,0,0,0,0
2020-03-04,San Joaquin,077,732212,9,0,3,3,0
2020-03-04,San Luis Obispo,079,281455,4,0,0,0,0
2020-03-04,San Mateo,081,765935,60,1,0,1,0
2020-03-04,Santa Barbara,083,443738,2,0,0,0,0
2020-03-04,Santa Clara,085,1922200,147,12,1,13,0
2020-03-04,Santa Cruz,087,273765,13,0,0,0,0
2020-03-04,Shasta,089,179085,2,0,0,0,0
2020-03-04,Sierra,091,2930,0,0,0,0,0
2020-03-04,Siskiyou,093,43540,0,0,0,0,0
2020-03-04,Solano,095,438530,21,24,0,24,0
2020-03-04,Sonoma,097,501317,11,2,0,2,0
2020-03-04,Stanislaus,099,539301,4,0,2,2,0
2020-03-04,Sutter,101,95872,0,0,0,0,0
2020-03-04,Tehama,103,63373,0,0,0,0,0
2020-03-04,Trinity,105,12862,0,0,0,0,0
2020-03-04,Tulare,107,460477,6,0,0,0,0
2020-03-04,Tuolumne,109,53932,0,0,0,0,0
2020-03-04,Ventura,111,848112,12,0,0,0,0
2020-03-04,Yolo,113,214977,2,0,0,0,0
2020-03-04,Yuba,115,75493,0,0,0,0,0
2020-03-03,Alameda,001,1643700,24,2,0,2,0
2020-03-03,Alpine,003,1148,0,0,0,0,0
2020-03-03,Amador,005,37829,0,0,0,0,0
2020-03-03,Butte,007,227075,0,0,0,0,0
2020-03-03,Calaveras,009,45235,0,0,0,0,0
2020-03-03,Colusa,011,21464,0,0,0,0,0
2020-03-03,Contra Costa,013,1133247,30,0,0,0,0
2020-03-03,Del Norte,015,27424,0,0,0,0,0
2020-03-03,El Dorado,017,186661,1,0,0,0,0
2020-03-03,Fresno,019,978130,2,0,1,1,0
2020-03-03,Glenn,021,27897,0,0,0,0,0
2020-03-03,Humboldt,023,135768,1,1,0,1,0
2020-03-03,Imperial,025,180216,2,0,0,0,0
2020-03-03,Inyo,027,18085,0,0,0,0,0
2020-03-03,Kern,029,883053,4,0,0,0,0
2020-03-03,Kings,031,150075,3,0,1,1,0
2020-03-03,Lake,033,64148,0,0,0,0,0
2020-03-03,Lassen,035,31185,0,0,0,0,0
2020-03-03,Los Angeles,037,10098052,173,5,6,11,0
2020-03-03,Madera,039,155013,4,0,0,0,0
2020-03-03,Marin,041,260295,6,0,0,0,0
2020-03-03,Mariposa,043,17540,0,0,0,0,0
2020-03-03,Mendocino,045,87422,0,0,0,0,0
2020-03-03,Merced,047,269075,2,0,0,0,0
2020-03-03,Modoc,049,8938,0,0,0,0,0
2020-03-03,Mono,051,14174,1,0,0,0,0
2020-03-03,Monterey,053,433212,2,0,0,0,0
2020-03-03,Napa,055,140530,1,0,0,0,0
2020-03-03,Nevada,057,99092,0,0,1,1,0
2020-03-03,Orange,059,3164182,69,1,0,1,0
2020-03-03,Placer,061,380077,8,2,0,2,0
2020-03-03,Plumas,063,18699,0,0,0,0,0
2020-03-03,Riverside,065,2383286,20,0,1,1,0
2020-03-03,Sacramento,067,1510023,31,1,0,1,0
2020-03-03,San Benito,069,59416,1,2,0,2,0
2020-03-03,San Bernardino,071,2135413,28,0,0,0,0
2020-03-03,San Diego,073,3302833,34,2,0,2,0
2020-03-03,San Francisco,075,870044,24,0,0,0,0
2020-03-03,San Joaquin,077,732212,8,0,3,3,0
2020-03-03,San Luis Obispo,079,281455,2,0,0,0,0
2020-03-03,San Mateo,081,765935,53,1,0,1,0
2020-03-03,Santa Barbara,083,443738,1,0,0,0,0
2020-03-03,Santa Clara,085,1922200,132,11,1,12,0
2020-03-03,Santa Cruz,087,273765,10,0,0,0,0
2020-03-03,Shasta,089,179085,2,0,0,0,0
2020-03-03,Sierra,091,2930,0,0,0,0,0
2020-03-03,Siskiyou,093,43540,0,0,0,0,0
2020-03-03,Solano,095,438530,20,24,0,24,0
2020-03-03,Sonoma,097,501317,11,1,0,1,0
2020-03-03,Stanislaus,099,539301,4,0,2,2,0
2020-03-03,Sutter,101,95872,0,0,0,0,0
2020-03-03,Tehama,103,63373,0,0,0,0,0
2020-03-03,Trinity,105,12862,0,0,0,0,0
2020-03-03,Tulare,107,460477,6,0,0,0,0
2020-03-03,Tuolumne,109,53932,0,0,0,0,0
2020-03-03,Ventura,111,848112,11,0,0,0,0
2020-03-03,Yolo,113,214977,1,0,0,0,0
2020-03-03,Yuba,115,75493,0,0,0,0,0
2020-03-02,Alameda,001,1643700,21,1,0,1,0
2020-03-02,Alpine,003,1148,0,0,0,0,0
2020-03-02,Amador,005,37829,0,0,0,0,0
2020-03-02,Butte,007,227075,0,0,0,0,0
2020-03-02,Calaveras,009,45235,0,0,0,0,0
2020-03-02,Colusa,011,21464,0,0,0,0,0
2020-03-02,Contra Costa,013,1133247,27,0,0,0,0
2020-03-02,Del Norte,015,27424,0,0,0,0,0
2020-03-02,El Dorado,017,186661,1,0,0,0,0
2020-03-02,Fresno,019,978130,2,0,1,1,0
2020-03-02,Glenn,021,27897,0,0,0,0,0
2020-03-02,Humboldt,023,135768,1,1,0,1,0
2020-03-02,Imperial,025,180216,2,0,0,0,0
2020-03-02,Inyo,027,18085,0,0,0,0,0
2020-03-02,Kern,029,883053,4,0,0,0,0
2020-03-02,Kings,031,150075,3,0,1,1,0
2020-03-02,Lake,033,64148,0,0,0,0,0
2020-03-02,Lassen,035,31185,0,0,0,0,0
2020-03-02,Los Angeles,037,10098052,158,1,6,7,0
2020-03-02,Madera,039,155013,4,0,0,0,0
2020-03-02,Marin,041,260295,6,0,0,0,0
2020-03-02,Mariposa,043,17540,0,0,0,0,0
2020-03-02,Mendocino,045,87422,0,0,0,0,0
2020-03-02,Merced,047,269075,1,0,0,0,0
2020-03-02,Modoc,049,8938,0,0,0,0,0
2020-03-02,Mono,051,14174,1,0,0,0,0
2020-03-02,Monterey,053,433212,2,0,0,0,0
2020-03-02,Napa,055,140530,1,0,0,0,0
2020-03-02,Nevada,057,99092,0,0,1,1,0
2020-03-02,Orange,059,3164182,64,1,0,1,0
2020-03-02,Placer,061,380077,8,1,0,1,0
2020-03-02,Plumas,063,18699,0,0,0,0,0
2020-03-02,Riverside,065,2383286,19,0,1,1,0
2020-03-02,Sacramento,067,1510023,25,1,0,1,0
2020-03-02,San Benito,069,59416,1,2,0,2,0
2020-03-02,San Bernardino,071,2135413,28,0,0,0,0
2020-03-02,San Diego,073,3302833,28,2,0,2,0
2020-03-02,San Francisco,075,870044,17,0,0,0,0
2020-03-02,San Joaquin,077,732212,7,0,3,3,0
2020-03-02,San Luis Obispo,079,281455,2,0,0,0,0
2020-03-02,San Mateo,081,765935,44,1,0,1,0
2020-03-02,Santa Barbara,083,443738,1,0,0,0,0
2020-03-02,Santa Clara,085,1922200,110,7,1,8,0
2020-03-02,Santa Cruz,087,273765,9,0,0,0,0
2020-03-02,Shasta,089,179085,2,0,0,0,0
2020-03-02,Sierra,091,2930,0,0,0,0,0
2020-03-02,Siskiyou,093,43540,0,0,0,0,0
2020-03-02,Solano,095,438530,19,24,0,24,0
2020-03-02,Sonoma,097,501317,10,1,0,1,0
2020-03-02,Stanislaus,099,539301,2,0,2,2,0
2020-03-02,Sutter,101,95872,0,0,0,0,0
2020-03-02,Tehama,103,63373,0,0,0,0,0
2020-03-02,Trinity,105,12862,0,0,0,0,0
2020-03-02,Tulare,107,460477,6,0,0,0,0
2020-03-02,Tuolumne,109,53932,0,0,0,0,0
2020-03-02,Ventura,111,848112,10,0,0,0,0
2020-03-02,Yolo,113,214977,1,0,0,0,0
2020-03-02,Yuba,115,75493,0,0,0,0,0
2020-03-01,Alameda,001,1643700,20,1,0,1,0
2020-03-01,Alpine,003,1148,0,0,0,0,0
2020-03-01,Amador,005,37829,0,0,0,0,0
2020-03-01,Butte,007,227075,0,0,0,0,0
2020-03-01,Calaveras,009,45235,0,0,0,0,0
2020-03-01,Colusa,011,21464,0,0,0,0,0
2020-03-01,Contra Costa,013,1133247,24,0,0,0,0
2020-03-01,Del Norte,015,27424,0,0,0,0,0
2020-03-01,El Dorado,017,186661,1,0,0,0,0
2020-03-01,Fresno,019,978130,1,0,1,1,0
2020-03-01,Glenn,021,27897,0,0,0,0,0
2020-03-01,Humboldt,023,135768,1,1,0,1,0
2020-03-01,Imperial,025,180216,2,0,0,0,0
2020-03-01,Inyo,027,18085,0,0,0,0,0
2020-03-01,Kern,029,883053,2,0,0,0,0
2020-03-01,Kings,031,150075,3,0,1,1,0
2020-03-01,Lake,033,64148,0,0,0,0,0
2020-03-01,Lassen,035,31185,0,0,0,0,0
2020-03-01,Los Angeles,037,10098052,139,1,6,7,0
2020-03-01,Madera,039,155013,2,0,0,0,0
2020-03-01,Marin,041,260295,5,0,0,0,0
2020-03-01,Mariposa,043,17540,0,0,0,0,0
2020-03-01,Mendocino,045,87422,0,0,0,0,0
2020-03-01,Merced,047,269075,1,0,0,0,0
2020-03-01,Modoc,049,8938,0,0,0,0,0
2020-03-01,Mono,051,14174,1,0,0,0,0
2020-03-01,Monterey,053,433212,1,0,0,0,0
2020-03-01,Napa,055,140530,1,0,0,0,0
2020-03-01,Nevada,057,99092,0,0,1,1,0
2020-03-01,Orange,059,3164182,61,1,0,1,0
2020-03-01,Placer,061,380077,8,0,0,0,0
2020-03-01,Plumas,063,18699,0,0,0,0,0
2020-03-01,Riverside,065,2383286,18,0,1,1,0
2020-03-01,Sacramento,067,1510023,21,1,0,1,0
2020-03-01,San Benito,069,59416,0,2,0,2,0
2020-03-01,San Bernardino,071,2135413,27,0,0,0,0
2020-03-01,San Diego,073,3302833,21,2,0,2,0
2020-03-01,San Francisco,075,870044,13,0,0,0,0
2020-03-01,San Joaquin,077,732212,7,0,3,3,0
2020-03-01,San Luis Obispo,079,281455,2,0,0,0,0
2020-03-01,San Mateo,081,765935,36,0,0,0,0
2020-03-01,Santa Barbara,083,443738,1,0,0,0,0
2020-03-01,Santa Clara,085,1922200,97,6,1,7,0
2020-03-01,Santa Cruz,087,273765,8,0,0,0,0
2020-03-01,Shasta,089,179085,2,0,0,0,0
2020-03-01,Sierra,091,2930,0,0,0,0,0
2020-03-01,Siskiyou,093,43540,0,0,0,0,0
2020-03-01,Solano,095,438530,19,24,0,24,0
2020-03-01,Sonoma,097,501317,9,0,0,0,0
2020-03-01,Stanislaus,099,539301,2,0,2,2,0
2020-03-01,Sutter,101,95872,0,0,0,0,0
2020-03-01,Tehama,103,63373,0,0,0,0,0
2020-03-01,Trinity,105,12862,0,0,0,0,0
2020-03-01,Tulare,107,460477,6,0,0,0,0
2020-03-01,Tuolumne,109,53932,0,0,0,0,0
2020-03-01,Ventura,111,848112,8,0,0,0,0
2020-03-01,Yolo,113,214977,1,0,0,0,0
2020-03-01,Yuba,115,75493,0,0,0,0,0
2020-02-29,Alameda,001,1643700,16,0,0,0,0
2020-02-29,Alpine,003,1148,0,0,0,0,0
2020-02-29,Amador,005,37829,0,0,0,0,0
2020-02-29,Butte,007,227075,0,0,0,0,0
2020-02-29,Calaveras,009,45235,0,0,0,0,0
2020-02-29,Colusa,011,21464,0,0,0,0,0
2020-02-29,Contra Costa,013,1133247,20,0,0,0,0
2020-02-29,Del Norte,015,27424,0,0,0,0,0
2020-02-29,El Dorado,017,186661,1,0,0,0,0
2020-02-29,Fresno,019,978130,1,0,0,0,0
2020-02-29,Glenn,021,27897,0,0,0,0,0
2020-02-29,Humboldt,023,135768,1,1,0,1,0
2020-02-29,Imperial,025,180216,1,0,0,0,0
2020-02-29,Inyo,027,18085,0,0,0,0,0
2020-02-29,Kern,029,883053,2,0,0,0,0
2020-02-29,Kings,031,150075,3,0,1,1,0
2020-02-29,Lake,033,64148,0,0,0,0,0
2020-02-29,Lassen,035,31185,0,0,0,0,0
2020-02-29,Los Angeles,037,10098052,111,1,6,7,0
2020-02-29,Madera,039,155013,2,0,0,0,0
2020-02-29,Marin,041,260295,4,0,0,0,0
2020-02-29,Mariposa,043,17540,0,0,0,0,0
2020-02-29,Mendocino,045,87422,0,0,0,0,0
2020-02-29,Merced,047,269075,1,0,0,0,0
2020-02-29,Modoc,049,8938,0,0,0,0,0
2020-02-29,Mono,051,14174,1,0,0,0,0
2020-02-29,Monterey,053,433212,1,0,0,0,0
2020-02-29,Napa,055,140530,1,0,0,0,0
2020-02-29,Nevada,057,99092,0,0,1,1,0
2020-02-29,Orange,059,3164182,56,1,0,1,0
2020-02-29,Placer,061,380077,7,0,0,0,0
2020-02-29,Plumas,063,18699,0,0,0,0,0
2020-02-29,Riverside,065,2383286,15,0,1,1,0
2020-02-29,Sacramento,067,1510023,16,1,0,1,0
2020-02-29,San Benito,069,59416,0,2,0,2,0
2020-02-29,San Bernardino,071,2135413,25,0,0,0,0
2020-02-29,San Diego,073,3302833,16,2,0,2,0
2020-02-29,San Francisco,075,870044,12,0,0,0,0
2020-02-29,San Joaquin,077,732212,6,0,3,3,0
2020-02-29,San Luis Obispo,079,281455,2,0,0,0,0
2020-02-29,San Mateo,081,765935,29,0,0,0,0
2020-02-29,Santa Barbara,083,443738,0,0,0,0,0
2020-02-29,Santa Clara,085,1922200,75,3,1,4,0
2020-02-29,Santa Cruz,087,273765,8,0,0,0,0
2020-02-29,Shasta,089,179085,2,0,0,0,0
2020-02-29,Sierra,091,2930,0,0,0,0,0
2020-02-29,Siskiyou,093,43540,0,0,0,0,0
2020-02-29,Solano,095,438530,18,23,0,23,0
2020-02-29,Sonoma,097,501317,6,0,0,0,0
2020-02-29,Stanislaus,099,539301,2,0,2,2,0
2020-02-29,Sutter,101,95872,0,0,0,0,0
2020-02-29,Tehama,103,63373,0,0,0,0,0
2020-02-29,Trinity,105,12862,0,0,0,0,0
2020-02-29,Tulare,107,460477,4,0,0,0,0
2020-02-29,Tuolumne,109,53932,0,0,0,0,0
2020-02-29,Ventura,111,848112,6,0,0,0,0
2020-02-29,Yolo,113,214977,1,0,0,0,0
2020-02-29,Yuba,115,75493,0,0,0,0,0
2020-02-28,Alameda,001,1643700,14,0,0,0,0
2020-02-28,Alpine,003,1148,0,0,0,0,0
2020-02-28,Amador,005,37829,0,0,0,0,0
2020-02-28,Butte,007,227075,0,0,0,0,0
2020-02-28,Calaveras,009,45235,0,0,0,0,0
2020-02-28,Colusa,011,21464,0,0,0,0,0
2020-02-28,Contra Costa,013,1133247,20,0,0,0,0
2020-02-28,Del Norte,015,27424,0,0,0,0,0
2020-02-28,El Dorado,017,186661,0,0,0,0,0
2020-02-28,Fresno,019,978130,1,0,0,0,0
2020-02-28,Glenn,021,27897,0,0,0,0,0
2020-02-28,Humboldt,023,135768,1,1,0,1,0
2020-02-28,Imperial,025,180216,1,0,0,0,0
2020-02-28,Inyo,027,18085,0,0,0,0,0
2020-02-28,Kern,029,883053,2,0,0,0,0
2020-02-28,Kings,031,150075,3,0,1,1,0
2020-02-28,Lake,033,64148,0,0,0,0,0
2020-02-28,Lassen,035,31185,0,0,0,0,0
2020-02-28,Los Angeles,037,10098052,103,1,6,7,0
2020-02-28,Madera,039,155013,2,0,0,0,0
2020-02-28,Marin,041,260295,2,0,0,0,0
2020-02-28,Mariposa,043,17540,0,0,0,0,0
2020-02-28,Mendocino,045,87422,0,0,0,0,0
2020-02-28,Merced,047,269075,1,0,0,0,0
2020-02-28,Modoc,049,8938,0,0,0,0,0
2020-02-28,Mono,051,14174,0,0,0,0,0
2020-02-28,Monterey,053,433212,1,0,0,0,0
2020-02-28,Napa,055,140530,1,0,0,0,0
2020-02-28,Nevada,057,99092,0,0,1,1,0
2020-02-28,Orange,059,3164182,54,1,0,1,0
2020-02-28,Placer,061,380077,7,0,0,0,0
2020-02-28,Plumas,063,18699,0,0,0,0,0
2020-02-28,Riverside,065,2383286,13,0,1,1,0
2020-02-28,Sacramento,067,1510023,10,1,0,1,0
2020-02-28,San Benito,069,59416,0,2,0,2,0
2020-02-28,San Bernardino,071,2135413,25,0,0,0,0
2020-02-28,San Diego,073,3302833,13,2,0,2,0
2020-02-28,San Francisco,075,870044,10,0,0,0,0
2020-02-28,San Joaquin,077,732212,6,0,3,3,0
2020-02-28,San Luis Obispo,079,281455,2,0,0,0,0
2020-02-28,San Mateo,081,765935,24,0,0,0,0
2020-02-28,Santa Barbara,083,443738,0,0,0,0,0
2020-02-28,Santa Clara,085,1922200,70,3,1,4,0
2020-02-28,Santa Cruz,087,273765,8,0,0,0,0
2020-02-28,Shasta,089,179085,2,0,0,0,0
2020-02-28,Sierra,091,2930,0,0,0,0,0
2020-02-28,Siskiyou,093,43540,0,0,0,0,0
2020-02-28,Solano,095,438530,17,23,0,23,0
2020-02-28,Sonoma,097,501317,6,0,0,0,0
2020-02-28,Stanislaus,099,539301,2,0,2,2,0
2020-02-28,Sutter,101,95872,0,0,0,0,0
2020-02-28,Tehama,103,63373,0,0,0,0,0
2020-02-28,Trinity,105,12862,0,0,0,0,0
2020-02-28,Tulare,107,460477,3,0,0,0,0
2020-02-28,Tuolumne,109,53932,0,0,0,0,0
2020-02-28,Ventura,111,848112,6,0,0,0,0
2020-02-28,Yolo,113,214977,1,0,0,0,0
2020-02-28,Yuba,115,75493,0,0,0,0,0
2020-02-27,Alameda,001,1643700,13,0,0,0,0
2020-02-27,Alpine,003,1148,0,0,0,0,0
2020-02-27,Amador,005,37829,0,0,0,0,0
2020-02-27,Butte,007,227075,0,0,0,0,0
2020-02-27,Calaveras,009,45235,0,0,0,0,0
2020-02-27,Colusa,011,21464,0,0,0,0,0
2020-02-27,Contra Costa,013,1133247,14,0,0,0,0
2020-02-27,Del Norte,015,27424,0,0,0,0,0
2020-02-27,El Dorado,017,186661,0,0,0,0,0
2020-02-27,Fresno,019,978130,1,0,0,0,0
2020-02-27,Glenn,021,27897,0,0,0,0,0
2020-02-27,Humboldt,023,135768,1,1,0,1,0
2020-02-27,Imperial,025,180216,1,0,0,0,0
2020-02-27,Inyo,027,18085,0,0,0,0,0
2020-02-27,Kern,029,883053,2,0,0,0,0
2020-02-27,Kings,031,150075,3,0,1,1,0
2020-02-27,Lake,033,64148,0,0,0,0,0
2020-02-27,Lassen,035,31185,0,0,0,0,0
2020-02-27,Los Angeles,037,10098052,95,1,6,7,0
2020-02-27,Madera,039,155013,2,0,0,0,0
2020-02-27,Marin,041,260295,1,0,0,0,0
2020-02-27,Mariposa,043,17540,0,0,0,0,0
2020-02-27,Mendocino,045,87422,0,0,0,0,0
2020-02-27,Merced,047,269075,1,0,0,0,0
2020-02-27,Modoc,049,8938,0,0,0,0,0
2020-02-27,Mono,051,14174,0,0,0,0,0
2020-02-27,Monterey,053,433212,1,0,0,0,0
2020-02-27,Napa,055,140530,1,0,0,0,0
2020-02-27,Nevada,057,99092,0,0,1,1,0
2020-02-27,Orange,059,3164182,48,1,0,1,0
2020-02-27,Placer,061,380077,6,0,0,0,0
2020-02-27,Plumas,063,18699,0,0,0,0,0
2020-02-27,Riverside,065,2383286,12,0,1,1,0
2020-02-27,Sacramento,067,1510023,10,1,0,1,0
2020-02-27,San Benito,069,59416,0,2,0,2,0
2020-02-27,San Bernardino,071,2135413,25,0,0,0,0
2020-02-27,San Diego,073,3302833,12,2,0,2,0
2020-02-27,San Francisco,075,870044,9,0,0,0,0
2020-02-27,San Joaquin,077,732212,5,0,3,3,0
2020-02-27,San Luis Obispo,079,281455,2,0,0,0,0
2020-02-27,San Mateo,081,765935,20,0,0,0,0
2020-02-27,Santa Barbara,083,443738,0,0,0,0,0
2020-02-27,Santa Clara,085,1922200,59,2,1,3,0
2020-02-27,Santa Cruz,087,273765,6,0,0,0,0
2020-02-27,Shasta,089,179085,0,0,0,0,0
2020-02-27,Sierra,091,2930,0,0,0,0,0
2020-02-27,Siskiyou,093,43540,0,0,0,0,0
2020-02-27,Solano,095,438530,17,23,0,23,0
2020-02-27,Sonoma,097,501317,5,0,0,0,0
2020-02-27,Stanislaus,099,539301,2,0,2,2,0
2020-02-27,Sutter,101,95872,0,0,0,0,0
2020-02-27,Tehama,103,63373,0,0,0,0,0
2020-02-27,Trinity,105,12862,0,0,0,0,0
2020-02-27,Tulare,107,460477,3,0,0,0,0
2020-02-27,Tuolumne,109,53932,0,0,0,0,0
2020-02-27,Ventura,111,848112,4,0,0,0,0
2020-02-27,Yolo,113,214977,1,0,0,0,0
2020-02-27,Yuba,115,75493,0,0,0,0,0
2020-02-26,Alameda,001,1643700,13,0,0,0,0
2020-02-26,Alpine,003,1148,0,0,0,0,0
2020-02-26,Amador,005,37829,0,0,0,0,0
2020-02-26,Butte,007,227075,0,0,0,0,0
2020-02-26,Calaveras,009,45235,0,0,0,0,0
2020-02-26,Colusa,011,21464,0,0,0,0,0
2020-02-26,Contra Costa,013,1133247,13,0,0,0,0
2020-02-26,Del Norte,015,27424,0,0,0,0,0
2020-02-26,El Dorado,017,186661,0,0,0,0,0
2020-02-26,Fresno,019,978130,1,0,0,0,0
2020-02-26,Glenn,021,27897,0,0,0,0,0
2020-02-26,Humboldt,023,135768,1,1,0,1,0
2020-02-26,Imperial,025,180216,1,0,0,0,0
2020-02-26,Inyo,027,18085,0,0,0,0,0
2020-02-26,Kern,029,883053,2,0,0,0,0
2020-02-26,Kings,031,150075,3,0,1,1,0
2020-02-26,Lake,033,64148,0,0,0,0,0
2020-02-26,Lassen,035,31185,0,0,0,0,0
2020-02-26,Los Angeles,037,10098052,89,1,6,7,0
2020-02-26,Madera,039,155013,2,0,0,0,0
2020-02-26,Marin,041,260295,1,0,0,0,0
2020-02-26,Mariposa,043,17540,0,0,0,0,0
2020-02-26,Mendocino,045,87422,0,0,0,0,0
2020-02-26,Merced,047,269075,1,0,0,0,0
2020-02-26,Modoc,049,8938,0,0,0,0,0
2020-02-26,Mono,051,14174,0,0,0,0,0
2020-02-26,Monterey,053,433212,1,0,0,0,0
2020-02-26,Napa,055,140530,0,0,0,0,0
2020-02-26,Nevada,057,99092,0,0,1,1,0
2020-02-26,Orange,059,3164182,47,1,0,1,0
2020-02-26,Placer,061,380077,5,0,0,0,0
2020-02-26,Plumas,063,18699,0,0,0,0,0
2020-02-26,Riverside,065,2383286,10,0,1,1,0
2020-02-26,Sacramento,067,1510023,10,1,0,1,0
2020-02-26,San Benito,069,59416,0,2,0,2,0
2020-02-26,San Bernardino,071,2135413,23,0,0,0,0
2020-02-26,San Diego,073,3302833,11,2,0,2,0
2020-02-26,San Francisco,075,870044,9,0,0,0,0
2020-02-26,San Joaquin,077,732212,5,0,3,3,0
2020-02-26,San Luis Obispo,079,281455,2,0,0,0,0
2020-02-26,San Mateo,081,765935,18,0,0,0,0
2020-02-26,Santa Barbara,083,443738,0,0,0,0,0
2020-02-26,Santa Clara,085,1922200,50,2,1,3,0
2020-02-26,Santa Cruz,087,273765,6,0,0,0,0
2020-02-26,Shasta,089,179085,0,0,0,0,0
2020-02-26,Sierra,091,2930,0,0,0,0,0
2020-02-26,Siskiyou,093,43540,0,0,0,0,0
2020-02-26,Solano,095,438530,17,23,0,23,0
2020-02-26,Sonoma,097,501317,5,0,0,0,0
2020-02-26,Stanislaus,099,539301,2,0,2,2,0
2020-02-26,Sutter,101,95872,0,0,0,0,0
2020-02-26,Tehama,103,63373,0,0,0,0,0
2020-02-26,Trinity,105,12862,0,0,0,0,0
2020-02-26,Tulare,107,460477,3,0,0,0,0
2020-02-26,Tuolumne,109,53932,0,0,0,0,0
2020-02-26,Ventura,111,848112,4,0,0,0,0
2020-02-26,Yolo,113,214977,1,0,0,0,0
2020-02-26,Yuba,115,75493,0,0,0,0,0
2020-02-25,Alameda,001,1643700,13,0,0,0,0
2020-02-25,Alpine,003,1148,0,0,0,0,0
2020-02-25,Amador,005,37829,0,0,0,0,0
2020-02-25,Butte,007,227075,0,0,0,0,0
2020-02-25,Calaveras,009,45235,0,0,0,0,0
2020-02-25,Colusa,011,21464,0,0,0,0,0
2020-02-25,Contra Costa,013,1133247,11,0,0,0,0
2020-02-25,Del Norte,015,27424,0,0,0,0,0
2020-02-25,El Dorado,017,186661,0,0,0,0,0
2020-02-25,Fresno,019,978130,1,0,0,0,0
2020-02-25,Glenn,021,27897,0,0,0,0,0
2020-02-25,Humboldt,023,135768,1,1,0,1,0
2020-02-25,Imperial,025,180216,1,0,0,0,0
2020-02-25,Inyo,027,18085,0,0,0,0,0
2020-02-25,Kern,029,883053,2,0,0,0,0
2020-02-25,Kings,031,150075,3,0,1,1,0
2020-02-25,Lake,033,64148,0,0,0,0,0
2020-02-25,Lassen,035,31185,0,0,0,0,0
2020-02-25,Los Angeles,037,10098052,77,1,6,7,0
2020-02-25,Madera,039,155013,2,0,0,0,0
2020-02-25,Marin,041,260295,1,0,0,0,0
2020-02-25,Mariposa,043,17540,0,0,0,0,0
2020-02-25,Mendocino,045,87422,0,0,0,0,0
2020-02-25,Merced,047,269075,0,0,0,0,0
2020-02-25,Modoc,049,8938,0,0,0,0,0
2020-02-25,Mono,051,14174,0,0,0,0,0
2020-02-25,Monterey,053,433212,1,0,0,0,0
2020-02-25,Napa,055,140530,0,0,0,0,0
2020-02-25,Nevada,057,99092,0,0,1,1,0
2020-02-25,Orange,059,3164182,46,1,0,1,0
2020-02-25,Placer,061,380077,5,0,0,0,0
2020-02-25,Plumas,063,18699,0,0,0,0,0
2020-02-25,Riverside,065,2383286,10,0,1,1,0
2020-02-25,Sacramento,067,1510023,8,1,0,1,0
2020-02-25,San Benito,069,59416,0,2,0,2,0
2020-02-25,San Bernardino,071,2135413,21,0,0,0,0
2020-02-25,San Diego,073,3302833,7,2,0,2,0
2020-02-25,San Francisco,075,870044,7,0,0,0,0
2020-02-25,San Joaquin,077,732212,5,0,2,2,0
2020-02-25,San Luis Obispo,079,281455,2,0,0,0,0
2020-02-25,San Mateo,081,765935,17,0,0,0,0
2020-02-25,Santa Barbara,083,443738,0,0,0,0,0
2020-02-25,Santa Clara,085,1922200,40,2,1,3,0
2020-02-25,Santa Cruz,087,273765,5,0,0,0,0
2020-02-25,Shasta,089,179085,0,0,0,0,0
2020-02-25,Sierra,091,2930,0,0,0,0,0
2020-02-25,Siskiyou,093,43540,0,0,0,0,0
2020-02-25,Solano,095,438530,16,21,0,21,0
2020-02-25,Sonoma,097,501317,5,0,0,0,0
2020-02-25,Stanislaus,099,539301,2,0,2,2,0
2020-02-25,Sutter,101,95872,0,0,0,0,0
2020-02-25,Tehama,103,63373,0,0,0,0,0
2020-02-25,Trinity,105,12862,0,0,0,0,0
2020-02-25,Tulare,107,460477,3,0,0,0,0
2020-02-25,Tuolumne,109,53932,0,0,0,0,0
2020-02-25,Ventura,111,848112,4,0,0,0,0
2020-02-25,Yolo,113,214977,1,0,0,0,0
2020-02-25,Yuba,115,75493,0,0,0,0,0
2020-02-24,Alameda,001,1643700,13,0,0,0,0
2020-02-24,Alpine,003,1148,0,0,0,0,0
2020-02-24,Amador,005,37829,0,0,0,0,0
2020-02-24,Butte,007,227075,0,0,0,0,0
2020-02-24,Calaveras,009,45235,0,0,0,0,0
2020-02-24,Colusa,011,21464,0,0,0,0,0
2020-02-24,Contra Costa,013,1133247,9,0,0,0,0
2020-02-24,Del Norte,015,27424,0,0,0,0,0
2020-02-24,El Dorado,017,186661,0,0,0,0,0
2020-02-24,Fresno,019,978130,1,0,0,0,0
2020-02-24,Glenn,021,27897,0,0,0,0,0
2020-02-24,Humboldt,023,135768,1,1,0,1,0
2020-02-24,Imperial,025,180216,1,0,0,0,0
2020-02-24,Inyo,027,18085,0,0,0,0,0
2020-02-24,Kern,029,883053,2,0,0,0,0
2020-02-24,Kings,031,150075,3,0,1,1,0
2020-02-24,Lake,033,64148,0,0,0,0,0
2020-02-24,Lassen,035,31185,0,0,0,0,0
2020-02-24,Los Angeles,037,10098052,72,1,6,7,0
2020-02-24,Madera,039,155013,1,0,0,0,0
2020-02-24,Marin,041,260295,1,0,0,0,0
2020-02-24,Mariposa,043,17540,0,0,0,0,0
2020-02-24,Mendocino,045,87422,0,0,0,0,0
2020-02-24,Merced,047,269075,0,0,0,0,0
2020-02-24,Modoc,049,8938,0,0,0,0,0
2020-02-24,Mono,051,14174,0,0,0,0,0
2020-02-24,Monterey,053,433212,1,0,0,0,0
2020-02-24,Napa,055,140530,0,0,0,0,0
2020-02-24,Nevada,057,99092,0,0,1,1,0
2020-02-24,Orange,059,3164182,44,1,0,1,0
2020-02-24,Placer,061,380077,3,0,0,0,0
2020-02-24,Plumas,063,18699,0,0,0,0,0
2020-02-24,Riverside,065,2383286,9,0,1,1,0
2020-02-24,Sacramento,067,1510023,7,1,0,1,0
2020-02-24,San Benito,069,59416,0,2,0,2,0
2020-02-24,San Bernardino,071,2135413,21,0,0,0,0
2020-02-24,San Diego,073,3302833,7,2,0,2,0
2020-02-24,San Francisco,075,870044,6,0,0,0,0
2020-02-24,San Joaquin,077,732212,5,0,1,1,0
2020-02-24,San Luis Obispo,079,281455,2,0,0,0,0
2020-02-24,San Mateo,081,765935,13,0,0,0,0
2020-02-24,Santa Barbara,083,443738,0,0,0,0,0
2020-02-24,Santa Clara,085,1922200,38,2,1,3,0
2020-02-24,Santa Cruz,087,273765,5,0,0,0,0
2020-02-24,Shasta,089,179085,0,0,0,0,0
2020-02-24,Sierra,091,2930,0,0,0,0,0
2020-02-24,Siskiyou,093,43540,0,0,0,0,0
2020-02-24,Solano,095,438530,13,15,0,15,0
2020-02-24,Sonoma,097,501317,5,0,0,0,0
2020-02-24,Stanislaus,099,539301,2,0,2,2,0
2020-02-24,Sutter,101,95872,0,0,0,0,0
2020-02-24,Tehama,103,63373,0,0,0,0,0
2020-02-24,Trinity,105,12862,0,0,0,0,0
2020-02-24,Tulare,107,460477,3,0,0,0,0
2020-02-24,Tuolumne,109,53932,0,0,0,0,0
2020-02-24,Ventura,111,848112,4,0,0,0,0
2020-02-24,Yolo,113,214977,1,0,0,0,0
2020-02-24,Yuba,115,75493,0,0,0,0,0
2020-02-23,Alameda,001,1643700,11,0,0,0,0
2020-02-23,Alpine,003,1148,0,0,0,0,0
2020-02-23,Amador,005,37829,0,0,0,0,0
2020-02-23,Butte,007,227075,0,0,0,0,0
2020-02-23,Calaveras,009,45235,0,0,0,0,0
2020-02-23,Colusa,011,21464,0,0,0,0,0
2020-02-23,Contra Costa,013,1133247,6,0,0,0,0
2020-02-23,Del Norte,015,27424,0,0,0,0,0
2020-02-23,El Dorado,017,186661,0,0,0,0,0
2020-02-23,Fresno,019,978130,1,0,0,0,0
2020-02-23,Glenn,021,27897,0,0,0,0,0
2020-02-23,Humboldt,023,135768,1,1,0,1,0
2020-02-23,Imperial,025,180216,1,0,0,0,0
2020-02-23,Inyo,027,18085,0,0,0,0,0
2020-02-23,Kern,029,883053,2,0,0,0,0
2020-02-23,Kings,031,150075,3,0,1,1,0
2020-02-23,Lake,033,64148,0,0,0,0,0
2020-02-23,Lassen,035,31185,0,0,0,0,0
2020-02-23,Los Angeles,037,10098052,64,1,6,7,0
2020-02-23,Madera,039,155013,1,0,0,0,0
2020-02-23,Marin,041,260295,1,0,0,0,0
2020-02-23,Mariposa,043,17540,0,0,0,0,0
2020-02-23,Mendocino,045,87422,0,0,0,0,0
2020-02-23,Merced,047,269075,0,0,0,0,0
2020-02-23,Modoc,049,8938,0,0,0,0,0
2020-02-23,Mono,051,14174,0,0,0,0,0
2020-02-23,Monterey,053,433212,1,0,0,0,0
2020-02-23,Napa,055,140530,0,0,0,0,0
2020-02-23,Nevada,057,99092,0,0,1,1,0
2020-02-23,Orange,059,3164182,44,1,0,1,0
2020-02-23,Placer,061,380077,3,0,0,0,0
2020-02-23,Plumas,063,18699,0,0,0,0,0
2020-02-23,Riverside,065,2383286,9,0,0,0,0
2020-02-23,Sacramento,067,1510023,6,1,0,1,0
2020-02-23,San Benito,069,59416,0,2,0,2,0
2020-02-23,San Bernardino,071,2135413,20,0,0,0,0
2020-02-23,San Diego,073,3302833,6,2,0,2,0
2020-02-23,San Francisco,075,870044,5,0,0,0,0
2020-02-23,San Joaquin,077,732212,4,0,1,1,0
2020-02-23,San Luis Obispo,079,281455,2,0,0,0,0
2020-02-23,San Mateo,081,765935,10,0,0,0,0
2020-02-23,Santa Barbara,083,443738,0,0,0,0,0
2020-02-23,Santa Clara,085,1922200,26,2,1,3,0
2020-02-23,Santa Cruz,087,273765,2,0,0,0,0
2020-02-23,Shasta,089,179085,0,0,0,0,0
2020-02-23,Sierra,091,2930,0,0,0,0,0
2020-02-23,Siskiyou,093,43540,0,0,0,0,0
2020-02-23,Solano,095,438530,11,15,0,15,0
2020-02-23,Sonoma,097,501317,5,0,0,0,0
2020-02-23,Stanislaus,099,539301,2,0,2,2,0
2020-02-23,Sutter,101,95872,0,0,0,0,0
2020-02-23,Tehama,103,63373,0,0,0,0,0
2020-02-23,Trinity,105,12862,0,0,0,0,0
2020-02-23,Tulare,107,460477,2,0,0,0,0
2020-02-23,Tuolumne,109,53932,0,0,0,0,0
2020-02-23,Ventura,111,848112,4,0,0,0,0
2020-02-23,Yolo,113,214977,1,0,0,0,0
2020-02-23,Yuba,115,75493,0,0,0,0,0
2020-02-22,Alameda,001,1643700,10,0,0,0,0
2020-02-22,Alpine,003,1148,0,0,0,0,0
2020-02-22,Amador,005,37829,0,0,0,0,0
2020-02-22,Butte,007,227075,0,0,0,0,0
2020-02-22,Calaveras,009,45235,0,0,0,0,0
2020-02-22,Colusa,011,21464,0,0,0,0,0
2020-02-22,Contra Costa,013,1133247,5,0,0,0,0
2020-02-22,Del Norte,015,27424,0,0,0,0,0
2020-02-22,El Dorado,017,186661,0,0,0,0,0
2020-02-22,Fresno,019,978130,1,0,0,0,0
2020-02-22,Glenn,021,27897,0,0,0,0,0
2020-02-22,Humboldt,023,135768,1,1,0,1,0
2020-02-22,Imperial,025,180216,0,0,0,0,0
2020-02-22,Inyo,027,18085,0,0,0,0,0
2020-02-22,Kern,029,883053,2,0,0,0,0
2020-02-22,Kings,031,150075,3,0,1,1,0
2020-02-22,Lake,033,64148,0,0,0,0,0
2020-02-22,Lassen,035,31185,0,0,0,0,0
2020-02-22,Los Angeles,037,10098052,62,1,6,7,0
2020-02-22,Madera,039,155013,0,0,0,0,0
2020-02-22,Marin,041,260295,1,0,0,0,0
2020-02-22,Mariposa,043,17540,0,0,0,0,0
2020-02-22,Mendocino,045,87422,0,0,0,0,0
2020-02-22,Merced,047,269075,0,0,0,0,0
2020-02-22,Modoc,049,8938,0,0,0,0,0
2020-02-22,Mono,051,14174,0,0,0,0,0
2020-02-22,Monterey,053,433212,1,0,0,0,0
2020-02-22,Napa,055,140530,0,0,0,0,0
2020-02-22,Nevada,057,99092,0,0,1,1,0
2020-02-22,Orange,059,3164182,43,1,0,1,0
2020-02-22,Placer,061,380077,3,0,0,0,0
2020-02-22,Plumas,063,18699,0,0,0,0,0
2020-02-22,Riverside,065,2383286,9,0,0,0,0
2020-02-22,Sacramento,067,1510023,6,1,0,1,0
2020-02-22,San Benito,069,59416,0,2,0,2,0
2020-02-22,San Bernardino,071,2135413,18,0,0,0,0
2020-02-22,San Diego,073,3302833,5,2,0,2,0
2020-02-22,San Francisco,075,870044,3,0,0,0,0
2020-02-22,San Joaquin,077,732212,4,0,1,1,0
2020-02-22,San Luis Obispo,079,281455,2,0,0,0,0
2020-02-22,San Mateo,081,765935,8,0,0,0,0
2020-02-22,Santa Barbara,083,443738,0,0,0,0,0
2020-02-22,Santa Clara,085,1922200,23,2,1,3,0
2020-02-22,Santa Cruz,087,273765,2,0,0,0,0
2020-02-22,Shasta,089,179085,0,0,0,0,0
2020-02-22,Sierra,091,2930,0,0,0,0,0
2020-02-22,Siskiyou,093,43540,0,0,0,0,0
2020-02-22,Solano,095,438530,11,11,0,11,0
2020-02-22,Sonoma,097,501317,4,0,0,0,0
2020-02-22,Stanislaus,099,539301,2,0,2,2,0
2020-02-22,Sutter,101,95872,0,0,0,0,0
2020-02-22,Tehama,103,63373,0,0,0,0,0
2020-02-22,Trinity,105,12862,0,0,0,0,0
2020-02-22,Tulare,107,460477,2,0,0,0,0
2020-02-22,Tuolumne,109,53932,0,0,0,0,0
2020-02-22,Ventura,111,848112,4,0,0,0,0
2020-02-22,Yolo,113,214977,0,0,0,0,0
2020-02-22,Yuba,115,75493,0,0,0,0,0
2020-02-21,Alameda,001,1643700,9,0,0,0,0
2020-02-21,Alpine,003,1148,0,0,0,0,0
2020-02-21,Amador,005,37829,0,0,0,0,0
2020-02-21,Butte,007,227075,0,0,0,0,0
2020-02-21,Calaveras,009,45235,0,0,0,0,0
2020-02-21,Colusa,011,21464,0,0,0,0,0
2020-02-21,Contra Costa,013,1133247,4,0,0,0,0
2020-02-21,Del Norte,015,27424,0,0,0,0,0
2020-02-21,El Dorado,017,186661,0,0,0,0,0
2020-02-21,Fresno,019,978130,1,0,0,0,0
2020-02-21,Glenn,021,27897,0,0,0,0,0
2020-02-21,Humboldt,023,135768,1,1,0,1,0
2020-02-21,Imperial,025,180216,0,0,0,0,0
2020-02-21,Inyo,027,18085,0,0,0,0,0
2020-02-21,Kern,029,883053,2,0,0,0,0
2020-02-21,Kings,031,150075,3,0,1,1,0
2020-02-21,Lake,033,64148,0,0,0,0,0
2020-02-21,Lassen,035,31185,0,0,0,0,0
2020-02-21,Los Angeles,037,10098052,58,1,6,7,0
2020-02-21,Madera,039,155013,0,0,0,0,0
2020-02-21,Marin,041,260295,1,0,0,0,0
2020-02-21,Mariposa,043,17540,0,0,0,0,0
2020-02-21,Mendocino,045,87422,0,0,0,0,0
2020-02-21,Merced,047,269075,0,0,0,0,0
2020-02-21,Modoc,049,8938,0,0,0,0,0
2020-02-21,Mono,051,14174,0,0,0,0,0
2020-02-21,Monterey,053,433212,1,0,0,0,0
2020-02-21,Napa,055,140530,0,0,0,0,0
2020-02-21,Nevada,057,99092,0,0,1,1,0
2020-02-21,Orange,059,3164182,41,1,0,1,0
2020-02-21,Placer,061,380077,2,0,0,0,0
2020-02-21,Plumas,063,18699,0,0,0,0,0
2020-02-21,Riverside,065,2383286,9,0,0,0,0
2020-02-21,Sacramento,067,1510023,5,1,0,1,0
2020-02-21,San Benito,069,59416,0,2,0,2,0
2020-02-21,San Bernardino,071,2135413,17,0,0,0,0
2020-02-21,San Diego,073,3302833,5,2,0,2,0
2020-02-21,San Francisco,075,870044,3,0,0,0,0
2020-02-21,San Joaquin,077,732212,2,0,1,1,0
2020-02-21,San Luis Obispo,079,281455,2,0,0,0,0
2020-02-21,San Mateo,081,765935,8,0,0,0,0
2020-02-21,Santa Barbara,083,443738,0,0,0,0,0
2020-02-21,Santa Clara,085,1922200,21,2,1,3,0
2020-02-21,Santa Cruz,087,273765,2,0,0,0,0
2020-02-21,Shasta,089,179085,0,0,0,0,0
2020-02-21,Sierra,091,2930,0,0,0,0,0
2020-02-21,Siskiyou,093,43540,0,0,0,0,0
2020-02-21,Solano,095,438530,10,11,0,11,0
2020-02-21,Sonoma,097,501317,3,0,0,0,0
2020-02-21,Stanislaus,099,539301,2,0,2,2,0
2020-02-21,Sutter,101,95872,0,0,0,0,0
2020-02-21,Tehama,103,63373,0,0,0,0,0
2020-02-21,Trinity,105,12862,0,0,0,0,0
2020-02-21,Tulare,107,460477,2,0,0,0,0
2020-02-21,Tuolumne,109,53932,0,0,0,0,0
2020-02-21,Ventura,111,848112,4,0,0,0,0
2020-02-21,Yolo,113,214977,0,0,0,0,0
2020-02-21,Yuba,115,75493,0,0,0,0,0
2020-02-20,Alameda,001,1643700,7,0,0,0,0
2020-02-20,Alpine,003,1148,0,0,0,0,0
2020-02-20,Amador,005,37829,0,0,0,0,0
2020-02-20,Butte,007,227075,0,0,0,0,0
2020-02-20,Calaveras,009,45235,0,0,0,0,0
2020-02-20,Colusa,011,21464,0,0,0,0,0
2020-02-20,Contra Costa,013,1133247,3,0,0,0,0
2020-02-20,Del Norte,015,27424,0,0,0,0,0
2020-02-20,El Dorado,017,186661,0,0,0,0,0
2020-02-20,Fresno,019,978130,1,0,0,0,0
2020-02-20,Glenn,021,27897,0,0,0,0,0
2020-02-20,Humboldt,023,135768,1,1,0,1,0
2020-02-20,Imperial,025,180216,0,0,0,0,0
2020-02-20,Inyo,027,18085,0,0,0,0,0
2020-02-20,Kern,029,883053,2,0,0,0,0
2020-02-20,Kings,031,150075,3,0,1,1,0
2020-02-20,Lake,033,64148,0,0,0,0,0
2020-02-20,Lassen,035,31185,0,0,0,0,0
2020-02-20,Los Angeles,037,10098052,57,1,5,6,0
2020-02-20,Madera,039,155013,0,0,0,0,0
2020-02-20,Marin,041,260295,0,0,0,0,0
2020-02-20,Mariposa,043,17540,0,0,0,0,0
2020-02-20,Mendocino,045,87422,0,0,0,0,0
2020-02-20,Merced,047,269075,0,0,0,0,0
2020-02-20,Modoc,049,8938,0,0,0,0,0
2020-02-20,Mono,051,14174,0,0,0,0,0
2020-02-20,Monterey,053,433212,1,0,0,0,0
2020-02-20,Napa,055,140530,0,0,0,0,0
2020-02-20,Nevada,057,99092,0,0,1,1,0
2020-02-20,Orange,059,3164182,41,1,0,1,0
2020-02-20,Placer,061,380077,2,0,0,0,0
2020-02-20,Plumas,063,18699,0,0,0,0,0
2020-02-20,Riverside,065,2383286,7,0,0,0,0
2020-02-20,Sacramento,067,1510023,2,1,0,1,0
2020-02-20,San Benito,069,59416,0,2,0,2,0
2020-02-20,San Bernardino,071,2135413,15,0,0,0,0
2020-02-20,San Diego,073,3302833,5,2,0,2,0
2020-02-20,San Francisco,075,870044,3,0,0,0,0
2020-02-20,San Joaquin,077,732212,2,0,1,1,0
2020-02-20,San Luis Obispo,079,281455,2,0,0,0,0
2020-02-20,San Mateo,081,765935,7,0,0,0,0
2020-02-20,Santa Barbara,083,443738,0,0,0,0,0
2020-02-20,Santa Clara,085,1922200,17,2,1,3,0
2020-02-20,Santa Cruz,087,273765,2,0,0,0,0
2020-02-20,Shasta,089,179085,0,0,0,0,0
2020-02-20,Sierra,091,2930,0,0,0,0,0
2020-02-20,Siskiyou,093,43540,0,0,0,0,0
2020-02-20,Solano,095,438530,8,7,0,7,0
2020-02-20,Sonoma,097,501317,2,0,0,0,0
2020-02-20,Stanislaus,099,539301,2,0,2,2,0
2020-02-20,Sutter,101,95872,0,0,0,0,0
2020-02-20,Tehama,103,63373,0,0,0,0,0
2020-02-20,Trinity,105,12862,0,0,0,0,0
2020-02-20,Tulare,107,460477,2,0,0,0,0
2020-02-20,Tuolumne,109,53932,0,0,0,0,0
2020-02-20,Ventura,111,848112,4,0,0,0,0
2020-02-20,Yolo,113,214977,0,0,0,0,0
2020-02-20,Yuba,115,75493,0,0,0,0,0
2020-02-19,Alameda,001,1643700,6,0,0,0,0
2020-02-19,Alpine,003,1148,0,0,0,0,0
2020-02-19,Amador,005,37829,0,0,0,0,0
2020-02-19,Butte,007,227075,0,0,0,0,0
2020-02-19,Calaveras,009,45235,0,0,0,0,0
2020-02-19,Colusa,011,21464,0,0,0,0,0
2020-02-19,Contra Costa,013,1133247,3,0,0,0,0
2020-02-19,Del Norte,015,27424,0,0,0,0,0
2020-02-19,El Dorado,017,186661,0,0,0,0,0
2020-02-19,Fresno,019,978130,1,0,0,0,0
2020-02-19,Glenn,021,27897,0,0,0,0,0
2020-02-19,Humboldt,023,135768,1,0,0,0,0
2020-02-19,Imperial,025,180216,0,0,0,0,0
2020-02-19,Inyo,027,18085,0,0,0,0,0
2020-02-19,Kern,029,883053,2,0,0,0,0
2020-02-19,Kings,031,150075,3,0,1,1,0
2020-02-19,Lake,033,64148,0,0,0,0,0
2020-02-19,Lassen,035,31185,0,0,0,0,0
2020-02-19,Los Angeles,037,10098052,54,1,5,6,0
2020-02-19,Madera,039,155013,0,0,0,0,0
2020-02-19,Marin,041,260295,0,0,0,0,0
2020-02-19,Mariposa,043,17540,0,0,0,0,0
2020-02-19,Mendocino,045,87422,0,0,0,0,0
2020-02-19,Merced,047,269075,0,0,0,0,0
2020-02-19,Modoc,049,8938,0,0,0,0,0
2020-02-19,Mono,051,14174,0,0,0,0,0
2020-02-19,Monterey,053,433212,1,0,0,0,0
2020-02-19,Napa,055,140530,0,0,0,0,0
2020-02-19,Nevada,057,99092,0,0,1,1,0
2020-02-19,Orange,059,3164182,40,1,0,1,0
2020-02-19,Placer,061,380077,2,0,0,0,0
2020-02-19,Plumas,063,18699,0,0,0,0,0
2020-02-19,Riverside,065,2383286,5,0,0,0,0
2020-02-19,Sacramento,067,1510023,2,0,0,0,0
2020-02-19,San Benito,069,59416,0,2,0,2,0
2020-02-19,San Bernardino,071,2135413,14,0,0,0,0
2020-02-19,San Diego,073,3302833,4,2,0,2,0
2020-02-19,San Francisco,075,870044,2,0,0,0,0
2020-02-19,San Joaquin,077,732212,2,0,1,1,0
2020-02-19,San Luis Obispo,079,281455,2,0,0,0,0
2020-02-19,San Mateo,081,765935,6,0,0,0,0
2020-02-19,Santa Barbara,083,443738,0,0,0,0,0
2020-02-19,Santa Clara,085,1922200,15,2,1,3,0
2020-02-19,Santa Cruz,087,273765,0,0,0,0,0
2020-02-19,Shasta,089,179085,0,0,0,0,0
2020-02-19,Sierra,091,2930,0,0,0,0,0
2020-02-19,Siskiyou,093,43540,0,0,0,0,0
2020-02-19,Solano,095,438530,5,7,0,7,0
2020-02-19,Sonoma,097,501317,2,0,0,0,0
2020-02-19,Stanislaus,099,539301,1,0,2,2,0
2020-02-19,Sutter,101,95872,0,0,0,0,0
2020-02-19,Tehama,103,63373,0,0,0,0,0
2020-02-19,Trinity,105,12862,0,0,0,0,0
2020-02-19,Tulare,107,460477,2,0,0,0,0
2020-02-19,Tuolumne,109,53932,0,0,0,0,0
2020-02-19,Ventura,111,848112,2,0,0,0,0
2020-02-19,Yolo,113,214977,0,0,0,0,0
2020-02-19,Yuba,115,75493,0,0,0,0,0
2020-02-18,Alameda,001,1643700,6,0,0,0,0
2020-02-18,Alpine,003,1148,0,0,0,0,0
2020-02-18,Amador,005,37829,0,0,0,0,0
2020-02-18,Butte,007,227075,0,0,0,0,0
2020-02-18,Calaveras,009,45235,0,0,0,0,0
2020-02-18,Colusa,011,21464,0,0,0,0,0
2020-02-18,Contra Costa,013,1133247,3,0,0,0,0
2020-02-18,Del Norte,015,27424,0,0,0,0,0
2020-02-18,El Dorado,017,186661,0,0,0,0,0
2020-02-18,Fresno,019,978130,0,0,0,0,0
2020-02-18,Glenn,021,27897,0,0,0,0,0
2020-02-18,Humboldt,023,135768,1,0,0,0,0
2020-02-18,Imperial,025,180216,0,0,0,0,0
2020-02-18,Inyo,027,18085,0,0,0,0,0
2020-02-18,Kern,029,883053,2,0,0,0,0
2020-02-18,Kings,031,150075,3,0,1,1,0
2020-02-18,Lake,033,64148,0,0,0,0,0
2020-02-18,Lassen,035,31185,0,0,0,0,0
2020-02-18,Los Angeles,037,10098052,51,1,4,5,0
2020-02-18,Madera,039,155013,0,0,0,0,0
2020-02-18,Marin,041,260295,0,0,0,0,0
2020-02-18,Mariposa,043,17540,0,0,0,0,0
2020-02-18,Mendocino,045,87422,0,0,0,0,0
2020-02-18,Merced,047,269075,0,0,0,0,0
2020-02-18,Modoc,049,8938,0,0,0,0,0
2020-02-18,Mono,051,14174,0,0,0,0,0
2020-02-18,Monterey,053,433212,1,0,0,0,0
2020-02-18,Napa,055,140530,0,0,0,0,0
2020-02-18,Nevada,057,99092,0,0,1,1,0
2020-02-18,Orange,059,3164182,39,1,0,1,0
2020-02-18,Placer,061,380077,0,0,0,0,0
2020-02-18,Plumas,063,18699,0,0,0,0,0
2020-02-18,Riverside,065,2383286,5,0,0,0,0
2020-02-18,Sacramento,067,1510023,2,0,0,0,0
2020-02-18,San Benito,069,59416,0,2,0,2,0
2020-02-18,San Bernardino,071,2135413,13,0,0,0,0
2020-02-18,San Diego,073,3302833,4,2,0,2,0
2020-02-18,San Francisco,075,870044,2,0,0,0,0
2020-02-18,San Joaquin,077,732212,1,0,1,1,0
2020-02-18,San Luis Obispo,079,281455,2,0,0,0,0
2020-02-18,San Mateo,081,765935,5,0,0,0,0
2020-02-18,Santa Barbara,083,443738,0,0,0,0,0
2020-02-18,Santa Clara,085,1922200,14,2,1,3,0
2020-02-18,Santa Cruz,087,273765,0,0,0,0,0
2020-02-18,Shasta,089,179085,0,0,0,0,0
2020-02-18,Sierra,091,2930,0,0,0,0,0
2020-02-18,Siskiyou,093,43540,0,0,0,0,0
2020-02-18,Solano,095,438530,5,7,0,7,0
2020-02-18,Sonoma,097,501317,1,0,0,0,0
2020-02-18,Stanislaus,099,539301,1,0,2,2,0
2020-02-18,Sutter,101,95872,0,0,0,0,0
2020-02-18,Tehama,103,63373,0,0,0,0,0
2020-02-18,Trinity,105,12862,0,0,0,0,0
2020-02-18,Tulare,107,460477,2,0,0,0,0
2020-02-18,Tuolumne,109,53932,0,0,0,0,0
2020-02-18,Ventura,111,848112,2,0,0,0,0
2020-02-18,Yolo,113,214977,0,0,0,0,0
2020-02-18,Yuba,115,75493,0,0,0,0,0
2020-02-17,Alameda,001,1643700,6,0,0,0,0
2020-02-17,Alpine,003,1148,0,0,0,0,0
2020-02-17,Amador,005,37829,0,0,0,0,0
2020-02-17,Butte,007,227075,0,0,0,0,0
2020-02-17,Calaveras,009,45235,0,0,0,0,0
2020-02-17,Colusa,011,21464,0,0,0,0,0
2020-02-17,Contra Costa,013,1133247,3,0,0,0,0
2020-02-17,Del Norte,015,27424,0,0,0,0,0
2020-02-17,El Dorado,017,186661,0,0,0,0,0
2020-02-17,Fresno,019,978130,0,0,0,0,0
2020-02-17,Glenn,021,27897,0,0,0,0,0
2020-02-17,Humboldt,023,135768,1,0,0,0,0
2020-02-17,Imperial,025,180216,0,0,0,0,0
2020-02-17,Inyo,027,18085,0,0,0,0,0
2020-02-17,Kern,029,883053,2,0,0,0,0
2020-02-17,Kings,031,150075,3,0,0,0,0
2020-02-17,Lake,033,64148,0,0,0,0,0
2020-02-17,Lassen,035,31185,0,0,0,0,0
2020-02-17,Los Angeles,037,10098052,48,1,4,5,0
2020-02-17,Madera,039,155013,0,0,0,0,0
2020-02-17,Marin,041,260295,0,0,0,0,0
2020-02-17,Mariposa,043,17540,0,0,0,0,0
2020-02-17,Mendocino,045,87422,0,0,0,0,0
2020-02-17,Merced,047,269075,0,0,0,0,0
2020-02-17,Modoc,049,8938,0,0,0,0,0
2020-02-17,Mono,051,14174,0,0,0,0,0
2020-02-17,Monterey,053,433212,1,0,0,0,0
2020-02-17,Napa,055,140530,0,0,0,0,0
2020-02-17,Nevada,057,99092,0,0,1,1,0
2020-02-17,Orange,059,3164182,39,1,0,1,0
2020-02-17,Placer,061,380077,0,0,0,0,0
2020-02-17,Plumas,063,18699,0,0,0,0,0
2020-02-17,Riverside,065,2383286,5,0,0,0,0
2020-02-17,Sacramento,067,1510023,2,0,0,0,0
2020-02-17,San Benito,069,59416,0,2,0,2,0
2020-02-17,San Bernardino,071,2135413,11,0,0,0,0
2020-02-17,San Diego,073,3302833,4,2,0,2,0
2020-02-17,San Francisco,075,870044,2,0,0,0,0
2020-02-17,San Joaquin,077,732212,1,0,1,1,0
2020-02-17,San Luis Obispo,079,281455,1,0,0,0,0
2020-02-17,San Mateo,081,765935,5,0,0,0,0
2020-02-17,Santa Barbara,083,443738,0,0,0,0,0
2020-02-17,Santa Clara,085,1922200,12,2,1,3,0
2020-02-17,Santa Cruz,087,273765,0,0,0,0,0
2020-02-17,Shasta,089,179085,0,0,0,0,0
2020-02-17,Sierra,091,2930,0,0,0,0,0
2020-02-17,Siskiyou,093,43540,0,0,0,0,0
2020-02-17,Solano,095,438530,3,5,0,5,0
2020-02-17,Sonoma,097,501317,1,0,0,0,0
2020-02-17,Stanislaus,099,539301,1,0,2,2,0
2020-02-17,Sutter,101,95872,0,0,0,0,0
2020-02-17,Tehama,103,63373,0,0,0,0,0
2020-02-17,Trinity,105,12862,0,0,0,0,0
2020-02-17,Tulare,107,460477,2,0,0,0,0
2020-02-17,Tuolumne,109,53932,0,0,0,0,0
2020-02-17,Ventura,111,848112,2,0,0,0,0
2020-02-17,Yolo,113,214977,0,0,0,0,0
2020-02-17,Yuba,115,75493,0,0,0,0,0
2020-02-16,Alameda,001,1643700,5,0,0,0,0
2020-02-16,Alpine,003,1148,0,0,0,0,0
2020-02-16,Amador,005,37829,0,0,0,0,0
2020-02-16,Butte,007,227075,0,0,0,0,0
2020-02-16,Calaveras,009,45235,0,0,0,0,0
2020-02-16,Colusa,011,21464,0,0,0,0,0
2020-02-16,Contra Costa,013,1133247,3,0,0,0,0
2020-02-16,Del Norte,015,27424,0,0,0,0,0
2020-02-16,El Dorado,017,186661,0,0,0,0,0
2020-02-16,Fresno,019,978130,0,0,0,0,0
2020-02-16,Glenn,021,27897,0,0,0,0,0
2020-02-16,Humboldt,023,135768,1,0,0,0,0
2020-02-16,Imperial,025,180216,0,0,0,0,0
2020-02-16,Inyo,027,18085,0,0,0,0,0
2020-02-16,Kern,029,883053,2,0,0,0,0
2020-02-16,Kings,031,150075,3,0,0,0,0
2020-02-16,Lake,033,64148,0,0,0,0,0
2020-02-16,Lassen,035,31185,0,0,0,0,0
2020-02-16,Los Angeles,037,10098052,42,1,4,5,0
2020-02-16,Madera,039,155013,0,0,0,0,0
2020-02-16,Marin,041,260295,0,0,0,0,0
2020-02-16,Mariposa,043,17540,0,0,0,0,0
2020-02-16,Mendocino,045,87422,0,0,0,0,0
2020-02-16,Merced,047,269075,0,0,0,0,0
2020-02-16,Modoc,049,8938,0,0,0,0,0
2020-02-16,Mono,051,14174,0,0,0,0,0
2020-02-16,Monterey,053,433212,1,0,0,0,0
2020-02-16,Napa,055,140530,0,0,0,0,0
2020-02-16,Nevada,057,99092,0,0,0,0,0
2020-02-16,Orange,059,3164182,38,1,0,1,0
2020-02-16,Placer,061,380077,0,0,0,0,0
2020-02-16,Plumas,063,18699,0,0,0,0,0
2020-02-16,Riverside,065,2383286,5,0,0,0,0
2020-02-16,Sacramento,067,1510023,2,0,0,0,0
2020-02-16,San Benito,069,59416,0,2,0,2,0
2020-02-16,San Bernardino,071,2135413,10,0,0,0,0
2020-02-16,San Diego,073,3302833,4,2,0,2,0
2020-02-16,San Francisco,075,870044,2,0,0,0,0
2020-02-16,San Joaquin,077,732212,1,0,1,1,0
2020-02-16,San Luis Obispo,079,281455,1,0,0,0,0
2020-02-16,San Mateo,081,765935,4,0,0,0,0
2020-02-16,Santa Barbara,083,443738,0,0,0,0,0
2020-02-16,Santa Clara,085,1922200,10,2,1,3,0
2020-02-16,Santa Cruz,087,273765,0,0,0,0,0
2020-02-16,Shasta,089,179085,0,0,0,0,0
2020-02-16,Sierra,091,2930,0,0,0,0,0
2020-02-16,Siskiyou,093,43540,0,0,0,0,0
2020-02-16,Solano,095,438530,1,0,0,0,0
2020-02-16,Sonoma,097,501317,1,0,0,0,0
2020-02-16,Stanislaus,099,539301,1,0,2,2,0
2020-02-16,Sutter,101,95872,0,0,0,0,0
2020-02-16,Tehama,103,63373,0,0,0,0,0
2020-02-16,Trinity,105,12862,0,0,0,0,0
2020-02-16,Tulare,107,460477,2,0,0,0,0
2020-02-16,Tuolumne,109,53932,0,0,0,0,0
2020-02-16,Ventura,111,848112,2,0,0,0,0
2020-02-16,Yolo,113,214977,0,0,0,0,0
2020-02-16,Yuba,115,75493,0,0,0,0,0
2020-02-15,Alameda,001,1643700,5,0,0,0,0
2020-02-15,Alpine,003,1148,0,0,0,0,0
2020-02-15,Amador,005,37829,0,0,0,0,0
2020-02-15,Butte,007,227075,0,0,0,0,0
2020-02-15,Calaveras,009,45235,0,0,0,0,0
2020-02-15,Colusa,011,21464,0,0,0,0,0
2020-02-15,Contra Costa,013,1133247,3,0,0,0,0
2020-02-15,Del Norte,015,27424,0,0,0,0,0
2020-02-15,El Dorado,017,186661,0,0,0,0,0
2020-02-15,Fresno,019,978130,0,0,0,0,0
2020-02-15,Glenn,021,27897,0,0,0,0,0
2020-02-15,Humboldt,023,135768,1,0,0,0,0
2020-02-15,Imperial,025,180216,0,0,0,0,0
2020-02-15,Inyo,027,18085,0,0,0,0,0
2020-02-15,Kern,029,883053,2,0,0,0,0
2020-02-15,Kings,031,150075,3,0,0,0,0
2020-02-15,Lake,033,64148,0,0,0,0,0
2020-02-15,Lassen,035,31185,0,0,0,0,0
2020-02-15,Los Angeles,037,10098052,39,1,4,5,0
2020-02-15,Madera,039,155013,0,0,0,0,0
2020-02-15,Marin,041,260295,0,0,0,0,0
2020-02-15,Mariposa,043,17540,0,0,0,0,0
2020-02-15,Mendocino,045,87422,0,0,0,0,0
2020-02-15,Merced,047,269075,0,0,0,0,0
2020-02-15,Modoc,049,8938,0,0,0,0,0
2020-02-15,Mono,051,14174,0,0,0,0,0
2020-02-15,Monterey,053,433212,1,0,0,0,0
2020-02-15,Napa,055,140530,0,0,0,0,0
2020-02-15,Nevada,057,99092,0,0,0,0,0
2020-02-15,Orange,059,3164182,37,1,0,1,0
2020-02-15,Placer,061,380077,0,0,0,0,0
2020-02-15,Plumas,063,18699,0,0,0,0,0
2020-02-15,Riverside,065,2383286,4,0,0,0,0
2020-02-15,Sacramento,067,1510023,2,0,0,0,0
2020-02-15,San Benito,069,59416,0,2,0,2,0
2020-02-15,San Bernardino,071,2135413,9,0,0,0,0
2020-02-15,San Diego,073,3302833,4,2,0,2,0
2020-02-15,San Francisco,075,870044,2,0,0,0,0
2020-02-15,San Joaquin,077,732212,1,0,1,1,0
2020-02-15,San Luis Obispo,079,281455,1,0,0,0,0
2020-02-15,San Mateo,081,765935,4,0,0,0,0
2020-02-15,Santa Barbara,083,443738,0,0,0,0,0
2020-02-15,Santa Clara,085,1922200,10,2,1,3,0
2020-02-15,Santa Cruz,087,273765,0,0,0,0,0
2020-02-15,Shasta,089,179085,0,0,0,0,0
2020-02-15,Sierra,091,2930,0,0,0,0,0
2020-02-15,Siskiyou,093,43540,0,0,0,0,0
2020-02-15,Solano,095,438530,1,0,0,0,0
2020-02-15,Sonoma,097,501317,0,0,0,0,0
2020-02-15,Stanislaus,099,539301,1,0,2,2,0
2020-02-15,Sutter,101,95872,0,0,0,0,0
2020-02-15,Tehama,103,63373,0,0,0,0,0
2020-02-15,Trinity,105,12862,0,0,0,0,0
2020-02-15,Tulare,107,460477,2,0,0,0,0
2020-02-15,Tuolumne,109,53932,0,0,0,0,0
2020-02-15,Ventura,111,848112,2,0,0,0,0
2020-02-15,Yolo,113,214977,0,0,0,0,0
2020-02-15,Yuba,115,75493,0,0,0,0,0
2020-02-14,Alameda,001,1643700,4,0,0,0,0
2020-02-14,Alpine,003,1148,0,0,0,0,0
2020-02-14,Amador,005,37829,0,0,0,0,0
2020-02-14,Butte,007,227075,0,0,0,0,0
2020-02-14,Calaveras,009,45235,0,0,0,0,0
2020-02-14,Colusa,011,21464,0,0,0,0,0
2020-02-14,Contra Costa,013,1133247,3,0,0,0,0
2020-02-14,Del Norte,015,27424,0,0,0,0,0
2020-02-14,El Dorado,017,186661,0,0,0,0,0
2020-02-14,Fresno,019,978130,0,0,0,0,0
2020-02-14,Glenn,021,27897,0,0,0,0,0
2020-02-14,Humboldt,023,135768,1,0,0,0,0
2020-02-14,Imperial,025,180216,0,0,0,0,0
2020-02-14,Inyo,027,18085,0,0,0,0,0
2020-02-14,Kern,029,883053,2,0,0,0,0
2020-02-14,Kings,031,150075,1,0,0,0,0
2020-02-14,Lake,033,64148,0,0,0,0,0
2020-02-14,Lassen,035,31185,0,0,0,0,0
2020-02-14,Los Angeles,037,10098052,34,1,4,5,0
2020-02-14,Madera,039,155013,0,0,0,0,0
2020-02-14,Marin,041,260295,0,0,0,0,0
2020-02-14,Mariposa,043,17540,0,0,0,0,0
2020-02-14,Mendocino,045,87422,0,0,0,0,0
2020-02-14,Merced,047,269075,0,0,0,0,0
2020-02-14,Modoc,049,8938,0,0,0,0,0
2020-02-14,Mono,051,14174,0,0,0,0,0
2020-02-14,Monterey,053,433212,1,0,0,0,0
2020-02-14,Napa,055,140530,0,0,0,0,0
2020-02-14,Nevada,057,99092,0,0,0,0,0
2020-02-14,Orange,059,3164182,37,1,0,1,0
2020-02-14,Placer,061,380077,0,0,0,0,0
2020-02-14,Plumas,063,18699,0,0,0,0,0
2020-02-14,Riverside,065,2383286,4,0,0,0,0
2020-02-14,Sacramento,067,1510023,1,0,0,0,0
2020-02-14,San Benito,069,59416,0,2,0,2,0
2020-02-14,San Bernardino,071,2135413,9,0,0,0,0
2020-02-14,San Diego,073,3302833,3,2,0,2,0
2020-02-14,San Francisco,075,870044,2,0,0,0,0
2020-02-14,San Joaquin,077,732212,1,0,1,1,0
2020-02-14,San Luis Obispo,079,281455,0,0,0,0,0
2020-02-14,San Mateo,081,765935,3,0,0,0,0
2020-02-14,Santa Barbara,083,443738,0,0,0,0,0
2020-02-14,Santa Clara,085,1922200,8,2,1,3,0
2020-02-14,Santa Cruz,087,273765,0,0,0,0,0
2020-02-14,Shasta,089,179085,0,0,0,0,0
2020-02-14,Sierra,091,2930,0,0,0,0,0
2020-02-14,Siskiyou,093,43540,0,0,0,0,0
2020-02-14,Solano,095,438530,1,0,0,0,0
2020-02-14,Sonoma,097,501317,0,0,0,0,0
2020-02-14,Stanislaus,099,539301,1,0,2,2,0
2020-02-14,Sutter,101,95872,0,0,0,0,0
2020-02-14,Tehama,103,63373,0,0,0,0,0
2020-02-14,Trinity,105,12862,0,0,0,0,0
2020-02-14,Tulare,107,460477,2,0,0,0,0
2020-02-14,Tuolumne,109,53932,0,0,0,0,0
2020-02-14,Ventura,111,848112,2,0,0,0,0
2020-02-14,Yolo,113,214977,0,0,0,0,0
2020-02-14,Yuba,115,75493,0,0,0,0,0
2020-02-13,Alameda,001,1643700,4,0,0,0,0
2020-02-13,Alpine,003,1148,0,0,0,0,0
2020-02-13,Amador,005,37829,0,0,0,0,0
2020-02-13,Butte,007,227075,0,0,0,0,0
2020-02-13,Calaveras,009,45235,0,0,0,0,0
2020-02-13,Colusa,011,21464,0,0,0,0,0
2020-02-13,Contra Costa,013,1133247,3,0,0,0,0
2020-02-13,Del Norte,015,27424,0,0,0,0,0
2020-02-13,El Dorado,017,186661,0,0,0,0,0
2020-02-13,Fresno,019,978130,0,0,0,0,0
2020-02-13,Glenn,021,27897,0,0,0,0,0
2020-02-13,Humboldt,023,135768,1,0,0,0,0
2020-02-13,Imperial,025,180216,0,0,0,0,0
2020-02-13,Inyo,027,18085,0,0,0,0,0
2020-02-13,Kern,029,883053,2,0,0,0,0
2020-02-13,Kings,031,150075,1,0,0,0,0
2020-02-13,Lake,033,64148,0,0,0,0,0
2020-02-13,Lassen,035,31185,0,0,0,0,0
2020-02-13,Los Angeles,037,10098052,31,1,3,4,0
2020-02-13,Madera,039,155013,0,0,0,0,0
2020-02-13,Marin,041,260295,0,0,0,0,0
2020-02-13,Mariposa,043,17540,0,0,0,0,0
2020-02-13,Mendocino,045,87422,0,0,0,0,0
2020-02-13,Merced,047,269075,0,0,0,0,0
2020-02-13,Modoc,049,8938,0,0,0,0,0
2020-02-13,Mono,051,14174,0,0,0,0,0
2020-02-13,Monterey,053,433212,1,0,0,0,0
2020-02-13,Napa,055,140530,0,0,0,0,0
2020-02-13,Nevada,057,99092,0,0,0,0,0
2020-02-13,Orange,059,3164182,36,1,0,1,0
2020-02-13,Placer,061,380077,0,0,0,0,0
2020-02-13,Plumas,063,18699,0,0,0,0,0
2020-02-13,Riverside,065,2383286,4,0,0,0,0
2020-02-13,Sacramento,067,1510023,1,0,0,0,0
2020-02-13,San Benito,069,59416,0,2,0,2,0
2020-02-13,San Bernardino,071,2135413,8,0,0,0,0
2020-02-13,San Diego,073,3302833,2,2,0,2,0
2020-02-13,San Francisco,075,870044,2,0,0,0,0
2020-02-13,San Joaquin,077,732212,1,0,1,1,0
2020-02-13,San Luis Obispo,079,281455,0,0,0,0,0
2020-02-13,San Mateo,081,765935,2,0,0,0,0
2020-02-13,Santa Barbara,083,443738,0,0,0,0,0
2020-02-13,Santa Clara,085,1922200,7,2,0,2,0
2020-02-13,Santa Cruz,087,273765,0,0,0,0,0
2020-02-13,Shasta,089,179085,0,0,0,0,0
2020-02-13,Sierra,091,2930,0,0,0,0,0
2020-02-13,Siskiyou,093,43540,0,0,0,0,0
2020-02-13,Solano,095,438530,0,0,0,0,0
2020-02-13,Sonoma,097,501317,0,0,0,0,0
2020-02-13,Stanislaus,099,539301,1,0,1,1,0
2020-02-13,Sutter,101,95872,0,0,0,0,0
2020-02-13,Tehama,103,63373,0,0,0,0,0
2020-02-13,Trinity,105,12862,0,0,0,0,0
2020-02-13,Tulare,107,460477,2,0,0,0,0
2020-02-13,Tuolumne,109,53932,0,0,0,0,0
2020-02-13,Ventura,111,848112,2,0,0,0,0
2020-02-13,Yolo,113,214977,0,0,0,0,0
2020-02-13,Yuba,115,75493,0,0,0,0,0
2020-02-12,Alameda,001,1643700,4,0,0,0,0
2020-02-12,Alpine,003,1148,0,0,0,0,0
2020-02-12,Amador,005,37829,0,0,0,0,0
2020-02-12,Butte,007,227075,0,0,0,0,0
2020-02-12,Calaveras,009,45235,0,0,0,0,0
2020-02-12,Colusa,011,21464,0,0,0,0,0
2020-02-12,Contra Costa,013,1133247,3,0,0,0,0
2020-02-12,Del Norte,015,27424,0,0,0,0,0
2020-02-12,El Dorado,017,186661,0,0,0,0,0
2020-02-12,Fresno,019,978130,0,0,0,0,0
2020-02-12,Glenn,021,27897,0,0,0,0,0
2020-02-12,Humboldt,023,135768,1,0,0,0,0
2020-02-12,Imperial,025,180216,0,0,0,0,0
2020-02-12,Inyo,027,18085,0,0,0,0,0
2020-02-12,Kern,029,883053,2,0,0,0,0
2020-02-12,Kings,031,150075,1,0,0,0,0
2020-02-12,Lake,033,64148,0,0,0,0,0
2020-02-12,Lassen,035,31185,0,0,0,0,0
2020-02-12,Los Angeles,037,10098052,30,1,3,4,0
2020-02-12,Madera,039,155013,0,0,0,0,0
2020-02-12,Marin,041,260295,0,0,0,0,0
2020-02-12,Mariposa,043,17540,0,0,0,0,0
2020-02-12,Mendocino,045,87422,0,0,0,0,0
2020-02-12,Merced,047,269075,0,0,0,0,0
2020-02-12,Modoc,049,8938,0,0,0,0,0
2020-02-12,Mono,051,14174,0,0,0,0,0
2020-02-12,Monterey,053,433212,1,0,0,0,0
2020-02-12,Napa,055,140530,0,0,0,0,0
2020-02-12,Nevada,057,99092,0,0,0,0,0
2020-02-12,Orange,059,3164182,36,1,0,1,0
2020-02-12,Placer,061,380077,0,0,0,0,0
2020-02-12,Plumas,063,18699,0,0,0,0,0
2020-02-12,Riverside,065,2383286,4,0,0,0,0
2020-02-12,Sacramento,067,1510023,1,0,0,0,0
2020-02-12,San Benito,069,59416,0,2,0,2,0
2020-02-12,San Bernardino,071,2135413,8,0,0,0,0
2020-02-12,San Diego,073,3302833,2,2,0,2,0
2020-02-12,San Francisco,075,870044,2,0,0,0,0
2020-02-12,San Joaquin,077,732212,1,0,1,1,0
2020-02-12,San Luis Obispo,079,281455,0,0,0,0,0
2020-02-12,San Mateo,081,765935,2,0,0,0,0
2020-02-12,Santa Barbara,083,443738,0,0,0,0,0
2020-02-12,Santa Clara,085,1922200,6,2,0,2,0
2020-02-12,Santa Cruz,087,273765,0,0,0,0,0
2020-02-12,Shasta,089,179085,0,0,0,0,0
2020-02-12,Sierra,091,2930,0,0,0,0,0
2020-02-12,Siskiyou,093,43540,0,0,0,0,0
2020-02-12,Solano,095,438530,0,0,0,0,0
2020-02-12,Sonoma,097,501317,0,0,0,0,0
2020-02-12,Stanislaus,099,539301,1,0,1,1,0
2020-02-12,Sutter,101,95872,0,0,0,0,0
2020-02-12,Tehama,103,63373,0,0,0,0,0
2020-02-12,Trinity,105,12862,0,0,0,0,0
2020-02-12,Tulare,107,460477,2,0,0,0,0
2020-02-12,Tuolumne,109,53932,0,0,0,0,0
2020-02-12,Ventura,111,848112,2,0,0,0,0
2020-02-12,Yolo,113,214977,0,0,0,0,0
2020-02-12,Yuba,115,75493,0,0,0,0,0
2020-02-11,Alameda,001,1643700,4,0,0,0,0
2020-02-11,Alpine,003,1148,0,0,0,0,0
2020-02-11,Amador,005,37829,0,0,0,0,0
2020-02-11,Butte,007,227075,0,0,0,0,0
2020-02-11,Calaveras,009,45235,0,0,0,0,0
2020-02-11,Colusa,011,21464,0,0,0,0,0
2020-02-11,Contra Costa,013,1133247,3,0,0,0,0
2020-02-11,Del Norte,015,27424,0,0,0,0,0
2020-02-11,El Dorado,017,186661,0,0,0,0,0
2020-02-11,Fresno,019,978130,0,0,0,0,0
2020-02-11,Glenn,021,27897,0,0,0,0,0
2020-02-11,Humboldt,023,135768,1,0,0,0,0
2020-02-11,Imperial,025,180216,0,0,0,0,0
2020-02-11,Inyo,027,18085,0,0,0,0,0
2020-02-11,Kern,029,883053,2,0,0,0,0
2020-02-11,Kings,031,150075,1,0,0,0,0
2020-02-11,Lake,033,64148,0,0,0,0,0
2020-02-11,Lassen,035,31185,0,0,0,0,0
2020-02-11,Los Angeles,037,10098052,30,1,3,4,0
2020-02-11,Madera,039,155013,0,0,0,0,0
2020-02-11,Marin,041,260295,0,0,0,0,0
2020-02-11,Mariposa,043,17540,0,0,0,0,0
2020-02-11,Mendocino,045,87422,0,0,0,0,0
2020-02-11,Merced,047,269075,0,0,0,0,0
2020-02-11,Modoc,049,8938,0,0,0,0,0
2020-02-11,Mono,051,14174,0,0,0,0,0
2020-02-11,Monterey,053,433212,1,0,0,0,0
2020-02-11,Napa,055,140530,0,0,0,0,0
2020-02-11,Nevada,057,99092,0,0,0,0,0
2020-02-11,Orange,059,3164182,35,1,0,1,0
2020-02-11,Placer,061,380077,0,0,0,0,0
2020-02-11,Plumas,063,18699,0,0,0,0,0
2020-02-11,Riverside,065,2383286,4,0,0,0,0
2020-02-11,Sacramento,067,1510023,1,0,0,0,0
2020-02-11,San Benito,069,59416,0,2,0,2,0
2020-02-11,San Bernardino,071,2135413,8,0,0,0,0
2020-02-11,San Diego,073,3302833,2,1,0,1,0
2020-02-11,San Francisco,075,870044,2,0,0,0,0
2020-02-11,San Joaquin,077,732212,0,0,1,1,0
2020-02-11,San Luis Obispo,079,281455,0,0,0,0,0
2020-02-11,San Mateo,081,765935,2,0,0,0,0
2020-02-11,Santa Barbara,083,443738,0,0,0,0,0
2020-02-11,Santa Clara,085,1922200,5,2,0,2,0
2020-02-11,Santa Cruz,087,273765,0,0,0,0,0
2020-02-11,Shasta,089,179085,0,0,0,0,0
2020-02-11,Sierra,091,2930,0,0,0,0,0
2020-02-11,Siskiyou,093,43540,0,0,0,0,0
2020-02-11,Solano,095,438530,0,0,0,0,0
2020-02-11,Sonoma,097,501317,0,0,0,0,0
2020-02-11,Stanislaus,099,539301,1,0,1,1,0
2020-02-11,Sutter,101,95872,0,0,0,0,0
2020-02-11,Tehama,103,63373,0,0,0,0,0
2020-02-11,Trinity,105,12862,0,0,0,0,0
2020-02-11,Tulare,107,460477,2,0,0,0,0
2020-02-11,Tuolumne,109,53932,0,0,0,0,0
2020-02-11,Ventura,111,848112,2,0,0,0,0
2020-02-11,Yolo,113,214977,0,0,0,0,0
2020-02-11,Yuba,115,75493,0,0,0,0,0
2020-02-10,Alameda,001,1643700,4,0,0,0,0
2020-02-10,Alpine,003,1148,0,0,0,0,0
2020-02-10,Amador,005,37829,0,0,0,0,0
2020-02-10,Butte,007,227075,0,0,0,0,0
2020-02-10,Calaveras,009,45235,0,0,0,0,0
2020-02-10,Colusa,011,21464,0,0,0,0,0
2020-02-10,Contra Costa,013,1133247,3,0,0,0,0
2020-02-10,Del Norte,015,27424,0,0,0,0,0
2020-02-10,El Dorado,017,186661,0,0,0,0,0
2020-02-10,Fresno,019,978130,0,0,0,0,0
2020-02-10,Glenn,021,27897,0,0,0,0,0
2020-02-10,Humboldt,023,135768,0,0,0,0,0
2020-02-10,Imperial,025,180216,0,0,0,0,0
2020-02-10,Inyo,027,18085,0,0,0,0,0
2020-02-10,Kern,029,883053,2,0,0,0,0
2020-02-10,Kings,031,150075,1,0,0,0,0
2020-02-10,Lake,033,64148,0,0,0,0,0
2020-02-10,Lassen,035,31185,0,0,0,0,0
2020-02-10,Los Angeles,037,10098052,28,1,3,4,0
2020-02-10,Madera,039,155013,0,0,0,0,0
2020-02-10,Marin,041,260295,0,0,0,0,0
2020-02-10,Mariposa,043,17540,0,0,0,0,0
2020-02-10,Mendocino,045,87422,0,0,0,0,0
2020-02-10,Merced,047,269075,0,0,0,0,0
2020-02-10,Modoc,049,8938,0,0,0,0,0
2020-02-10,Mono,051,14174,0,0,0,0,0
2020-02-10,Monterey,053,433212,1,0,0,0,0
2020-02-10,Napa,055,140530,0,0,0,0,0
2020-02-10,Nevada,057,99092,0,0,0,0,0
2020-02-10,Orange,059,3164182,35,1,0,1,0
2020-02-10,Placer,061,380077,0,0,0,0,0
2020-02-10,Plumas,063,18699,0,0,0,0,0
2020-02-10,Riverside,065,2383286,4,0,0,0,0
2020-02-10,Sacramento,067,1510023,1,0,0,0,0
2020-02-10,San Benito,069,59416,0,2,0,2,0
2020-02-10,San Bernardino,071,2135413,7,0,0,0,0
2020-02-10,San Diego,073,3302833,2,0,0,0,0
2020-02-10,San Francisco,075,870044,2,0,0,0,0
2020-02-10,San Joaquin,077,732212,0,0,1,1,0
2020-02-10,San Luis Obispo,079,281455,0,0,0,0,0
2020-02-10,San Mateo,081,765935,2,0,0,0,0
2020-02-10,Santa Barbara,083,443738,0,0,0,0,0
2020-02-10,Santa Clara,085,1922200,5,2,0,2,0
2020-02-10,Santa Cruz,087,273765,0,0,0,0,0
2020-02-10,Shasta,089,179085,0,0,0,0,0
2020-02-10,Sierra,091,2930,0,0,0,0,0
2020-02-10,Siskiyou,093,43540,0,0,0,0,0
2020-02-10,Solano,095,438530,0,0,0,0,0
2020-02-10,Sonoma,097,501317,0,0,0,0,0
2020-02-10,Stanislaus,099,539301,1,0,0,0,0
2020-02-10,Sutter,101,95872,0,0,0,0,0
2020-02-10,Tehama,103,63373,0,0,0,0,0
2020-02-10,Trinity,105,12862,0,0,0,0,0
2020-02-10,Tulare,107,460477,2,0,0,0,0
2020-02-10,Tuolumne,109,53932,0,0,0,0,0
2020-02-10,Ventura,111,848112,2,0,0,0,0
2020-02-10,Yolo,113,214977,0,0,0,0,0
2020-02-10,Yuba,115,75493,0,0,0,0,0
2020-02-09,Alameda,001,1643700,4,0,0,0,0
2020-02-09,Alpine,003,1148,0,0,0,0,0
2020-02-09,Amador,005,37829,0,0,0,0,0
2020-02-09,Butte,007,227075,0,0,0,0,0
2020-02-09,Calaveras,009,45235,0,0,0,0,0
2020-02-09,Colusa,011,21464,0,0,0,0,0
2020-02-09,Contra Costa,013,1133247,3,0,0,0,0
2020-02-09,Del Norte,015,27424,0,0,0,0,0
2020-02-09,El Dorado,017,186661,0,0,0,0,0
2020-02-09,Fresno,019,978130,0,0,0,0,0
2020-02-09,Glenn,021,27897,0,0,0,0,0
2020-02-09,Humboldt,023,135768,0,0,0,0,0
2020-02-09,Imperial,025,180216,0,0,0,0,0
2020-02-09,Inyo,027,18085,0,0,0,0,0
2020-02-09,Kern,029,883053,2,0,0,0,0
2020-02-09,Kings,031,150075,1,0,0,0,0
2020-02-09,Lake,033,64148,0,0,0,0,0
2020-02-09,Lassen,035,31185,0,0,0,0,0
2020-02-09,Los Angeles,037,10098052,27,1,3,4,0
2020-02-09,Madera,039,155013,0,0,0,0,0
2020-02-09,Marin,041,260295,0,0,0,0,0
2020-02-09,Mariposa,043,17540,0,0,0,0,0
2020-02-09,Mendocino,045,87422,0,0,0,0,0
2020-02-09,Merced,047,269075,0,0,0,0,0
2020-02-09,Modoc,049,8938,0,0,0,0,0
2020-02-09,Mono,051,14174,0,0,0,0,0
2020-02-09,Monterey,053,433212,1,0,0,0,0
2020-02-09,Napa,055,140530,0,0,0,0,0
2020-02-09,Nevada,057,99092,0,0,0,0,0
2020-02-09,Orange,059,3164182,35,1,0,1,0
2020-02-09,Placer,061,380077,0,0,0,0,0
2020-02-09,Plumas,063,18699,0,0,0,0,0
2020-02-09,Riverside,065,2383286,4,0,0,0,0
2020-02-09,Sacramento,067,1510023,0,0,0,0,0
2020-02-09,San Benito,069,59416,0,2,0,2,0
2020-02-09,San Bernardino,071,2135413,7,0,0,0,0
2020-02-09,San Diego,073,3302833,2,0,0,0,0
2020-02-09,San Francisco,075,870044,1,0,0,0,0
2020-02-09,San Joaquin,077,732212,0,0,1,1,0
2020-02-09,San Luis Obispo,079,281455,0,0,0,0,0
2020-02-09,San Mateo,081,765935,2,0,0,0,0
2020-02-09,Santa Barbara,083,443738,0,0,0,0,0
2020-02-09,Santa Clara,085,1922200,4,2,0,2,0
2020-02-09,Santa Cruz,087,273765,0,0,0,0,0
2020-02-09,Shasta,089,179085,0,0,0,0,0
2020-02-09,Sierra,091,2930,0,0,0,0,0
2020-02-09,Siskiyou,093,43540,0,0,0,0,0
2020-02-09,Solano,095,438530,0,0,0,0,0
2020-02-09,Sonoma,097,501317,0,0,0,0,0
2020-02-09,Stanislaus,099,539301,0,0,0,0,0
2020-02-09,Sutter,101,95872,0,0,0,0,0
2020-02-09,Tehama,103,63373,0,0,0,0,0
2020-02-09,Trinity,105,12862,0,0,0,0,0
2020-02-09,Tulare,107,460477,2,0,0,0,0
2020-02-09,Tuolumne,109,53932,0,0,0,0,0
2020-02-09,Ventura,111,848112,1,0,0,0,0
2020-02-09,Yolo,113,214977,0,0,0,0,0
2020-02-09,Yuba,115,75493,0,0,0,0,0
2020-02-08,Alameda,001,1643700,3,0,0,0,0
2020-02-08,Alpine,003,1148,0,0,0,0,0
2020-02-08,Amador,005,37829,0,0,0,0,0
2020-02-08,Butte,007,227075,0,0,0,0,0
2020-02-08,Calaveras,009,45235,0,0,0,0,0
2020-02-08,Colusa,011,21464,0,0,0,0,0
2020-02-08,Contra Costa,013,1133247,2,0,0,0,0
2020-02-08,Del Norte,015,27424,0,0,0,0,0
2020-02-08,El Dorado,017,186661,0,0,0,0,0
2020-02-08,Fresno,019,978130,0,0,0,0,0
2020-02-08,Glenn,021,27897,0,0,0,0,0
2020-02-08,Humboldt,023,135768,0,0,0,0,0
2020-02-08,Imperial,025,180216,0,0,0,0,0
2020-02-08,Inyo,027,18085,0,0,0,0,0
2020-02-08,Kern,029,883053,2,0,0,0,0
2020-02-08,Kings,031,150075,1,0,0,0,0
2020-02-08,Lake,033,64148,0,0,0,0,0
2020-02-08,Lassen,035,31185,0,0,0,0,0
2020-02-08,Los Angeles,037,10098052,24,1,1,2,0
2020-02-08,Madera,039,155013,0,0,0,0,0
2020-02-08,Marin,041,260295,0,0,0,0,0
2020-02-08,Mariposa,043,17540,0,0,0,0,0
2020-02-08,Mendocino,045,87422,0,0,0,0,0
2020-02-08,Merced,047,269075,0,0,0,0,0
2020-02-08,Modoc,049,8938,0,0,0,0,0
2020-02-08,Mono,051,14174,0,0,0,0,0
2020-02-08,Monterey,053,433212,1,0,0,0,0
2020-02-08,Napa,055,140530,0,0,0,0,0
2020-02-08,Nevada,057,99092,0,0,0,0,0
2020-02-08,Orange,059,3164182,35,1,0,1,0
2020-02-08,Placer,061,380077,0,0,0,0,0
2020-02-08,Plumas,063,18699,0,0,0,0,0
2020-02-08,Riverside,065,2383286,4,0,0,0,0
2020-02-08,Sacramento,067,1510023,0,0,0,0,0
2020-02-08,San Benito,069,59416,0,2,0,2,0
2020-02-08,San Bernardino,071,2135413,7,0,0,0,0
2020-02-08,San Diego,073,3302833,1,0,0,0,0
2020-02-08,San Francisco,075,870044,1,0,0,0,0
2020-02-08,San Joaquin,077,732212,0,0,1,1,0
2020-02-08,San Luis Obispo,079,281455,0,0,0,0,0
2020-02-08,San Mateo,081,765935,2,0,0,0,0
2020-02-08,Santa Barbara,083,443738,0,0,0,0,0
2020-02-08,Santa Clara,085,1922200,4,2,0,2,0
2020-02-08,Santa Cruz,087,273765,0,0,0,0,0
2020-02-08,Shasta,089,179085,0,0,0,0,0
2020-02-08,Sierra,091,2930,0,0,0,0,0
2020-02-08,Siskiyou,093,43540,0,0,0,0,0
2020-02-08,Solano,095,438530,0,0,0,0,0
2020-02-08,Sonoma,097,501317,0,0,0,0,0
2020-02-08,Stanislaus,099,539301,0,0,0,0,0
2020-02-08,Sutter,101,95872,0,0,0,0,0
2020-02-08,Tehama,103,63373,0,0,0,0,0
2020-02-08,Trinity,105,12862,0,0,0,0,0
2020-02-08,Tulare,107,460477,2,0,0,0,0
2020-02-08,Tuolumne,109,53932,0,0,0,0,0
2020-02-08,Ventura,111,848112,1,0,0,0,0
2020-02-08,Yolo,113,214977,0,0,0,0,0
2020-02-08,Yuba,115,75493,0,0,0,0,0
2020-02-07,Alameda,001,1643700,3,0,0,0,0
2020-02-07,Alpine,003,1148,0,0,0,0,0
2020-02-07,Amador,005,37829,0,0,0,0,0
2020-02-07,Butte,007,227075,0,0,0,0,0
2020-02-07,Calaveras,009,45235,0,0,0,0,0
2020-02-07,Colusa,011,21464,0,0,0,0,0
2020-02-07,Contra Costa,013,1133247,2,0,0,0,0
2020-02-07,Del Norte,015,27424,0,0,0,0,0
2020-02-07,El Dorado,017,186661,0,0,0,0,0
2020-02-07,Fresno,019,978130,0,0,0,0,0
2020-02-07,Glenn,021,27897,0,0,0,0,0
2020-02-07,Humboldt,023,135768,0,0,0,0,0
2020-02-07,Imperial,025,180216,0,0,0,0,0
2020-02-07,Inyo,027,18085,0,0,0,0,0
2020-02-07,Kern,029,883053,2,0,0,0,0
2020-02-07,Kings,031,150075,1,0,0,0,0
2020-02-07,Lake,033,64148,0,0,0,0,0
2020-02-07,Lassen,035,31185,0,0,0,0,0
2020-02-07,Los Angeles,037,10098052,23,1,0,1,0
2020-02-07,Madera,039,155013,0,0,0,0,0
2020-02-07,Marin,041,260295,0,0,0,0,0
2020-02-07,Mariposa,043,17540,0,0,0,0,0
2020-02-07,Mendocino,045,87422,0,0,0,0,0
2020-02-07,Merced,047,269075,0,0,0,0,0
2020-02-07,Modoc,049,8938,0,0,0,0,0
2020-02-07,Mono,051,14174,0,0,0,0,0
2020-02-07,Monterey,053,433212,1,0,0,0,0
2020-02-07,Napa,055,140530,0,0,0,0,0
2020-02-07,Nevada,057,99092,0,0,0,0,0
2020-02-07,Orange,059,3164182,33,1,0,1,0
2020-02-07,Placer,061,380077,0,0,0,0,0
2020-02-07,Plumas,063,18699,0,0,0,0,0
2020-02-07,Riverside,065,2383286,4,0,0,0,0
2020-02-07,Sacramento,067,1510023,0,0,0,0,0
2020-02-07,San Benito,069,59416,0,2,0,2,0
2020-02-07,San Bernardino,071,2135413,4,0,0,0,0
2020-02-07,San Diego,073,3302833,1,0,0,0,0
2020-02-07,San Francisco,075,870044,1,0,0,0,0
2020-02-07,San Joaquin,077,732212,0,0,1,1,0
2020-02-07,San Luis Obispo,079,281455,0,0,0,0,0
2020-02-07,San Mateo,081,765935,1,0,0,0,0
2020-02-07,Santa Barbara,083,443738,0,0,0,0,0
2020-02-07,Santa Clara,085,1922200,4,2,0,2,0
2020-02-07,Santa Cruz,087,273765,0,0,0,0,0
2020-02-07,Shasta,089,179085,0,0,0,0,0
2020-02-07,Sierra,091,2930,0,0,0,0,0
2020-02-07,Siskiyou,093,43540,0,0,0,0,0
2020-02-07,Solano,095,438530,0,0,0,0,0
2020-02-07,Sonoma,097,501317,0,0,0,0,0
2020-02-07,Stanislaus,099,539301,0,0,0,0,0
2020-02-07,Sutter,101,95872,0,0,0,0,0
2020-02-07,Tehama,103,63373,0,0,0,0,0
2020-02-07,Trinity,105,12862,0,0,0,0,0
2020-02-07,Tulare,107,460477,2,0,0,0,0
2020-02-07,Tuolumne,109,53932,0,0,0,0,0
2020-02-07,Ventura,111,848112,1,0,0,0,0
2020-02-07,Yolo,113,214977,0,0,0,0,0
2020-02-07,Yuba,115,75493,0,0,0,0,0
2020-02-06,Alameda,001,1643700,3,0,0,0,0
2020-02-06,Alpine,003,1148,0,0,0,0,0
2020-02-06,Amador,005,37829,0,0,0,0,0
2020-02-06,Butte,007,227075,0,0,0,0,0
2020-02-06,Calaveras,009,45235,0,0,0,0,0
2020-02-06,Colusa,011,21464,0,0,0,0,0
2020-02-06,Contra Costa,013,1133247,2,0,0,0,0
2020-02-06,Del Norte,015,27424,0,0,0,0,0
2020-02-06,El Dorado,017,186661,0,0,0,0,0
2020-02-06,Fresno,019,978130,0,0,0,0,0
2020-02-06,Glenn,021,27897,0,0,0,0,0
2020-02-06,Humboldt,023,135768,0,0,0,0,0
2020-02-06,Imperial,025,180216,0,0,0,0,0
2020-02-06,Inyo,027,18085,0,0,0,0,0
2020-02-06,Kern,029,883053,2,0,0,0,0
2020-02-06,Kings,031,150075,0,0,0,0,0
2020-02-06,Lake,033,64148,0,0,0,0,0
2020-02-06,Lassen,035,31185,0,0,0,0,0
2020-02-06,Los Angeles,037,10098052,22,1,0,1,0
2020-02-06,Madera,039,155013,0,0,0,0,0
2020-02-06,Marin,041,260295,0,0,0,0,0
2020-02-06,Mariposa,043,17540,0,0,0,0,0
2020-02-06,Mendocino,045,87422,0,0,0,0,0
2020-02-06,Merced,047,269075,0,0,0,0,0
2020-02-06,Modoc,049,8938,0,0,0,0,0
2020-02-06,Mono,051,14174,0,0,0,0,0
2020-02-06,Monterey,053,433212,1,0,0,0,0
2020-02-06,Napa,055,140530,0,0,0,0,0
2020-02-06,Nevada,057,99092,0,0,0,0,0
2020-02-06,Orange,059,3164182,3,1,0,1,0
2020-02-06,Placer,061,380077,0,0,0,0,0
2020-02-06,Plumas,063,18699,0,0,0,0,0
2020-02-06,Riverside,065,2383286,4,0,0,0,0
2020-02-06,Sacramento,067,1510023,0,0,0,0,0
2020-02-06,San Benito,069,59416,0,2,0,2,0
2020-02-06,San Bernardino,071,2135413,4,0,0,0,0
2020-02-06,San Diego,073,3302833,1,0,0,0,0
2020-02-06,San Francisco,075,870044,1,0,0,0,0
2020-02-06,San Joaquin,077,732212,0,0,1,1,0
2020-02-06,San Luis Obispo,079,281455,0,0,0,0,0
2020-02-06,San Mateo,081,765935,1,0,0,0,0
2020-02-06,Santa Barbara,083,443738,0,0,0,0,0
2020-02-06,Santa Clara,085,1922200,4,2,0,2,0
2020-02-06,Santa Cruz,087,273765,0,0,0,0,0
2020-02-06,Shasta,089,179085,0,0,0,0,0
2020-02-06,Sierra,091,2930,0,0,0,0,0
2020-02-06,Siskiyou,093,43540,0,0,0,0,0
2020-02-06,Solano,095,438530,0,0,0,0,0
2020-02-06,Sonoma,097,501317,0,0,0,0,0
2020-02-06,Stanislaus,099,539301,0,0,0,0,0
2020-02-06,Sutter,101,95872,0,0,0,0,0
2020-02-06,Tehama,103,63373,0,0,0,0,0
2020-02-06,Trinity,105,12862,0,0,0,0,0
2020-02-06,Tulare,107,460477,2,0,0,0,0
2020-02-06,Tuolumne,109,53932,0,0,0,0,0
2020-02-06,Ventura,111,848112,1,0,0,0,0
2020-02-06,Yolo,113,214977,0,0,0,0,0
2020-02-06,Yuba,115,75493,0,0,0,0,0
2020-02-05,Alameda,001,1643700,3,0,0,0,0
2020-02-05,Alpine,003,1148,0,0,0,0,0
2020-02-05,Amador,005,37829,0,0,0,0,0
2020-02-05,Butte,007,227075,0,0,0,0,0
2020-02-05,Calaveras,009,45235,0,0,0,0,0
2020-02-05,Colusa,011,21464,0,0,0,0,0
2020-02-05,Contra Costa,013,1133247,2,0,0,0,0
2020-02-05,Del Norte,015,27424,0,0,0,0,0
2020-02-05,El Dorado,017,186661,0,0,0,0,0
2020-02-05,Fresno,019,978130,0,0,0,0,0
2020-02-05,Glenn,021,27897,0,0,0,0,0
2020-02-05,Humboldt,023,135768,0,0,0,0,0
2020-02-05,Imperial,025,180216,0,0,0,0,0
2020-02-05,Inyo,027,18085,0,0,0,0,0
2020-02-05,Kern,029,883053,1,0,0,0,0
2020-02-05,Kings,031,150075,0,0,0,0,0
2020-02-05,Lake,033,64148,0,0,0,0,0
2020-02-05,Lassen,035,31185,0,0,0,0,0
2020-02-05,Los Angeles,037,10098052,22,1,0,1,0
2020-02-05,Madera,039,155013,0,0,0,0,0
2020-02-05,Marin,041,260295,0,0,0,0,0
2020-02-05,Mariposa,043,17540,0,0,0,0,0
2020-02-05,Mendocino,045,87422,0,0,0,0,0
2020-02-05,Merced,047,269075,0,0,0,0,0
2020-02-05,Modoc,049,8938,0,0,0,0,0
2020-02-05,Mono,051,14174,0,0,0,0,0
2020-02-05,Monterey,053,433212,1,0,0,0,0
2020-02-05,Napa,055,140530,0,0,0,0,0
2020-02-05,Nevada,057,99092,0,0,0,0,0
2020-02-05,Orange,059,3164182,1,1,0,1,0
2020-02-05,Placer,061,380077,0,0,0,0,0
2020-02-05,Plumas,063,18699,0,0,0,0,0
2020-02-05,Riverside,065,2383286,4,0,0,0,0
2020-02-05,Sacramento,067,1510023,0,0,0,0,0
2020-02-05,San Benito,069,59416,0,2,0,2,0
2020-02-05,San Bernardino,071,2135413,4,0,0,0,0
2020-02-05,San Diego,073,3302833,0,0,0,0,0
2020-02-05,San Francisco,075,870044,1,0,0,0,0
2020-02-05,San Joaquin,077,732212,0,0,1,1,0
2020-02-05,San Luis Obispo,079,281455,0,0,0,0,0
2020-02-05,San Mateo,081,765935,1,0,0,0,0
2020-02-05,Santa Barbara,083,443738,0,0,0,0,0
2020-02-05,Santa Clara,085,1922200,2,2,0,2,0
2020-02-05,Santa Cruz,087,273765,0,0,0,0,0
2020-02-05,Shasta,089,179085,0,0,0,0,0
2020-02-05,Sierra,091,2930,0,0,0,0,0
2020-02-05,Siskiyou,093,43540,0,0,0,0,0
2020-02-05,Solano,095,438530,0,0,0,0,0
2020-02-05,Sonoma,097,501317,0,0,0,0,0
2020-02-05,Stanislaus,099,539301,0,0,0,0,0
2020-02-05,Sutter,101,95872,0,0,0,0,0
2020-02-05,Tehama,103,63373,0,0,0,0,0
2020-02-05,Trinity,105,12862,0,0,0,0,0
2020-02-05,Tulare,107,460477,2,0,0,0,0
2020-02-05,Tuolumne,109,53932,0,0,0,0,0
2020-02-05,Ventura,111,848112,0,0,0,0,0
2020-02-05,Yolo,113,214977,0,0,0,0,0
2020-02-05,Yuba,115,75493,0,0,0,0,0
2020-02-04,Alameda,001,1643700,3,0,0,0,0
2020-02-04,Alpine,003,1148,0,0,0,0,0
2020-02-04,Amador,005,37829,0,0,0,0,0
2020-02-04,Butte,007,227075,0,0,0,0,0
2020-02-04,Calaveras,009,45235,0,0,0,0,0
2020-02-04,Colusa,011,21464,0,0,0,0,0
2020-02-04,Contra Costa,013,1133247,2,0,0,0,0
2020-02-04,Del Norte,015,27424,0,0,0,0,0
2020-02-04,El Dorado,017,186661,0,0,0,0,0
2020-02-04,Fresno,019,978130,0,0,0,0,0
2020-02-04,Glenn,021,27897,0,0,0,0,0
2020-02-04,Humboldt,023,135768,0,0,0,0,0
2020-02-04,Imperial,025,180216,0,0,0,0,0
2020-02-04,Inyo,027,18085,0,0,0,0,0
2020-02-04,Kern,029,883053,0,0,0,0,0
2020-02-04,Kings,031,150075,0,0,0,0,0
2020-02-04,Lake,033,64148,0,0,0,0,0
2020-02-04,Lassen,035,31185,0,0,0,0,0
2020-02-04,Los Angeles,037,10098052,22,1,0,1,0
2020-02-04,Madera,039,155013,0,0,0,0,0
2020-02-04,Marin,041,260295,0,0,0,0,0
2020-02-04,Mariposa,043,17540,0,0,0,0,0
2020-02-04,Mendocino,045,87422,0,0,0,0,0
2020-02-04,Merced,047,269075,0,0,0,0,0
2020-02-04,Modoc,049,8938,0,0,0,0,0
2020-02-04,Mono,051,14174,0,0,0,0,0
2020-02-04,Monterey,053,433212,1,0,0,0,0
2020-02-04,Napa,055,140530,0,0,0,0,0
2020-02-04,Nevada,057,99092,0,0,0,0,0
2020-02-04,Orange,059,3164182,1,1,0,1,0
2020-02-04,Placer,061,380077,0,0,0,0,0
2020-02-04,Plumas,063,18699,0,0,0,0,0
2020-02-04,Riverside,065,2383286,4,0,0,0,0
2020-02-04,Sacramento,067,1510023,0,0,0,0,0
2020-02-04,San Benito,069,59416,0,2,0,2,0
2020-02-04,San Bernardino,071,2135413,3,0,0,0,0
2020-02-04,San Diego,073,3302833,0,0,0,0,0
2020-02-04,San Francisco,075,870044,1,0,0,0,0
2020-02-04,San Joaquin,077,732212,0,0,1,1,0
2020-02-04,San Luis Obispo,079,281455,0,0,0,0,0
2020-02-04,San Mateo,081,765935,0,0,0,0,0
2020-02-04,Santa Barbara,083,443738,0,0,0,0,0
2020-02-04,Santa Clara,085,1922200,2,2,0,2,0
2020-02-04,Santa Cruz,087,273765,0,0,0,0,0
2020-02-04,Shasta,089,179085,0,0,0,0,0
2020-02-04,Sierra,091,2930,0,0,0,0,0
2020-02-04,Siskiyou,093,43540,0,0,0,0,0
2020-02-04,Solano,095,438530,0,0,0,0,0
2020-02-04,Sonoma,097,501317,0,0,0,0,0
2020-02-04,Stanislaus,099,539301,0,0,0,0,0
2020-02-04,Sutter,101,95872,0,0,0,0,0
2020-02-04,Tehama,103,63373,0,0,0,0,0
2020-02-04,Trinity,105,12862,0,0,0,0,0
2020-02-04,Tulare,107,460477,2,0,0,0,0
2020-02-04,Tuolumne,109,53932,0,0,0,0,0
2020-02-04,Ventura,111,848112,0,0,0,0,0
2020-02-04,Yolo,113,214977,0,0,0,0,0
2020-02-04,Yuba,115,75493,0,0,0,0,0
2020-02-03,Alameda,001,1643700,3,0,0,0,0
2020-02-03,Alpine,003,1148,0,0,0,0,0
2020-02-03,Amador,005,37829,0,0,0,0,0
2020-02-03,Butte,007,227075,0,0,0,0,0
2020-02-03,Calaveras,009,45235,0,0,0,0,0
2020-02-03,Colusa,011,21464,0,0,0,0,0
2020-02-03,Contra Costa,013,1133247,2,0,0,0,0
2020-02-03,Del Norte,015,27424,0,0,0,0,0
2020-02-03,El Dorado,017,186661,0,0,0,0,0
2020-02-03,Fresno,019,978130,0,0,0,0,0
2020-02-03,Glenn,021,27897,0,0,0,0,0
2020-02-03,Humboldt,023,135768,0,0,0,0,0
2020-02-03,Imperial,025,180216,0,0,0,0,0
2020-02-03,Inyo,027,18085,0,0,0,0,0
2020-02-03,Kern,029,883053,0,0,0,0,0
2020-02-03,Kings,031,150075,0,0,0,0,0
2020-02-03,Lake,033,64148,0,0,0,0,0
2020-02-03,Lassen,035,31185,0,0,0,0,0
2020-02-03,Los Angeles,037,10098052,21,1,0,1,0
2020-02-03,Madera,039,155013,0,0,0,0,0
2020-02-03,Marin,041,260295,0,0,0,0,0
2020-02-03,Mariposa,043,17540,0,0,0,0,0
2020-02-03,Mendocino,045,87422,0,0,0,0,0
2020-02-03,Merced,047,269075,0,0,0,0,0
2020-02-03,Modoc,049,8938,0,0,0,0,0
2020-02-03,Mono,051,14174,0,0,0,0,0
2020-02-03,Monterey,053,433212,1,0,0,0,0
2020-02-03,Napa,055,140530,0,0,0,0,0
2020-02-03,Nevada,057,99092,0,0,0,0,0
2020-02-03,Orange,059,3164182,1,1,0,1,0
2020-02-03,Placer,061,380077,0,0,0,0,0
2020-02-03,Plumas,063,18699,0,0,0,0,0
2020-02-03,Riverside,065,2383286,4,0,0,0,0
2020-02-03,Sacramento,067,1510023,0,0,0,0,0
2020-02-03,San Benito,069,59416,0,2,0,2,0
2020-02-03,San Bernardino,071,2135413,3,0,0,0,0
2020-02-03,San Diego,073,3302833,0,0,0,0,0
2020-02-03,San Francisco,075,870044,1,0,0,0,0
2020-02-03,San Joaquin,077,732212,0,0,1,1,0
2020-02-03,San Luis Obispo,079,281455,0,0,0,0,0
2020-02-03,San Mateo,081,765935,0,0,0,0,0
2020-02-03,Santa Barbara,083,443738,0,0,0,0,0
2020-02-03,Santa Clara,085,1922200,2,2,0,2,0
2020-02-03,Santa Cruz,087,273765,0,0,0,0,0
2020-02-03,Shasta,089,179085,0,0,0,0,0
2020-02-03,Sierra,091,2930,0,0,0,0,0
2020-02-03,Siskiyou,093,43540,0,0,0,0,0
2020-02-03,Solano,095,438530,0,0,0,0,0
2020-02-03,Sonoma,097,501317,0,0,0,0,0
2020-02-03,Stanislaus,099,539301,0,0,0,0,0
2020-02-03,Sutter,101,95872,0,0,0,0,0
2020-02-03,Tehama,103,63373,0,0,0,0,0
2020-02-03,Trinity,105,12862,0,0,0,0,0
2020-02-03,Tulare,107,460477,2,0,0,0,0
2020-02-03,Tuolumne,109,53932,0,0,0,0,0
2020-02-03,Ventura,111,848112,0,0,0,0,0
2020-02-03,Yolo,113,214977,0,0,0,0,0
2020-02-03,Yuba,115,75493,0,0,0,0,0
2020-02-02,Alameda,001,1643700,3,0,0,0,0
2020-02-02,Alpine,003,1148,0,0,0,0,0
2020-02-02,Amador,005,37829,0,0,0,0,0
2020-02-02,Butte,007,227075,0,0,0,0,0
2020-02-02,Calaveras,009,45235,0,0,0,0,0
2020-02-02,Colusa,011,21464,0,0,0,0,0
2020-02-02,Contra Costa,013,1133247,1,0,0,0,0
2020-02-02,Del Norte,015,27424,0,0,0,0,0
2020-02-02,El Dorado,017,186661,0,0,0,0,0
2020-02-02,Fresno,019,978130,0,0,0,0,0
2020-02-02,Glenn,021,27897,0,0,0,0,0
2020-02-02,Humboldt,023,135768,0,0,0,0,0
2020-02-02,Imperial,025,180216,0,0,0,0,0
2020-02-02,Inyo,027,18085,0,0,0,0,0
2020-02-02,Kern,029,883053,0,0,0,0,0
2020-02-02,Kings,031,150075,0,0,0,0,0
2020-02-02,Lake,033,64148,0,0,0,0,0
2020-02-02,Lassen,035,31185,0,0,0,0,0
2020-02-02,Los Angeles,037,10098052,17,1,0,1,0
2020-02-02,Madera,039,155013,0,0,0,0,0
2020-02-02,Marin,041,260295,0,0,0,0,0
2020-02-02,Mariposa,043,17540,0,0,0,0,0
2020-02-02,Mendocino,045,87422,0,0,0,0,0
2020-02-02,Merced,047,269075,0,0,0,0,0
2020-02-02,Modoc,049,8938,0,0,0,0,0
2020-02-02,Mono,051,14174,0,0,0,0,0
2020-02-02,Monterey,053,433212,1,0,0,0,0
2020-02-02,Napa,055,140530,0,0,0,0,0
2020-02-02,Nevada,057,99092,0,0,0,0,0
2020-02-02,Orange,059,3164182,1,1,0,1,0
2020-02-02,Placer,061,380077,0,0,0,0,0
2020-02-02,Plumas,063,18699,0,0,0,0,0
2020-02-02,Riverside,065,2383286,3,0,0,0,0
2020-02-02,Sacramento,067,1510023,0,0,0,0,0
2020-02-02,San Benito,069,59416,0,2,0,2,0
2020-02-02,San Bernardino,071,2135413,2,0,0,0,0
2020-02-02,San Diego,073,3302833,0,0,0,0,0
2020-02-02,San Francisco,075,870044,1,0,0,0,0
2020-02-02,San Joaquin,077,732212,0,0,1,1,0
2020-02-02,San Luis Obispo,079,281455,0,0,0,0,0
2020-02-02,San Mateo,081,765935,0,0,0,0,0
2020-02-02,Santa Barbara,083,443738,0,0,0,0,0
2020-02-02,Santa Clara,085,1922200,2,2,0,2,0
2020-02-02,Santa Cruz,087,273765,0,0,0,0,0
2020-02-02,Shasta,089,179085,0,0,0,0,0
2020-02-02,Sierra,091,2930,0,0,0,0,0
2020-02-02,Siskiyou,093,43540,0,0,0,0,0
2020-02-02,Solano,095,438530,0,0,0,0,0
2020-02-02,Sonoma,097,501317,0,0,0,0,0
2020-02-02,Stanislaus,099,539301,0,0,0,0,0
2020-02-02,Sutter,101,95872,0,0,0,0,0
2020-02-02,Tehama,103,63373,0,0,0,0,0
2020-02-02,Trinity,105,12862,0,0,0,0,0
2020-02-02,Tulare,107,460477,2,0,0,0,0
2020-02-02,Tuolumne,109,53932,0,0,0,0,0
2020-02-02,Ventura,111,848112,0,0,0,0,0
2020-02-02,Yolo,113,214977,0,0,0,0,0
2020-02-02,Yuba,115,75493,0,0,0,0,0
2020-02-01,Alameda,001,1643700,3,0,0,0,0
2020-02-01,Alpine,003,1148,0,0,0,0,0
2020-02-01,Amador,005,37829,0,0,0,0,0
2020-02-01,Butte,007,227075,0,0,0,0,0
2020-02-01,Calaveras,009,45235,0,0,0,0,0
2020-02-01,Colusa,011,21464,0,0,0,0,0
2020-02-01,Contra Costa,013,1133247,0,0,0,0,0
2020-02-01,Del Norte,015,27424,0,0,0,0,0
2020-02-01,El Dorado,017,186661,0,0,0,0,0
2020-02-01,Fresno,019,978130,0,0,0,0,0
2020-02-01,Glenn,021,27897,0,0,0,0,0
2020-02-01,Humboldt,023,135768,0,0,0,0,0
2020-02-01,Imperial,025,180216,0,0,0,0,0
2020-02-01,Inyo,027,18085,0,0,0,0,0
2020-02-01,Kern,029,883053,0,0,0,0,0
2020-02-01,Kings,031,150075,0,0,0,0,0
2020-02-01,Lake,033,64148,0,0,0,0,0
2020-02-01,Lassen,035,31185,0,0,0,0,0
2020-02-01,Los Angeles,037,10098052,13,1,0,1,0
2020-02-01,Madera,039,155013,0,0,0,0,0
2020-02-01,Marin,041,260295,0,0,0,0,0
2020-02-01,Mariposa,043,17540,0,0,0,0,0
2020-02-01,Mendocino,045,87422,0,0,0,0,0
2020-02-01,Merced,047,269075,0,0,0,0,0
2020-02-01,Modoc,049,8938,0,0,0,0,0
2020-02-01,Mono,051,14174,0,0,0,0,0
2020-02-01,Monterey,053,433212,0,0,0,0,0
2020-02-01,Napa,055,140530,0,0,0,0,0
2020-02-01,Nevada,057,99092,0,0,0,0,0
2020-02-01,Orange,059,3164182,1,1,0,1,0
2020-02-01,Placer,061,380077,0,0,0,0,0
2020-02-01,Plumas,063,18699,0,0,0,0,0
2020-02-01,Riverside,065,2383286,2,0,0,0,0
2020-02-01,Sacramento,067,1510023,0,0,0,0,0
2020-02-01,San Benito,069,59416,0,0,0,0,0
2020-02-01,San Bernardino,071,2135413,1,0,0,0,0
2020-02-01,San Diego,073,3302833,0,0,0,0,0
2020-02-01,San Francisco,075,870044,1,0,0,0,0
2020-02-01,San Joaquin,077,732212,0,0,1,1,0
2020-02-01,San Luis Obispo,079,281455,0,0,0,0,0
2020-02-01,San Mateo,081,765935,0,0,0,0,0
2020-02-01,Santa Barbara,083,443738,0,0,0,0,0
2020-02-01,Santa Clara,085,1922200,2,1,0,1,0
2020-02-01,Santa Cruz,087,273765,0,0,0,0,0
2020-02-01,Shasta,089,179085,0,0,0,0,0
2020-02-01,Sierra,091,2930,0,0,0,0,0
2020-02-01,Siskiyou,093,43540,0,0,0,0,0
2020-02-01,Solano,095,438530,0,0,0,0,0
2020-02-01,Sonoma,097,501317,0,0,0,0,0
2020-02-01,Stanislaus,099,539301,0,0,0,0,0
2020-02-01,Sutter,101,95872,0,0,0,0,0
2020-02-01,Tehama,103,63373,0,0,0,0,0
2020-02-01,Trinity,105,12862,0,0,0,0,0
2020-02-01,Tulare,107,460477,1,0,0,0,0
2020-02-01,Tuolumne,109,53932,0,0,0,0,0
2020-02-01,Ventura,111,848112,0,0,0,0,0
2020-02-01,Yolo,113,214977,0,0,0,0,0
2020-02-01,Yuba,115,75493,0,0,0,0,0
